5.000000000000000000e-01 5.000000000000000000e-01 2.228318083400961935e-01
2.625123203454523546e-01 4.811852454045501548e-01 1.216602781937686228e-01
2.625123203454523546e-01 4.811852454045501548e-01 1.216602781937686228e-01
4.523288404155006992e-01 6.282723524722981789e-01 1.945839221949248743e-01
4.523288404155006992e-01 6.282723524722981789e-01 1.945839221949248743e-01
4.523288404155006992e-01 6.282723524722981789e-01 1.945839221949248743e-01
3.050803593550004411e-01 8.320585540005021041e-01 1.627264377097754899e-01
3.050803593550004411e-01 8.320585540005021041e-01 1.627264377097754899e-01
3.050803593550004411e-01 8.320585540005021041e-01 1.627264377097754899e-01
3.050803593550004411e-01 8.320585540005021041e-01 1.627264377097754899e-01
