2.489132485845457765e-01 1.481402749648903505e-01 1.899321773581122974e-01
2.489132485845457765e-01 1.481402749648903505e-01 1.899321773581122974e-01
2.489132485845457765e-01 1.481402749648903505e-01 1.899321773581122974e-01
2.489132485845457765e-01 1.481402749648903505e-01 1.899321773581122974e-01
2.489132485845457765e-01 1.481402749648903505e-01 1.899321773581122974e-01
2.489132485845457765e-01 1.481402749648903505e-01 1.899321773581122974e-01
2.489132485845457765e-01 1.481402749648903505e-01 1.899321773581122974e-01
4.650809866655121194e-01 2.607119569664151926e-01 4.299431570987982676e-01
4.650809866655121194e-01 2.607119569664151926e-01 4.299431570987982676e-01
4.445566601895136749e-01 2.426242685164518298e-01 5.324442984960947589e-01
4.737759899347131487e-01 2.526789163428357354e-01 3.995075196600395562e-01
4.737759899347131487e-01 2.526789163428357354e-01 3.995075196600395562e-01
4.972514806739164461e-01 6.236164137261510088e-02 3.695534102176188940e-01
4.972514806739164461e-01 6.236164137261510088e-02 3.695534102176188940e-01
3.317039222508305629e-01 2.528102137851149234e-01 6.693784676113045951e-01
3.317039222508305629e-01 2.528102137851149234e-01 6.693784676113045951e-01
3.317039222508305629e-01 2.528102137851149234e-01 6.693784676113045951e-01
2.322582554926614362e-01 4.108038786445080692e-01 5.005969049468024235e-01
3.536436922934961258e-01 1.895164236441201078e-01 6.184044602518695699e-01
3.536436922934961258e-01 1.895164236441201078e-01 6.184044602518695699e-01
3.536436922934961258e-01 1.895164236441201078e-01 6.184044602518695699e-01
3.536436922934961258e-01 1.895164236441201078e-01 6.184044602518695699e-01
3.536436922934961258e-01 1.895164236441201078e-01 6.184044602518695699e-01
3.536436922934961258e-01 1.895164236441201078e-01 6.184044602518695699e-01
3.536436922934961258e-01 1.895164236441201078e-01 6.184044602518695699e-01
3.536436922934961258e-01 1.895164236441201078e-01 6.184044602518695699e-01
3.636468399378390282e-01 2.406620145626292007e-01 7.021479011382155688e-01
3.636468399378390282e-01 2.406620145626292007e-01 7.021479011382155688e-01
3.636468399378390282e-01 2.406620145626292007e-01 7.021479011382155688e-01
3.636468399378390282e-01 2.406620145626292007e-01 7.021479011382155688e-01
3.636468399378390282e-01 2.406620145626292007e-01 7.021479011382155688e-01
3.636468399378390282e-01 2.406620145626292007e-01 7.021479011382155688e-01
3.636468399378390282e-01 2.406620145626292007e-01 7.021479011382155688e-01
3.636468399378390282e-01 2.406620145626292007e-01 7.021479011382155688e-01
4.199149075385609775e-01 6.351208208852043846e-01 1.045592276204466015e-01
4.199149075385609775e-01 6.351208208852043846e-01 1.045592276204466015e-01
4.199149075385609775e-01 6.351208208852043846e-01 1.045592276204466015e-01
4.199149075385609775e-01 6.351208208852043846e-01 1.045592276204466015e-01
4.199149075385609775e-01 6.351208208852043846e-01 1.045592276204466015e-01
4.199149075385609775e-01 6.351208208852043846e-01 1.045592276204466015e-01
2.463490467094786029e-01 7.339660680400873494e-01 3.059872261917295777e-01
2.463490467094786029e-01 7.339660680400873494e-01 3.059872261917295777e-01
3.309388717999672824e-01 2.948964927414323145e-01 7.177251255204566416e-01
3.309388717999672824e-01 2.948964927414323145e-01 7.177251255204566416e-01
3.309388717999672824e-01 2.948964927414323145e-01 7.177251255204566416e-01
3.309388717999672824e-01 2.948964927414323145e-01 7.177251255204566416e-01
3.309388717999672824e-01 2.948964927414323145e-01 7.177251255204566416e-01
1.775173062031702442e-01 4.458644611759389198e-01 2.989200800633481370e-01
1.775173062031702442e-01 4.458644611759389198e-01 2.989200800633481370e-01
1.775173062031702442e-01 4.458644611759389198e-01 2.989200800633481370e-01
1.775173062031702442e-01 4.458644611759389198e-01 2.989200800633481370e-01
2.146770712992514263e-01 4.664946901191039386e-01 4.704222892225599084e-01
2.286359781528634061e-01 6.814585237461090461e-01 3.940560063962227910e-01
2.286359781528634061e-01 6.814585237461090461e-01 3.940560063962227910e-01
2.286359781528634061e-01 6.814585237461090461e-01 3.940560063962227910e-01
2.286359781528634061e-01 6.814585237461090461e-01 3.940560063962227910e-01
2.286359781528634061e-01 6.814585237461090461e-01 3.940560063962227910e-01
2.286359781528634061e-01 6.814585237461090461e-01 3.940560063962227910e-01
2.286359781528634061e-01 6.814585237461090461e-01 3.940560063962227910e-01
2.286359781528634061e-01 6.814585237461090461e-01 3.940560063962227910e-01
2.286359781528634061e-01 6.814585237461090461e-01 3.940560063962227910e-01
3.835295731343413839e-01 5.834361590253130947e-01 2.643024100302601709e-01
3.835295731343413839e-01 5.834361590253130947e-01 2.643024100302601709e-01
2.867171441504369200e-01 1.134064568613425972e-01 2.549781454796446467e-01
2.867171441504369200e-01 1.134064568613425972e-01 2.549781454796446467e-01
2.867171441504369200e-01 1.134064568613425972e-01 2.549781454796446467e-01
4.092905932847011874e-01 -2.832914972370520479e-02 3.097802889908028989e-01
4.792362997843706562e-01 1.228683433160217831e-01 4.361864373076534407e-01
4.792362997843706562e-01 1.228683433160217831e-01 4.361864373076534407e-01
4.792362997843706562e-01 1.228683433160217831e-01 4.361864373076534407e-01
2.746229994770136851e-01 2.204910504542078598e-01 4.019708263986683794e-01
2.746229994770136851e-01 2.204910504542078598e-01 4.019708263986683794e-01
4.308481195181103618e-01 6.466742654168189386e-03 3.910236578100191318e-01
4.308481195181103618e-01 6.466742654168189386e-03 3.910236578100191318e-01
4.308481195181103618e-01 6.466742654168189386e-03 3.910236578100191318e-01
4.308481195181103618e-01 6.466742654168189386e-03 3.910236578100191318e-01
4.308481195181103618e-01 6.466742654168189386e-03 3.910236578100191318e-01
3.603620313436061151e-01 8.872502227024854637e-02 4.380432615938281149e-01
2.910364953878530891e-01 2.288889907555759495e-01 4.867158738706189314e-01
2.910364953878530891e-01 2.288889907555759495e-01 4.867158738706189314e-01
2.910364953878530891e-01 2.288889907555759495e-01 4.867158738706189314e-01
4.658208146429180241e-01 2.055950745308665339e-01 4.679492283147486664e-01
4.658208146429180241e-01 2.055950745308665339e-01 4.679492283147486664e-01
4.658208146429180241e-01 2.055950745308665339e-01 4.679492283147486664e-01
4.658208146429180241e-01 2.055950745308665339e-01 4.679492283147486664e-01
4.658208146429180241e-01 2.055950745308665339e-01 4.679492283147486664e-01
3.219429459938432658e-01 1.386543238296749914e-01 4.241679963155015609e-01
3.219429459938432658e-01 1.386543238296749914e-01 4.241679963155015609e-01
3.219429459938432658e-01 1.386543238296749914e-01 4.241679963155015609e-01
3.219429459938432658e-01 1.386543238296749914e-01 4.241679963155015609e-01
3.219429459938432658e-01 1.386543238296749914e-01 4.241679963155015609e-01
3.219429459938432658e-01 1.386543238296749914e-01 4.241679963155015609e-01
3.219429459938432658e-01 1.386543238296749914e-01 4.241679963155015609e-01
3.219429459938432658e-01 1.386543238296749914e-01 4.241679963155015609e-01
3.219429459938432658e-01 1.386543238296749914e-01 4.241679963155015609e-01
2.177900193658446060e-01 2.089868047433603993e-01 1.747669485770291242e-01
5.744334753964402962e-01 -1.152057084658473229e-01 1.464395598375259899e-01
5.744334753964402962e-01 -1.152057084658473229e-01 1.464395598375259899e-01
5.470286870310736571e-01 -1.361514931293898445e-01 1.707987360947663680e-01
4.500485998456458248e-01 -1.400955003536454857e-01 1.857656220875210928e-01
