2.489132485845457765e-01 1.481402749648903505e-01 1.693094469432773752e-01
2.489132485845457765e-01 1.481402749648903505e-01 1.693094469432773752e-01
3.584661611429728056e-01 4.237383716063562455e-01 4.022052967643128807e-01
3.584661611429728056e-01 4.237383716063562455e-01 4.022052967643128807e-01
3.584661611429728056e-01 4.237383716063562455e-01 4.022052967643128807e-01
3.584661611429728056e-01 4.237383716063562455e-01 4.022052967643128807e-01
1.956656989820941550e-01 4.310760050550712097e-01 3.896222768874374465e-01
1.956656989820941550e-01 4.310760050550712097e-01 3.896222768874374465e-01
2.275935214311377019e-01 3.218438352790760626e-01 3.570905563906250357e-01
2.275935214311377019e-01 3.218438352790760626e-01 3.570905563906250357e-01
2.275935214311377019e-01 3.218438352790760626e-01 3.570905563906250357e-01
2.275935214311377019e-01 3.218438352790760626e-01 3.570905563906250357e-01
3.625809284754987205e-01 1.711852378810583275e-01 4.010549984875608209e-01
3.625809284754987205e-01 1.711852378810583275e-01 4.010549984875608209e-01
3.625809284754987205e-01 1.711852378810583275e-01 4.010549984875608209e-01
3.079678610429196772e-01 2.064205479561616874e-01 3.961532809298471958e-01
3.079678610429196772e-01 2.064205479561616874e-01 3.961532809298471958e-01
2.694072283692054981e-01 6.395875136636133274e-01 3.591574247675369813e-01
2.694072283692054981e-01 6.395875136636133274e-01 3.591574247675369813e-01
2.153863027280014109e-01 2.674062502425712529e-01 2.386661721417019377e-01
3.846164699249006169e-01 3.080924184819110456e-01 4.110475961771799525e-01
3.846164699249006169e-01 3.080924184819110456e-01 4.110475961771799525e-01
3.846164699249006169e-01 3.080924184819110456e-01 4.110475961771799525e-01
3.846164699249006169e-01 3.080924184819110456e-01 4.110475961771799525e-01
3.846164699249006169e-01 3.080924184819110456e-01 4.110475961771799525e-01
3.846164699249006169e-01 3.080924184819110456e-01 4.110475961771799525e-01
3.846164699249006169e-01 3.080924184819110456e-01 4.110475961771799525e-01
3.846164699249006169e-01 3.080924184819110456e-01 4.110475961771799525e-01
3.706953179948887511e-01 -8.567059238174296043e-02 1.034082065755801833e-01
4.641989914563979247e-01 2.147531690446665698e-01 2.145346580320655894e-01
4.641989914563979247e-01 2.147531690446665698e-01 2.145346580320655894e-01
4.641989914563979247e-01 2.147531690446665698e-01 2.145346580320655894e-01
3.204459082688878580e-01 -1.028988013544548386e-01 5.010059809291501909e-02
3.204459082688878580e-01 -1.028988013544548386e-01 5.010059809291501909e-02
3.204459082688878580e-01 -1.028988013544548386e-01 5.010059809291501909e-02
3.204459082688878580e-01 -1.028988013544548386e-01 5.010059809291501909e-02
4.662031358591434138e-01 1.800326767491973179e-01 2.209128323521226123e-01
2.189530806015048403e-01 4.008997355541639163e-01 4.341760473111777596e-01
2.068212150484874667e-01 6.844780208096143959e-01 3.856686568890592137e-01
2.068212150484874667e-01 6.844780208096143959e-01 3.856686568890592137e-01
2.068212150484874667e-01 6.844780208096143959e-01 3.856686568890592137e-01
2.068212150484874667e-01 6.844780208096143959e-01 3.856686568890592137e-01
5.150758565647814424e-02 7.295969982999711556e-01 1.371415685178152266e-01
5.150758565647814424e-02 7.295969982999711556e-01 1.371415685178152266e-01
5.150758565647814424e-02 7.295969982999711556e-01 1.371415685178152266e-01
1.274708819856094355e-01 3.421077224496547609e-01 9.449601850540861880e-02
1.274708819856094355e-01 3.421077224496547609e-01 9.449601850540861880e-02
2.956254441123391530e-01 4.303250010733187803e-01 5.524295904404985524e-01
2.325289447290220801e-01 5.245789518260913775e-01 5.251961728062095602e-01
2.146994112014520562e-01 5.670161568392831919e-01 4.928610652363862865e-01
2.146994112014520562e-01 5.670161568392831919e-01 4.928610652363862865e-01
2.146994112014520562e-01 5.670161568392831919e-01 4.928610652363862865e-01
2.146994112014520562e-01 5.670161568392831919e-01 4.928610652363862865e-01
2.146994112014520562e-01 5.670161568392831919e-01 4.928610652363862865e-01
2.146994112014520562e-01 5.670161568392831919e-01 4.928610652363862865e-01
3.473402576035984346e-01 3.320390670543745815e-01 4.987877466370227442e-01
3.473402576035984346e-01 3.320390670543745815e-01 4.987877466370227442e-01
3.473402576035984346e-01 3.320390670543745815e-01 4.987877466370227442e-01
3.473402576035984346e-01 3.320390670543745815e-01 4.987877466370227442e-01
3.473402576035984346e-01 3.320390670543745815e-01 4.987877466370227442e-01
1.493667569448748345e-01 3.414107590037082085e-01 1.405163594449386211e-01
1.493667569448748345e-01 3.414107590037082085e-01 1.405163594449386211e-01
1.493667569448748345e-01 3.414107590037082085e-01 1.405163594449386211e-01
1.493667569448748345e-01 3.414107590037082085e-01 1.405163594449386211e-01
2.377683174724872506e-01 4.010954197080542905e-01 4.903128000227207073e-01
3.636827544787540889e-01 4.292465495415489496e-01 3.777136814110391705e-01
3.636827544787540889e-01 4.292465495415489496e-01 3.777136814110391705e-01
3.636827544787540889e-01 4.292465495415489496e-01 3.777136814110391705e-01
3.636827544787540889e-01 4.292465495415489496e-01 3.777136814110391705e-01
3.636827544787540889e-01 4.292465495415489496e-01 3.777136814110391705e-01
3.636827544787540889e-01 4.292465495415489496e-01 3.777136814110391705e-01
3.636827544787540889e-01 4.292465495415489496e-01 3.777136814110391705e-01
3.636827544787540889e-01 4.292465495415489496e-01 3.777136814110391705e-01
3.636827544787540889e-01 4.292465495415489496e-01 3.777136814110391705e-01
3.636827544787540889e-01 4.292465495415489496e-01 3.777136814110391705e-01
3.636827544787540889e-01 4.292465495415489496e-01 3.777136814110391705e-01
5.105046602283894730e-01 3.980231800415011678e-01 3.821635724957155728e-02
5.105046602283894730e-01 3.980231800415011678e-01 3.821635724957155728e-02
3.371754740101350345e-01 1.595557818706325182e-01 3.709931465987955646e-01
3.371754740101350345e-01 1.595557818706325182e-01 3.709931465987955646e-01
1.903856424274091852e-01 7.925354031192786142e-01 2.559124946288374725e-01
1.517248406335198752e-01 7.406906979552815296e-01 3.152623504939066068e-01
1.517248406335198752e-01 7.406906979552815296e-01 3.152623504939066068e-01
1.517248406335198752e-01 7.406906979552815296e-01 3.152623504939066068e-01
1.517248406335198752e-01 7.406906979552815296e-01 3.152623504939066068e-01
1.517248406335198752e-01 7.406906979552815296e-01 3.152623504939066068e-01
3.122842254555819874e-01 5.839918625361439908e-01 3.311328924465702928e-01
2.769471198313456783e-01 6.657142523263959166e-01 2.990516174833088847e-01
2.769471198313456783e-01 6.657142523263959166e-01 2.990516174833088847e-01
2.769471198313456783e-01 6.657142523263959166e-01 2.990516174833088847e-01
2.769471198313456783e-01 6.657142523263959166e-01 2.990516174833088847e-01
2.769471198313456783e-01 6.657142523263959166e-01 2.990516174833088847e-01
2.769471198313456783e-01 6.657142523263959166e-01 2.990516174833088847e-01
2.769471198313456783e-01 6.657142523263959166e-01 2.990516174833088847e-01
2.769471198313456783e-01 6.657142523263959166e-01 2.990516174833088847e-01
2.769471198313456783e-01 6.657142523263959166e-01 2.990516174833088847e-01
2.769471198313456783e-01 6.657142523263959166e-01 2.990516174833088847e-01
2.769471198313456783e-01 6.657142523263959166e-01 2.990516174833088847e-01
2.769471198313456783e-01 6.657142523263959166e-01 2.990516174833088847e-01
2.672904340279749213e-01 5.824318088468344312e-01 4.508598979661339046e-01
