2.489132485845457765e-01 1.481402749648903505e-01 1.583288924778512852e-01
3.800945098346266704e-01 2.591864829197462194e-01 4.463414779930782728e-01
2.419498974111460865e-01 5.866686957272473357e-01 4.301706027020850698e-01
2.419498974111460865e-01 5.866686957272473357e-01 4.301706027020850698e-01
4.335843133054536058e-01 4.478451180729809411e-01 1.648658361648722148e-01
4.335843133054536058e-01 4.478451180729809411e-01 1.648658361648722148e-01
4.335843133054536058e-01 4.478451180729809411e-01 1.648658361648722148e-01
4.335843133054536058e-01 4.478451180729809411e-01 1.648658361648722148e-01
4.021795584390450151e-01 1.201844782463039052e-01 3.389672971969570625e-01
4.021795584390450151e-01 1.201844782463039052e-01 3.389672971969570625e-01
4.021795584390450151e-01 1.201844782463039052e-01 3.389672971969570625e-01
4.021795584390450151e-01 1.201844782463039052e-01 3.389672971969570625e-01
4.021795584390450151e-01 1.201844782463039052e-01 3.389672971969570625e-01
2.258217346842170403e-01 3.130881931384244532e-01 2.957065964329813057e-01
2.258217346842170403e-01 3.130881931384244532e-01 2.957065964329813057e-01
2.258217346842170403e-01 3.130881931384244532e-01 2.957065964329813057e-01
2.258217346842170403e-01 3.130881931384244532e-01 2.957065964329813057e-01
2.258217346842170403e-01 3.130881931384244532e-01 2.957065964329813057e-01
2.258217346842170403e-01 3.130881931384244532e-01 2.957065964329813057e-01
4.623611591830115719e-01 9.785385708538765770e-02 2.406849900992072133e-01
3.276077759632637365e-01 5.813668686671404906e-01 3.102695577237157276e-01
3.276077759632637365e-01 5.813668686671404906e-01 3.102695577237157276e-01
3.276077759632637365e-01 5.813668686671404906e-01 3.102695577237157276e-01
3.276077759632637365e-01 5.813668686671404906e-01 3.102695577237157276e-01
3.276077759632637365e-01 5.813668686671404906e-01 3.102695577237157276e-01
3.276077759632637365e-01 5.813668686671404906e-01 3.102695577237157276e-01
3.276077759632637365e-01 5.813668686671404906e-01 3.102695577237157276e-01
3.276077759632637365e-01 5.813668686671404906e-01 3.102695577237157276e-01
2.456454942356578741e-01 2.082252276704416594e-01 2.216523799064021027e-01
2.456454942356578741e-01 2.082252276704416594e-01 2.216523799064021027e-01
2.456454942356578741e-01 2.082252276704416594e-01 2.216523799064021027e-01
4.130855729372153728e-01 4.903818418652139410e-02 2.660160944360670521e-01
4.130855729372153728e-01 4.903818418652139410e-02 2.660160944360670521e-01
4.130855729372153728e-01 4.903818418652139410e-02 2.660160944360670521e-01
2.799540847056478099e-01 2.316116788889107103e-01 3.498676657060765804e-01
2.799540847056478099e-01 2.316116788889107103e-01 3.498676657060765804e-01
2.799540847056478099e-01 2.316116788889107103e-01 3.498676657060765804e-01
2.799540847056478099e-01 2.316116788889107103e-01 3.498676657060765804e-01
2.799540847056478099e-01 2.316116788889107103e-01 3.498676657060765804e-01
2.799540847056478099e-01 2.316116788889107103e-01 3.498676657060765804e-01
3.698342154911231638e-01 2.909876713027134687e-02 2.255643112411128415e-01
3.698342154911231638e-01 2.909876713027134687e-02 2.255643112411128415e-01
3.698342154911231638e-01 2.909876713027134687e-02 2.255643112411128415e-01
3.698342154911231638e-01 2.909876713027134687e-02 2.255643112411128415e-01
3.300211343506032069e-01 6.036609386501095020e-01 2.716379474878622413e-01
3.300211343506032069e-01 6.036609386501095020e-01 2.716379474878622413e-01
3.300211343506032069e-01 6.036609386501095020e-01 2.716379474878622413e-01
3.300211343506032069e-01 6.036609386501095020e-01 2.716379474878622413e-01
3.300211343506032069e-01 6.036609386501095020e-01 2.716379474878622413e-01
3.300211343506032069e-01 6.036609386501095020e-01 2.716379474878622413e-01
2.133610078145184163e-01 4.180438762426040289e-01 3.672006233658994812e-01
2.133610078145184163e-01 4.180438762426040289e-01 3.672006233658994812e-01
2.133610078145184163e-01 4.180438762426040289e-01 3.672006233658994812e-01
2.133610078145184163e-01 4.180438762426040289e-01 3.672006233658994812e-01
2.133610078145184163e-01 4.180438762426040289e-01 3.672006233658994812e-01
2.746671361641188636e-01 2.505608507905968674e-01 3.625913808434943486e-01
2.746671361641188636e-01 2.505608507905968674e-01 3.625913808434943486e-01
2.746671361641188636e-01 2.505608507905968674e-01 3.625913808434943486e-01
2.746671361641188636e-01 2.505608507905968674e-01 3.625913808434943486e-01
4.471577911814147432e-01 -5.309175895106943432e-02 1.648630486378467319e-01
4.471577911814147432e-01 -5.309175895106943432e-02 1.648630486378467319e-01
4.471577911814147432e-01 -5.309175895106943432e-02 1.648630486378467319e-01
4.471577911814147432e-01 -5.309175895106943432e-02 1.648630486378467319e-01
4.471577911814147432e-01 -5.309175895106943432e-02 1.648630486378467319e-01
4.471577911814147432e-01 -5.309175895106943432e-02 1.648630486378467319e-01
4.471577911814147432e-01 -5.309175895106943432e-02 1.648630486378467319e-01
4.471577911814147432e-01 -5.309175895106943432e-02 1.648630486378467319e-01
4.471577911814147432e-01 -5.309175895106943432e-02 1.648630486378467319e-01
4.471577911814147432e-01 -5.309175895106943432e-02 1.648630486378467319e-01
2.592613443247531180e-01 2.826591994585672118e-01 3.623844599144875334e-01
3.011597288018784124e-01 2.488126569404497945e-01 4.253644890494533426e-01
3.011597288018784124e-01 2.488126569404497945e-01 4.253644890494533426e-01
4.361516728279278832e-01 2.146169051810332684e-01 3.118530085392975937e-01
4.361516728279278832e-01 2.146169051810332684e-01 3.118530085392975937e-01
4.361516728279278832e-01 2.146169051810332684e-01 3.118530085392975937e-01
4.361516728279278832e-01 2.146169051810332684e-01 3.118530085392975937e-01
3.556046980333004703e-01 2.418473179300586751e-01 4.664358732875972247e-01
4.257590345786349539e-01 2.323795330442240681e-01 3.376980072306707270e-01
4.257590345786349539e-01 2.323795330442240681e-01 3.376980072306707270e-01
4.257590345786349539e-01 2.323795330442240681e-01 3.376980072306707270e-01
4.257590345786349539e-01 2.323795330442240681e-01 3.376980072306707270e-01
4.257590345786349539e-01 2.323795330442240681e-01 3.376980072306707270e-01
4.257590345786349539e-01 2.323795330442240681e-01 3.376980072306707270e-01
4.257590345786349539e-01 2.323795330442240681e-01 3.376980072306707270e-01
4.217824343224489403e-01 5.271846337855332632e-01 1.252721387799994313e-01
4.217824343224489403e-01 5.271846337855332632e-01 1.252721387799994313e-01
4.217824343224489403e-01 5.271846337855332632e-01 1.252721387799994313e-01
5.505651264132516154e-02 5.380660290467473850e-01 4.683627783552118257e-02
5.505651264132516154e-02 5.380660290467473850e-01 4.683627783552118257e-02
5.505651264132516154e-02 5.380660290467473850e-01 4.683627783552118257e-02
4.321371197089854399e-01 1.068465380159496769e-01 2.962388268346297093e-01
4.321371197089854399e-01 1.068465380159496769e-01 2.962388268346297093e-01
3.689713037610123925e-01 6.523511079672117408e-02 2.710207361476080212e-01
3.689713037610123925e-01 6.523511079672117408e-02 2.710207361476080212e-01
1.887844863387647953e-01 2.546257042121251035e-01 1.289468082758919720e-01
4.030994040122036770e-01 3.808281238576222139e-01 3.240266299133929273e-01
4.030994040122036770e-01 3.808281238576222139e-01 3.240266299133929273e-01
4.030994040122036770e-01 3.808281238576222139e-01 3.240266299133929273e-01
4.030994040122036770e-01 3.808281238576222139e-01 3.240266299133929273e-01
3.963126900162025623e-01 6.035104571109124461e-01 1.134524756593455891e-01
