2.489132485845457765e-01 1.481402749648903505e-01 1.521145746462222170e-01
3.064873218576527614e-01 3.232793361972723378e-01 5.273571779309654817e-01
3.064873218576527614e-01 3.232793361972723378e-01 5.273571779309654817e-01
3.064873218576527614e-01 3.232793361972723378e-01 5.273571779309654817e-01
3.834063388054833599e-01 3.464451883230251772e-02 2.381474055703238502e-01
3.834063388054833599e-01 3.464451883230251772e-02 2.381474055703238502e-01
3.834063388054833599e-01 3.464451883230251772e-02 2.381474055703238502e-01
3.834063388054833599e-01 3.464451883230251772e-02 2.381474055703238502e-01
4.258102999303262637e-01 9.571819328913858116e-02 3.130713611058963397e-01
4.258102999303262637e-01 9.571819328913858116e-02 3.130713611058963397e-01
4.258102999303262637e-01 9.571819328913858116e-02 3.130713611058963397e-01
4.258102999303262637e-01 9.571819328913858116e-02 3.130713611058963397e-01
4.258102999303262637e-01 9.571819328913858116e-02 3.130713611058963397e-01
4.258102999303262637e-01 9.571819328913858116e-02 3.130713611058963397e-01
4.258102999303262637e-01 9.571819328913858116e-02 3.130713611058963397e-01
4.258102999303262637e-01 9.571819328913858116e-02 3.130713611058963397e-01
4.258102999303262637e-01 9.571819328913858116e-02 3.130713611058963397e-01
4.959496195972934451e-01 2.688434595161947605e-01 1.507139714221888971e-01
4.959496195972934451e-01 2.688434595161947605e-01 1.507139714221888971e-01
1.805640355340321079e-01 6.261447308985288451e-01 4.107216985734237769e-01
1.805640355340321079e-01 6.261447308985288451e-01 4.107216985734237769e-01
1.805640355340321079e-01 6.261447308985288451e-01 4.107216985734237769e-01
1.805640355340321079e-01 6.261447308985288451e-01 4.107216985734237769e-01
1.805640355340321079e-01 6.261447308985288451e-01 4.107216985734237769e-01
1.805640355340321079e-01 6.261447308985288451e-01 4.107216985734237769e-01
1.805640355340321079e-01 6.261447308985288451e-01 4.107216985734237769e-01
3.834465509452306131e-01 3.151852870972912113e-01 4.510250615572756194e-01
3.541928309211070380e-01 2.244022473999754963e-01 4.597557230998682298e-01
3.541928309211070380e-01 2.244022473999754963e-01 4.597557230998682298e-01
2.875375219054844833e-01 4.406495434354786300e-01 5.603428994403991670e-01
2.875375219054844833e-01 4.406495434354786300e-01 5.603428994403991670e-01
2.356351662237063382e-01 6.462890332373237845e-01 4.170272791250304589e-01
2.356351662237063382e-01 6.462890332373237845e-01 4.170272791250304589e-01
2.356351662237063382e-01 6.462890332373237845e-01 4.170272791250304589e-01
2.356351662237063382e-01 6.462890332373237845e-01 4.170272791250304589e-01
2.356351662237063382e-01 6.462890332373237845e-01 4.170272791250304589e-01
2.356351662237063382e-01 6.462890332373237845e-01 4.170272791250304589e-01
2.495421560564462238e-01 6.739234479763720476e-01 3.594956321226293605e-01
2.495421560564462238e-01 6.739234479763720476e-01 3.594956321226293605e-01
2.495421560564462238e-01 6.739234479763720476e-01 3.594956321226293605e-01
2.495421560564462238e-01 6.739234479763720476e-01 3.594956321226293605e-01
2.495421560564462238e-01 6.739234479763720476e-01 3.594956321226293605e-01
2.495421560564462238e-01 6.739234479763720476e-01 3.594956321226293605e-01
2.495421560564462238e-01 6.739234479763720476e-01 3.594956321226293605e-01
1.786903041515381929e-01 6.033171809007257247e-01 4.120075641749158524e-01
1.786903041515381929e-01 6.033171809007257247e-01 4.120075641749158524e-01
3.352407102938294581e-01 5.428111572523401929e-01 3.567019992441887721e-01
3.352407102938294581e-01 5.428111572523401929e-01 3.567019992441887721e-01
3.352407102938294581e-01 5.428111572523401929e-01 3.567019992441887721e-01
3.352407102938294581e-01 5.428111572523401929e-01 3.567019992441887721e-01
2.416620300443448333e-01 7.002821851060591074e-01 3.318181901710928194e-01
2.416620300443448333e-01 7.002821851060591074e-01 3.318181901710928194e-01
2.416620300443448333e-01 7.002821851060591074e-01 3.318181901710928194e-01
2.416620300443448333e-01 7.002821851060591074e-01 3.318181901710928194e-01
3.026496928526951069e-01 7.288573898303412069e-01 1.697964822372893812e-01
3.026496928526951069e-01 7.288573898303412069e-01 1.697964822372893812e-01
3.044908207395662925e-01 3.984135485751889028e-01 5.598976085475496633e-01
4.491003178404748830e-01 1.920867007593173859e-01 3.075268857092046670e-01
4.491003178404748830e-01 1.920867007593173859e-01 3.075268857092046670e-01
4.433525183049411567e-01 1.889937163577191936e-01 3.219514607358761049e-01
4.433525183049411567e-01 1.889937163577191936e-01 3.219514607358761049e-01
2.828108930890984585e-01 2.865396311220649861e-01 4.427001304320836161e-01
2.828108930890984585e-01 2.865396311220649861e-01 4.427001304320836161e-01
4.847668316539560651e-01 3.789705471647131230e-01 1.081826881237143156e-01
4.847668316539560651e-01 3.789705471647131230e-01 1.081826881237143156e-01
4.847668316539560651e-01 3.789705471647131230e-01 1.081826881237143156e-01
5.163949568109429400e-01 2.950060199793430593e-02 1.621982031772530031e-01
5.163949568109429400e-01 2.950060199793430593e-02 1.621982031772530031e-01
5.163949568109429400e-01 2.950060199793430593e-02 1.621982031772530031e-01
5.163949568109429400e-01 2.950060199793430593e-02 1.621982031772530031e-01
5.163949568109429400e-01 2.950060199793430593e-02 1.621982031772530031e-01
5.163949568109429400e-01 2.950060199793430593e-02 1.621982031772530031e-01
5.163949568109429400e-01 2.950060199793430593e-02 1.621982031772530031e-01
5.163949568109429400e-01 2.950060199793430593e-02 1.621982031772530031e-01
5.163949568109429400e-01 2.950060199793430593e-02 1.621982031772530031e-01
4.690087327796975680e-01 2.092074108010028854e-01 2.506332652162590602e-01
3.773103379075174457e-01 -1.720027289784288038e-01 4.516325773051718673e-02
3.773103379075174457e-01 -1.720027289784288038e-01 4.516325773051718673e-02
3.773103379075174457e-01 -1.720027289784288038e-01 4.516325773051718673e-02
3.773103379075174457e-01 -1.720027289784288038e-01 4.516325773051718673e-02
3.773103379075174457e-01 -1.720027289784288038e-01 4.516325773051718673e-02
3.773103379075174457e-01 -1.720027289784288038e-01 4.516325773051718673e-02
3.773103379075174457e-01 -1.720027289784288038e-01 4.516325773051718673e-02
3.773103379075174457e-01 -1.720027289784288038e-01 4.516325773051718673e-02
3.773103379075174457e-01 -1.720027289784288038e-01 4.516325773051718673e-02
3.773103379075174457e-01 -1.720027289784288038e-01 4.516325773051718673e-02
5.663482002171805751e-01 -5.526319142479851898e-02 8.794198164006634955e-02
5.829089056861375129e-01 1.854978209580767368e-01 4.272616796180210563e-02
5.829089056861375129e-01 1.854978209580767368e-01 4.272616796180210563e-02
5.829089056861375129e-01 1.854978209580767368e-01 4.272616796180210563e-02
4.457552258782138122e-01 -1.644427422321361465e-01 8.373754560273145853e-02
5.391782934251638792e-01 -2.435704453040601902e-02 1.223287409517441332e-01
4.682000749332722034e-01 -1.735962735651860323e-01 8.452249724867494374e-02
4.953780656966214613e-01 -4.700916723217499205e-02 1.594788197528859974e-01
4.953780656966214613e-01 -4.700916723217499205e-02 1.594788197528859974e-01
2.950915000314134340e-01 3.602388798481840348e-01 5.445768452838458673e-01
2.950915000314134340e-01 3.602388798481840348e-01 5.445768452838458673e-01
2.950915000314134340e-01 3.602388798481840348e-01 5.445768452838458673e-01
1.092377275606659648e-02 6.051640354126641697e-01 4.219217111438468282e-02
1.092377275606659648e-02 6.051640354126641697e-01 4.219217111438468282e-02
