2.489132485845457765e-01 1.481402749648903505e-01 1.949075331497132912e-01
4.299568808142751331e-01 1.503149982358236436e-01 2.835069413399259886e-01
4.299568808142751331e-01 1.503149982358236436e-01 2.835069413399259886e-01
4.299568808142751331e-01 1.503149982358236436e-01 2.835069413399259886e-01
4.299568808142751331e-01 1.503149982358236436e-01 2.835069413399259886e-01
4.299568808142751331e-01 1.503149982358236436e-01 2.835069413399259886e-01
4.531702154367416857e-01 8.655227128461696895e-02 2.491505817456194649e-01
4.531702154367416857e-01 8.655227128461696895e-02 2.491505817456194649e-01
3.721512731038542077e-01 1.184682662299570560e-01 3.354842339038945909e-01
2.397513892254413137e-01 3.551332279549430093e-01 5.023375004064674076e-01
2.397513892254413137e-01 3.551332279549430093e-01 5.023375004064674076e-01
2.397513892254413137e-01 3.551332279549430093e-01 5.023375004064674076e-01
2.397513892254413137e-01 3.551332279549430093e-01 5.023375004064674076e-01
2.397513892254413137e-01 3.551332279549430093e-01 5.023375004064674076e-01
2.829582328931150581e-01 3.830631710886863162e-01 4.767520423669479035e-01
2.865125342788368279e-01 5.122615284247101775e-01 2.760326095258198165e-01
2.865125342788368279e-01 5.122615284247101775e-01 2.760326095258198165e-01
2.865125342788368279e-01 5.122615284247101775e-01 2.760326095258198165e-01
3.219757398643736113e-01 8.461301824488809409e-02 2.364082964563377631e-01
3.219757398643736113e-01 8.461301824488809409e-02 2.364082964563377631e-01
3.562368001102377280e-01 1.062018176733913744e-01 3.137703005627957009e-01
3.562368001102377280e-01 1.062018176733913744e-01 3.137703005627957009e-01
3.562368001102377280e-01 1.062018176733913744e-01 3.137703005627957009e-01
3.562368001102377280e-01 1.062018176733913744e-01 3.137703005627957009e-01
3.562368001102377280e-01 1.062018176733913744e-01 3.137703005627957009e-01
5.859154281730422076e-02 4.285349283997304526e-01 1.370335744440041026e-01
5.859154281730422076e-02 4.285349283997304526e-01 1.370335744440041026e-01
5.859154281730422076e-02 4.285349283997304526e-01 1.370335744440041026e-01
5.859154281730422076e-02 4.285349283997304526e-01 1.370335744440041026e-01
5.859154281730422076e-02 4.285349283997304526e-01 1.370335744440041026e-01
5.859154281730422076e-02 4.285349283997304526e-01 1.370335744440041026e-01
1.131439205011114113e-01 5.702795628077388379e-01 4.321057586464959188e-01
1.131439205011114113e-01 5.702795628077388379e-01 4.321057586464959188e-01
3.427116123882402166e-01 1.753666455917600175e-01 3.899502893298977813e-01
3.427116123882402166e-01 1.753666455917600175e-01 3.899502893298977813e-01
3.427116123882402166e-01 1.753666455917600175e-01 3.899502893298977813e-01
3.427116123882402166e-01 1.753666455917600175e-01 3.899502893298977813e-01
3.427116123882402166e-01 1.753666455917600175e-01 3.899502893298977813e-01
3.427116123882402166e-01 1.753666455917600175e-01 3.899502893298977813e-01
3.427116123882402166e-01 1.753666455917600175e-01 3.899502893298977813e-01
2.729317056034304967e-01 4.261302358008637325e-01 4.546876957718190004e-01
2.952830159505759333e-01 -1.644217203547315709e-02 6.953322585574223114e-02
2.952830159505759333e-01 -1.644217203547315709e-02 6.953322585574223114e-02
2.952830159505759333e-01 -1.644217203547315709e-02 6.953322585574223114e-02
2.952830159505759333e-01 -1.644217203547315709e-02 6.953322585574223114e-02
2.224444247544735687e-01 5.933961050691669570e-01 3.120833590989899875e-01
5.803269580370731817e-02 4.738861980626876136e-01 1.890861069310814657e-01
5.803269580370731817e-02 4.738861980626876136e-01 1.890861069310814657e-01
5.803269580370731817e-02 4.738861980626876136e-01 1.890861069310814657e-01
5.467618740766569951e-01 2.001973518798088048e-01 4.141469407938316166e-02
5.467618740766569951e-01 2.001973518798088048e-01 4.141469407938316166e-02
5.467618740766569951e-01 2.001973518798088048e-01 4.141469407938316166e-02
4.029327723386871840e-01 1.481248131086665420e-01 3.317850654703484170e-01
4.029327723386871840e-01 1.481248131086665420e-01 3.317850654703484170e-01
4.029327723386871840e-01 1.481248131086665420e-01 3.317850654703484170e-01
4.029327723386871840e-01 1.481248131086665420e-01 3.317850654703484170e-01
4.029327723386871840e-01 1.481248131086665420e-01 3.317850654703484170e-01
4.029327723386871840e-01 1.481248131086665420e-01 3.317850654703484170e-01
4.029327723386871840e-01 1.481248131086665420e-01 3.317850654703484170e-01
4.029327723386871840e-01 1.481248131086665420e-01 3.317850654703484170e-01
4.029327723386871840e-01 1.481248131086665420e-01 3.317850654703484170e-01
4.029327723386871840e-01 1.481248131086665420e-01 3.317850654703484170e-01
1.668984577420229987e-01 8.160910872704514596e-02 2.229464371725705177e-02
1.728605850035086489e-01 2.746544138177556271e-01 2.149763645766657183e-01
1.776409572125856595e-01 2.936803093574265056e-01 2.610366071739029237e-01
1.776409572125856595e-01 2.936803093574265056e-01 2.610366071739029237e-01
1.776409572125856595e-01 2.936803093574265056e-01 2.610366071739029237e-01
1.776409572125856595e-01 2.936803093574265056e-01 2.610366071739029237e-01
1.440053876124105514e-01 5.785715601820970999e-01 4.571237207838136918e-01
1.440053876124105514e-01 5.785715601820970999e-01 4.571237207838136918e-01
1.440053876124105514e-01 5.785715601820970999e-01 4.571237207838136918e-01
1.440053876124105514e-01 5.785715601820970999e-01 4.571237207838136918e-01
1.440053876124105514e-01 5.785715601820970999e-01 4.571237207838136918e-01
1.440053876124105514e-01 5.785715601820970999e-01 4.571237207838136918e-01
1.440053876124105514e-01 5.785715601820970999e-01 4.571237207838136918e-01
1.440053876124105514e-01 5.785715601820970999e-01 4.571237207838136918e-01
1.440053876124105514e-01 5.785715601820970999e-01 4.571237207838136918e-01
1.440053876124105514e-01 5.785715601820970999e-01 4.571237207838136918e-01
1.440053876124105514e-01 5.785715601820970999e-01 4.571237207838136918e-01
1.440053876124105514e-01 5.785715601820970999e-01 4.571237207838136918e-01
1.514346896282530719e-01 6.282968718209529513e-01 3.985535016644686790e-01
1.514346896282530719e-01 6.282968718209529513e-01 3.985535016644686790e-01
1.514346896282530719e-01 6.282968718209529513e-01 3.985535016644686790e-01
1.514346896282530719e-01 6.282968718209529513e-01 3.985535016644686790e-01
3.308711788807603416e-01 4.012903256659259288e-01 3.224701892997750008e-01
3.308711788807603416e-01 4.012903256659259288e-01 3.224701892997750008e-01
9.599693081845947495e-02 5.272761028842951614e-01 3.666200356417126383e-01
9.599693081845947495e-02 5.272761028842951614e-01 3.666200356417126383e-01
2.845901850575536240e-01 1.981582533321730732e-01 3.609839853464301695e-01
2.845901850575536240e-01 1.981582533321730732e-01 3.609839853464301695e-01
2.845901850575536240e-01 1.981582533321730732e-01 3.609839853464301695e-01
2.845901850575536240e-01 1.981582533321730732e-01 3.609839853464301695e-01
2.845901850575536240e-01 1.981582533321730732e-01 3.609839853464301695e-01
2.845901850575536240e-01 1.981582533321730732e-01 3.609839853464301695e-01
2.845901850575536240e-01 1.981582533321730732e-01 3.609839853464301695e-01
2.845901850575536240e-01 1.981582533321730732e-01 3.609839853464301695e-01
2.845901850575536240e-01 1.981582533321730732e-01 3.609839853464301695e-01
2.845901850575536240e-01 1.981582533321730732e-01 3.609839853464301695e-01
2.845901850575536240e-01 1.981582533321730732e-01 3.609839853464301695e-01
5.538497310217598280e-01 2.539479854862522479e-02 9.979948832548513060e-02
