2.489132485845457765e-01 1.481402749648903505e-01 1.197686231576274851e-01
2.489132485845457765e-01 1.481402749648903505e-01 1.197686231576274851e-01
2.489132485845457765e-01 1.481402749648903505e-01 1.197686231576274851e-01
4.992311573251446144e-01 -9.544531389929492016e-02 1.433225845842824031e-01
4.992311573251446144e-01 -9.544531389929492016e-02 1.433225845842824031e-01
4.992311573251446144e-01 -9.544531389929492016e-02 1.433225845842824031e-01
4.992311573251446144e-01 -9.544531389929492016e-02 1.433225845842824031e-01
4.992311573251446144e-01 -9.544531389929492016e-02 1.433225845842824031e-01
2.239071610961418379e-01 1.647130878291717948e-01 9.189696534012481433e-02
3.352512057866828821e-01 1.774019183741187278e-01 3.491966766457696436e-01
3.352512057866828821e-01 1.774019183741187278e-01 3.491966766457696436e-01
3.352512057866828821e-01 1.774019183741187278e-01 3.491966766457696436e-01
3.773123693366445264e-01 3.314256197876280230e-01 5.202899249476969912e-01
3.773123693366445264e-01 3.314256197876280230e-01 5.202899249476969912e-01
3.773123693366445264e-01 3.314256197876280230e-01 5.202899249476969912e-01
5.315424779927594434e-01 -5.769139793589206366e-02 1.532947719703536826e-01
5.315424779927594434e-01 -5.769139793589206366e-02 1.532947719703536826e-01
5.315424779927594434e-01 -5.769139793589206366e-02 1.532947719703536826e-01
5.315424779927594434e-01 -5.769139793589206366e-02 1.532947719703536826e-01
5.315424779927594434e-01 -5.769139793589206366e-02 1.532947719703536826e-01
5.315424779927594434e-01 -5.769139793589206366e-02 1.532947719703536826e-01
5.315424779927594434e-01 -5.769139793589206366e-02 1.532947719703536826e-01
5.315424779927594434e-01 -5.769139793589206366e-02 1.532947719703536826e-01
5.315424779927594434e-01 -5.769139793589206366e-02 1.532947719703536826e-01
5.315424779927594434e-01 -5.769139793589206366e-02 1.532947719703536826e-01
6.566904191991103090e-01 -8.848772544872496315e-02 3.965397545348156583e-02
6.566904191991103090e-01 -8.848772544872496315e-02 3.965397545348156583e-02
6.566904191991103090e-01 -8.848772544872496315e-02 3.965397545348156583e-02
6.566904191991103090e-01 -8.848772544872496315e-02 3.965397545348156583e-02
6.566904191991103090e-01 -8.848772544872496315e-02 3.965397545348156583e-02
6.566904191991103090e-01 -8.848772544872496315e-02 3.965397545348156583e-02
6.566904191991103090e-01 -8.848772544872496315e-02 3.965397545348156583e-02
6.566904191991103090e-01 -8.848772544872496315e-02 3.965397545348156583e-02
6.364044011567222547e-01 -1.023102988641578504e-01 5.251885809820496659e-02
6.364044011567222547e-01 -1.023102988641578504e-01 5.251885809820496659e-02
6.364044011567222547e-01 -1.023102988641578504e-01 5.251885809820496659e-02
6.364044011567222547e-01 -1.023102988641578504e-01 5.251885809820496659e-02
6.364044011567222547e-01 -1.023102988641578504e-01 5.251885809820496659e-02
6.364044011567222547e-01 -1.023102988641578504e-01 5.251885809820496659e-02
6.364044011567222547e-01 -1.023102988641578504e-01 5.251885809820496659e-02
6.364044011567222547e-01 -1.023102988641578504e-01 5.251885809820496659e-02
5.777380080461458345e-01 1.060793800101038076e-01 1.178093617921639052e-01
4.443276726702217738e-01 -4.900436161575327798e-02 1.769667473454824835e-01
5.249082948956126371e-01 2.454856466688838390e-01 1.841979537030106751e-01
5.249082948956126371e-01 2.454856466688838390e-01 1.841979537030106751e-01
5.249082948956126371e-01 2.454856466688838390e-01 1.841979537030106751e-01
2.602620966123765367e-01 2.180585507375458754e-01 2.204101406690981979e-01
2.602620966123765367e-01 2.180585507375458754e-01 2.204101406690981979e-01
2.602620966123765367e-01 2.180585507375458754e-01 2.204101406690981979e-01
2.602620966123765367e-01 2.180585507375458754e-01 2.204101406690981979e-01
4.608643919887414064e-01 1.887825329477535452e-01 3.630715098426834375e-01
4.608643919887414064e-01 1.887825329477535452e-01 3.630715098426834375e-01
4.608643919887414064e-01 1.887825329477535452e-01 3.630715098426834375e-01
1.971662959486628619e-01 3.564287906132324046e-01 2.038480908810108294e-01
3.942559578128941311e-01 1.685831006118476416e-01 4.146398452303663440e-01
3.942559578128941311e-01 1.685831006118476416e-01 4.146398452303663440e-01
3.942559578128941311e-01 1.685831006118476416e-01 4.146398452303663440e-01
3.942559578128941311e-01 1.685831006118476416e-01 4.146398452303663440e-01
3.942559578128941311e-01 1.685831006118476416e-01 4.146398452303663440e-01
3.942559578128941311e-01 1.685831006118476416e-01 4.146398452303663440e-01
3.942559578128941311e-01 1.685831006118476416e-01 4.146398452303663440e-01
3.942559578128941311e-01 1.685831006118476416e-01 4.146398452303663440e-01
3.942559578128941311e-01 1.685831006118476416e-01 4.146398452303663440e-01
3.942559578128941311e-01 1.685831006118476416e-01 4.146398452303663440e-01
3.942559578128941311e-01 1.685831006118476416e-01 4.146398452303663440e-01
2.455288642175027791e-01 1.071724880764756416e-01 8.202741349273372229e-02
4.275157777687359495e-01 2.645662843399891329e-01 4.377542233336374489e-01
4.275157777687359495e-01 2.645662843399891329e-01 4.377542233336374489e-01
4.997066715097663869e-01 -8.668325669988541371e-02 1.498320272299544231e-01
4.997066715097663869e-01 -8.668325669988541371e-02 1.498320272299544231e-01
4.997066715097663869e-01 -8.668325669988541371e-02 1.498320272299544231e-01
4.997066715097663869e-01 -8.668325669988541371e-02 1.498320272299544231e-01
7.260243054600372670e-01 1.279303394782254910e-01 4.688099634607000021e-03
6.778174295553864859e-01 8.917698456594891354e-02 1.948567721876896461e-02
6.778174295553864859e-01 8.917698456594891354e-02 1.948567721876896461e-02
6.778174295553864859e-01 8.917698456594891354e-02 1.948567721876896461e-02
6.778174295553864859e-01 8.917698456594891354e-02 1.948567721876896461e-02
3.937914301479611412e-01 -3.486560200059709569e-01 5.916868183326833355e-03
3.027338846850018417e-01 -3.161593387188996740e-01 1.568220146561213413e-03
3.027338846850018417e-01 -3.161593387188996740e-01 1.568220146561213413e-03
3.027338846850018417e-01 -3.161593387188996740e-01 1.568220146561213413e-03
6.180386739156791265e-01 -4.910192723102239087e-01 6.516236319240843733e-03
6.180386739156791265e-01 -4.910192723102239087e-01 6.516236319240843733e-03
6.180386739156791265e-01 -4.910192723102239087e-01 6.516236319240843733e-03
6.180386739156791265e-01 -4.910192723102239087e-01 6.516236319240843733e-03
6.180386739156791265e-01 -4.910192723102239087e-01 6.516236319240843733e-03
4.312234984806289084e-01 -2.388599905680912627e-01 3.542640337549225055e-02
4.312234984806289084e-01 -2.388599905680912627e-01 3.542640337549225055e-02
4.312234984806289084e-01 -2.388599905680912627e-01 3.542640337549225055e-02
3.089648800515048532e-01 -1.153579371843845847e-01 2.643065880158542574e-02
3.089648800515048532e-01 -1.153579371843845847e-01 2.643065880158542574e-02
4.464813282949559037e-01 -2.384597548563226477e-01 4.065453701749716792e-02
4.464813282949559037e-01 -2.384597548563226477e-01 4.065453701749716792e-02
4.464813282949559037e-01 -2.384597548563226477e-01 4.065453701749716792e-02
4.464813282949559037e-01 -2.384597548563226477e-01 4.065453701749716792e-02
4.464813282949559037e-01 -2.384597548563226477e-01 4.065453701749716792e-02
4.464813282949559037e-01 -2.384597548563226477e-01 4.065453701749716792e-02
4.464813282949559037e-01 -2.384597548563226477e-01 4.065453701749716792e-02
6.138121747016376251e-01 -1.146041602547653721e-01 6.754260635832919080e-02
3.890926732651366349e-01 -1.168584024119509457e-01 7.605280406810861760e-02
