2.489132485845457765e-01 1.481402749648903505e-01 1.534077234594545536e-01
2.489132485845457765e-01 1.481402749648903505e-01 1.534077234594545536e-01
2.489132485845457765e-01 1.481402749648903505e-01 1.534077234594545536e-01
3.241195905686847789e-01 2.836456889428790040e-01 5.156094518944622784e-01
3.241195905686847789e-01 2.836456889428790040e-01 5.156094518944622784e-01
3.241195905686847789e-01 2.836456889428790040e-01 5.156094518944622784e-01
3.241195905686847789e-01 2.836456889428790040e-01 5.156094518944622784e-01
3.241195905686847789e-01 2.836456889428790040e-01 5.156094518944622784e-01
3.189824095303151474e-01 4.518743734519977129e-01 4.801379301362030949e-01
3.189824095303151474e-01 4.518743734519977129e-01 4.801379301362030949e-01
3.189824095303151474e-01 4.518743734519977129e-01 4.801379301362030949e-01
3.189824095303151474e-01 4.518743734519977129e-01 4.801379301362030949e-01
3.189824095303151474e-01 4.518743734519977129e-01 4.801379301362030949e-01
1.959862986528272399e-01 5.942095492154562120e-01 5.230440333140047304e-01
6.010854179160471378e-02 7.285339628599882822e-01 3.202014282781370791e-01
6.026812320819681379e-02 8.713747249884770119e-01 2.477887558357659004e-01
2.630895196440782846e-01 6.000689611097379528e-01 3.994559345592026411e-01
2.630895196440782846e-01 6.000689611097379528e-01 3.994559345592026411e-01
2.630895196440782846e-01 6.000689611097379528e-01 3.994559345592026411e-01
2.630895196440782846e-01 6.000689611097379528e-01 3.994559345592026411e-01
2.630895196440782846e-01 6.000689611097379528e-01 3.994559345592026411e-01
2.775681634113355001e-01 6.733717530902326720e-01 2.270023074155094189e-01
2.775681634113355001e-01 6.733717530902326720e-01 2.270023074155094189e-01
7.870530931585373313e-02 8.208627884924662999e-01 2.987415979051652459e-01
7.870530931585373313e-02 8.208627884924662999e-01 2.987415979051652459e-01
1.338173996140541444e-01 7.801037126970973290e-01 3.316004109973122449e-01
1.338173996140541444e-01 7.801037126970973290e-01 3.316004109973122449e-01
1.338173996140541444e-01 7.801037126970973290e-01 3.316004109973122449e-01
2.014772974332843802e-01 6.594423297445597409e-01 4.340534797517658361e-01
2.014772974332843802e-01 6.594423297445597409e-01 4.340534797517658361e-01
2.014772974332843802e-01 6.594423297445597409e-01 4.340534797517658361e-01
2.014772974332843802e-01 6.594423297445597409e-01 4.340534797517658361e-01
2.014772974332843802e-01 6.594423297445597409e-01 4.340534797517658361e-01
1.438963502088558000e-01 9.417811700173253087e-01 1.044468591170475413e-01
2.023935020823314224e-02 9.553827411488119425e-01 1.712514763203009105e-01
2.023935020823314224e-02 9.553827411488119425e-01 1.712514763203009105e-01
2.023935020823314224e-02 9.553827411488119425e-01 1.712514763203009105e-01
-1.968677130193841607e-01 1.215275970845011155e+00 2.147741334951585451e-02
-1.968677130193841607e-01 1.215275970845011155e+00 2.147741334951585451e-02
-1.968677130193841607e-01 1.215275970845011155e+00 2.147741334951585451e-02
1.572163513640615906e-01 9.469170789801060195e-01 8.606223593784487202e-02
-7.120082152091755656e-02 1.033617655920259226e+00 9.571383444557723941e-02
-7.120082152091755656e-02 1.033617655920259226e+00 9.571383444557723941e-02
-7.120082152091755656e-02 1.033617655920259226e+00 9.571383444557723941e-02
-7.120082152091755656e-02 1.033617655920259226e+00 9.571383444557723941e-02
4.495805333090831246e-02 1.064085341774676952e+00 7.873219264149326768e-02
4.495805333090831246e-02 1.064085341774676952e+00 7.873219264149326768e-02
4.495805333090831246e-02 1.064085341774676952e+00 7.873219264149326768e-02
-3.072599035864512218e-02 1.036334457000386955e+00 1.107470078615136189e-01
-3.072599035864512218e-02 1.036334457000386955e+00 1.107470078615136189e-01
-3.072599035864512218e-02 1.036334457000386955e+00 1.107470078615136189e-01
-3.072599035864512218e-02 1.036334457000386955e+00 1.107470078615136189e-01
-3.072599035864512218e-02 1.036334457000386955e+00 1.107470078615136189e-01
-3.072599035864512218e-02 1.036334457000386955e+00 1.107470078615136189e-01
-3.072599035864512218e-02 1.036334457000386955e+00 1.107470078615136189e-01
-3.072599035864512218e-02 1.036334457000386955e+00 1.107470078615136189e-01
-3.072599035864512218e-02 1.036334457000386955e+00 1.107470078615136189e-01
-3.072599035864512218e-02 1.036334457000386955e+00 1.107470078615136189e-01
-3.072599035864512218e-02 1.036334457000386955e+00 1.107470078615136189e-01
2.032398762538387693e-01 8.829407800042298193e-01 9.224187759018005750e-02
2.032398762538387693e-01 8.829407800042298193e-01 9.224187759018005750e-02
2.032398762538387693e-01 8.829407800042298193e-01 9.224187759018005750e-02
2.032398762538387693e-01 8.829407800042298193e-01 9.224187759018005750e-02
-9.813074097792962025e-02 9.910219573601229959e-01 8.342781388646061669e-02
-7.162657875310315947e-02 9.995589530460883276e-01 1.036567887196986754e-01
-7.162657875310315947e-02 9.995589530460883276e-01 1.036567887196986754e-01
-5.889614003923968055e-02 9.925331373684618264e-01 1.146728971729616409e-01
-5.889614003923968055e-02 9.925331373684618264e-01 1.146728971729616409e-01
1.863388639003225877e-02 9.861597402975814664e-01 1.473031851499602973e-01
1.863388639003225877e-02 9.861597402975814664e-01 1.473031851499602973e-01
1.863388639003225877e-02 9.861597402975814664e-01 1.473031851499602973e-01
1.863388639003225877e-02 9.861597402975814664e-01 1.473031851499602973e-01
7.076081140264531277e-02 4.692926016858389726e-01 1.417231996378225944e-01
7.076081140264531277e-02 4.692926016858389726e-01 1.417231996378225944e-01
7.076081140264531277e-02 4.692926016858389726e-01 1.417231996378225944e-01
7.076081140264531277e-02 4.692926016858389726e-01 1.417231996378225944e-01
7.076081140264531277e-02 4.692926016858389726e-01 1.417231996378225944e-01
7.076081140264531277e-02 4.692926016858389726e-01 1.417231996378225944e-01
4.856033058854188900e-01 3.353950160722866114e-01 1.272788870413560924e-01
5.093548448980165233e-01 1.158263504283639500e-01 2.153616702110329739e-01
5.093548448980165233e-01 1.158263504283639500e-01 2.153616702110329739e-01
5.093548448980165233e-01 1.158263504283639500e-01 2.153616702110329739e-01
4.062438251041019521e-01 -9.474511222029868840e-02 9.992333737552490380e-02
4.062438251041019521e-01 -9.474511222029868840e-02 9.992333737552490380e-02
4.097260127554528952e-01 8.469104841024846508e-02 3.172894233751383242e-01
4.097260127554528952e-01 8.469104841024846508e-02 3.172894233751383242e-01
4.097260127554528952e-01 8.469104841024846508e-02 3.172894233751383242e-01
4.097260127554528952e-01 8.469104841024846508e-02 3.172894233751383242e-01
4.097260127554528952e-01 8.469104841024846508e-02 3.172894233751383242e-01
6.416859872809236309e-01 -3.783055081552046950e-01 2.459251862484471141e-02
6.416859872809236309e-01 -3.783055081552046950e-01 2.459251862484471141e-02
6.416859872809236309e-01 -3.783055081552046950e-01 2.459251862484471141e-02
6.416859872809236309e-01 -3.783055081552046950e-01 2.459251862484471141e-02
6.416859872809236309e-01 -3.783055081552046950e-01 2.459251862484471141e-02
6.416859872809236309e-01 -3.783055081552046950e-01 2.459251862484471141e-02
5.560699735350804751e-01 -2.055132222184972990e-01 8.115116171671195311e-02
2.845940629470059546e-01 4.322752153554976218e-02 9.316773172206524456e-02
2.845940629470059546e-01 4.322752153554976218e-02 9.316773172206524456e-02
2.845940629470059546e-01 4.322752153554976218e-02 9.316773172206524456e-02
5.853508084187269978e-01 -2.408319830034870712e-01 6.416334843797426302e-02
