2.489132485845457765e-01 1.481402749648903505e-01 1.470001541540593426e-01
2.489132485845457765e-01 1.481402749648903505e-01 1.470001541540593426e-01
2.489132485845457765e-01 1.481402749648903505e-01 1.470001541540593426e-01
1.478684267743883007e-01 2.696494121381496356e-01 9.391956081535232648e-02
1.478684267743883007e-01 2.696494121381496356e-01 9.391956081535232648e-02
1.478684267743883007e-01 2.696494121381496356e-01 9.391956081535232648e-02
1.478684267743883007e-01 2.696494121381496356e-01 9.391956081535232648e-02
4.054810908449635320e-01 4.622187827991109943e-01 2.580921230075524653e-01
2.133417064057295531e-01 3.158250730768316084e-01 3.272165356959667037e-01
2.421216102117162705e-01 3.374258739455284761e-01 4.613787725507750292e-01
2.421216102117162705e-01 3.374258739455284761e-01 4.613787725507750292e-01
2.421216102117162705e-01 3.374258739455284761e-01 4.613787725507750292e-01
2.421216102117162705e-01 3.374258739455284761e-01 4.613787725507750292e-01
2.421216102117162705e-01 3.374258739455284761e-01 4.613787725507750292e-01
2.421216102117162705e-01 3.374258739455284761e-01 4.613787725507750292e-01
2.421216102117162705e-01 3.374258739455284761e-01 4.613787725507750292e-01
2.276489971956227043e-01 5.136852276958230323e-01 5.922335782157747142e-01
2.276489971956227043e-01 5.136852276958230323e-01 5.922335782157747142e-01
2.276489971956227043e-01 5.136852276958230323e-01 5.922335782157747142e-01
3.909112985525701189e-01 2.602450622998485619e-01 5.301523818611766359e-01
3.909112985525701189e-01 2.602450622998485619e-01 5.301523818611766359e-01
4.354365604631279529e-01 2.032836195089017806e-01 4.538083443596940270e-01
4.354365604631279529e-01 2.032836195089017806e-01 4.538083443596940270e-01
1.975500569421090868e-01 7.488895280219278749e-01 3.066959184525205884e-01
1.975500569421090868e-01 7.488895280219278749e-01 3.066959184525205884e-01
-4.996075785837614247e-02 7.779137983140385071e-01 1.146472056151078001e-01
1.924307387287710613e-01 6.927103979585977900e-01 4.143070464783177864e-01
1.924307387287710613e-01 6.927103979585977900e-01 4.143070464783177864e-01
1.924307387287710613e-01 6.927103979585977900e-01 4.143070464783177864e-01
1.924307387287710613e-01 6.927103979585977900e-01 4.143070464783177864e-01
3.265290017095024977e-01 4.596656549890700827e-01 5.195806900035758735e-01
4.603458197756942205e-01 5.009729810773363434e-01 8.292065615312378679e-02
4.603458197756942205e-01 5.009729810773363434e-01 8.292065615312378679e-02
2.625259203925736085e-01 3.718987295520165270e-01 5.685088818053454229e-01
3.918314925290099504e-01 2.253164832585040633e-01 5.189307214601331930e-01
3.918314925290099504e-01 2.253164832585040633e-01 5.189307214601331930e-01
3.918314925290099504e-01 2.253164832585040633e-01 5.189307214601331930e-01
3.918314925290099504e-01 2.253164832585040633e-01 5.189307214601331930e-01
3.918314925290099504e-01 2.253164832585040633e-01 5.189307214601331930e-01
3.918314925290099504e-01 2.253164832585040633e-01 5.189307214601331930e-01
3.918314925290099504e-01 2.253164832585040633e-01 5.189307214601331930e-01
3.918314925290099504e-01 2.253164832585040633e-01 5.189307214601331930e-01
3.918314925290099504e-01 2.253164832585040633e-01 5.189307214601331930e-01
3.056141971496856291e-01 7.827192842362962200e-02 1.640961331126643552e-01
3.056141971496856291e-01 7.827192842362962200e-02 1.640961331126643552e-01
3.056141971496856291e-01 7.827192842362962200e-02 1.640961331126643552e-01
3.056141971496856291e-01 7.827192842362962200e-02 1.640961331126643552e-01
3.056141971496856291e-01 7.827192842362962200e-02 1.640961331126643552e-01
7.532949863025033554e-01 -3.148488086443086975e-01 3.038250760884679894e-02
1.349034336221495156e-01 2.278007725233756608e-01 4.760667939289865008e-02
4.333765533503546874e-01 3.482785344794114279e-01 3.399788213297910699e-01
4.333765533503546874e-01 3.482785344794114279e-01 3.399788213297910699e-01
4.333765533503546874e-01 3.482785344794114279e-01 3.399788213297910699e-01
4.333765533503546874e-01 3.482785344794114279e-01 3.399788213297910699e-01
1.500111422282472406e-01 6.128000488890715802e-01 4.880006524585968619e-01
1.500111422282472406e-01 6.128000488890715802e-01 4.880006524585968619e-01
1.500111422282472406e-01 6.128000488890715802e-01 4.880006524585968619e-01
1.500111422282472406e-01 6.128000488890715802e-01 4.880006524585968619e-01
1.500111422282472406e-01 6.128000488890715802e-01 4.880006524585968619e-01
1.500111422282472406e-01 6.128000488890715802e-01 4.880006524585968619e-01
1.500111422282472406e-01 6.128000488890715802e-01 4.880006524585968619e-01
1.500111422282472406e-01 6.128000488890715802e-01 4.880006524585968619e-01
1.500111422282472406e-01 6.128000488890715802e-01 4.880006524585968619e-01
2.636560304924768228e-01 4.243623062422463010e-01 6.123331672986633833e-01
2.636560304924768228e-01 4.243623062422463010e-01 6.123331672986633833e-01
2.636560304924768228e-01 4.243623062422463010e-01 6.123331672986633833e-01
2.636560304924768228e-01 4.243623062422463010e-01 6.123331672986633833e-01
2.636560304924768228e-01 4.243623062422463010e-01 6.123331672986633833e-01
2.636560304924768228e-01 4.243623062422463010e-01 6.123331672986633833e-01
2.636560304924768228e-01 4.243623062422463010e-01 6.123331672986633833e-01
2.636560304924768228e-01 4.243623062422463010e-01 6.123331672986633833e-01
2.636560304924768228e-01 4.243623062422463010e-01 6.123331672986633833e-01
2.636560304924768228e-01 4.243623062422463010e-01 6.123331672986633833e-01
2.636560304924768228e-01 4.243623062422463010e-01 6.123331672986633833e-01
2.636560304924768228e-01 4.243623062422463010e-01 6.123331672986633833e-01
2.636560304924768228e-01 4.243623062422463010e-01 6.123331672986633833e-01
2.636560304924768228e-01 4.243623062422463010e-01 6.123331672986633833e-01
2.636560304924768228e-01 4.243623062422463010e-01 6.123331672986633833e-01
2.636560304924768228e-01 4.243623062422463010e-01 6.123331672986633833e-01
1.753888721630091352e-01 3.654124876684223810e-01 2.906079241410949310e-01
1.753888721630091352e-01 3.654124876684223810e-01 2.906079241410949310e-01
1.753888721630091352e-01 3.654124876684223810e-01 2.906079241410949310e-01
1.753888721630091352e-01 3.654124876684223810e-01 2.906079241410949310e-01
3.897373517262723297e-01 6.408795118374280841e-01 7.389331505068029438e-02
3.897373517262723297e-01 6.408795118374280841e-01 7.389331505068029438e-02
3.897373517262723297e-01 6.408795118374280841e-01 7.389331505068029438e-02
3.897373517262723297e-01 6.408795118374280841e-01 7.389331505068029438e-02
5.534442581254473970e-01 1.990800411389996305e-01 1.558763762365052707e-01
5.534442581254473970e-01 1.990800411389996305e-01 1.558763762365052707e-01
5.534442581254473970e-01 1.990800411389996305e-01 1.558763762365052707e-01
5.534442581254473970e-01 1.990800411389996305e-01 1.558763762365052707e-01
5.534442581254473970e-01 1.990800411389996305e-01 1.558763762365052707e-01
5.534442581254473970e-01 1.990800411389996305e-01 1.558763762365052707e-01
5.534442581254473970e-01 1.990800411389996305e-01 1.558763762365052707e-01
5.534442581254473970e-01 1.990800411389996305e-01 1.558763762365052707e-01
5.534442581254473970e-01 1.990800411389996305e-01 1.558763762365052707e-01
3.495877677190940558e-01 4.256900592318495491e-01 5.035101764280794923e-01
4.261607955405220527e-01 1.128259868179647407e-01 4.095419441696530605e-01
4.261607955405220527e-01 1.128259868179647407e-01 4.095419441696530605e-01
4.317090523135865832e-01 4.056276050475619566e-01 2.622491147935682720e-01
