2.489132485845457765e-01 1.481402749648903505e-01 1.224644555215066016e-01
2.489132485845457765e-01 1.481402749648903505e-01 1.224644555215066016e-01
2.489132485845457765e-01 1.481402749648903505e-01 1.224644555215066016e-01
2.489132485845457765e-01 1.481402749648903505e-01 1.224644555215066016e-01
1.739969069520400646e-01 3.233406946114338876e-01 1.412724116506770267e-01
1.739969069520400646e-01 3.233406946114338876e-01 1.412724116506770267e-01
1.092924580951193519e-01 5.422655095937017888e-01 1.681780727451894775e-01
1.092924580951193519e-01 5.422655095937017888e-01 1.681780727451894775e-01
1.092924580951193519e-01 5.422655095937017888e-01 1.681780727451894775e-01
1.092924580951193519e-01 5.422655095937017888e-01 1.681780727451894775e-01
1.092924580951193519e-01 5.422655095937017888e-01 1.681780727451894775e-01
1.555077586510171528e-01 6.911846073249404698e-01 3.243004203070155578e-01
1.555077586510171528e-01 6.911846073249404698e-01 3.243004203070155578e-01
1.555077586510171528e-01 6.911846073249404698e-01 3.243004203070155578e-01
1.555077586510171528e-01 6.911846073249404698e-01 3.243004203070155578e-01
1.125855146663400641e-01 6.781482730178477469e-01 2.362388239048372751e-01
1.125855146663400641e-01 6.781482730178477469e-01 2.362388239048372751e-01
1.125855146663400641e-01 6.781482730178477469e-01 2.362388239048372751e-01
1.125855146663400641e-01 6.781482730178477469e-01 2.362388239048372751e-01
3.266062104225638807e-01 5.947454770269445801e-01 4.014940508705352462e-01
3.266062104225638807e-01 5.947454770269445801e-01 4.014940508705352462e-01
3.901070947830603819e-01 4.550916375242544665e-01 4.553734376177577259e-01
3.901070947830603819e-01 4.550916375242544665e-01 4.553734376177577259e-01
3.901070947830603819e-01 4.550916375242544665e-01 4.553734376177577259e-01
3.901070947830603819e-01 4.550916375242544665e-01 4.553734376177577259e-01
2.567902016494763018e-01 3.961411175285409203e-01 4.848609300493075813e-01
2.567902016494763018e-01 3.961411175285409203e-01 4.848609300493075813e-01
2.567902016494763018e-01 3.961411175285409203e-01 4.848609300493075813e-01
2.567902016494763018e-01 3.961411175285409203e-01 4.848609300493075813e-01
2.567902016494763018e-01 3.961411175285409203e-01 4.848609300493075813e-01
2.567902016494763018e-01 3.961411175285409203e-01 4.848609300493075813e-01
4.210347933196639802e-01 2.012832967290081876e-01 5.084489283846637120e-01
4.922906044930752678e-01 6.915684428297408370e-02 3.452818442340193084e-01
4.922906044930752678e-01 6.915684428297408370e-02 3.452818442340193084e-01
4.922906044930752678e-01 6.915684428297408370e-02 3.452818442340193084e-01
4.922906044930752678e-01 6.915684428297408370e-02 3.452818442340193084e-01
4.922906044930752678e-01 6.915684428297408370e-02 3.452818442340193084e-01
1.427689709709994426e-01 4.691367522482343122e-01 1.986301200028218195e-01
3.240867479971528686e-01 4.705262903746098568e-01 5.828209684132260593e-01
3.240867479971528686e-01 4.705262903746098568e-01 5.828209684132260593e-01
3.240867479971528686e-01 4.705262903746098568e-01 5.828209684132260593e-01
3.240867479971528686e-01 4.705262903746098568e-01 5.828209684132260593e-01
3.240867479971528686e-01 4.705262903746098568e-01 5.828209684132260593e-01
3.240867479971528686e-01 4.705262903746098568e-01 5.828209684132260593e-01
3.240867479971528686e-01 4.705262903746098568e-01 5.828209684132260593e-01
3.240867479971528686e-01 4.705262903746098568e-01 5.828209684132260593e-01
3.240867479971528686e-01 4.705262903746098568e-01 5.828209684132260593e-01
3.240867479971528686e-01 4.705262903746098568e-01 5.828209684132260593e-01
3.240867479971528686e-01 4.705262903746098568e-01 5.828209684132260593e-01
2.362856037406356191e-01 4.759659410844302441e-01 4.942882432018269045e-01
2.362856037406356191e-01 4.759659410844302441e-01 4.942882432018269045e-01
2.362856037406356191e-01 4.759659410844302441e-01 4.942882432018269045e-01
2.362856037406356191e-01 4.759659410844302441e-01 4.942882432018269045e-01
2.362856037406356191e-01 4.759659410844302441e-01 4.942882432018269045e-01
3.279512586538785301e-01 4.822424871382874900e-01 5.667741412947290280e-01
3.279512586538785301e-01 4.822424871382874900e-01 5.667741412947290280e-01
3.279512586538785301e-01 4.822424871382874900e-01 5.667741412947290280e-01
4.244861312089521777e-01 4.340646213150882171e-01 3.735787217539683347e-01
4.244861312089521777e-01 4.340646213150882171e-01 3.735787217539683347e-01
4.244861312089521777e-01 4.340646213150882171e-01 3.735787217539683347e-01
4.244861312089521777e-01 4.340646213150882171e-01 3.735787217539683347e-01
4.244861312089521777e-01 4.340646213150882171e-01 3.735787217539683347e-01
5.918419697818754210e-01 2.848798792205805563e-01 7.797334084542943689e-02
5.918419697818754210e-01 2.848798792205805563e-01 7.797334084542943689e-02
5.918419697818754210e-01 2.848798792205805563e-01 7.797334084542943689e-02
5.918419697818754210e-01 2.848798792205805563e-01 7.797334084542943689e-02
4.233432535018842313e-01 4.751855138742072659e-02 3.172745980458980819e-01
4.233432535018842313e-01 4.751855138742072659e-02 3.172745980458980819e-01
4.233432535018842313e-01 4.751855138742072659e-02 3.172745980458980819e-01
4.391100453362844491e-01 2.713329282891147054e-01 4.912028320575777540e-01
3.365987576829772010e-01 3.719351687093277459e-01 6.127387331654039482e-01
3.365987576829772010e-01 3.719351687093277459e-01 6.127387331654039482e-01
3.365987576829772010e-01 3.719351687093277459e-01 6.127387331654039482e-01
3.365987576829772010e-01 3.719351687093277459e-01 6.127387331654039482e-01
3.365987576829772010e-01 3.719351687093277459e-01 6.127387331654039482e-01
3.365987576829772010e-01 3.719351687093277459e-01 6.127387331654039482e-01
3.365987576829772010e-01 3.719351687093277459e-01 6.127387331654039482e-01
3.365987576829772010e-01 3.719351687093277459e-01 6.127387331654039482e-01
3.365987576829772010e-01 3.719351687093277459e-01 6.127387331654039482e-01
1.868804946056889515e-01 5.470305581611748513e-01 3.914903510049762558e-01
1.868804946056889515e-01 5.470305581611748513e-01 3.914903510049762558e-01
5.655604455197631442e-01 4.455539133968383081e-01 4.067328942978856721e-02
4.068587528509512996e-01 2.716038777179833330e-01 5.539631886521189097e-01
4.068587528509512996e-01 2.716038777179833330e-01 5.539631886521189097e-01
4.068587528509512996e-01 2.716038777179833330e-01 5.539631886521189097e-01
4.068587528509512996e-01 2.716038777179833330e-01 5.539631886521189097e-01
4.068587528509512996e-01 2.716038777179833330e-01 5.539631886521189097e-01
4.068587528509512996e-01 2.716038777179833330e-01 5.539631886521189097e-01
4.068587528509512996e-01 2.716038777179833330e-01 5.539631886521189097e-01
4.068587528509512996e-01 2.716038777179833330e-01 5.539631886521189097e-01
4.068587528509512996e-01 2.716038777179833330e-01 5.539631886521189097e-01
4.068587528509512996e-01 2.716038777179833330e-01 5.539631886521189097e-01
4.068587528509512996e-01 2.716038777179833330e-01 5.539631886521189097e-01
4.068587528509512996e-01 2.716038777179833330e-01 5.539631886521189097e-01
4.741735710574126461e-01 7.871892887482484502e-01 7.680440787552859049e-03
4.295411397575060186e-01 7.740041795603646024e-01 2.470012110520987056e-02
3.969285607010800687e-01 5.804896226361717648e-01 2.351173588306567086e-01
3.969285607010800687e-01 5.804896226361717648e-01 2.351173588306567086e-01
1.769191862268964521e-01 5.642029926591811684e-01 3.705083491482726865e-01
1.769191862268964521e-01 5.642029926591811684e-01 3.705083491482726865e-01
