2.489132485845457765e-01 1.481402749648903505e-01 1.106994395837004458e-01
2.489132485845457765e-01 1.481402749648903505e-01 1.106994395837004458e-01
2.489132485845457765e-01 1.481402749648903505e-01 1.106994395837004458e-01
4.879253120107878150e-01 -5.209162962390823104e-03 3.113047277983520544e-01
4.879253120107878150e-01 -5.209162962390823104e-03 3.113047277983520544e-01
4.255358276407405493e-01 9.324130478798432764e-02 4.130714278929661365e-01
4.255358276407405493e-01 9.324130478798432764e-02 4.130714278929661365e-01
3.753658808113403134e-01 5.200114548289903604e-01 4.437087682232383479e-01
3.753658808113403134e-01 5.200114548289903604e-01 4.437087682232383479e-01
3.753658808113403134e-01 5.200114548289903604e-01 4.437087682232383479e-01
3.753658808113403134e-01 5.200114548289903604e-01 4.437087682232383479e-01
3.461512959322504690e-01 3.510069474693275904e-01 6.055898193745495872e-01
3.461512959322504690e-01 3.510069474693275904e-01 6.055898193745495872e-01
3.461512959322504690e-01 3.510069474693275904e-01 6.055898193745495872e-01
3.461512959322504690e-01 3.510069474693275904e-01 6.055898193745495872e-01
3.461512959322504690e-01 3.510069474693275904e-01 6.055898193745495872e-01
3.461512959322504690e-01 3.510069474693275904e-01 6.055898193745495872e-01
2.236982115182900022e-01 3.958423653259168229e-01 3.056021572615714721e-01
2.236982115182900022e-01 3.958423653259168229e-01 3.056021572615714721e-01
3.451782499118168368e-01 5.433374243176871676e-01 4.663934261295109018e-01
3.948377192149137294e-01 3.391301402424012901e-01 6.080822676857411402e-01
3.948377192149137294e-01 3.391301402424012901e-01 6.080822676857411402e-01
3.948377192149137294e-01 3.391301402424012901e-01 6.080822676857411402e-01
3.948377192149137294e-01 3.391301402424012901e-01 6.080822676857411402e-01
3.948377192149137294e-01 3.391301402424012901e-01 6.080822676857411402e-01
3.948377192149137294e-01 3.391301402424012901e-01 6.080822676857411402e-01
3.948377192149137294e-01 3.391301402424012901e-01 6.080822676857411402e-01
2.050373097538796818e-01 7.520059147483160178e-01 2.468333877234921980e-01
5.413522869108300384e-01 4.389755970904950511e-01 1.108187855966469987e-01
5.413522869108300384e-01 4.389755970904950511e-01 1.108187855966469987e-01
5.413522869108300384e-01 4.389755970904950511e-01 1.108187855966469987e-01
5.413522869108300384e-01 4.389755970904950511e-01 1.108187855966469987e-01
5.413522869108300384e-01 4.389755970904950511e-01 1.108187855966469987e-01
5.413522869108300384e-01 4.389755970904950511e-01 1.108187855966469987e-01
5.413522869108300384e-01 4.389755970904950511e-01 1.108187855966469987e-01
5.413522869108300384e-01 4.389755970904950511e-01 1.108187855966469987e-01
7.960762916077113172e-02 6.663659107128638848e-01 9.469610093257270489e-02
3.828034722447677396e-01 6.960533632624567035e-01 1.533493631106705446e-01
3.828034722447677396e-01 6.960533632624567035e-01 1.533493631106705446e-01
4.794229412321955874e-01 4.639130791780133878e-01 2.315475514943485247e-01
4.794229412321955874e-01 4.639130791780133878e-01 2.315475514943485247e-01
5.861032721273199408e-01 2.040852040499505082e-01 1.813201560600043727e-01
5.861032721273199408e-01 2.040852040499505082e-01 1.813201560600043727e-01
5.326050600978078364e-01 5.115833333259079962e-01 7.517947320762574659e-02
4.500768243977784633e-01 5.156044899150122873e-01 2.439183235701454788e-01
4.500768243977784633e-01 5.156044899150122873e-01 2.439183235701454788e-01
4.500768243977784633e-01 5.156044899150122873e-01 2.439183235701454788e-01
4.500768243977784633e-01 5.156044899150122873e-01 2.439183235701454788e-01
3.350232770622705303e-01 5.944648478524285906e-01 4.000757384496353986e-01
3.350232770622705303e-01 5.944648478524285906e-01 4.000757384496353986e-01
3.281087987010299911e-01 4.178771519766423248e-01 5.950831803242552231e-01
3.281087987010299911e-01 4.178771519766423248e-01 5.950831803242552231e-01
3.281087987010299911e-01 4.178771519766423248e-01 5.950831803242552231e-01
4.221177564221820777e-01 1.717897979879912940e-01 5.198274829183152645e-01
4.221177564221820777e-01 1.717897979879912940e-01 5.198274829183152645e-01
4.221177564221820777e-01 1.717897979879912940e-01 5.198274829183152645e-01
3.500435492827095318e-01 2.435603143490264189e-01 5.102755197697019796e-01
3.500435492827095318e-01 2.435603143490264189e-01 5.102755197697019796e-01
3.500435492827095318e-01 2.435603143490264189e-01 5.102755197697019796e-01
3.500435492827095318e-01 2.435603143490264189e-01 5.102755197697019796e-01
3.500435492827095318e-01 2.435603143490264189e-01 5.102755197697019796e-01
3.500435492827095318e-01 2.435603143490264189e-01 5.102755197697019796e-01
4.724260509777103434e-01 3.999623332421983757e-02 3.669712468587131293e-01
4.724260509777103434e-01 3.999623332421983757e-02 3.669712468587131293e-01
4.724260509777103434e-01 3.999623332421983757e-02 3.669712468587131293e-01
4.724260509777103434e-01 3.999623332421983757e-02 3.669712468587131293e-01
4.724260509777103434e-01 3.999623332421983757e-02 3.669712468587131293e-01
4.724260509777103434e-01 3.999623332421983757e-02 3.669712468587131293e-01
4.646913338938630234e-01 4.427053773840758932e-01 3.047408903197653118e-01
4.646913338938630234e-01 4.427053773840758932e-01 3.047408903197653118e-01
4.024338539390718839e-01 4.372041160205184518e-01 5.045079925660772568e-01
4.024338539390718839e-01 4.372041160205184518e-01 5.045079925660772568e-01
4.024338539390718839e-01 4.372041160205184518e-01 5.045079925660772568e-01
4.024338539390718839e-01 4.372041160205184518e-01 5.045079925660772568e-01
4.024338539390718839e-01 4.372041160205184518e-01 5.045079925660772568e-01
4.024338539390718839e-01 4.372041160205184518e-01 5.045079925660772568e-01
4.024338539390718839e-01 4.372041160205184518e-01 5.045079925660772568e-01
4.024338539390718839e-01 4.372041160205184518e-01 5.045079925660772568e-01
3.919936553673606383e-01 2.191883392956315846e-01 5.523930798979681533e-01
3.919936553673606383e-01 2.191883392956315846e-01 5.523930798979681533e-01
4.343722132272798131e-01 4.450428607857911389e-01 3.986254281772010355e-01
2.729782566497796492e-01 5.460749818952577161e-01 4.832953988390418787e-01
2.729782566497796492e-01 5.460749818952577161e-01 4.832953988390418787e-01
2.729782566497796492e-01 5.460749818952577161e-01 4.832953988390418787e-01
4.179133655059827923e-01 1.070543393837819490e-01 4.254474512580433410e-01
4.179133655059827923e-01 1.070543393837819490e-01 4.254474512580433410e-01
4.179133655059827923e-01 1.070543393837819490e-01 4.254474512580433410e-01
4.179133655059827923e-01 1.070543393837819490e-01 4.254474512580433410e-01
4.116802492755061160e-01 2.510778177365894370e-01 5.869264358732428910e-01
3.558761483691816885e-01 4.156540665028662929e-01 6.022726456991474020e-01
3.558761483691816885e-01 4.156540665028662929e-01 6.022726456991474020e-01
5.053198160345852008e-01 3.998495588961731295e-02 3.567413726629301562e-01
5.053198160345852008e-01 3.998495588961731295e-02 3.567413726629301562e-01
5.053198160345852008e-01 3.998495588961731295e-02 3.567413726629301562e-01
5.288965433745947964e-01 2.282925226956030937e-02 3.192282643277069010e-01
5.288965433745947964e-01 2.282925226956030937e-02 3.192282643277069010e-01
5.082016655434328234e-01 -9.246327169372490357e-03 3.049327031870806004e-01
5.082016655434328234e-01 -9.246327169372490357e-03 3.049327031870806004e-01
5.082016655434328234e-01 -9.246327169372490357e-03 3.049327031870806004e-01
5.082016655434328234e-01 -9.246327169372490357e-03 3.049327031870806004e-01
