2.489132485845457765e-01 1.481402749648903505e-01 1.315069794069023412e-01
2.489132485845457765e-01 1.481402749648903505e-01 1.315069794069023412e-01
2.489132485845457765e-01 1.481402749648903505e-01 1.315069794069023412e-01
2.489132485845457765e-01 1.481402749648903505e-01 1.315069794069023412e-01
1.341496538325917531e-01 3.851710801759782310e-01 1.432407003762982411e-01
6.186627598066887224e-01 9.819683347560931308e-02 1.360973077026343681e-01
6.186627598066887224e-01 9.819683347560931308e-02 1.360973077026343681e-01
6.186627598066887224e-01 9.819683347560931308e-02 1.360973077026343681e-01
6.186627598066887224e-01 9.819683347560931308e-02 1.360973077026343681e-01
6.186627598066887224e-01 9.819683347560931308e-02 1.360973077026343681e-01
6.186627598066887224e-01 9.819683347560931308e-02 1.360973077026343681e-01
6.186627598066887224e-01 9.819683347560931308e-02 1.360973077026343681e-01
6.186627598066887224e-01 9.819683347560931308e-02 1.360973077026343681e-01
6.186627598066887224e-01 9.819683347560931308e-02 1.360973077026343681e-01
6.186627598066887224e-01 9.819683347560931308e-02 1.360973077026343681e-01
6.186627598066887224e-01 9.819683347560931308e-02 1.360973077026343681e-01
5.670720945141963787e-01 2.294687456241956969e-01 1.681120548601773845e-01
5.670720945141963787e-01 2.294687456241956969e-01 1.681120548601773845e-01
5.670720945141963787e-01 2.294687456241956969e-01 1.681120548601773845e-01
5.670720945141963787e-01 2.294687456241956969e-01 1.681120548601773845e-01
4.045662737586328550e-01 -4.928280615163455058e-03 2.245091183622218989e-01
2.475906360024432429e-01 2.256010620594509353e-01 2.341312345177496423e-01
4.833492747421918034e-01 2.211338595850735056e-01 4.190797517089763780e-01
2.276937896163490627e-01 4.985435213356457229e-01 5.605651854340331086e-01
2.276937896163490627e-01 4.985435213356457229e-01 5.605651854340331086e-01
2.276937896163490627e-01 4.985435213356457229e-01 5.605651854340331086e-01
2.276937896163490627e-01 4.985435213356457229e-01 5.605651854340331086e-01
2.276937896163490627e-01 4.985435213356457229e-01 5.605651854340331086e-01
2.276937896163490627e-01 4.985435213356457229e-01 5.605651854340331086e-01
2.276937896163490627e-01 4.985435213356457229e-01 5.605651854340331086e-01
2.276937896163490627e-01 4.985435213356457229e-01 5.605651854340331086e-01
2.276937896163490627e-01 4.985435213356457229e-01 5.605651854340331086e-01
2.276937896163490627e-01 4.985435213356457229e-01 5.605651854340331086e-01
2.276937896163490627e-01 4.985435213356457229e-01 5.605651854340331086e-01
2.276937896163490627e-01 4.985435213356457229e-01 5.605651854340331086e-01
2.276937896163490627e-01 4.985435213356457229e-01 5.605651854340331086e-01
6.763114362793692935e-02 9.788732525010052088e-01 1.366650666309255635e-01
6.763114362793692935e-02 9.788732525010052088e-01 1.366650666309255635e-01
6.763114362793692935e-02 9.788732525010052088e-01 1.366650666309255635e-01
6.763114362793692935e-02 9.788732525010052088e-01 1.366650666309255635e-01
6.763114362793692935e-02 9.788732525010052088e-01 1.366650666309255635e-01
2.793658651498032164e-01 7.600514426554146885e-01 2.085270125919352624e-01
2.793658651498032164e-01 7.600514426554146885e-01 2.085270125919352624e-01
3.934660071437329210e-01 4.115319421096377828e-01 5.078639695345743554e-01
1.713328201223071612e-01 6.518406841173354227e-01 4.510369560307725956e-01
2.350450687514476500e-01 3.390265272865223833e-01 3.868107740631843705e-01
2.350450687514476500e-01 3.390265272865223833e-01 3.868107740631843705e-01
3.759140345339961886e-01 3.644451999830998212e-01 6.078979001111075586e-01
3.759140345339961886e-01 3.644451999830998212e-01 6.078979001111075586e-01
3.759140345339961886e-01 3.644451999830998212e-01 6.078979001111075586e-01
3.759140345339961886e-01 3.644451999830998212e-01 6.078979001111075586e-01
3.759140345339961886e-01 3.644451999830998212e-01 6.078979001111075586e-01
3.759140345339961886e-01 3.644451999830998212e-01 6.078979001111075586e-01
2.626836273046764259e-01 7.195238037017521737e-01 3.105712997462340419e-01
2.626836273046764259e-01 7.195238037017521737e-01 3.105712997462340419e-01
2.626836273046764259e-01 7.195238037017521737e-01 3.105712997462340419e-01
2.626836273046764259e-01 7.195238037017521737e-01 3.105712997462340419e-01
1.987557882562977218e-01 8.808870224139146998e-01 1.642988163961865700e-01
1.987557882562977218e-01 8.808870224139146998e-01 1.642988163961865700e-01
1.987557882562977218e-01 8.808870224139146998e-01 1.642988163961865700e-01
9.393028361727261133e-02 8.691447380587525862e-01 2.272315333161439299e-01
9.393028361727261133e-02 8.691447380587525862e-01 2.272315333161439299e-01
1.846830732429034505e-01 8.514774598814537354e-01 2.183211559499292354e-01
1.791340083745703859e-01 8.317723353574481004e-01 2.510907544550595172e-01
1.791340083745703859e-01 8.317723353574481004e-01 2.510907544550595172e-01
1.791340083745703859e-01 8.317723353574481004e-01 2.510907544550595172e-01
2.480472113257328748e-02 1.138831987456690786e+00 5.056566698478939109e-02
2.480472113257328748e-02 1.138831987456690786e+00 5.056566698478939109e-02
2.480472113257328748e-02 1.138831987456690786e+00 5.056566698478939109e-02
2.480472113257328748e-02 1.138831987456690786e+00 5.056566698478939109e-02
2.480472113257328748e-02 1.138831987456690786e+00 5.056566698478939109e-02
2.480472113257328748e-02 1.138831987456690786e+00 5.056566698478939109e-02
-1.055208445780381754e-01 1.046913829446027400e+00 3.815002167774327740e-02
-1.055208445780381754e-01 1.046913829446027400e+00 3.815002167774327740e-02
-1.055208445780381754e-01 1.046913829446027400e+00 3.815002167774327740e-02
-1.055208445780381754e-01 1.046913829446027400e+00 3.815002167774327740e-02
-7.491314399474177654e-02 8.911084143464671481e-01 5.291113711378590129e-02
-1.501181181631588701e-01 1.128942626807265093e+00 2.016312615492631480e-02
-1.356854777900752540e-01 1.188259920720143858e+00 2.081037034021793880e-02
-1.356854777900752540e-01 1.188259920720143858e+00 2.081037034021793880e-02
-1.356854777900752540e-01 1.188259920720143858e+00 2.081037034021793880e-02
-1.254382165783406444e-01 1.048181009815683185e+00 2.951106871238460758e-02
-2.786626697144556353e-02 7.525954961462286708e-01 7.489367165776658619e-02
8.755773316734158374e-02 4.247995092691591035e-01 8.649901279057593817e-02
1.980689458201119746e-01 3.429159259811580540e-01 2.669435680066189476e-01
4.104653449797303622e-01 2.994475537002921350e-01 5.716530934200073633e-01
4.104653449797303622e-01 2.994475537002921350e-01 5.716530934200073633e-01
4.104653449797303622e-01 2.994475537002921350e-01 5.716530934200073633e-01
4.104653449797303622e-01 2.994475537002921350e-01 5.716530934200073633e-01
2.656207058113858599e-01 5.659695704939337046e-01 5.645712249766358104e-01
2.656207058113858599e-01 5.659695704939337046e-01 5.645712249766358104e-01
2.965027139533190081e-01 4.661962164265916475e-01 6.371791396919769257e-01
3.163126965137384450e-01 6.033959546861017431e-01 4.024136606524824633e-01
3.163126965137384450e-01 6.033959546861017431e-01 4.024136606524824633e-01
3.163126965137384450e-01 6.033959546861017431e-01 4.024136606524824633e-01
3.163126965137384450e-01 6.033959546861017431e-01 4.024136606524824633e-01
3.163126965137384450e-01 6.033959546861017431e-01 4.024136606524824633e-01
3.122489294224254364e-01 3.028229618493711861e-01 5.666601462773699360e-01
3.122489294224254364e-01 3.028229618493711861e-01 5.666601462773699360e-01
4.127499402464446798e-01 2.625645604091955132e-01 5.749504944032659548e-01
