2.489132485845457765e-01 1.481402749648903505e-01 1.207415897183717474e-01
1.458942558526039046e-01 6.806565284892206469e-01 3.057557694183976049e-01
1.458942558526039046e-01 6.806565284892206469e-01 3.057557694183976049e-01
1.458942558526039046e-01 6.806565284892206469e-01 3.057557694183976049e-01
1.458942558526039046e-01 6.806565284892206469e-01 3.057557694183976049e-01
1.458942558526039046e-01 6.806565284892206469e-01 3.057557694183976049e-01
1.458942558526039046e-01 6.806565284892206469e-01 3.057557694183976049e-01
1.458942558526039046e-01 6.806565284892206469e-01 3.057557694183976049e-01
1.458942558526039046e-01 6.806565284892206469e-01 3.057557694183976049e-01
1.458942558526039046e-01 6.806565284892206469e-01 3.057557694183976049e-01
1.605855004061565172e-01 6.296237312377339634e-01 3.402180394776628813e-01
8.931404252598680593e-02 5.545264763296440247e-01 1.295477115097518894e-01
2.660448519370232079e-01 3.138377605104973878e-01 4.028596043597289511e-01
2.660448519370232079e-01 3.138377605104973878e-01 4.028596043597289511e-01
2.660448519370232079e-01 3.138377605104973878e-01 4.028596043597289511e-01
2.660448519370232079e-01 3.138377605104973878e-01 4.028596043597289511e-01
2.660448519370232079e-01 3.138377605104973878e-01 4.028596043597289511e-01
2.660448519370232079e-01 3.138377605104973878e-01 4.028596043597289511e-01
2.660448519370232079e-01 3.138377605104973878e-01 4.028596043597289511e-01
2.660448519370232079e-01 3.138377605104973878e-01 4.028596043597289511e-01
3.851091474297737571e-01 1.387329074184551203e-01 4.319169469198960720e-01
3.851091474297737571e-01 1.387329074184551203e-01 4.319169469198960720e-01
3.851091474297737571e-01 1.387329074184551203e-01 4.319169469198960720e-01
3.356686170972383310e-01 3.348510137887407700e-01 6.173601367916460303e-01
3.356686170972383310e-01 3.348510137887407700e-01 6.173601367916460303e-01
3.356686170972383310e-01 3.348510137887407700e-01 6.173601367916460303e-01
3.356686170972383310e-01 3.348510137887407700e-01 6.173601367916460303e-01
3.610883976602882184e-01 2.310443962608031143e-01 5.385390173912695255e-01
3.649496236401943983e-01 8.239267407945694011e-02 2.883621351204171401e-01
3.649496236401943983e-01 8.239267407945694011e-02 2.883621351204171401e-01
3.649496236401943983e-01 8.239267407945694011e-02 2.883621351204171401e-01
3.649496236401943983e-01 8.239267407945694011e-02 2.883621351204171401e-01
2.442798466766780696e-01 1.000148064693565791e-01 7.343906688526508075e-02
2.442798466766780696e-01 1.000148064693565791e-01 7.343906688526508075e-02
2.442798466766780696e-01 1.000148064693565791e-01 7.343906688526508075e-02
3.346405028599479525e-01 -8.267558304245654910e-02 5.173365782025884929e-02
2.791787890065710043e-01 3.437182694310836895e-01 4.919760618862560331e-01
2.791787890065710043e-01 3.437182694310836895e-01 4.919760618862560331e-01
2.791787890065710043e-01 3.437182694310836895e-01 4.919760618862560331e-01
2.878892733897486234e-01 3.853390457997348806e-01 5.664553831977234832e-01
2.878892733897486234e-01 3.853390457997348806e-01 5.664553831977234832e-01
4.527270379057971028e-01 4.009885894431403086e-01 3.674409295748755078e-01
4.527270379057971028e-01 4.009885894431403086e-01 3.674409295748755078e-01
3.850314852394739473e-01 6.019608732973480425e-01 2.572440878525865116e-01
3.850314852394739473e-01 6.019608732973480425e-01 2.572440878525865116e-01
1.973870279184054277e-01 1.014205578155443321e+00 5.602498032330760491e-02
1.973870279184054277e-01 1.014205578155443321e+00 5.602498032330760491e-02
1.973870279184054277e-01 1.014205578155443321e+00 5.602498032330760491e-02
1.121040114586325798e-01 8.251620572035412993e-01 2.020485593487669485e-01
1.121040114586325798e-01 8.251620572035412993e-01 2.020485593487669485e-01
1.121040114586325798e-01 8.251620572035412993e-01 2.020485593487669485e-01
1.121040114586325798e-01 8.251620572035412993e-01 2.020485593487669485e-01
1.121040114586325798e-01 8.251620572035412993e-01 2.020485593487669485e-01
1.121040114586325798e-01 8.251620572035412993e-01 2.020485593487669485e-01
3.429135145683523955e-01 3.213097090662111466e-01 6.160163690250617385e-01
3.429135145683523955e-01 3.213097090662111466e-01 6.160163690250617385e-01
3.429135145683523955e-01 3.213097090662111466e-01 6.160163690250617385e-01
5.524911552482991706e-01 2.398026042299276073e-01 2.236089036252134066e-01
5.524911552482991706e-01 2.398026042299276073e-01 2.236089036252134066e-01
3.409251017781185222e-01 -5.876943621095392922e-03 1.184185301440563720e-01
3.409251017781185222e-01 -5.876943621095392922e-03 1.184185301440563720e-01
4.852507227616368879e-01 2.413121741831004974e-01 4.309923015433365645e-01
4.852507227616368879e-01 2.413121741831004974e-01 4.309923015433365645e-01
4.852507227616368879e-01 2.413121741831004974e-01 4.309923015433365645e-01
4.852507227616368879e-01 2.413121741831004974e-01 4.309923015433365645e-01
4.852507227616368879e-01 2.413121741831004974e-01 4.309923015433365645e-01
4.852507227616368879e-01 2.413121741831004974e-01 4.309923015433365645e-01
4.852507227616368879e-01 2.413121741831004974e-01 4.309923015433365645e-01
4.515193966630707267e-01 -1.533312090118865711e-03 2.948692857526153954e-01
4.570749561629835478e-01 6.875183349880431560e-02 4.004387705397334241e-01
4.570749561629835478e-01 6.875183349880431560e-02 4.004387705397334241e-01
4.570749561629835478e-01 6.875183349880431560e-02 4.004387705397334241e-01
4.570749561629835478e-01 6.875183349880431560e-02 4.004387705397334241e-01
4.570749561629835478e-01 6.875183349880431560e-02 4.004387705397334241e-01
4.570749561629835478e-01 6.875183349880431560e-02 4.004387705397334241e-01
4.570749561629835478e-01 6.875183349880431560e-02 4.004387705397334241e-01
6.685928678663869418e-01 5.208975442986954474e-02 7.863490714064486076e-02
5.282292685721649006e-01 -4.072669376977276767e-02 2.665995018457630317e-01
5.282292685721649006e-01 -4.072669376977276767e-02 2.665995018457630317e-01
2.419791276306124117e-01 3.383296463740769755e-01 3.570021766858850198e-01
2.419791276306124117e-01 3.383296463740769755e-01 3.570021766858850198e-01
4.272461315254486580e-01 9.311777310877325520e-02 4.168325692613970013e-01
4.272461315254486580e-01 9.311777310877325520e-02 4.168325692613970013e-01
3.821488063012870584e-01 1.431038739835922280e-01 4.339159924151615444e-01
3.821488063012870584e-01 1.431038739835922280e-01 4.339159924151615444e-01
3.821488063012870584e-01 1.431038739835922280e-01 4.339159924151615444e-01
3.821488063012870584e-01 1.431038739835922280e-01 4.339159924151615444e-01
6.551394965001441362e-01 -1.492897335214724286e-01 1.041168938104597291e-01
6.551394965001441362e-01 -1.492897335214724286e-01 1.041168938104597291e-01
6.551394965001441362e-01 -1.492897335214724286e-01 1.041168938104597291e-01
6.551394965001441362e-01 -1.492897335214724286e-01 1.041168938104597291e-01
5.093984151639945335e-01 -1.609639781371791090e-02 2.977704469874952742e-01
5.093984151639945335e-01 -1.609639781371791090e-02 2.977704469874952742e-01
5.093984151639945335e-01 -1.609639781371791090e-02 2.977704469874952742e-01
5.093984151639945335e-01 -1.609639781371791090e-02 2.977704469874952742e-01
5.093984151639945335e-01 -1.609639781371791090e-02 2.977704469874952742e-01
5.093984151639945335e-01 -1.609639781371791090e-02 2.977704469874952742e-01
4.498705929175644269e-01 -2.858622221555194298e-01 2.777472756371875476e-02
4.498705929175644269e-01 -2.858622221555194298e-01 2.777472756371875476e-02
8.065384162050117656e-01 1.220714598913336113e-02 5.197710715115257292e-03
