2.489132485845457765e-01 1.481402749648903505e-01 1.061287172785758126e-01
6.690092091396122598e-01 1.557575263136975197e-01 7.525293901344148884e-02
3.588095482569702011e-01 4.196274323228019743e-01 6.049091557275229070e-01
3.890253551529596621e-01 5.763953822218146339e-01 3.264547988672755752e-01
3.890253551529596621e-01 5.763953822218146339e-01 3.264547988672755752e-01
3.890253551529596621e-01 5.763953822218146339e-01 3.264547988672755752e-01
4.685488373854400646e-01 1.209711905664857534e-01 4.892655776940441625e-01
4.685488373854400646e-01 1.209711905664857534e-01 4.892655776940441625e-01
4.130570387917270048e-01 4.894241318993905465e-01 4.133091909002853948e-01
4.130570387917270048e-01 4.894241318993905465e-01 4.133091909002853948e-01
4.130570387917270048e-01 4.894241318993905465e-01 4.133091909002853948e-01
4.130570387917270048e-01 4.894241318993905465e-01 4.133091909002853948e-01
4.130570387917270048e-01 4.894241318993905465e-01 4.133091909002853948e-01
4.130570387917270048e-01 4.894241318993905465e-01 4.133091909002853948e-01
4.130570387917270048e-01 4.894241318993905465e-01 4.133091909002853948e-01
4.130570387917270048e-01 4.894241318993905465e-01 4.133091909002853948e-01
4.554376850224570727e-01 4.639821921710434727e-01 3.279441832183344063e-01
4.554376850224570727e-01 4.639821921710434727e-01 3.279441832183344063e-01
4.072497633760355784e-01 2.784897577677100111e-01 6.178170720015346840e-01
4.072497633760355784e-01 2.784897577677100111e-01 6.178170720015346840e-01
4.072497633760355784e-01 2.784897577677100111e-01 6.178170720015346840e-01
4.072497633760355784e-01 2.784897577677100111e-01 6.178170720015346840e-01
4.072497633760355784e-01 2.784897577677100111e-01 6.178170720015346840e-01
4.354868917032650444e-01 1.238198659039923544e-01 4.840416800070569403e-01
2.780278534204861929e-01 1.661106193182409485e-01 1.836770105085365756e-01
2.780278534204861929e-01 1.661106193182409485e-01 1.836770105085365756e-01
2.780278534204861929e-01 1.661106193182409485e-01 1.836770105085365756e-01
4.465935960517161130e-01 3.678406201033643241e-02 3.614876112726390089e-01
3.720320686387131315e-01 4.671979981245693025e-01 5.430570141302127896e-01
3.720320686387131315e-01 4.671979981245693025e-01 5.430570141302127896e-01
2.720315565657531742e-01 8.551603565381111771e-01 1.168462762333271621e-01
1.481542450506350417e-01 8.918734301945768772e-01 1.139183153138831478e-01
1.481542450506350417e-01 8.918734301945768772e-01 1.139183153138831478e-01
1.481542450506350417e-01 8.918734301945768772e-01 1.139183153138831478e-01
1.481542450506350417e-01 8.918734301945768772e-01 1.139183153138831478e-01
1.481542450506350417e-01 8.918734301945768772e-01 1.139183153138831478e-01
1.481542450506350417e-01 8.918734301945768772e-01 1.139183153138831478e-01
1.481542450506350417e-01 8.918734301945768772e-01 1.139183153138831478e-01
1.481846873982235191e-01 7.038470177469062783e-01 2.021055923409401656e-01
1.481846873982235191e-01 7.038470177469062783e-01 2.021055923409401656e-01
1.481846873982235191e-01 7.038470177469062783e-01 2.021055923409401656e-01
1.481846873982235191e-01 7.038470177469062783e-01 2.021055923409401656e-01
4.244138212949311040e-01 5.809048894318070699e-01 2.325627448559701160e-01
1.442995076260850107e-01 4.435900358864823811e-01 1.236963353943393712e-01
3.875535286412611358e-01 3.371349925926098168e-01 6.284835453378213588e-01
3.875535286412611358e-01 3.371349925926098168e-01 6.284835453378213588e-01
5.198782657364655613e-01 2.456321988519224453e-01 3.885882258361209596e-01
5.198782657364655613e-01 2.456321988519224453e-01 3.885882258361209596e-01
5.198782657364655613e-01 2.456321988519224453e-01 3.885882258361209596e-01
5.531528196043521417e-01 1.194058800740083193e-03 3.112036214352734698e-01
3.630964482278878358e-01 1.282244433369189932e-02 1.744595482745995296e-01
3.490405208748497135e-01 -7.364318167860263442e-02 7.068537064343899390e-02
3.490405208748497135e-01 -7.364318167860263442e-02 7.068537064343899390e-02
3.490405208748497135e-01 -7.364318167860263442e-02 7.068537064343899390e-02
5.693792956369813085e-01 1.237665336984829362e-01 3.036308413992684918e-01
5.693792956369813085e-01 1.237665336984829362e-01 3.036308413992684918e-01
5.693792956369813085e-01 1.237665336984829362e-01 3.036308413992684918e-01
3.727405989259869878e-01 1.265802975435604272e-01 3.747923578065183725e-01
1.537739810197357726e-01 5.714919837156695603e-01 2.068648329293008847e-01
1.948053395398424981e-01 5.224996556676991810e-01 2.950678007729746199e-01
1.948053395398424981e-01 5.224996556676991810e-01 2.950678007729746199e-01
1.078894358448258955e-01 5.455494446810694731e-01 1.043505737406857925e-01
1.078894358448258955e-01 5.455494446810694731e-01 1.043505737406857925e-01
2.898401910243391111e-01 6.646428873273753091e-01 3.424770537332464393e-01
3.481339248537412834e-01 6.526067989173430783e-01 2.848826155550835404e-01
3.821980388381175375e-01 4.940870973809594613e-01 4.837069213432088066e-01
3.821980388381175375e-01 4.940870973809594613e-01 4.837069213432088066e-01
3.821980388381175375e-01 4.940870973809594613e-01 4.837069213432088066e-01
3.821980388381175375e-01 4.940870973809594613e-01 4.837069213432088066e-01
3.821980388381175375e-01 4.940870973809594613e-01 4.837069213432088066e-01
3.821980388381175375e-01 4.940870973809594613e-01 4.837069213432088066e-01
6.223972155848072063e-01 7.740102228899536918e-03 1.952936234175273733e-01
3.832670460916416943e-01 6.580704081758281809e-01 2.094618396349103573e-01
2.512400108983644520e-01 4.611014002521528488e-01 4.325254743156440318e-01
2.512400108983644520e-01 4.611014002521528488e-01 4.325254743156440318e-01
2.461273122252642942e-01 4.112836581782203793e-01 3.823889190972421526e-01
2.461273122252642942e-01 4.112836581782203793e-01 3.823889190972421526e-01
5.229003505524802975e-01 8.075190607464755033e-03 3.457720638290341930e-01
5.229003505524802975e-01 8.075190607464755033e-03 3.457720638290341930e-01
5.229003505524802975e-01 8.075190607464755033e-03 3.457720638290341930e-01
5.229003505524802975e-01 8.075190607464755033e-03 3.457720638290341930e-01
5.229003505524802975e-01 8.075190607464755033e-03 3.457720638290341930e-01
5.229003505524802975e-01 8.075190607464755033e-03 3.457720638290341930e-01
5.229003505524802975e-01 8.075190607464755033e-03 3.457720638290341930e-01
5.229003505524802975e-01 8.075190607464755033e-03 3.457720638290341930e-01
5.229003505524802975e-01 8.075190607464755033e-03 3.457720638290341930e-01
5.229003505524802975e-01 8.075190607464755033e-03 3.457720638290341930e-01
5.229003505524802975e-01 8.075190607464755033e-03 3.457720638290341930e-01
5.229003505524802975e-01 8.075190607464755033e-03 3.457720638290341930e-01
5.229003505524802975e-01 8.075190607464755033e-03 3.457720638290341930e-01
5.229003505524802975e-01 8.075190607464755033e-03 3.457720638290341930e-01
5.229003505524802975e-01 8.075190607464755033e-03 3.457720638290341930e-01
5.229003505524802975e-01 8.075190607464755033e-03 3.457720638290341930e-01
5.229003505524802975e-01 8.075190607464755033e-03 3.457720638290341930e-01
5.229003505524802975e-01 8.075190607464755033e-03 3.457720638290341930e-01
5.229003505524802975e-01 8.075190607464755033e-03 3.457720638290341930e-01
5.229003505524802975e-01 8.075190607464755033e-03 3.457720638290341930e-01
6.747720975562391255e-01 1.025385837425383390e-01 8.394474913611711664e-02
6.009861441826451767e-01 -2.332878639178274094e-01 1.092463746244444200e-01
6.341996764825839072e-01 -2.776831683596697187e-01 7.983365580221465918e-02
