2.489132485845457765e-01 1.481402749648903505e-01 8.163033874506445131e-02
2.489132485845457765e-01 1.481402749648903505e-01 8.163033874506445131e-02
2.489132485845457765e-01 1.481402749648903505e-01 8.163033874506445131e-02
5.715065569072138585e-01 4.906945177615748555e-01 9.779956359053391945e-02
5.715065569072138585e-01 4.906945177615748555e-01 9.779956359053391945e-02
5.715065569072138585e-01 4.906945177615748555e-01 9.779956359053391945e-02
5.715065569072138585e-01 4.906945177615748555e-01 9.779956359053391945e-02
5.715065569072138585e-01 4.906945177615748555e-01 9.779956359053391945e-02
5.715065569072138585e-01 4.906945177615748555e-01 9.779956359053391945e-02
1.516874653029756659e-01 4.284783143990378296e-01 1.107077954245743318e-01
1.516874653029756659e-01 4.284783143990378296e-01 1.107077954245743318e-01
1.516874653029756659e-01 4.284783143990378296e-01 1.107077954245743318e-01
3.115383664610483216e-01 5.179961360969316253e-01 5.093954850875893614e-01
3.115383664610483216e-01 5.179961360969316253e-01 5.093954850875893614e-01
3.115383664610483216e-01 5.179961360969316253e-01 5.093954850875893614e-01
3.115383664610483216e-01 5.179961360969316253e-01 5.093954850875893614e-01
1.251626966551968312e-01 5.139254716750598639e-01 1.074740984514597902e-01
1.251626966551968312e-01 5.139254716750598639e-01 1.074740984514597902e-01
4.253374020942882749e-01 -1.740899557282371557e-02 1.985893430540350835e-01
1.327977889083590268e-01 5.937028895473791534e-01 1.494659671240601284e-01
1.646018679788950334e-01 7.350559885229998036e-01 2.000837906909156694e-01
1.646018679788950334e-01 7.350559885229998036e-01 2.000837906909156694e-01
1.646018679788950334e-01 7.350559885229998036e-01 2.000837906909156694e-01
1.646018679788950334e-01 7.350559885229998036e-01 2.000837906909156694e-01
1.646018679788950334e-01 7.350559885229998036e-01 2.000837906909156694e-01
1.646018679788950334e-01 7.350559885229998036e-01 2.000837906909156694e-01
1.646018679788950334e-01 7.350559885229998036e-01 2.000837906909156694e-01
2.438659523556372388e-01 2.760501768846194137e-01 1.829668157801201678e-01
6.318757807449246755e-01 -7.464552136503971314e-02 2.206244651601202422e-01
6.512313611608642194e-01 -1.217715304790848857e-01 1.764401100307756154e-01
6.512313611608642194e-01 -1.217715304790848857e-01 1.764401100307756154e-01
6.512313611608642194e-01 -1.217715304790848857e-01 1.764401100307756154e-01
6.512313611608642194e-01 -1.217715304790848857e-01 1.764401100307756154e-01
6.512313611608642194e-01 -1.217715304790848857e-01 1.764401100307756154e-01
6.512313611608642194e-01 -1.217715304790848857e-01 1.764401100307756154e-01
6.512313611608642194e-01 -1.217715304790848857e-01 1.764401100307756154e-01
6.512313611608642194e-01 -1.217715304790848857e-01 1.764401100307756154e-01
6.107405348975429860e-01 -1.733073421897355915e-01 1.577677635601135997e-01
6.107405348975429860e-01 -1.733073421897355915e-01 1.577677635601135997e-01
6.107405348975429860e-01 -1.733073421897355915e-01 1.577677635601135997e-01
6.107405348975429860e-01 -1.733073421897355915e-01 1.577677635601135997e-01
6.107405348975429860e-01 -1.733073421897355915e-01 1.577677635601135997e-01
6.107405348975429860e-01 -1.733073421897355915e-01 1.577677635601135997e-01
6.107405348975429860e-01 -1.733073421897355915e-01 1.577677635601135997e-01
6.107405348975429860e-01 -1.733073421897355915e-01 1.577677635601135997e-01
6.107405348975429860e-01 -1.733073421897355915e-01 1.577677635601135997e-01
6.500103788739260979e-01 2.876343231821344992e-01 1.098676453822894916e-01
4.408406592628363319e-01 3.946919087341172472e-01 5.512853866590315954e-01
2.750930118375555233e-01 1.997713581702937335e-01 1.732618929298108679e-01
2.594911597010464144e-01 1.412251450554229959e-01 9.117368780171396236e-02
3.444606227570543577e-01 5.584434842052070636e-01 4.693480745163704504e-01
2.737048083458303860e-01 4.503564276909006736e-01 4.391644263974204820e-01
2.737048083458303860e-01 4.503564276909006736e-01 4.391644263974204820e-01
2.737048083458303860e-01 4.503564276909006736e-01 4.391644263974204820e-01
2.737048083458303860e-01 4.503564276909006736e-01 4.391644263974204820e-01
2.737048083458303860e-01 4.503564276909006736e-01 4.391644263974204820e-01
1.770286805540283448e-01 6.258833939175811878e-01 2.422793630123001862e-01
3.117010116163717592e-01 6.974859043146132143e-01 2.889176611357665014e-01
3.117010116163717592e-01 6.974859043146132143e-01 2.889176611357665014e-01
3.117010116163717592e-01 6.974859043146132143e-01 2.889176611357665014e-01
3.117010116163717592e-01 6.974859043146132143e-01 2.889176611357665014e-01
3.117010116163717592e-01 6.974859043146132143e-01 2.889176611357665014e-01
3.117010116163717592e-01 6.974859043146132143e-01 2.889176611357665014e-01
4.146059263590778921e-01 3.257910953236586860e-02 2.529885606115806485e-01
4.146059263590778921e-01 3.257910953236586860e-02 2.529885606115806485e-01
4.146059263590778921e-01 3.257910953236586860e-02 2.529885606115806485e-01
4.146059263590778921e-01 3.257910953236586860e-02 2.529885606115806485e-01
4.146059263590778921e-01 3.257910953236586860e-02 2.529885606115806485e-01
4.146059263590778921e-01 3.257910953236586860e-02 2.529885606115806485e-01
4.146059263590778921e-01 3.257910953236586860e-02 2.529885606115806485e-01
4.799768684443059819e-01 -5.423858983876189699e-02 2.261603121704197639e-01
4.799768684443059819e-01 -5.423858983876189699e-02 2.261603121704197639e-01
7.283197419641906922e-01 -2.362652807203566990e-02 1.005433764199742258e-01
5.765626766128335579e-01 -2.128933035089561054e-01 1.186232860486342994e-01
5.260555874521208874e-01 -4.912043175596191302e-01 4.071864731057433899e-03
5.260555874521208874e-01 -4.912043175596191302e-01 4.071864731057433899e-03
6.534957617737366942e-01 -1.121661882466243321e-01 1.795500818276598853e-01
6.244239615839746183e-01 9.875776143406611585e-02 2.708626246841216445e-01
6.244239615839746183e-01 9.875776143406611585e-02 2.708626246841216445e-01
6.244239615839746183e-01 9.875776143406611585e-02 2.708626246841216445e-01
6.244239615839746183e-01 9.875776143406611585e-02 2.708626246841216445e-01
6.244239615839746183e-01 9.875776143406611585e-02 2.708626246841216445e-01
6.244239615839746183e-01 9.875776143406611585e-02 2.708626246841216445e-01
6.049958564379143144e-01 -3.154109159775716487e-01 5.930063113774761141e-02
6.049958564379143144e-01 -3.154109159775716487e-01 5.930063113774761141e-02
6.049958564379143144e-01 -3.154109159775716487e-01 5.930063113774761141e-02
6.049958564379143144e-01 -3.154109159775716487e-01 5.930063113774761141e-02
7.864188978409440978e-01 -2.234497926305171189e-01 4.734768774962399424e-02
7.864188978409440978e-01 -2.234497926305171189e-01 4.734768774962399424e-02
7.368363034195950512e-01 -1.146371488574041697e-01 9.255088897686231109e-02
8.241648253453057738e-01 -7.801682443006391354e-02 2.578399664398934102e-02
5.786651974621366268e-01 -3.195607860864191907e-01 5.053059449257538138e-02
5.786651974621366268e-01 -3.195607860864191907e-01 5.053059449257538138e-02
5.786651974621366268e-01 -3.195607860864191907e-01 5.053059449257538138e-02
5.786651974621366268e-01 -3.195607860864191907e-01 5.053059449257538138e-02
5.786651974621366268e-01 -3.195607860864191907e-01 5.053059449257538138e-02
5.786651974621366268e-01 -3.195607860864191907e-01 5.053059449257538138e-02
6.624064960458793117e-01 -3.444682848379886364e-01 5.322194440630848011e-02
6.624064960458793117e-01 -3.444682848379886364e-01 5.322194440630848011e-02
6.624064960458793117e-01 -3.444682848379886364e-01 5.322194440630848011e-02
