2.489132485845457765e-01 1.481402749648903505e-01 9.915502193674322062e-02
2.489132485845457765e-01 1.481402749648903505e-01 9.915502193674322062e-02
2.489132485845457765e-01 1.481402749648903505e-01 9.915502193674322062e-02
2.489132485845457765e-01 1.481402749648903505e-01 9.915502193674322062e-02
2.489132485845457765e-01 1.481402749648903505e-01 9.915502193674322062e-02
1.867647934147408928e-01 3.014623329252226203e-01 1.429041213682562261e-01
5.265865484744470804e-01 1.834229456347175047e-02 3.663571050458636069e-01
4.893297567470518139e-01 -2.322976255461675077e-01 5.201060984105040919e-02
4.723318344192801166e-01 1.440106474556634431e-01 5.132150173569717255e-01
4.723318344192801166e-01 1.440106474556634431e-01 5.132150173569717255e-01
4.723318344192801166e-01 1.440106474556634431e-01 5.132150173569717255e-01
4.723318344192801166e-01 1.440106474556634431e-01 5.132150173569717255e-01
4.723318344192801166e-01 1.440106474556634431e-01 5.132150173569717255e-01
4.723318344192801166e-01 1.440106474556634431e-01 5.132150173569717255e-01
4.723318344192801166e-01 1.440106474556634431e-01 5.132150173569717255e-01
4.723318344192801166e-01 1.440106474556634431e-01 5.132150173569717255e-01
4.723318344192801166e-01 1.440106474556634431e-01 5.132150173569717255e-01
4.723318344192801166e-01 1.440106474556634431e-01 5.132150173569717255e-01
8.508123795197544137e-01 -5.728202562336046078e-02 1.633548120034111067e-02
5.167225418453351704e-01 -3.293174248561315798e-01 2.371320673064754303e-02
8.208619947327179256e-01 -2.479272141780650973e-01 4.311849262926897158e-02
8.208619947327179256e-01 -2.479272141780650973e-01 4.311849262926897158e-02
8.208619947327179256e-01 -2.479272141780650973e-01 4.311849262926897158e-02
7.753070351722487485e-01 -2.619807059446537800e-01 6.612443647813809333e-02
5.936096070204215369e-01 -3.775269910106282545e-02 2.861762008483820230e-01
5.936096070204215369e-01 -3.775269910106282545e-02 2.861762008483820230e-01
5.936096070204215369e-01 -3.775269910106282545e-02 2.861762008483820230e-01
5.619991935001223959e-01 -3.793242911559802782e-02 3.005276946603488430e-01
2.971578480665787447e-01 5.608609215395097269e-01 5.618687026763902193e-01
2.971578480665787447e-01 5.608609215395097269e-01 5.618687026763902193e-01
2.971578480665787447e-01 5.608609215395097269e-01 5.618687026763902193e-01
6.102766210967291993e-02 1.121300423629348675e+00 5.268648166236318542e-02
6.102766210967291993e-02 1.121300423629348675e+00 5.268648166236318542e-02
3.266899052568894568e-01 7.916944291436389669e-01 1.251928690324616011e-01
3.266899052568894568e-01 7.916944291436389669e-01 1.251928690324616011e-01
2.239523564924736643e-01 4.263835605807544948e-01 4.237399632961212914e-01
-7.312874578945779969e-02 7.094746250498316087e-01 2.949503438819170084e-02
-7.312874578945779969e-02 7.094746250498316087e-01 2.949503438819170084e-02
1.867438160069627429e-01 5.635825229434685557e-01 4.453485741142789722e-01
1.867438160069627429e-01 5.635825229434685557e-01 4.453485741142789722e-01
1.867438160069627429e-01 5.635825229434685557e-01 4.453485741142789722e-01
1.867438160069627429e-01 5.635825229434685557e-01 4.453485741142789722e-01
1.867438160069627429e-01 5.635825229434685557e-01 4.453485741142789722e-01
-2.264938777110499235e-01 1.152518222551349503e+00 8.777846802322518058e-03
-2.264938777110499235e-01 1.152518222551349503e+00 8.777846802322518058e-03
-2.264938777110499235e-01 1.152518222551349503e+00 8.777846802322518058e-03
-2.264938777110499235e-01 1.152518222551349503e+00 8.777846802322518058e-03
-2.264938777110499235e-01 1.152518222551349503e+00 8.777846802322518058e-03
-2.805557735759043325e-01 1.273175461902946726e+00 3.751876442782607363e-03
-2.805557735759043325e-01 1.273175461902946726e+00 3.751876442782607363e-03
-3.074734346107853566e-01 1.084816116967777688e+00 1.575316938078910340e-03
-3.074734346107853566e-01 1.084816116967777688e+00 1.575316938078910340e-03
-1.148905477886060233e-01 1.236819741963311348e+00 2.166826885696014615e-02
-1.148905477886060233e-01 1.236819741963311348e+00 2.166826885696014615e-02
-1.148905477886060233e-01 1.236819741963311348e+00 2.166826885696014615e-02
-1.148905477886060233e-01 1.236819741963311348e+00 2.166826885696014615e-02
-1.148905477886060233e-01 1.236819741963311348e+00 2.166826885696014615e-02
1.891298582936708494e-01 9.002220520374624169e-01 1.634238064725659911e-01
2.882432821778119769e-01 4.564053234268242165e-01 6.201123896343354591e-01
2.882432821778119769e-01 4.564053234268242165e-01 6.201123896343354591e-01
2.882432821778119769e-01 4.564053234268242165e-01 6.201123896343354591e-01
2.882432821778119769e-01 4.564053234268242165e-01 6.201123896343354591e-01
2.882432821778119769e-01 4.564053234268242165e-01 6.201123896343354591e-01
3.035374003459082592e-01 6.040419457518269031e-01 4.850946363191529498e-01
3.035374003459082592e-01 6.040419457518269031e-01 4.850946363191529498e-01
5.006559803109764673e-01 3.883595064834519661e-01 3.145092157361623619e-01
4.097917283224215002e-01 7.772996365155172560e-01 4.560815112122220544e-02
2.841069606180702811e-01 6.468487300264773587e-01 4.409161469728343774e-01
4.529534229795123546e-01 4.082452111341867695e-01 4.396336929809332994e-01
4.529534229795123546e-01 4.082452111341867695e-01 4.396336929809332994e-01
4.529534229795123546e-01 4.082452111341867695e-01 4.396336929809332994e-01
3.430461261574779819e-01 1.939285093447186414e-01 3.915134997465292699e-01
3.430461261574779819e-01 1.939285093447186414e-01 3.915134997465292699e-01
3.430461261574779819e-01 1.939285093447186414e-01 3.915134997465292699e-01
2.718183955725003709e-01 7.668068269513885760e-01 2.483628506602064967e-01
2.718183955725003709e-01 7.668068269513885760e-01 2.483628506602064967e-01
2.718183955725003709e-01 7.668068269513885760e-01 2.483628506602064967e-01
2.718183955725003709e-01 7.668068269513885760e-01 2.483628506602064967e-01
2.718183955725003709e-01 7.668068269513885760e-01 2.483628506602064967e-01
9.877941131227660487e-02 8.069564945217716501e-01 2.635219899745060990e-01
3.670665818484588616e-01 5.399196274561931519e-01 4.625057916632716593e-01
3.670665818484588616e-01 5.399196274561931519e-01 4.625057916632716593e-01
3.670665818484588616e-01 5.399196274561931519e-01 4.625057916632716593e-01
3.670665818484588616e-01 5.399196274561931519e-01 4.625057916632716593e-01
3.670665818484588616e-01 5.399196274561931519e-01 4.625057916632716593e-01
3.670665818484588616e-01 5.399196274561931519e-01 4.625057916632716593e-01
3.670665818484588616e-01 5.399196274561931519e-01 4.625057916632716593e-01
3.670665818484588616e-01 5.399196274561931519e-01 4.625057916632716593e-01
2.463689325997196200e-01 4.014601097949959119e-01 4.617627023855646606e-01
6.967418356566882354e-01 1.813684512904188417e-01 6.924350025487516214e-02
6.967418356566882354e-01 1.813684512904188417e-01 6.924350025487516214e-02
4.102396059272930273e-01 -4.630719717694875559e-02 1.353268509654328988e-01
2.480647371867391593e-01 2.898732036276689683e-02 2.736058536720126916e-02
3.731927167933620781e-01 -4.147457002341746468e-02 9.236914453552801108e-02
2.711345358983954790e-01 7.878310732582671783e-02 7.137605217879906816e-02
2.711345358983954790e-01 7.878310732582671783e-02 7.137605217879906816e-02
1.632683524109038720e-01 3.949417548112125198e-01 1.949904674820622796e-01
1.632683524109038720e-01 3.949417548112125198e-01 1.949904674820622796e-01
1.632683524109038720e-01 3.949417548112125198e-01 1.949904674820622796e-01
1.632683524109038720e-01 3.949417548112125198e-01 1.949904674820622796e-01
