2.489132485845457765e-01 1.481402749648903505e-01 7.990570181134239169e-02
5.523391093465217505e-01 -2.365869502999833895e-01 6.977784977197795668e-02
5.523391093465217505e-01 -2.365869502999833895e-01 6.977784977197795668e-02
2.842691798066901976e-01 2.883639968919417540e-01 3.435503546217286153e-01
3.362078161422979439e-01 3.401949632464947859e-01 5.761996702805685100e-01
6.377839238585617521e-01 -5.977534099827241931e-02 2.662388637301299488e-01
6.118561451948445473e-01 2.754863649989351959e-01 2.266687279890565176e-01
6.118561451948445473e-01 2.754863649989351959e-01 2.266687279890565176e-01
6.118561451948445473e-01 2.754863649989351959e-01 2.266687279890565176e-01
6.118561451948445473e-01 2.754863649989351959e-01 2.266687279890565176e-01
6.118561451948445473e-01 2.754863649989351959e-01 2.266687279890565176e-01
6.118561451948445473e-01 2.754863649989351959e-01 2.266687279890565176e-01
6.118561451948445473e-01 2.754863649989351959e-01 2.266687279890565176e-01
2.386808949008683012e-01 7.803027437195332316e-01 2.878943805912894116e-01
4.411946001414882579e-01 5.595357401982663514e-01 2.763788351481161198e-01
4.411946001414882579e-01 5.595357401982663514e-01 2.763788351481161198e-01
4.411946001414882579e-01 5.595357401982663514e-01 2.763788351481161198e-01
4.411946001414882579e-01 5.595357401982663514e-01 2.763788351481161198e-01
2.469729826925589067e-01 5.899394223200141729e-01 5.268465232921458741e-01
2.469729826925589067e-01 5.899394223200141729e-01 5.268465232921458741e-01
2.469729826925589067e-01 5.899394223200141729e-01 5.268465232921458741e-01
2.469729826925589067e-01 5.899394223200141729e-01 5.268465232921458741e-01
-2.090451647149055292e-02 6.566976459146653955e-01 5.697021117887654529e-02
1.407788269800999970e-01 9.095486644613152150e-01 1.854493361439160937e-01
1.407788269800999970e-01 9.095486644613152150e-01 1.854493361439160937e-01
1.407788269800999970e-01 9.095486644613152150e-01 1.854493361439160937e-01
1.580375733823161932e-01 8.909329213227964450e-01 1.989015119199669945e-01
1.580375733823161932e-01 8.909329213227964450e-01 1.989015119199669945e-01
1.580375733823161932e-01 8.909329213227964450e-01 1.989015119199669945e-01
1.580375733823161932e-01 8.909329213227964450e-01 1.989015119199669945e-01
3.201230539753439075e-01 2.061698751876606117e-01 2.978065709540547723e-01
5.567472908117974129e-01 2.549114431237350376e-01 4.042026455039283150e-01
5.567472908117974129e-01 2.549114431237350376e-01 4.042026455039283150e-01
7.109282321772905089e-01 1.203347074776796310e-01 1.372207052313054731e-01
7.109282321772905089e-01 1.203347074776796310e-01 1.372207052313054731e-01
7.109282321772905089e-01 1.203347074776796310e-01 1.372207052313054731e-01
7.109282321772905089e-01 1.203347074776796310e-01 1.372207052313054731e-01
5.808727218836347017e-01 2.229691182583991571e-01 3.658297271126321748e-01
5.808727218836347017e-01 2.229691182583991571e-01 3.658297271126321748e-01
5.808727218836347017e-01 2.229691182583991571e-01 3.658297271126321748e-01
2.627594878652389498e-01 6.382315150568371731e-01 4.844884151005934836e-01
2.627594878652389498e-01 6.382315150568371731e-01 4.844884151005934836e-01
5.353344472060965753e-01 3.677166669966894785e-01 3.242625199097542432e-01
5.353344472060965753e-01 3.677166669966894785e-01 3.242625199097542432e-01
4.998614854563551702e-01 -4.390136826268353776e-02 2.295434080164802104e-01
5.749652208106469375e-01 1.181266033950887362e-01 4.239942068157757649e-01
5.749652208106469375e-01 1.181266033950887362e-01 4.239942068157757649e-01
5.749652208106469375e-01 1.181266033950887362e-01 4.239942068157757649e-01
5.749652208106469375e-01 1.181266033950887362e-01 4.239942068157757649e-01
5.749652208106469375e-01 1.181266033950887362e-01 4.239942068157757649e-01
4.408006454892524628e-01 4.934080611679124151e-01 3.988019032664376629e-01
2.024220423566666649e-01 4.531923075503477838e-01 3.501881784229959882e-01
2.024220423566666649e-01 4.531923075503477838e-01 3.501881784229959882e-01
2.219904788239187299e-01 4.718908455457933582e-01 4.319449894264806855e-01
2.219904788239187299e-01 4.718908455457933582e-01 4.319449894264806855e-01
2.219904788239187299e-01 4.718908455457933582e-01 4.319449894264806855e-01
2.219904788239187299e-01 4.718908455457933582e-01 4.319449894264806855e-01
1.543470684888808009e-01 5.969388640532711232e-01 3.516945162853989393e-01
1.543470684888808009e-01 5.969388640532711232e-01 3.516945162853989393e-01
1.543470684888808009e-01 5.969388640532711232e-01 3.516945162853989393e-01
1.543470684888808009e-01 5.969388640532711232e-01 3.516945162853989393e-01
1.543470684888808009e-01 5.969388640532711232e-01 3.516945162853989393e-01
2.513885359330172431e-01 5.297576962561316716e-01 5.445626094059294875e-01
2.513885359330172431e-01 5.297576962561316716e-01 5.445626094059294875e-01
5.951172765764838335e-01 2.046110879167926111e-01 3.423765227983517900e-01
4.859885867855351371e-01 4.564216808125765024e-01 3.307562086981313820e-01
4.830964969385897478e-01 2.122555771904667543e-01 5.704371589244088270e-01
4.830964969385897478e-01 2.122555771904667543e-01 5.704371589244088270e-01
4.830964969385897478e-01 2.122555771904667543e-01 5.704371589244088270e-01
4.830964969385897478e-01 2.122555771904667543e-01 5.704371589244088270e-01
4.830964969385897478e-01 2.122555771904667543e-01 5.704371589244088270e-01
4.830964969385897478e-01 2.122555771904667543e-01 5.704371589244088270e-01
4.830964969385897478e-01 2.122555771904667543e-01 5.704371589244088270e-01
4.830964969385897478e-01 2.122555771904667543e-01 5.704371589244088270e-01
4.830964969385897478e-01 2.122555771904667543e-01 5.704371589244088270e-01
4.830964969385897478e-01 2.122555771904667543e-01 5.704371589244088270e-01
4.830964969385897478e-01 2.122555771904667543e-01 5.704371589244088270e-01
4.830964969385897478e-01 2.122555771904667543e-01 5.704371589244088270e-01
4.830964969385897478e-01 2.122555771904667543e-01 5.704371589244088270e-01
5.801712790108506379e-01 3.568673789952342412e-01 2.138291066183280187e-01
5.801712790108506379e-01 3.568673789952342412e-01 2.138291066183280187e-01
3.970853959104096997e-01 4.696659450953798443e-01 5.573770821950071452e-01
1.689161203549545687e-01 6.694152664813026732e-01 3.970662022372918876e-01
1.689161203549545687e-01 6.694152664813026732e-01 3.970662022372918876e-01
1.689161203549545687e-01 6.694152664813026732e-01 3.970662022372918876e-01
2.127767177119155861e-01 2.850761273375896909e-01 1.541518475499176477e-01
2.127767177119155861e-01 2.850761273375896909e-01 1.541518475499176477e-01
2.127767177119155861e-01 2.850761273375896909e-01 1.541518475499176477e-01
4.666131650466276426e-01 5.183753775800631347e-01 2.796449514786233936e-01
2.270985117366911554e-01 4.435363552000871623e-01 4.128677032225384069e-01
2.270985117366911554e-01 4.435363552000871623e-01 4.128677032225384069e-01
3.509885833179924863e-01 3.462387166131066785e-01 6.122417228364582797e-01
3.509885833179924863e-01 3.462387166131066785e-01 6.122417228364582797e-01
5.595168426684810070e-01 9.332967524393220859e-03 3.569112784399128824e-01
4.881611025309562923e-01 -7.756320443870082237e-02 1.672723908524534620e-01
4.522733753821135405e-01 4.655200951948608445e-02 3.064012236708255621e-01
4.522733753821135405e-01 4.655200951948608445e-02 3.064012236708255621e-01
4.522733753821135405e-01 4.655200951948608445e-02 3.064012236708255621e-01
4.522733753821135405e-01 4.655200951948608445e-02 3.064012236708255621e-01
4.522733753821135405e-01 4.655200951948608445e-02 3.064012236708255621e-01
