2.489132485845457765e-01 1.481402749648903505e-01 6.491999738946289955e-02
2.489132485845457765e-01 1.481402749648903505e-01 6.491999738946289955e-02
5.308521795444842706e-01 5.963736882038679632e-02 4.163242650024848723e-01
5.308521795444842706e-01 5.963736882038679632e-02 4.163242650024848723e-01
5.216957171434301044e-01 -3.315639909423813425e-02 2.735362127806572063e-01
5.216957171434301044e-01 -3.315639909423813425e-02 2.735362127806572063e-01
3.477969510916216755e-01 1.004812465275719408e-01 1.717003540511137794e-01
3.477969510916216755e-01 1.004812465275719408e-01 1.717003540511137794e-01
3.477969510916216755e-01 1.004812465275719408e-01 1.717003540511137794e-01
3.477969510916216755e-01 1.004812465275719408e-01 1.717003540511137794e-01
3.477969510916216755e-01 1.004812465275719408e-01 1.717003540511137794e-01
3.477969510916216755e-01 1.004812465275719408e-01 1.717003540511137794e-01
2.011403164328645632e-01 5.279255930669813912e-01 2.467983162978433231e-01
2.011403164328645632e-01 5.279255930669813912e-01 2.467983162978433231e-01
6.419756863079443265e-01 3.758385569715041452e-01 1.239515560278776629e-01
6.419756863079443265e-01 3.758385569715041452e-01 1.239515560278776629e-01
6.419756863079443265e-01 3.758385569715041452e-01 1.239515560278776629e-01
6.419756863079443265e-01 3.758385569715041452e-01 1.239515560278776629e-01
4.522110217228018092e-01 5.252843404545555206e-01 3.731419520422930569e-01
4.522110217228018092e-01 5.252843404545555206e-01 3.731419520422930569e-01
4.522110217228018092e-01 5.252843404545555206e-01 3.731419520422930569e-01
4.270414159277432509e-01 4.446683455609225510e-01 5.469890040636156137e-01
4.650641628662893767e-01 4.727964740961264067e-01 4.311747408117287961e-01
4.650641628662893767e-01 4.727964740961264067e-01 4.311747408117287961e-01
3.515022538453744794e-01 6.139058794637933802e-01 3.879236226350025185e-01
5.092367592261528575e-01 3.340630613722729292e-01 5.129269416891184541e-01
5.092367592261528575e-01 3.340630613722729292e-01 5.129269416891184541e-01
7.083704956165991495e-01 -4.805133800456196091e-02 1.855386817502603092e-01
7.083704956165991495e-01 -4.805133800456196091e-02 1.855386817502603092e-01
7.083704956165991495e-01 -4.805133800456196091e-02 1.855386817502603092e-01
7.083704956165991495e-01 -4.805133800456196091e-02 1.855386817502603092e-01
4.988026638039627647e-01 -5.747180407616286207e-02 2.122969483456837170e-01
5.961465397339251737e-01 3.005162282680481356e-01 3.052060228674324804e-01
5.961465397339251737e-01 3.005162282680481356e-01 3.052060228674324804e-01
1.044886331910356292e-01 6.593827493118584737e-01 1.081997522874118961e-01
2.998060833377652612e-01 3.296429683550200496e-01 3.542830619854063778e-01
2.998060833377652612e-01 3.296429683550200496e-01 3.542830619854063778e-01
2.998060833377652612e-01 3.296429683550200496e-01 3.542830619854063778e-01
2.998060833377652612e-01 3.296429683550200496e-01 3.542830619854063778e-01
2.998060833377652612e-01 3.296429683550200496e-01 3.542830619854063778e-01
2.998060833377652612e-01 3.296429683550200496e-01 3.542830619854063778e-01
3.443737247669843016e-01 1.127447254496218021e-01 1.799220065876533936e-01
3.443737247669843016e-01 1.127447254496218021e-01 1.799220065876533936e-01
6.188156289152875189e-01 4.500258618356775542e-02 3.470613794397537921e-01
6.188156289152875189e-01 4.500258618356775542e-02 3.470613794397537921e-01
5.363600617472277232e-01 2.645633567628901672e-01 5.047005170385914230e-01
5.363600617472277232e-01 2.645633567628901672e-01 5.047005170385914230e-01
5.363600617472277232e-01 2.645633567628901672e-01 5.047005170385914230e-01
3.953778114842285141e-01 3.193882152642920080e-01 5.828717571113373186e-01
4.331284053419189872e-01 2.828895526137451544e-01 6.023146773877672278e-01
4.331284053419189872e-01 2.828895526137451544e-01 6.023146773877672278e-01
4.331284053419189872e-01 2.828895526137451544e-01 6.023146773877672278e-01
4.331284053419189872e-01 2.828895526137451544e-01 6.023146773877672278e-01
4.331284053419189872e-01 2.828895526137451544e-01 6.023146773877672278e-01
4.331284053419189872e-01 2.828895526137451544e-01 6.023146773877672278e-01
4.331284053419189872e-01 2.828895526137451544e-01 6.023146773877672278e-01
4.331284053419189872e-01 2.828895526137451544e-01 6.023146773877672278e-01
4.331284053419189872e-01 2.828895526137451544e-01 6.023146773877672278e-01
4.331284053419189872e-01 2.828895526137451544e-01 6.023146773877672278e-01
4.203283221673949077e-01 2.692828150694505651e-01 5.782939161936055950e-01
4.203283221673949077e-01 2.692828150694505651e-01 5.782939161936055950e-01
4.203283221673949077e-01 2.692828150694505651e-01 5.782939161936055950e-01
4.203283221673949077e-01 2.692828150694505651e-01 5.782939161936055950e-01
2.933972478526137850e-01 3.220072711873351312e-01 3.263600208827602267e-01
2.933972478526137850e-01 3.220072711873351312e-01 3.263600208827602267e-01
2.933972478526137850e-01 3.220072711873351312e-01 3.263600208827602267e-01
6.369992875336766280e-02 6.045652799470651040e-01 5.336403943386076876e-02
6.369992875336766280e-02 6.045652799470651040e-01 5.336403943386076876e-02
2.522431001408894646e-01 9.456602603426567111e-02 4.233585888486463694e-02
2.522431001408894646e-01 9.456602603426567111e-02 4.233585888486463694e-02
2.522431001408894646e-01 9.456602603426567111e-02 4.233585888486463694e-02
6.133011778122987590e-01 -2.157204673618726143e-01 1.198011939954692490e-01
6.246548703331086250e-01 1.143248092226034629e-01 3.481338930450730840e-01
6.267983800006937667e-01 3.820819295148026318e-01 1.467614216350622003e-01
6.267983800006937667e-01 3.820819295148026318e-01 1.467614216350622003e-01
6.267983800006937667e-01 3.820819295148026318e-01 1.467614216350622003e-01
6.267983800006937667e-01 3.820819295148026318e-01 1.467614216350622003e-01
6.267983800006937667e-01 3.820819295148026318e-01 1.467614216350622003e-01
6.267983800006937667e-01 3.820819295148026318e-01 1.467614216350622003e-01
6.267983800006937667e-01 3.820819295148026318e-01 1.467614216350622003e-01
6.267983800006937667e-01 3.820819295148026318e-01 1.467614216350622003e-01
6.267983800006937667e-01 3.820819295148026318e-01 1.467614216350622003e-01
5.409872714035055541e-01 5.154180845247720022e-01 1.819862715915221141e-01
5.409872714035055541e-01 5.154180845247720022e-01 1.819862715915221141e-01
5.836641943387260723e-01 4.541397436144095634e-01 1.633756135648266883e-01
5.836641943387260723e-01 4.541397436144095634e-01 1.633756135648266883e-01
3.958562857091520448e-01 4.047608844489670732e-01 5.978647367985557848e-01
3.958562857091520448e-01 4.047608844489670732e-01 5.978647367985557848e-01
4.711714701032231334e-01 2.983525074013172462e-01 6.022737334031453837e-01
4.711714701032231334e-01 2.983525074013172462e-01 6.022737334031453837e-01
4.953090911383346562e-01 2.374033003246946993e-01 5.793109570983244749e-01
4.953090911383346562e-01 2.374033003246946993e-01 5.793109570983244749e-01
4.434362180672445364e-01 1.629112178981641512e-01 4.783617945438351504e-01
4.434362180672445364e-01 1.629112178981641512e-01 4.783617945438351504e-01
2.414007776302994346e-01 3.529039795146714509e-01 2.189652106067921100e-01
3.476599274829177966e-01 1.884198660204731146e-01 2.923408743217502104e-01
4.018874315893316007e-01 6.524118963274994076e-01 2.603285783652916630e-01
6.663330915473677507e-01 3.927656668268333373e-01 7.676437389207221851e-02
6.221908827530651109e-01 5.509778934866396138e-01 4.290835602041834923e-02
6.221908827530651109e-01 5.509778934866396138e-01 4.290835602041834923e-02
