2.489132485845457765e-01 1.481402749648903505e-01 8.753545542034191218e-02
2.489132485845457765e-01 1.481402749648903505e-01 8.753545542034191218e-02
6.371569420688245611e-01 1.064273570798654756e-01 3.244536904045975390e-01
6.371569420688245611e-01 1.064273570798654756e-01 3.244536904045975390e-01
6.371569420688245611e-01 1.064273570798654756e-01 3.244536904045975390e-01
6.371569420688245611e-01 1.064273570798654756e-01 3.244536904045975390e-01
4.425753039143195400e-01 2.144924366339774902e-01 5.426235054431943761e-01
4.425753039143195400e-01 2.144924366339774902e-01 5.426235054431943761e-01
4.425753039143195400e-01 2.144924366339774902e-01 5.426235054431943761e-01
1.437688461557354302e-01 5.881070599395150644e-01 4.376248662799636646e-01
1.437688461557354302e-01 5.881070599395150644e-01 4.376248662799636646e-01
1.292808681746519528e-01 6.284787035270318345e-01 4.143591761539311413e-01
1.292808681746519528e-01 6.284787035270318345e-01 4.143591761539311413e-01
1.292808681746519528e-01 6.284787035270318345e-01 4.143591761539311413e-01
1.292808681746519528e-01 6.284787035270318345e-01 4.143591761539311413e-01
1.292808681746519528e-01 6.284787035270318345e-01 4.143591761539311413e-01
1.292808681746519528e-01 6.284787035270318345e-01 4.143591761539311413e-01
1.292808681746519528e-01 6.284787035270318345e-01 4.143591761539311413e-01
1.292808681746519528e-01 6.284787035270318345e-01 4.143591761539311413e-01
1.170775864536512112e-01 5.345334006516968550e-01 3.584355188651622837e-01
3.488496906541482812e-01 5.234288483111589896e-01 3.803059922828134765e-01
2.984126423582197929e-01 3.202643556464737085e-01 4.911621901173631732e-01
2.984126423582197929e-01 3.202643556464737085e-01 4.911621901173631732e-01
2.984126423582197929e-01 3.202643556464737085e-01 4.911621901173631732e-01
7.848900160370042567e-01 1.471555637453722254e-01 5.148562571343417299e-02
6.820378404625717650e-01 4.545480593230808442e-01 7.716242650053807550e-03
6.820378404625717650e-01 4.545480593230808442e-01 7.716242650053807550e-03
4.649470313506923747e-01 4.871863212990974468e-01 1.830999822322711690e-01
4.649470313506923747e-01 4.871863212990974468e-01 1.830999822322711690e-01
1.726520094964656415e-02 7.640650913895978835e-01 2.646539971961592852e-01
1.726520094964656415e-02 7.640650913895978835e-01 2.646539971961592852e-01
7.858811754744682299e-02 5.776808875006321786e-01 3.138946316882612608e-01
7.858811754744682299e-02 5.776808875006321786e-01 3.138946316882612608e-01
7.858811754744682299e-02 5.776808875006321786e-01 3.138946316882612608e-01
7.858811754744682299e-02 5.776808875006321786e-01 3.138946316882612608e-01
2.792237894812159560e-01 6.044216592029691970e-01 3.555057282776195593e-01
3.747189873618887446e-01 2.312372091144745956e-01 4.905964550249433120e-01
3.747189873618887446e-01 2.312372091144745956e-01 4.905964550249433120e-01
3.747189873618887446e-01 2.312372091144745956e-01 4.905964550249433120e-01
3.747189873618887446e-01 2.312372091144745956e-01 4.905964550249433120e-01
3.747189873618887446e-01 2.312372091144745956e-01 4.905964550249433120e-01
3.747189873618887446e-01 2.312372091144745956e-01 4.905964550249433120e-01
3.747189873618887446e-01 2.312372091144745956e-01 4.905964550249433120e-01
3.747189873618887446e-01 2.312372091144745956e-01 4.905964550249433120e-01
3.747189873618887446e-01 2.312372091144745956e-01 4.905964550249433120e-01
3.691146505109759168e-01 4.985498348188794338e-01 3.857216206355862931e-01
3.691146505109759168e-01 4.985498348188794338e-01 3.857216206355862931e-01
3.691146505109759168e-01 4.985498348188794338e-01 3.857216206355862931e-01
2.052395843619972959e-01 6.269832435561504269e-01 4.177706361675379010e-01
2.052395843619972959e-01 6.269832435561504269e-01 4.177706361675379010e-01
2.052395843619972959e-01 6.269832435561504269e-01 4.177706361675379010e-01
2.052395843619972959e-01 6.269832435561504269e-01 4.177706361675379010e-01
2.052395843619972959e-01 6.269832435561504269e-01 4.177706361675379010e-01
1.778570808731236852e-01 4.339225135588596904e-01 3.785395321146886594e-01
1.778570808731236852e-01 4.339225135588596904e-01 3.785395321146886594e-01
5.065409318367702918e-01 -9.965543349410421747e-02 1.155479765824122540e-01
8.425956095005283641e-01 -1.980611016123994539e-01 1.148808732431403357e-01
3.570714695646925452e-01 9.820378372082902430e-02 1.886327561812248532e-01
3.570714695646925452e-01 9.820378372082902430e-02 1.886327561812248532e-01
4.765891618305290178e-01 1.812114681582159825e-01 5.198172729585672780e-01
4.765891618305290178e-01 1.812114681582159825e-01 5.198172729585672780e-01
4.765891618305290178e-01 1.812114681582159825e-01 5.198172729585672780e-01
3.409259665368521430e-01 9.180096424046575720e-02 1.504079741845295581e-01
3.409259665368521430e-01 9.180096424046575720e-02 1.504079741845295581e-01
2.862289824960799756e-01 6.218423182785437486e-01 3.064925985720965418e-01
2.862289824960799756e-01 6.218423182785437486e-01 3.064925985720965418e-01
2.862289824960799756e-01 6.218423182785437486e-01 3.064925985720965418e-01
2.862289824960799756e-01 6.218423182785437486e-01 3.064925985720965418e-01
2.862289824960799756e-01 6.218423182785437486e-01 3.064925985720965418e-01
2.862289824960799756e-01 6.218423182785437486e-01 3.064925985720965418e-01
1.658077386443199130e-01 5.549463572819381962e-01 4.643950999833850179e-01
1.007611503876866266e-01 6.296602452838121478e-01 3.812819112268333588e-01
1.007611503876866266e-01 6.296602452838121478e-01 3.812819112268333588e-01
1.007611503876866266e-01 6.296602452838121478e-01 3.812819112268333588e-01
1.007611503876866266e-01 6.296602452838121478e-01 3.812819112268333588e-01
1.007611503876866266e-01 6.296602452838121478e-01 3.812819112268333588e-01
1.007611503876866266e-01 6.296602452838121478e-01 3.812819112268333588e-01
1.007611503876866266e-01 6.296602452838121478e-01 3.812819112268333588e-01
-4.414040027474622208e-02 7.439661895627975863e-01 1.910784081497891029e-01
-4.414040027474622208e-02 7.439661895627975863e-01 1.910784081497891029e-01
-4.414040027474622208e-02 7.439661895627975863e-01 1.910784081497891029e-01
-4.414040027474622208e-02 7.439661895627975863e-01 1.910784081497891029e-01
-4.414040027474622208e-02 7.439661895627975863e-01 1.910784081497891029e-01
-1.741510058568738473e-01 1.103064854990289501e+00 5.286138000807463766e-02
-5.310820141789855675e-02 9.147321826048930848e-01 1.518696921360623286e-01
-5.310820141789855675e-02 9.147321826048930848e-01 1.518696921360623286e-01
-5.310820141789855675e-02 9.147321826048930848e-01 1.518696921360623286e-01
-5.310820141789855675e-02 9.147321826048930848e-01 1.518696921360623286e-01
-5.310820141789855675e-02 9.147321826048930848e-01 1.518696921360623286e-01
-5.310820141789855675e-02 9.147321826048930848e-01 1.518696921360623286e-01
-5.310820141789855675e-02 9.147321826048930848e-01 1.518696921360623286e-01
-5.310820141789855675e-02 9.147321826048930848e-01 1.518696921360623286e-01
-5.310820141789855675e-02 9.147321826048930848e-01 1.518696921360623286e-01
-5.310820141789855675e-02 9.147321826048930848e-01 1.518696921360623286e-01
-5.310820141789855675e-02 9.147321826048930848e-01 1.518696921360623286e-01
2.144226995339574282e-01 6.012663075383677391e-01 4.491737938185166867e-01
2.144226995339574282e-01 6.012663075383677391e-01 4.491737938185166867e-01
2.144226995339574282e-01 6.012663075383677391e-01 4.491737938185166867e-01
2.144226995339574282e-01 6.012663075383677391e-01 4.491737938185166867e-01
2.144226995339574282e-01 6.012663075383677391e-01 4.491737938185166867e-01
