2.489132485845457765e-01 1.481402749648903505e-01 1.891280715938657986e-01
2.489132485845457765e-01 1.481402749648903505e-01 1.891280715938657986e-01
2.489132485845457765e-01 1.481402749648903505e-01 1.891280715938657986e-01
2.489132485845457765e-01 1.481402749648903505e-01 1.891280715938657986e-01
2.489132485845457765e-01 1.481402749648903505e-01 1.891280715938657986e-01
2.489132485845457765e-01 1.481402749648903505e-01 1.891280715938657986e-01
2.489132485845457765e-01 1.481402749648903505e-01 1.891280715938657986e-01
2.489132485845457765e-01 1.481402749648903505e-01 1.891280715938657986e-01
2.510922578409796602e-01 -1.690870034669136879e-02 4.670492131011280690e-02
1.398027853529549280e-01 2.077345343044701698e-01 3.820610708948408291e-02
1.398027853529549280e-01 2.077345343044701698e-01 3.820610708948408291e-02
1.398027853529549280e-01 2.077345343044701698e-01 3.820610708948408291e-02
5.798276534543009841e-01 1.030651360837140096e-01 3.890182836286504992e-02
5.798276534543009841e-01 1.030651360837140096e-01 3.890182836286504992e-02
5.798276534543009841e-01 1.030651360837140096e-01 3.890182836286504992e-02
5.798276534543009841e-01 1.030651360837140096e-01 3.890182836286504992e-02
5.798276534543009841e-01 1.030651360837140096e-01 3.890182836286504992e-02
4.754697066786884863e-01 1.690807699248046692e-01 2.249578912412194265e-01
4.754697066786884863e-01 1.690807699248046692e-01 2.249578912412194265e-01
4.754697066786884863e-01 1.690807699248046692e-01 2.249578912412194265e-01
4.754697066786884863e-01 1.690807699248046692e-01 2.249578912412194265e-01
3.717284878879562604e-01 -9.290302877047937335e-02 1.102434553209497986e-01
3.717284878879562604e-01 -9.290302877047937335e-02 1.102434553209497986e-01
3.717284878879562604e-01 -9.290302877047937335e-02 1.102434553209497986e-01
3.717284878879562604e-01 -9.290302877047937335e-02 1.102434553209497986e-01
4.648540902598314317e-01 -1.694916589933544993e-01 8.282690051948279897e-02
4.648540902598314317e-01 -1.694916589933544993e-01 8.282690051948279897e-02
4.648540902598314317e-01 -1.694916589933544993e-01 8.282690051948279897e-02
4.648540902598314317e-01 -1.694916589933544993e-01 8.282690051948279897e-02
4.648540902598314317e-01 -1.694916589933544993e-01 8.282690051948279897e-02
4.648540902598314317e-01 -1.694916589933544993e-01 8.282690051948279897e-02
4.648540902598314317e-01 -1.694916589933544993e-01 8.282690051948279897e-02
4.648540902598314317e-01 -1.694916589933544993e-01 8.282690051948279897e-02
2.599824810052059898e-01 2.250909228006955365e-01 3.426940891769699737e-01
2.599824810052059898e-01 2.250909228006955365e-01 3.426940891769699737e-01
2.599824810052059898e-01 2.250909228006955365e-01 3.426940891769699737e-01
2.599824810052059898e-01 2.250909228006955365e-01 3.426940891769699737e-01
2.599824810052059898e-01 2.250909228006955365e-01 3.426940891769699737e-01
2.599824810052059898e-01 2.250909228006955365e-01 3.426940891769699737e-01
2.599824810052059898e-01 2.250909228006955365e-01 3.426940891769699737e-01
2.599824810052059898e-01 2.250909228006955365e-01 3.426940891769699737e-01
2.599824810052059898e-01 2.250909228006955365e-01 3.426940891769699737e-01
2.599824810052059898e-01 2.250909228006955365e-01 3.426940891769699737e-01
3.007207967588896302e-01 6.678755851779079045e-01 3.164625363419734660e-01
2.943093587063158600e-01 5.002623438175684001e-01 6.072359716646127392e-01
2.943093587063158600e-01 5.002623438175684001e-01 6.072359716646127392e-01
1.425100696823423663e-01 4.461326882672587146e-01 1.955776600910093255e-01
1.744774242636851769e-01 6.229771939468340403e-01 3.888335789361370698e-01
1.744774242636851769e-01 6.229771939468340403e-01 3.888335789361370698e-01
3.735922862069290806e-01 4.967533614015955390e-01 3.536025096350106089e-01
2.177364669408853315e-01 2.721333482205872678e-01 2.662628309176546249e-01
2.177364669408853315e-01 2.721333482205872678e-01 2.662628309176546249e-01
2.472507198702748044e-01 8.093723361501665714e-01 1.982476073771564928e-01
2.472507198702748044e-01 8.093723361501665714e-01 1.982476073771564928e-01
2.472507198702748044e-01 8.093723361501665714e-01 1.982476073771564928e-01
2.460860013188976847e-01 6.913552049805182786e-01 3.849205328759480738e-01
2.460860013188976847e-01 6.913552049805182786e-01 3.849205328759480738e-01
2.460860013188976847e-01 6.913552049805182786e-01 3.849205328759480738e-01
2.460860013188976847e-01 6.913552049805182786e-01 3.849205328759480738e-01
2.770452953596449497e-01 6.426299884904422832e-01 4.198186148756450908e-01
2.770452953596449497e-01 6.426299884904422832e-01 4.198186148756450908e-01
2.770452953596449497e-01 6.426299884904422832e-01 4.198186148756450908e-01
2.615574652647181808e-01 7.070341460416614821e-01 3.355964850585254067e-01
2.615574652647181808e-01 7.070341460416614821e-01 3.355964850585254067e-01
2.615574652647181808e-01 7.070341460416614821e-01 3.355964850585254067e-01
1.625397362494132303e-01 7.178024567151682911e-01 3.133484040212468624e-01
1.625397362494132303e-01 7.178024567151682911e-01 3.133484040212468624e-01
8.084246126985976388e-02 7.836631646582185029e-01 1.299591775668105242e-01
8.084246126985976388e-02 7.836631646582185029e-01 1.299591775668105242e-01
8.084246126985976388e-02 7.836631646582185029e-01 1.299591775668105242e-01
8.084246126985976388e-02 7.836631646582185029e-01 1.299591775668105242e-01
8.084246126985976388e-02 7.836631646582185029e-01 1.299591775668105242e-01
8.084246126985976388e-02 7.836631646582185029e-01 1.299591775668105242e-01
8.084246126985976388e-02 7.836631646582185029e-01 1.299591775668105242e-01
1.920129628944671485e-01 8.131011212292489354e-01 2.374810480686715131e-01
1.920129628944671485e-01 8.131011212292489354e-01 2.374810480686715131e-01
1.920129628944671485e-01 8.131011212292489354e-01 2.374810480686715131e-01
1.843464510901584308e-01 7.982643415339695236e-01 2.552005466311803028e-01
1.843464510901584308e-01 7.982643415339695236e-01 2.552005466311803028e-01
1.843464510901584308e-01 7.982643415339695236e-01 2.552005466311803028e-01
3.873781165299306495e-01 5.543032594579917482e-01 2.206302788717258156e-01
3.873781165299306495e-01 5.543032594579917482e-01 2.206302788717258156e-01
3.873781165299306495e-01 5.543032594579917482e-01 2.206302788717258156e-01
1.466103340641073394e-01 4.326864291958875675e-01 1.979668522266667952e-01
1.466103340641073394e-01 4.326864291958875675e-01 1.979668522266667952e-01
1.466103340641073394e-01 4.326864291958875675e-01 1.979668522266667952e-01
1.466103340641073394e-01 4.326864291958875675e-01 1.979668522266667952e-01
1.095751602061061092e-01 6.118722034125455567e-01 1.859370758959445202e-01
1.095751602061061092e-01 6.118722034125455567e-01 1.859370758959445202e-01
2.853705059795240695e-01 5.310185930262324439e-01 5.835665902695480467e-01
2.853705059795240695e-01 5.310185930262324439e-01 5.835665902695480467e-01
3.054631385517265763e-01 4.224965091614362178e-01 6.516583003785662020e-01
3.054631385517265763e-01 4.224965091614362178e-01 6.516583003785662020e-01
3.054631385517265763e-01 4.224965091614362178e-01 6.516583003785662020e-01
3.054631385517265763e-01 4.224965091614362178e-01 6.516583003785662020e-01
3.054631385517265763e-01 4.224965091614362178e-01 6.516583003785662020e-01
3.054631385517265763e-01 4.224965091614362178e-01 6.516583003785662020e-01
3.054631385517265763e-01 4.224965091614362178e-01 6.516583003785662020e-01
3.054631385517265763e-01 4.224965091614362178e-01 6.516583003785662020e-01
3.054631385517265763e-01 4.224965091614362178e-01 6.516583003785662020e-01
