2.489132485845457765e-01 1.481402749648903505e-01 6.365608030577972476e-02
2.448208587275475523e-01 1.102254899540692223e-01 4.113386189517335284e-02
4.057478971056965866e-01 2.084115966643841911e-01 5.086663458808109439e-01
4.057478971056965866e-01 2.084115966643841911e-01 5.086663458808109439e-01
4.057478971056965866e-01 2.084115966643841911e-01 5.086663458808109439e-01
4.057478971056965866e-01 2.084115966643841911e-01 5.086663458808109439e-01
4.057478971056965866e-01 2.084115966643841911e-01 5.086663458808109439e-01
4.057478971056965866e-01 2.084115966643841911e-01 5.086663458808109439e-01
4.057478971056965866e-01 2.084115966643841911e-01 5.086663458808109439e-01
4.057478971056965866e-01 2.084115966643841911e-01 5.086663458808109439e-01
4.057478971056965866e-01 2.084115966643841911e-01 5.086663458808109439e-01
4.057478971056965866e-01 2.084115966643841911e-01 5.086663458808109439e-01
4.388321657295399247e-01 2.486992455098863686e-01 6.508307031554607658e-01
4.388321657295399247e-01 2.486992455098863686e-01 6.508307031554607658e-01
4.388321657295399247e-01 2.486992455098863686e-01 6.508307031554607658e-01
4.388321657295399247e-01 2.486992455098863686e-01 6.508307031554607658e-01
4.388321657295399247e-01 2.486992455098863686e-01 6.508307031554607658e-01
4.388321657295399247e-01 2.486992455098863686e-01 6.508307031554607658e-01
4.388321657295399247e-01 2.486992455098863686e-01 6.508307031554607658e-01
4.388321657295399247e-01 2.486992455098863686e-01 6.508307031554607658e-01
6.073448673098187367e-01 1.811254187750269695e-01 5.385921370571664646e-01
5.102477226622699202e-01 7.155720750079394565e-02 4.970947155562510655e-01
5.102477226622699202e-01 7.155720750079394565e-02 4.970947155562510655e-01
5.102477226622699202e-01 7.155720750079394565e-02 4.970947155562510655e-01
5.102477226622699202e-01 7.155720750079394565e-02 4.970947155562510655e-01
5.223524829907711942e-01 -1.568908816100501313e-01 1.311709027915207715e-01
5.223524829907711942e-01 -1.568908816100501313e-01 1.311709027915207715e-01
7.129326777527981163e-01 -5.210807295341020329e-02 3.492662538470031608e-01
7.129326777527981163e-01 -5.210807295341020329e-02 3.492662538470031608e-01
7.129326777527981163e-01 -5.210807295341020329e-02 3.492662538470031608e-01
7.129326777527981163e-01 -5.210807295341020329e-02 3.492662538470031608e-01
5.019480516031640249e-01 9.216094559764272109e-02 5.205687171807542590e-01
5.019480516031640249e-01 9.216094559764272109e-02 5.205687171807542590e-01
7.703849823019595089e-01 -1.973315425192798123e-01 2.158499891570256346e-01
6.909381568589052502e-01 5.242654615659803063e-02 3.950336188245262559e-01
3.246063545559322860e-01 2.136818116851348648e-01 2.769682428430879639e-01
3.246063545559322860e-01 2.136818116851348648e-01 2.769682428430879639e-01
3.246063545559322860e-01 2.136818116851348648e-01 2.769682428430879639e-01
3.246063545559322860e-01 2.136818116851348648e-01 2.769682428430879639e-01
3.246063545559322860e-01 2.136818116851348648e-01 2.769682428430879639e-01
7.195607874887665067e-01 -5.190492538592744731e-03 3.438523657902655128e-01
3.100672528638666048e-01 3.456065811659541076e-01 4.392904358514846952e-01
3.100672528638666048e-01 3.456065811659541076e-01 4.392904358514846952e-01
6.234207366016257801e-01 3.840241652861672850e-01 2.190584746961401486e-01
6.234207366016257801e-01 3.840241652861672850e-01 2.190584746961401486e-01
6.647089979050253561e-01 1.155994265076632499e-01 4.314723192673284302e-01
4.631765194278685271e-01 5.517442955704832119e-01 3.456023251606961111e-01
4.631765194278685271e-01 5.517442955704832119e-01 3.456023251606961111e-01
4.631765194278685271e-01 5.517442955704832119e-01 3.456023251606961111e-01
4.631765194278685271e-01 5.517442955704832119e-01 3.456023251606961111e-01
5.123593588141471811e-01 3.698012742228813376e-01 5.651299158858997806e-01
5.123593588141471811e-01 3.698012742228813376e-01 5.651299158858997806e-01
5.123593588141471811e-01 3.698012742228813376e-01 5.651299158858997806e-01
5.123593588141471811e-01 3.698012742228813376e-01 5.651299158858997806e-01
5.123593588141471811e-01 3.698012742228813376e-01 5.651299158858997806e-01
2.634029236634931603e-01 5.165083251359570138e-01 4.575333129923592757e-01
3.710863107987197873e-01 4.312222466230701823e-01 6.419161425101329588e-01
3.710863107987197873e-01 4.312222466230701823e-01 6.419161425101329588e-01
3.878314144801856544e-01 2.921658807580877482e-01 5.939480508732478681e-01
3.878314144801856544e-01 2.921658807580877482e-01 5.939480508732478681e-01
5.457957449869704769e-01 -4.907077467297138451e-02 3.304838797691170282e-01
5.457957449869704769e-01 -4.907077467297138451e-02 3.304838797691170282e-01
5.457957449869704769e-01 -4.907077467297138451e-02 3.304838797691170282e-01
3.272395544009818469e-01 1.881617391347348289e-01 2.443917893996692403e-01
3.261055188899630863e-01 6.418243333472839485e-01 4.122773592836921908e-01
3.621543133446368246e-01 4.917503576056040382e-01 6.007806215196314081e-01
3.621543133446368246e-01 4.917503576056040382e-01 6.007806215196314081e-01
3.621543133446368246e-01 4.917503576056040382e-01 6.007806215196314081e-01
4.818706079876566850e-01 3.812052359360735831e-01 6.195373324293470541e-01
4.818706079876566850e-01 3.812052359360735831e-01 6.195373324293470541e-01
4.120717317276142988e-01 3.278433165079896461e-01 6.763841788070253935e-01
1.030555411130164578e-01 6.075729362392283672e-01 1.447711538353348981e-01
3.030368825530644905e-01 4.566827406226172670e-01 5.280176047765252623e-01
3.030368825530644905e-01 4.566827406226172670e-01 5.280176047765252623e-01
5.006318908306696125e-01 4.686489565102525123e-01 4.124822809843288196e-01
4.861494676273865334e-01 5.859380807039485939e-01 2.312923766114523272e-01
4.861494676273865334e-01 5.859380807039485939e-01 2.312923766114523272e-01
3.760222441525670201e-01 6.288799936994706741e-01 3.746180830997106748e-01
3.146657117112259261e-01 7.510515587735984155e-01 2.488106391671820738e-01
2.207380793933721719e-01 3.240595356624436651e-01 1.641029635021971356e-01
2.207380793933721719e-01 3.240595356624436651e-01 1.641029635021971356e-01
2.207380793933721719e-01 3.240595356624436651e-01 1.641029635021971356e-01
2.207380793933721719e-01 3.240595356624436651e-01 1.641029635021971356e-01
2.207380793933721719e-01 3.240595356624436651e-01 1.641029635021971356e-01
2.207380793933721719e-01 3.240595356624436651e-01 1.641029635021971356e-01
2.207380793933721719e-01 3.240595356624436651e-01 1.641029635021971356e-01
7.833456726695887662e-01 -3.331498091047753740e-01 1.225561041274775692e-01
6.651340134974610407e-01 4.687071475934926901e-01 6.438156959512289501e-02
6.651340134974610407e-01 4.687071475934926901e-01 6.438156959512289501e-02
6.651340134974610407e-01 4.687071475934926901e-01 6.438156959512289501e-02
6.651340134974610407e-01 4.687071475934926901e-01 6.438156959512289501e-02
3.509266024427462050e-01 6.430107882564727317e-01 3.848913682352658738e-01
3.509266024427462050e-01 6.430107882564727317e-01 3.848913682352658738e-01
3.509266024427462050e-01 6.430107882564727317e-01 3.848913682352658738e-01
2.070828100610857259e-01 3.265867698649849160e-01 1.395850327958130521e-01
3.359923129487456528e-01 3.339562478918442490e-01 5.035687067829444086e-01
3.359923129487456528e-01 3.339562478918442490e-01 5.035687067829444086e-01
4.129578864364565893e-01 1.364940297324894469e-01 3.908591490294412440e-01
4.129578864364565893e-01 1.364940297324894469e-01 3.908591490294412440e-01
5.554031909205205952e-01 -2.571270519631907447e-02 3.883951287027380128e-01
