2.489132485845457765e-01 1.481402749648903505e-01 8.444078384923146829e-02
1.124640726609585639e-01 3.197780455624789075e-01 4.222299855373139871e-02
1.124640726609585639e-01 3.197780455624789075e-01 4.222299855373139871e-02
1.124640726609585639e-01 3.197780455624789075e-01 4.222299855373139871e-02
1.124640726609585639e-01 3.197780455624789075e-01 4.222299855373139871e-02
1.124640726609585639e-01 3.197780455624789075e-01 4.222299855373139871e-02
2.725361512459976154e-01 -5.913868399193666914e-03 2.351867973257775954e-02
2.725361512459976154e-01 -5.913868399193666914e-03 2.351867973257775954e-02
5.832154005396431584e-01 2.030194576719704380e-01 5.838607103508988150e-01
5.832154005396431584e-01 2.030194576719704380e-01 5.838607103508988150e-01
5.832154005396431584e-01 2.030194576719704380e-01 5.838607103508988150e-01
5.832154005396431584e-01 2.030194576719704380e-01 5.838607103508988150e-01
5.440360353464702703e-01 2.503169954687609611e-01 6.361491844257336492e-01
5.440360353464702703e-01 2.503169954687609611e-01 6.361491844257336492e-01
5.440360353464702703e-01 2.503169954687609611e-01 6.361491844257336492e-01
5.440360353464702703e-01 2.503169954687609611e-01 6.361491844257336492e-01
4.627026512846886819e-01 2.884975313572641920e-01 7.582937934862407081e-01
4.627026512846886819e-01 2.884975313572641920e-01 7.582937934862407081e-01
4.627026512846886819e-01 2.884975313572641920e-01 7.582937934862407081e-01
4.627026512846886819e-01 2.884975313572641920e-01 7.582937934862407081e-01
4.627026512846886819e-01 2.884975313572641920e-01 7.582937934862407081e-01
4.627026512846886819e-01 2.884975313572641920e-01 7.582937934862407081e-01
4.627026512846886819e-01 2.884975313572641920e-01 7.582937934862407081e-01
4.627026512846886819e-01 2.884975313572641920e-01 7.582937934862407081e-01
4.627026512846886819e-01 2.884975313572641920e-01 7.582937934862407081e-01
4.627026512846886819e-01 2.884975313572641920e-01 7.582937934862407081e-01
4.627026512846886819e-01 2.884975313572641920e-01 7.582937934862407081e-01
3.865168395917557009e-01 -1.415499315130680502e-02 1.350301988709605716e-01
3.865168395917557009e-01 -1.415499315130680502e-02 1.350301988709605716e-01
5.053428812431135508e-01 4.327878725535329041e-01 3.985556257742134401e-01
1.630361354785320183e-01 4.063839563711600933e-01 1.816240201751427030e-01
1.630361354785320183e-01 4.063839563711600933e-01 1.816240201751427030e-01
-1.469654001918302422e-01 6.790734853993820597e-01 6.305629046979056157e-03
-1.469654001918302422e-01 6.790734853993820597e-01 6.305629046979056157e-03
1.026610557728265538e-01 1.076251685955290860e+00 6.150958962823701442e-02
2.281512812374067722e-01 8.736371662719490949e-01 1.572853440172078676e-01
2.281512812374067722e-01 8.736371662719490949e-01 1.572853440172078676e-01
2.281512812374067722e-01 8.736371662719490949e-01 1.572853440172078676e-01
1.104492382128081096e-01 4.683148484757835850e-01 1.312145849675280529e-01
2.161866011222377537e-01 4.368163562401676803e-01 3.694362179716262906e-01
2.161866011222377537e-01 4.368163562401676803e-01 3.694362179716262906e-01
2.161866011222377537e-01 4.368163562401676803e-01 3.694362179716262906e-01
3.717577072256622039e-01 1.755256003378723451e-01 4.389938381551550806e-01
3.124947963834860398e-01 3.349535763730172033e-01 5.437070170920849099e-01
3.702489585970944463e-01 3.781058263618167214e-01 7.247784919320295893e-01
5.867756040998213241e-01 2.502840266970607352e-01 4.948834285738906713e-01
5.561733068735094099e-01 -1.086852004816618589e-03 5.462944524670930724e-01
5.561733068735094099e-01 -1.086852004816618589e-03 5.462944524670930724e-01
5.561733068735094099e-01 -1.086852004816618589e-03 5.462944524670930724e-01
5.561733068735094099e-01 -1.086852004816618589e-03 5.462944524670930724e-01
5.561733068735094099e-01 -1.086852004816618589e-03 5.462944524670930724e-01
7.026730715344033928e-01 -2.427598933597053810e-01 2.808028201572539406e-01
8.821662868510510291e-01 -4.356462543326873327e-01 1.139813729611494214e-01
8.821662868510510291e-01 -4.356462543326873327e-01 1.139813729611494214e-01
8.821662868510510291e-01 -4.356462543326873327e-01 1.139813729611494214e-01
8.821662868510510291e-01 -4.356462543326873327e-01 1.139813729611494214e-01
6.872568935575353866e-01 -2.674241516505443395e-01 2.375364391947337450e-01
8.375531415096741927e-01 -3.360639706613521849e-01 1.789645697906427080e-01
8.375531415096741927e-01 -3.360639706613521849e-01 1.789645697906427080e-01
8.375531415096741927e-01 -3.360639706613521849e-01 1.789645697906427080e-01
8.375531415096741927e-01 -3.360639706613521849e-01 1.789645697906427080e-01
7.852770033059638388e-01 -5.163242181365849115e-01 6.044002898275822183e-02
7.852770033059638388e-01 -5.163242181365849115e-01 6.044002898275822183e-02
7.852770033059638388e-01 -5.163242181365849115e-01 6.044002898275822183e-02
7.852770033059638388e-01 -5.163242181365849115e-01 6.044002898275822183e-02
8.508604830271996322e-01 -2.795623908995642504e-01 1.863663999376775071e-01
8.508604830271996322e-01 -2.795623908995642504e-01 1.863663999376775071e-01
8.508604830271996322e-01 -2.795623908995642504e-01 1.863663999376775071e-01
8.508604830271996322e-01 -2.795623908995642504e-01 1.863663999376775071e-01
8.508604830271996322e-01 -2.795623908995642504e-01 1.863663999376775071e-01
8.508604830271996322e-01 -2.795623908995642504e-01 1.863663999376775071e-01
8.508604830271996322e-01 -2.795623908995642504e-01 1.863663999376775071e-01
6.168762104998676277e-01 -2.166935021952253737e-01 2.359377291172951308e-01
6.168762104998676277e-01 -2.166935021952253737e-01 2.359377291172951308e-01
6.168762104998676277e-01 -2.166935021952253737e-01 2.359377291172951308e-01
6.168762104998676277e-01 -2.166935021952253737e-01 2.359377291172951308e-01
6.168762104998676277e-01 -2.166935021952253737e-01 2.359377291172951308e-01
6.168762104998676277e-01 -2.166935021952253737e-01 2.359377291172951308e-01
6.808144672197433689e-01 -5.159366749710939670e-01 2.490502893353885999e-02
9.561454265233013672e-01 -5.559110391104193916e-02 2.301979230727240269e-02
6.390239054036597199e-01 2.061269867412994228e-01 3.887432985585392853e-01
6.390239054036597199e-01 2.061269867412994228e-01 3.887432985585392853e-01
6.390239054036597199e-01 2.061269867412994228e-01 3.887432985585392853e-01
6.390239054036597199e-01 2.061269867412994228e-01 3.887432985585392853e-01
6.390239054036597199e-01 2.061269867412994228e-01 3.887432985585392853e-01
6.878054719182996601e-01 8.016988943300265569e-02 4.030877897212493677e-01
2.933361727417105880e-01 6.110365151762962022e-01 5.034065538378267313e-01
5.572278391332115000e-01 3.188531242671766019e-02 6.044716167281098951e-01
5.572278391332115000e-01 3.188531242671766019e-02 6.044716167281098951e-01
4.013964525495492541e-01 5.076958121974526339e-01 5.345202349365671957e-01
4.013964525495492541e-01 5.076958121974526339e-01 5.345202349365671957e-01
1.513259373358716298e-01 6.158704375423817989e-01 3.418019951983546911e-01
1.513259373358716298e-01 6.158704375423817989e-01 3.418019951983546911e-01
1.513259373358716298e-01 6.158704375423817989e-01 3.418019951983546911e-01
3.150985045389104178e-01 3.204305550516496348e-01 5.286332989090977152e-01
4.853436279646126117e-01 5.843290304599658702e-01 1.670523421295352084e-01
5.267019029416595277e-01 3.446898392532815603e-01 5.192988575936007267e-01
5.185777315766445517e-01 3.500200765739584496e-01 5.356887722559925402e-01
5.185777315766445517e-01 3.500200765739584496e-01 5.356887722559925402e-01
2.994826976232294324e-01 5.227494638453460407e-01 6.100934378063254115e-01
