2.489132485845457765e-01 1.481402749648903505e-01 6.784718104509075698e-02
2.489132485845457765e-01 1.481402749648903505e-01 6.784718104509075698e-02
3.641690581367769686e-01 5.749092851051461617e-01 4.322885984543411997e-01
3.641690581367769686e-01 5.749092851051461617e-01 4.322885984543411997e-01
3.641690581367769686e-01 5.749092851051461617e-01 4.322885984543411997e-01
3.641690581367769686e-01 5.749092851051461617e-01 4.322885984543411997e-01
3.641690581367769686e-01 5.749092851051461617e-01 4.322885984543411997e-01
2.805902694359714289e-01 4.944740544246779557e-01 4.154790778056727252e-01
2.805902694359714289e-01 4.944740544246779557e-01 4.154790778056727252e-01
2.805902694359714289e-01 4.944740544246779557e-01 4.154790778056727252e-01
2.805902694359714289e-01 4.944740544246779557e-01 4.154790778056727252e-01
2.805902694359714289e-01 4.944740544246779557e-01 4.154790778056727252e-01
2.805902694359714289e-01 4.944740544246779557e-01 4.154790778056727252e-01
2.805902694359714289e-01 4.944740544246779557e-01 4.154790778056727252e-01
5.636545452720995719e-01 2.762461361555305084e-01 5.918424656660887795e-01
5.636545452720995719e-01 2.762461361555305084e-01 5.918424656660887795e-01
5.636545452720995719e-01 2.762461361555305084e-01 5.918424656660887795e-01
5.636545452720995719e-01 2.762461361555305084e-01 5.918424656660887795e-01
5.636545452720995719e-01 2.762461361555305084e-01 5.918424656660887795e-01
5.636545452720995719e-01 2.762461361555305084e-01 5.918424656660887795e-01
5.678765724639154300e-01 -4.265200226713028453e-02 4.858018817850760507e-01
5.678765724639154300e-01 -4.265200226713028453e-02 4.858018817850760507e-01
5.678765724639154300e-01 -4.265200226713028453e-02 4.858018817850760507e-01
7.504312451278156715e-01 7.674203233964206616e-02 2.455872600471524780e-01
7.504312451278156715e-01 7.674203233964206616e-02 2.455872600471524780e-01
6.149728615384910668e-01 2.193768839162260065e-01 5.122280270542225455e-01
6.149728615384910668e-01 2.193768839162260065e-01 5.122280270542225455e-01
6.149728615384910668e-01 2.193768839162260065e-01 5.122280270542225455e-01
4.331763519489519876e-01 5.071185650511622622e-01 4.763048562482891657e-01
4.331763519489519876e-01 5.071185650511622622e-01 4.763048562482891657e-01
4.331763519489519876e-01 5.071185650511622622e-01 4.763048562482891657e-01
4.331763519489519876e-01 5.071185650511622622e-01 4.763048562482891657e-01
4.331763519489519876e-01 5.071185650511622622e-01 4.763048562482891657e-01
3.512395887229439739e-01 4.257413132199691086e-01 5.733820734796651886e-01
3.512395887229439739e-01 4.257413132199691086e-01 5.733820734796651886e-01
3.512395887229439739e-01 4.257413132199691086e-01 5.733820734796651886e-01
3.512395887229439739e-01 4.257413132199691086e-01 5.733820734796651886e-01
5.512847380375358597e-01 1.188840148410521547e-01 7.019095176867152786e-01
6.177989279472090312e-01 1.037841581400104768e-01 6.117355359773313239e-01
5.546317511412390822e-01 -2.193409640584302600e-02 5.049032056442930294e-01
5.479795086143973704e-01 1.321917475878903181e-01 7.106686789612077781e-01
5.479795086143973704e-01 1.321917475878903181e-01 7.106686789612077781e-01
5.479795086143973704e-01 1.321917475878903181e-01 7.106686789612077781e-01
5.479795086143973704e-01 1.321917475878903181e-01 7.106686789612077781e-01
3.583424686739454801e-01 4.212751854299829346e-01 5.873719183063710325e-01
3.583424686739454801e-01 4.212751854299829346e-01 5.873719183063710325e-01
3.583424686739454801e-01 4.212751854299829346e-01 5.873719183063710325e-01
5.608676828066256892e-01 1.831891260916921338e-01 6.988916276513229553e-01
5.608676828066256892e-01 1.831891260916921338e-01 6.988916276513229553e-01
4.637753741074918667e-01 4.686091051875330704e-01 4.943131640706563967e-01
4.637753741074918667e-01 4.686091051875330704e-01 4.943131640706563967e-01
4.893758944919761045e-01 6.227203902949183245e-01 1.621333063976161393e-01
4.893758944919761045e-01 6.227203902949183245e-01 1.621333063976161393e-01
4.893758944919761045e-01 6.227203902949183245e-01 1.621333063976161393e-01
4.893758944919761045e-01 6.227203902949183245e-01 1.621333063976161393e-01
4.893758944919761045e-01 6.227203902949183245e-01 1.621333063976161393e-01
4.893758944919761045e-01 6.227203902949183245e-01 1.621333063976161393e-01
4.346945560148349763e-01 4.062538195880709413e-01 6.467358153013457178e-01
4.346945560148349763e-01 4.062538195880709413e-01 6.467358153013457178e-01
4.346945560148349763e-01 4.062538195880709413e-01 6.467358153013457178e-01
4.346945560148349763e-01 4.062538195880709413e-01 6.467358153013457178e-01
4.346945560148349763e-01 4.062538195880709413e-01 6.467358153013457178e-01
4.346945560148349763e-01 4.062538195880709413e-01 6.467358153013457178e-01
4.346945560148349763e-01 4.062538195880709413e-01 6.467358153013457178e-01
4.346945560148349763e-01 4.062538195880709413e-01 6.467358153013457178e-01
3.905117035985781193e-01 2.951465157007582274e-02 1.999182617807592210e-01
3.905117035985781193e-01 2.951465157007582274e-02 1.999182617807592210e-01
7.787531324347545247e-01 -2.241290802377375602e-02 2.403716725701058321e-01
6.630302974500781321e-01 -1.185603235839667591e-03 5.162819541713147276e-01
6.630302974500781321e-01 -1.185603235839667591e-03 5.162819541713147276e-01
6.630302974500781321e-01 -1.185603235839667591e-03 5.162819541713147276e-01
6.630302974500781321e-01 -1.185603235839667591e-03 5.162819541713147276e-01
6.630302974500781321e-01 -1.185603235839667591e-03 5.162819541713147276e-01
6.630302974500781321e-01 -1.185603235839667591e-03 5.162819541713147276e-01
6.630302974500781321e-01 -1.185603235839667591e-03 5.162819541713147276e-01
6.630302974500781321e-01 -1.185603235839667591e-03 5.162819541713147276e-01
6.630302974500781321e-01 -1.185603235839667591e-03 5.162819541713147276e-01
6.630302974500781321e-01 -1.185603235839667591e-03 5.162819541713147276e-01
6.630302974500781321e-01 -1.185603235839667591e-03 5.162819541713147276e-01
6.630302974500781321e-01 -1.185603235839667591e-03 5.162819541713147276e-01
6.630302974500781321e-01 -1.185603235839667591e-03 5.162819541713147276e-01
6.630302974500781321e-01 -1.185603235839667591e-03 5.162819541713147276e-01
6.630302974500781321e-01 -1.185603235839667591e-03 5.162819541713147276e-01
6.630302974500781321e-01 -1.185603235839667591e-03 5.162819541713147276e-01
6.630302974500781321e-01 -1.185603235839667591e-03 5.162819541713147276e-01
6.630302974500781321e-01 -1.185603235839667591e-03 5.162819541713147276e-01
6.630302974500781321e-01 -1.185603235839667591e-03 5.162819541713147276e-01
6.630302974500781321e-01 -1.185603235839667591e-03 5.162819541713147276e-01
6.630302974500781321e-01 -1.185603235839667591e-03 5.162819541713147276e-01
6.630302974500781321e-01 -1.185603235839667591e-03 5.162819541713147276e-01
6.630302974500781321e-01 -1.185603235839667591e-03 5.162819541713147276e-01
6.630302974500781321e-01 -1.185603235839667591e-03 5.162819541713147276e-01
8.555706944761179988e-01 -4.146640549672466203e-01 9.361916753808266489e-02
8.555706944761179988e-01 -4.146640549672466203e-01 9.361916753808266489e-02
7.911770243660536384e-01 -3.588500611972585963e-01 1.442646107248153342e-01
7.911770243660536384e-01 -3.588500611972585963e-01 1.442646107248153342e-01
5.742420690405547479e-01 -8.694876863057215965e-02 4.107468602827311077e-01
5.742420690405547479e-01 -8.694876863057215965e-02 4.107468602827311077e-01
5.742420690405547479e-01 -8.694876863057215965e-02 4.107468602827311077e-01
5.742420690405547479e-01 -8.694876863057215965e-02 4.107468602827311077e-01
