2.489132485845457765e-01 1.481402749648903505e-01 7.569396977322434550e-02
2.489132485845457765e-01 1.481402749648903505e-01 7.569396977322434550e-02
2.489132485845457765e-01 1.481402749648903505e-01 7.569396977322434550e-02
1.740858162673430409e-01 4.018202735188723951e-01 1.538692104362612001e-01
1.740858162673430409e-01 4.018202735188723951e-01 1.538692104362612001e-01
1.957436658864721846e-01 3.396732136211134678e-01 1.440842116474144452e-01
2.046364760320798226e-01 4.351140373926966065e-01 2.580088894998129878e-01
2.046364760320798226e-01 4.351140373926966065e-01 2.580088894998129878e-01
2.046364760320798226e-01 4.351140373926966065e-01 2.580088894998129878e-01
2.046364760320798226e-01 4.351140373926966065e-01 2.580088894998129878e-01
2.046364760320798226e-01 4.351140373926966065e-01 2.580088894998129878e-01
2.046364760320798226e-01 4.351140373926966065e-01 2.580088894998129878e-01
2.046364760320798226e-01 4.351140373926966065e-01 2.580088894998129878e-01
2.046364760320798226e-01 4.351140373926966065e-01 2.580088894998129878e-01
5.909777019787409991e-01 3.778386340708700941e-01 2.856803623573734296e-01
5.909777019787409991e-01 3.778386340708700941e-01 2.856803623573734296e-01
5.909777019787409991e-01 3.778386340708700941e-01 2.856803623573734296e-01
5.909777019787409991e-01 3.778386340708700941e-01 2.856803623573734296e-01
6.388094582361786289e-01 4.766969683883731657e-01 6.981432379533587806e-02
6.388094582361786289e-01 4.766969683883731657e-01 6.981432379533587806e-02
7.464708047764800902e-01 1.957632190793776594e-01 1.331617391297202635e-01
4.723379652421284547e-01 -9.313488733714314627e-02 1.911485334075122278e-01
4.723379652421284547e-01 -9.313488733714314627e-02 1.911485334075122278e-01
4.635626773427766745e-01 2.582283006949461779e-01 7.572908497088863822e-01
3.357945935640592738e-01 4.086110749747970394e-01 6.179274714774284361e-01
3.357945935640592738e-01 4.086110749747970394e-01 6.179274714774284361e-01
3.357945935640592738e-01 4.086110749747970394e-01 6.179274714774284361e-01
3.357945935640592738e-01 4.086110749747970394e-01 6.179274714774284361e-01
4.587203438975022696e-01 3.222944355600946276e-01 7.397020838116200592e-01
4.587203438975022696e-01 3.222944355600946276e-01 7.397020838116200592e-01
4.587203438975022696e-01 3.222944355600946276e-01 7.397020838116200592e-01
4.587203438975022696e-01 3.222944355600946276e-01 7.397020838116200592e-01
4.587203438975022696e-01 3.222944355600946276e-01 7.397020838116200592e-01
4.587203438975022696e-01 3.222944355600946276e-01 7.397020838116200592e-01
4.587203438975022696e-01 3.222944355600946276e-01 7.397020838116200592e-01
4.587203438975022696e-01 3.222944355600946276e-01 7.397020838116200592e-01
5.085967649962376269e-01 4.941744707075332865e-01 3.073615535133168430e-01
5.085967649962376269e-01 4.941744707075332865e-01 3.073615535133168430e-01
5.085967649962376269e-01 4.941744707075332865e-01 3.073615535133168430e-01
5.085967649962376269e-01 4.941744707075332865e-01 3.073615535133168430e-01
5.085967649962376269e-01 4.941744707075332865e-01 3.073615535133168430e-01
5.085967649962376269e-01 4.941744707075332865e-01 3.073615535133168430e-01
9.096266781513934196e-02 3.163328649854635910e-01 1.971970317657984265e-02
9.096266781513934196e-02 3.163328649854635910e-01 1.971970317657984265e-02
9.096266781513934196e-02 3.163328649854635910e-01 1.971970317657984265e-02
2.888691492660622195e-02 5.448181166044535617e-01 3.783790902070244266e-02
4.993209932610882529e-01 5.274993061009006778e-01 2.689662145869267662e-01
6.090071513998351893e-02 6.398854897644071782e-01 9.827721774102363139e-02
3.490108008023964370e-01 4.789826274674321427e-01 6.194284883144276499e-01
3.490108008023964370e-01 4.789826274674321427e-01 6.194284883144276499e-01
2.239833741415525326e-01 5.813303450412792284e-01 3.947623850663257161e-01
2.239833741415525326e-01 5.813303450412792284e-01 3.947623850663257161e-01
2.239833741415525326e-01 5.813303450412792284e-01 3.947623850663257161e-01
2.239833741415525326e-01 5.813303450412792284e-01 3.947623850663257161e-01
2.239833741415525326e-01 5.813303450412792284e-01 3.947623850663257161e-01
4.815796667802341169e-01 1.536555922685721720e-01 6.888589027222982164e-01
4.172489297854277690e-01 3.580765852332949972e-01 7.282667616417732859e-01
3.027169750066440179e-01 4.927882361543457490e-01 5.579359674182222673e-01
3.027169750066440179e-01 4.927882361543457490e-01 5.579359674182222673e-01
3.027169750066440179e-01 4.927882361543457490e-01 5.579359674182222673e-01
5.044480448327401945e-01 6.417437628945182881e-01 1.003914960697266795e-01
2.547193426816920514e-01 8.770692839652201034e-01 1.290595070327324456e-01
2.475381331411725394e-01 6.852645456053902961e-01 3.610765136609257464e-01
2.475381331411725394e-01 6.852645456053902961e-01 3.610765136609257464e-01
2.475381331411725394e-01 6.852645456053902961e-01 3.610765136609257464e-01
2.475381331411725394e-01 6.852645456053902961e-01 3.610765136609257464e-01
2.475381331411725394e-01 6.852645456053902961e-01 3.610765136609257464e-01
2.475381331411725394e-01 6.852645456053902961e-01 3.610765136609257464e-01
2.475381331411725394e-01 6.852645456053902961e-01 3.610765136609257464e-01
2.475381331411725394e-01 6.852645456053902961e-01 3.610765136609257464e-01
2.475381331411725394e-01 6.852645456053902961e-01 3.610765136609257464e-01
2.475381331411725394e-01 6.852645456053902961e-01 3.610765136609257464e-01
2.475381331411725394e-01 6.852645456053902961e-01 3.610765136609257464e-01
3.376489941439487219e-01 3.157381618848589255e-01 5.376946209508116636e-01
5.013973673143797827e-01 8.553394888683188424e-02 6.133179961258885537e-01
5.013973673143797827e-01 8.553394888683188424e-02 6.133179961258885537e-01
5.013973673143797827e-01 8.553394888683188424e-02 6.133179961258885537e-01
5.521560021561259246e-01 1.421897004699596845e-01 7.086429750453142606e-01
5.521560021561259246e-01 1.421897004699596845e-01 7.086429750453142606e-01
5.521560021561259246e-01 1.421897004699596845e-01 7.086429750453142606e-01
5.521560021561259246e-01 1.421897004699596845e-01 7.086429750453142606e-01
5.521560021561259246e-01 1.421897004699596845e-01 7.086429750453142606e-01
5.558082543983428048e-01 2.917141036028287338e-01 5.650858329057351082e-01
5.558082543983428048e-01 2.917141036028287338e-01 5.650858329057351082e-01
5.558082543983428048e-01 2.917141036028287338e-01 5.650858329057351082e-01
5.558082543983428048e-01 2.917141036028287338e-01 5.650858329057351082e-01
5.558082543983428048e-01 2.917141036028287338e-01 5.650858329057351082e-01
5.558082543983428048e-01 2.917141036028287338e-01 5.650858329057351082e-01
3.753254840806442005e-01 1.656642645808961423e-01 4.038419134929814303e-01
4.989830524823121172e-01 -4.868380274362701932e-02 3.286725775864292598e-01
4.989830524823121172e-01 -4.868380274362701932e-02 3.286725775864292598e-01
7.419342341008768882e-01 -2.532544106774484161e-01 2.618221349242255691e-01
7.419342341008768882e-01 -2.532544106774484161e-01 2.618221349242255691e-01
7.419342341008768882e-01 -2.532544106774484161e-01 2.618221349242255691e-01
7.419342341008768882e-01 -2.532544106774484161e-01 2.618221349242255691e-01
6.662526151998127144e-01 -3.220057117720578899e-01 1.516657372492981881e-01
6.662526151998127144e-01 -3.220057117720578899e-01 1.516657372492981881e-01
6.210257678393559244e-01 -3.450831733733727424e-01 9.102351605969509485e-02
6.210257678393559244e-01 -3.450831733733727424e-01 9.102351605969509485e-02
6.210257678393559244e-01 -3.450831733733727424e-01 9.102351605969509485e-02
