2.489132485845457765e-01 1.481402749648903505e-01 1.109729647189768020e-01
2.489132485845457765e-01 1.481402749648903505e-01 1.109729647189768020e-01
2.489132485845457765e-01 1.481402749648903505e-01 1.109729647189768020e-01
2.489132485845457765e-01 1.481402749648903505e-01 1.109729647189768020e-01
2.489132485845457765e-01 1.481402749648903505e-01 1.109729647189768020e-01
2.489132485845457765e-01 1.481402749648903505e-01 1.109729647189768020e-01
2.118284193371987867e-01 3.248748365120588399e-01 2.782626934725521139e-01
2.118284193371987867e-01 3.248748365120588399e-01 2.782626934725521139e-01
2.118284193371987867e-01 3.248748365120588399e-01 2.782626934725521139e-01
1.999022633088388679e-01 4.390408661713570138e-01 4.313301807631972351e-01
1.999022633088388679e-01 4.390408661713570138e-01 4.313301807631972351e-01
1.999022633088388679e-01 4.390408661713570138e-01 4.313301807631972351e-01
5.401018821846057527e-01 -1.893656687565631325e-02 5.768230456835069520e-01
6.768386884701225181e-01 4.991379892928236861e-02 4.625467405344187988e-01
4.016783585344850804e-01 2.936658163000717414e-02 2.861411431046922416e-01
4.016783585344850804e-01 2.936658163000717414e-02 2.861411431046922416e-01
4.016783585344850804e-01 2.936658163000717414e-02 2.861411431046922416e-01
4.016783585344850804e-01 2.936658163000717414e-02 2.861411431046922416e-01
4.016783585344850804e-01 2.936658163000717414e-02 2.861411431046922416e-01
5.225862822087028459e-01 2.381253526574403923e-01 6.683323434156864806e-01
5.701552663474819260e-01 1.616567835636167350e-01 6.481050596969084587e-01
5.701552663474819260e-01 1.616567835636167350e-01 6.481050596969084587e-01
5.701552663474819260e-01 1.616567835636167350e-01 6.481050596969084587e-01
5.701552663474819260e-01 1.616567835636167350e-01 6.481050596969084587e-01
5.701552663474819260e-01 1.616567835636167350e-01 6.481050596969084587e-01
5.968511021891038659e-01 8.173581567278195847e-02 6.651240852393076608e-01
5.968511021891038659e-01 8.173581567278195847e-02 6.651240852393076608e-01
5.968511021891038659e-01 8.173581567278195847e-02 6.651240852393076608e-01
7.455722213791251551e-01 1.432426516533904515e-01 1.272009961205804451e-01
4.051553857674498604e-01 4.953536680236763079e-01 4.483375940075763344e-01
4.051553857674498604e-01 4.953536680236763079e-01 4.483375940075763344e-01
4.051553857674498604e-01 4.953536680236763079e-01 4.483375940075763344e-01
4.051553857674498604e-01 4.953536680236763079e-01 4.483375940075763344e-01
4.051553857674498604e-01 4.953536680236763079e-01 4.483375940075763344e-01
4.051553857674498604e-01 4.953536680236763079e-01 4.483375940075763344e-01
4.051553857674498604e-01 4.953536680236763079e-01 4.483375940075763344e-01
4.051553857674498604e-01 4.953536680236763079e-01 4.483375940075763344e-01
5.095620514569583204e-01 4.084081921335421805e-01 3.207785317566346772e-01
2.800831979141458206e-01 2.486094681352608582e-01 3.613425959121570052e-01
2.800831979141458206e-01 2.486094681352608582e-01 3.613425959121570052e-01
3.487910157762276753e-01 1.940294586942020727e-01 4.922087461902153183e-01
3.487910157762276753e-01 1.940294586942020727e-01 4.922087461902153183e-01
2.674224197609793574e-01 3.538757128324182544e-01 5.282164090023411251e-01
3.435833917588165254e-01 3.855849492384316735e-01 7.445619372914203948e-01
1.890729711154311432e-01 4.445380295926038561e-01 4.031514508227072024e-01
2.011640158287429647e-01 4.212266894683321383e-01 4.080802073479937175e-01
2.011640158287429647e-01 4.212266894683321383e-01 4.080802073479937175e-01
2.011640158287429647e-01 4.212266894683321383e-01 4.080802073479937175e-01
4.214728143752717315e-01 4.472695812067511989e-01 5.192893971487955174e-01
4.441421707881946790e-01 4.749711058397884100e-01 3.760090010389146031e-01
6.863104000378077441e-01 -4.240884446230086535e-02 5.263256868672621103e-01
6.863104000378077441e-01 -4.240884446230086535e-02 5.263256868672621103e-01
6.863104000378077441e-01 -4.240884446230086535e-02 5.263256868672621103e-01
6.863104000378077441e-01 -4.240884446230086535e-02 5.263256868672621103e-01
6.863104000378077441e-01 -4.240884446230086535e-02 5.263256868672621103e-01
5.545858851748047824e-01 -1.354988202754411897e-01 3.410026430249882834e-01
5.396897026038021128e-01 -1.540857067668588154e-01 2.660212273035803543e-01
5.396897026038021128e-01 -1.540857067668588154e-01 2.660212273035803543e-01
5.396897026038021128e-01 -1.540857067668588154e-01 2.660212273035803543e-01
7.044646044953363218e-01 -3.647561957471775473e-01 1.851821810119145539e-01
1.008104862752647657e+00 -4.724634647262624387e-01 9.079785503987704287e-02
1.008104862752647657e+00 -4.724634647262624387e-01 9.079785503987704287e-02
6.448259471310724411e-01 -2.633587188743652385e-02 6.045377006181144042e-01
5.825790082100226197e-01 1.912070076624440285e-01 5.529161612403015180e-01
4.584831409122535062e-01 2.017591603149586910e-01 7.905072263794632459e-01
3.151009674580981246e-01 4.684174529874112203e-01 6.827027394376286029e-01
3.151009674580981246e-01 4.684174529874112203e-01 6.827027394376286029e-01
3.485939731224290683e-01 4.973061257780567734e-01 5.945634408301460061e-01
3.601965662908507837e-01 1.445347651239526909e-01 4.148560960685346299e-01
6.207215530521311697e-01 1.987524245866265360e-01 3.950664995419652104e-01
6.207215530521311697e-01 1.987524245866265360e-01 3.950664995419652104e-01
4.551633603140534667e-01 1.006688177197900130e-01 6.337033988162109610e-01
4.141292192201004863e-01 1.010088749594497959e-01 5.008114581805759302e-01
4.141292192201004863e-01 1.010088749594497959e-01 5.008114581805759302e-01
4.141292192201004863e-01 1.010088749594497959e-01 5.008114581805759302e-01
2.944050697021757257e-01 6.371969055817870986e-01 3.967016955316913229e-01
2.944050697021757257e-01 6.371969055817870986e-01 3.967016955316913229e-01
2.944050697021757257e-01 6.371969055817870986e-01 3.967016955316913229e-01
2.944050697021757257e-01 6.371969055817870986e-01 3.967016955316913229e-01
2.944050697021757257e-01 6.371969055817870986e-01 3.967016955316913229e-01
2.678619356772518612e-01 5.510125669801788639e-01 5.960232618272747196e-01
2.678619356772518612e-01 5.510125669801788639e-01 5.960232618272747196e-01
2.678619356772518612e-01 5.510125669801788639e-01 5.960232618272747196e-01
1.786389403881036564e-01 4.555077014072478336e-01 3.847512663906628161e-01
2.412120081612692535e-02 8.841721235330528561e-01 2.160917012092042622e-01
1.805018031207599460e-01 6.788765549228197305e-01 4.456195356911358263e-01
1.805018031207599460e-01 6.788765549228197305e-01 4.456195356911358263e-01
1.805018031207599460e-01 6.788765549228197305e-01 4.456195356911358263e-01
5.412441359479358560e-01 -1.021965815581216130e-01 3.841132930413040381e-01
5.412441359479358560e-01 -1.021965815581216130e-01 3.841132930413040381e-01
5.412441359479358560e-01 -1.021965815581216130e-01 3.841132930413040381e-01
4.971078484912362372e-01 2.372898739902659648e-02 5.708569068905574584e-01
4.971078484912362372e-01 2.372898739902659648e-02 5.708569068905574584e-01
5.777177368337206298e-01 -1.371096191405271059e-01 3.912169872585871677e-01
5.777177368337206298e-01 -1.371096191405271059e-01 3.912169872585871677e-01
5.777177368337206298e-01 -1.371096191405271059e-01 3.912169872585871677e-01
5.777177368337206298e-01 -1.371096191405271059e-01 3.912169872585871677e-01
5.777177368337206298e-01 -1.371096191405271059e-01 3.912169872585871677e-01
9.488424660944361211e-01 -7.857562205024906654e-02 2.819419625639373733e-02
8.239148110277754178e-01 -2.993237930284295967e-01 2.897014457707919877e-01
