2.489132485845457765e-01 1.481402749648903505e-01 9.702696348557870998e-02
3.456494028248032757e-01 4.810749428631354574e-01 6.508204164626917310e-01
3.456494028248032757e-01 4.810749428631354574e-01 6.508204164626917310e-01
1.586145533772480298e-01 5.826770247857575580e-01 3.489911342199024658e-01
3.438103975381940902e-01 2.980746485535968882e-01 6.320729149741752817e-01
5.267807361617697914e-01 -4.731669088889117747e-02 4.834908867530992582e-01
5.267807361617697914e-01 -4.731669088889117747e-02 4.834908867530992582e-01
5.267807361617697914e-01 -4.731669088889117747e-02 4.834908867530992582e-01
5.063689638082724542e-01 1.431926476718834718e-01 7.763046128599284668e-01
5.063689638082724542e-01 1.431926476718834718e-01 7.763046128599284668e-01
5.063689638082724542e-01 1.431926476718834718e-01 7.763046128599284668e-01
5.063689638082724542e-01 1.431926476718834718e-01 7.763046128599284668e-01
5.063689638082724542e-01 1.431926476718834718e-01 7.763046128599284668e-01
5.548898861779011371e-01 1.523965330359079717e-01 7.281689097019833357e-01
5.548898861779011371e-01 1.523965330359079717e-01 7.281689097019833357e-01
5.548898861779011371e-01 1.523965330359079717e-01 7.281689097019833357e-01
5.548898861779011371e-01 1.523965330359079717e-01 7.281689097019833357e-01
5.548898861779011371e-01 1.523965330359079717e-01 7.281689097019833357e-01
5.548898861779011371e-01 1.523965330359079717e-01 7.281689097019833357e-01
5.548898861779011371e-01 1.523965330359079717e-01 7.281689097019833357e-01
7.866271627012069168e-01 -1.806848673012548534e-01 3.253700278434120130e-01
7.866271627012069168e-01 -1.806848673012548534e-01 3.253700278434120130e-01
7.866271627012069168e-01 -1.806848673012548534e-01 3.253700278434120130e-01
5.344537362372432376e-01 4.064802745573659060e-02 6.811008710063298777e-01
5.344537362372432376e-01 4.064802745573659060e-02 6.811008710063298777e-01
5.344537362372432376e-01 4.064802745573659060e-02 6.811008710063298777e-01
5.344537362372432376e-01 4.064802745573659060e-02 6.811008710063298777e-01
5.344537362372432376e-01 4.064802745573659060e-02 6.811008710063298777e-01
5.344537362372432376e-01 4.064802745573659060e-02 6.811008710063298777e-01
8.491816927190891651e-01 -1.170755494283281517e-01 1.577354694247632139e-01
7.475855767996604229e-01 -3.630934466093272972e-01 2.304743288980176108e-01
7.475855767996604229e-01 -3.630934466093272972e-01 2.304743288980176108e-01
8.549031535530644543e-01 -1.764590787814482586e-01 1.820753942854194396e-01
6.603730660721861545e-01 -3.218058259240290098e-01 2.061910170409307630e-01
8.341008051168401494e-01 -3.190765608476230364e-01 2.392051374193658042e-01
8.341008051168401494e-01 -3.190765608476230364e-01 2.392051374193658042e-01
8.341008051168401494e-01 -3.190765608476230364e-01 2.392051374193658042e-01
8.341008051168401494e-01 -3.190765608476230364e-01 2.392051374193658042e-01
8.341008051168401494e-01 -3.190765608476230364e-01 2.392051374193658042e-01
8.392147201789058597e-01 -8.475275823397815378e-02 1.549704577936702465e-01
3.650630383592616823e-01 2.745164760103219748e-01 6.650184039743014530e-01
5.293600612685903650e-01 -1.374639445746347333e-01 2.910283156673169613e-01
5.293600612685903650e-01 -1.374639445746347333e-01 2.910283156673169613e-01
5.293600612685903650e-01 -1.374639445746347333e-01 2.910283156673169613e-01
5.293600612685903650e-01 -1.374639445746347333e-01 2.910283156673169613e-01
5.293600612685903650e-01 -1.374639445746347333e-01 2.910283156673169613e-01
5.293600612685903650e-01 -1.374639445746347333e-01 2.910283156673169613e-01
5.293600612685903650e-01 -1.374639445746347333e-01 2.910283156673169613e-01
5.891485852315156979e-01 -1.036912536614015001e-01 4.944962215979160081e-01
6.076435148468155578e-01 -1.326027450359962834e-01 4.662190240951565867e-01
6.076435148468155578e-01 -1.326027450359962834e-01 4.662190240951565867e-01
6.076435148468155578e-01 -1.326027450359962834e-01 4.662190240951565867e-01
3.715447147255556692e-01 1.398412972632236961e-01 4.165660604569625947e-01
3.715447147255556692e-01 1.398412972632236961e-01 4.165660604569625947e-01
3.715447147255556692e-01 1.398412972632236961e-01 4.165660604569625947e-01
3.715447147255556692e-01 1.398412972632236961e-01 4.165660604569625947e-01
4.276721031871908996e-01 5.723705351131307129e-02 4.263497983056102614e-01
4.276721031871908996e-01 5.723705351131307129e-02 4.263497983056102614e-01
4.852728825644521682e-01 2.644004240196504152e-01 7.631248226876130580e-01
4.852728825644521682e-01 2.644004240196504152e-01 7.631248226876130580e-01
4.852728825644521682e-01 2.644004240196504152e-01 7.631248226876130580e-01
4.852728825644521682e-01 2.644004240196504152e-01 7.631248226876130580e-01
2.779273406876533459e-01 5.031014531739654849e-01 5.984942371421506646e-01
2.779273406876533459e-01 5.031014531739654849e-01 5.984942371421506646e-01
2.831877345949420088e-01 7.767637984483415359e-01 2.070556740431023224e-01
2.831877345949420088e-01 7.767637984483415359e-01 2.070556740431023224e-01
2.831877345949420088e-01 7.767637984483415359e-01 2.070556740431023224e-01
2.823961483336353551e-01 6.189520512833095456e-01 4.809640348085862938e-01
2.823961483336353551e-01 6.189520512833095456e-01 4.809640348085862938e-01
1.054983933254122486e-01 4.572952620251145017e-01 1.186574172399661176e-01
5.489905714857700181e-01 1.776375315742440009e-01 7.194589499473085237e-01
5.489905714857700181e-01 1.776375315742440009e-01 7.194589499473085237e-01
4.521458048428350640e-01 4.262279426522084247e-01 5.479030741808241789e-01
4.521458048428350640e-01 4.262279426522084247e-01 5.479030741808241789e-01
2.009855027860146803e-01 3.026981213993280573e-01 1.650749109022152106e-01
2.009855027860146803e-01 3.026981213993280573e-01 1.650749109022152106e-01
2.009855027860146803e-01 3.026981213993280573e-01 1.650749109022152106e-01
4.468804116220628231e-01 3.482173735461318032e-01 7.218812172358849422e-01
4.468804116220628231e-01 3.482173735461318032e-01 7.218812172358849422e-01
5.505237965083182861e-01 2.270066159624830326e-01 6.458248043598653343e-01
5.505237965083182861e-01 2.270066159624830326e-01 6.458248043598653343e-01
1.348214567841516387e-01 4.580091451567153138e-01 1.782534523709480290e-01
2.713858832163137391e-01 5.487734248701210404e-01 5.676720688121569269e-01
3.882269776889368806e-01 5.784502150824973876e-01 3.748879853350650104e-01
3.056451847067181427e-01 3.538703163309301902e-01 5.840692034940568877e-01
2.895767650739780041e-01 6.459518299542357234e-01 4.268399957573656422e-01
2.895767650739780041e-01 6.459518299542357234e-01 4.268399957573656422e-01
2.895767650739780041e-01 6.459518299542357234e-01 4.268399957573656422e-01
2.895767650739780041e-01 6.459518299542357234e-01 4.268399957573656422e-01
2.895767650739780041e-01 6.459518299542357234e-01 4.268399957573656422e-01
2.895767650739780041e-01 6.459518299542357234e-01 4.268399957573656422e-01
2.895767650739780041e-01 6.459518299542357234e-01 4.268399957573656422e-01
2.895767650739780041e-01 6.459518299542357234e-01 4.268399957573656422e-01
2.895767650739780041e-01 6.459518299542357234e-01 4.268399957573656422e-01
2.895767650739780041e-01 6.459518299542357234e-01 4.268399957573656422e-01
2.895767650739780041e-01 6.459518299542357234e-01 4.268399957573656422e-01
2.895767650739780041e-01 6.459518299542357234e-01 4.268399957573656422e-01
4.794287628819717817e-01 3.688471318049857395e-01 5.940227046552770673e-01
4.794287628819717817e-01 3.688471318049857395e-01 5.940227046552770673e-01
4.794287628819717817e-01 3.688471318049857395e-01 5.940227046552770673e-01
