2.489132485845457765e-01 1.481402749648903505e-01 1.025436777985949538e-01
5.468815179954493733e-01 5.231894543243891249e-01 7.793029804801566984e-02
5.468815179954493733e-01 5.231894543243891249e-01 7.793029804801566984e-02
5.468815179954493733e-01 5.231894543243891249e-01 7.793029804801566984e-02
2.958490049397978772e-01 5.294809537721784087e-01 6.010855550853960727e-01
2.958490049397978772e-01 5.294809537721784087e-01 6.010855550853960727e-01
4.869633301446939511e-01 9.541023773175294487e-02 6.910527500147618518e-01
4.869633301446939511e-01 9.541023773175294487e-02 6.910527500147618518e-01
4.869633301446939511e-01 9.541023773175294487e-02 6.910527500147618518e-01
4.869633301446939511e-01 9.541023773175294487e-02 6.910527500147618518e-01
4.869633301446939511e-01 9.541023773175294487e-02 6.910527500147618518e-01
5.285909800222680088e-01 2.531399770026353524e-01 6.564852256010828002e-01
3.368387360976752287e-01 1.535510107742810160e-01 3.301540513703403179e-01
3.368387360976752287e-01 1.535510107742810160e-01 3.301540513703403179e-01
3.368387360976752287e-01 1.535510107742810160e-01 3.301540513703403179e-01
5.172141890680659326e-01 -1.764637261236305932e-01 1.661132332800224765e-01
5.172141890680659326e-01 -1.764637261236305932e-01 1.661132332800224765e-01
4.352968668666117869e-01 -9.457595183447235765e-02 1.332646900594117167e-01
4.977171905858382428e-01 8.546009315449003274e-02 6.962101395188495800e-01
4.977171905858382428e-01 8.546009315449003274e-02 6.962101395188495800e-01
4.977171905858382428e-01 8.546009315449003274e-02 6.962101395188495800e-01
4.977171905858382428e-01 8.546009315449003274e-02 6.962101395188495800e-01
4.977171905858382428e-01 8.546009315449003274e-02 6.962101395188495800e-01
4.977171905858382428e-01 8.546009315449003274e-02 6.962101395188495800e-01
3.457449582642448949e-01 1.708951838102222565e-01 4.002099806282884975e-01
2.810644852917834058e-01 1.886046009927091482e-01 2.279611256236113437e-01
3.331809107879780130e-01 2.264695769117318069e-01 4.824899385523274131e-01
3.331809107879780130e-01 2.264695769117318069e-01 4.824899385523274131e-01
3.331809107879780130e-01 2.264695769117318069e-01 4.824899385523274131e-01
3.331809107879780130e-01 2.264695769117318069e-01 4.824899385523274131e-01
3.331809107879780130e-01 2.264695769117318069e-01 4.824899385523274131e-01
3.331809107879780130e-01 2.264695769117318069e-01 4.824899385523274131e-01
3.331809107879780130e-01 2.264695769117318069e-01 4.824899385523274131e-01
3.331809107879780130e-01 2.264695769117318069e-01 4.824899385523274131e-01
3.331809107879780130e-01 2.264695769117318069e-01 4.824899385523274131e-01
5.916235530276252597e-01 1.972312054257097103e-01 5.593972238243256623e-01
5.916235530276252597e-01 1.972312054257097103e-01 5.593972238243256623e-01
4.987450903640249233e-01 2.648191605876725196e-01 7.185347373098336377e-01
4.987450903640249233e-01 2.648191605876725196e-01 7.185347373098336377e-01
4.987450903640249233e-01 2.648191605876725196e-01 7.185347373098336377e-01
6.146476683884376513e-01 4.407267598997566260e-04 6.886790869282708449e-01
6.146476683884376513e-01 4.407267598997566260e-04 6.886790869282708449e-01
6.146476683884376513e-01 4.407267598997566260e-04 6.886790869282708449e-01
7.836255841596075911e-01 -3.926662836866328665e-01 2.387124427892348688e-01
7.836255841596075911e-01 -3.926662836866328665e-01 2.387124427892348688e-01
7.836255841596075911e-01 -3.926662836866328665e-01 2.387124427892348688e-01
5.291906597628275311e-01 3.516101965544120023e-01 4.204233761839468175e-01
2.126479640067817090e-01 5.702639126644218903e-01 5.350392733656653688e-01
2.126479640067817090e-01 5.702639126644218903e-01 5.350392733656653688e-01
2.126479640067817090e-01 5.702639126644218903e-01 5.350392733656653688e-01
3.530605581295159223e-01 1.381553729278003906e-01 3.506656051672381036e-01
3.530605581295159223e-01 1.381553729278003906e-01 3.506656051672381036e-01
3.530605581295159223e-01 1.381553729278003906e-01 3.506656051672381036e-01
7.508336033461209258e-01 -1.116145567769480373e-02 3.796246839592105626e-01
7.508336033461209258e-01 -1.116145567769480373e-02 3.796246839592105626e-01
4.909186478473186455e-01 -2.471397622386608262e-01 5.442236624766450676e-02
4.871939356037954250e-01 -1.112372185734033514e-01 2.133196449673236961e-01
4.871939356037954250e-01 -1.112372185734033514e-01 2.133196449673236961e-01
4.871939356037954250e-01 -1.112372185734033514e-01 2.133196449673236961e-01
6.962006144214605285e-01 7.211914406624581053e-03 5.270621483829842635e-01
6.962006144214605285e-01 7.211914406624581053e-03 5.270621483829842635e-01
6.962006144214605285e-01 7.211914406624581053e-03 5.270621483829842635e-01
6.962006144214605285e-01 7.211914406624581053e-03 5.270621483829842635e-01
6.962006144214605285e-01 7.211914406624581053e-03 5.270621483829842635e-01
6.962006144214605285e-01 7.211914406624581053e-03 5.270621483829842635e-01
4.892809867660220524e-01 3.700089498318811509e-01 5.134935019086478425e-01
3.804794373469127522e-01 2.222679041856089888e-01 6.417591601611815078e-01
3.804794373469127522e-01 2.222679041856089888e-01 6.417591601611815078e-01
3.804794373469127522e-01 2.222679041856089888e-01 6.417591601611815078e-01
3.804794373469127522e-01 2.222679041856089888e-01 6.417591601611815078e-01
3.804794373469127522e-01 2.222679041856089888e-01 6.417591601611815078e-01
3.804794373469127522e-01 2.222679041856089888e-01 6.417591601611815078e-01
2.100634946941023762e-01 3.487570118918864037e-01 2.973173097296980538e-01
2.100634946941023762e-01 3.487570118918864037e-01 2.973173097296980538e-01
2.100634946941023762e-01 3.487570118918864037e-01 2.973173097296980538e-01
2.100634946941023762e-01 3.487570118918864037e-01 2.973173097296980538e-01
3.136022064318010338e-01 6.126448210951915829e-01 4.112447497922847583e-01
3.136022064318010338e-01 6.126448210951915829e-01 4.112447497922847583e-01
2.982067971798434414e-01 2.663709973221201066e-01 4.411845660005427328e-01
2.982067971798434414e-01 2.663709973221201066e-01 4.411845660005427328e-01
-2.896924349236590368e-02 9.014952224749853693e-01 1.739545442588217028e-01
1.295411383121383153e-01 7.842256207890151432e-01 3.181731118076055465e-01
1.295411383121383153e-01 7.842256207890151432e-01 3.181731118076055465e-01
1.295411383121383153e-01 7.842256207890151432e-01 3.181731118076055465e-01
-1.064263662779985076e-02 9.519122093498818549e-01 1.655227215509933458e-01
-1.064263662779985076e-02 9.519122093498818549e-01 1.655227215509933458e-01
-1.064263662779985076e-02 9.519122093498818549e-01 1.655227215509933458e-01
-1.064263662779985076e-02 9.519122093498818549e-01 1.655227215509933458e-01
-1.064263662779985076e-02 9.519122093498818549e-01 1.655227215509933458e-01
-1.064263662779985076e-02 9.519122093498818549e-01 1.655227215509933458e-01
-1.064263662779985076e-02 9.519122093498818549e-01 1.655227215509933458e-01
2.603453911698894174e-02 9.267676083633799022e-01 1.882074876230514782e-01
8.996998153561243383e-02 9.894829254976504895e-01 1.111220185484670803e-01
8.996998153561243383e-02 9.894829254976504895e-01 1.111220185484670803e-01
8.996998153561243383e-02 9.894829254976504895e-01 1.111220185484670803e-01
8.996998153561243383e-02 9.894829254976504895e-01 1.111220185484670803e-01
-7.878500529322006452e-02 1.151030672298462898e+00 6.387754213818985782e-02
-7.878500529322006452e-02 1.151030672298462898e+00 6.387754213818985782e-02
6.945038626393380821e-02 3.702935799561285490e-01 4.748734508632401763e-02
3.001748875335901734e-01 1.027251471353394896e+00 5.181389625836329595e-03
