2.489132485845457765e-01 1.481402749648903505e-01 1.067169417320448233e-01
2.489132485845457765e-01 1.481402749648903505e-01 1.067169417320448233e-01
2.073877061083385931e-01 3.458125893036020915e-01 3.350493796730046325e-01
3.147752955701219046e-01 2.547020003500097274e-01 4.971919722211055048e-01
4.685278543549125096e-01 -1.285155279447142140e-02 3.266777763405132040e-01
4.685278543549125096e-01 -1.285155279447142140e-02 3.266777763405132040e-01
3.929923350507107394e-01 -6.150538614915031926e-02 7.923192854482351277e-02
3.929923350507107394e-01 -6.150538614915031926e-02 7.923192854482351277e-02
6.432735898125661045e-01 1.052477136353637543e-01 6.152739358487789856e-01
6.432735898125661045e-01 1.052477136353637543e-01 6.152739358487789856e-01
6.525576787237762355e-01 4.692420036214669382e-02 6.823069739127122224e-01
6.525576787237762355e-01 4.692420036214669382e-02 6.823069739127122224e-01
6.525576787237762355e-01 4.692420036214669382e-02 6.823069739127122224e-01
2.925115194709971278e-01 3.025369866542590991e-01 5.248358121578716728e-01
2.925115194709971278e-01 3.025369866542590991e-01 5.248358121578716728e-01
2.925115194709971278e-01 3.025369866542590991e-01 5.248358121578716728e-01
2.925115194709971278e-01 3.025369866542590991e-01 5.248358121578716728e-01
2.925115194709971278e-01 3.025369866542590991e-01 5.248358121578716728e-01
2.925115194709971278e-01 3.025369866542590991e-01 5.248358121578716728e-01
2.925115194709971278e-01 3.025369866542590991e-01 5.248358121578716728e-01
2.060508994165446972e-01 3.044515901725162177e-01 2.535298997917315722e-01
2.060508994165446972e-01 3.044515901725162177e-01 2.535298997917315722e-01
2.060508994165446972e-01 3.044515901725162177e-01 2.535298997917315722e-01
2.060508994165446972e-01 3.044515901725162177e-01 2.535298997917315722e-01
1.970364437126368717e-01 5.335333815072896835e-01 5.143794159552157463e-01
2.155067781878254596e-01 6.402882505441537253e-01 3.825459143060864764e-01
2.155067781878254596e-01 6.402882505441537253e-01 3.825459143060864764e-01
2.155067781878254596e-01 6.402882505441537253e-01 3.825459143060864764e-01
3.619898855382034375e-01 4.707777803262878091e-01 5.147911745907105541e-01
3.619898855382034375e-01 4.707777803262878091e-01 5.147911745907105541e-01
5.092411541339796344e-01 3.896278632228866723e-01 3.243255794866893860e-01
5.092411541339796344e-01 3.896278632228866723e-01 3.243255794866893860e-01
5.092411541339796344e-01 3.896278632228866723e-01 3.243255794866893860e-01
5.092411541339796344e-01 3.896278632228866723e-01 3.243255794866893860e-01
5.092411541339796344e-01 3.896278632228866723e-01 3.243255794866893860e-01
5.092411541339796344e-01 3.896278632228866723e-01 3.243255794866893860e-01
5.092411541339796344e-01 3.896278632228866723e-01 3.243255794866893860e-01
5.092411541339796344e-01 3.896278632228866723e-01 3.243255794866893860e-01
5.841976931007798468e-01 -3.689155543278999083e-02 6.020446457163777243e-01
9.052955382919813943e-01 -1.184361023345454622e-01 2.273204870233518915e-01
5.931868324486535560e-01 -2.399433457404186454e-01 1.429895476556870826e-01
5.931868324486535560e-01 -2.399433457404186454e-01 1.429895476556870826e-01
5.931868324486535560e-01 -2.399433457404186454e-01 1.429895476556870826e-01
7.623502499343410843e-01 -1.888924729848935335e-01 5.339029812893479887e-01
7.623502499343410843e-01 -1.888924729848935335e-01 5.339029812893479887e-01
7.623502499343410843e-01 -1.888924729848935335e-01 5.339029812893479887e-01
1.018519848841944242e+00 -5.630797194727187316e-01 1.577905943761002405e-01
1.018519848841944242e+00 -5.630797194727187316e-01 1.577905943761002405e-01
1.018519848841944242e+00 -5.630797194727187316e-01 1.577905943761002405e-01
9.160162952498944744e-01 -3.080597796097682695e-01 3.569555337629585767e-01
9.160162952498944744e-01 -3.080597796097682695e-01 3.569555337629585767e-01
9.160162952498944744e-01 -3.080597796097682695e-01 3.569555337629585767e-01
8.636873912936678943e-01 -1.564695797031405156e-01 3.822336103871697977e-01
8.636873912936678943e-01 -1.564695797031405156e-01 3.822336103871697977e-01
8.636873912936678943e-01 -1.564695797031405156e-01 3.822336103871697977e-01
8.723822854742042665e-01 -4.952699890485884326e-01 1.450366594202558701e-01
1.548440656696283613e+00 -8.143488741171414080e-01 2.517101493819138679e-03
1.234964390143179713e+00 -9.987510550286797795e-01 9.225289575229347894e-03
1.234964390143179713e+00 -9.987510550286797795e-01 9.225289575229347894e-03
1.234964390143179713e+00 -9.987510550286797795e-01 9.225289575229347894e-03
1.234964390143179713e+00 -9.987510550286797795e-01 9.225289575229347894e-03
1.409117969553730365e+00 -9.219245044681607659e-01 1.695572563520805418e-02
1.276778126970162797e+00 -6.967354315412362942e-01 5.004327618142598300e-02
1.276778126970162797e+00 -6.967354315412362942e-01 5.004327618142598300e-02
1.276778126970162797e+00 -6.967354315412362942e-01 5.004327618142598300e-02
1.276778126970162797e+00 -6.967354315412362942e-01 5.004327618142598300e-02
1.278811006899239100e+00 -7.940766720534734313e-01 4.394212591086323061e-02
1.278811006899239100e+00 -7.940766720534734313e-01 4.394212591086323061e-02
1.278811006899239100e+00 -7.940766720534734313e-01 4.394212591086323061e-02
1.278811006899239100e+00 -7.940766720534734313e-01 4.394212591086323061e-02
1.390604112607564113e+00 -7.870559823380696152e-01 2.013184852244309653e-02
1.390604112607564113e+00 -7.870559823380696152e-01 2.013184852244309653e-02
1.390604112607564113e+00 -7.870559823380696152e-01 2.013184852244309653e-02
1.390604112607564113e+00 -7.870559823380696152e-01 2.013184852244309653e-02
1.390604112607564113e+00 -7.870559823380696152e-01 2.013184852244309653e-02
1.442578950302812579e+00 -7.703782443085744891e-01 1.027071325049081982e-02
1.442578950302812579e+00 -7.703782443085744891e-01 1.027071325049081982e-02
1.442578950302812579e+00 -7.703782443085744891e-01 1.027071325049081982e-02
1.442578950302812579e+00 -7.703782443085744891e-01 1.027071325049081982e-02
1.309786691098029809e+00 -7.857107866343360225e-01 3.849433649635238680e-02
1.309786691098029809e+00 -7.857107866343360225e-01 3.849433649635238680e-02
1.279745172592194224e+00 -5.717941950803234752e-01 3.472584645487376137e-02
9.562487676556415961e-01 -6.270776272385606420e-01 7.553894218108958558e-02
9.592148855360940196e-01 -3.434383225595159517e-01 3.007754221249687721e-01
7.901744268445639596e-01 -2.346410764974253549e-01 4.804269893481031284e-01
7.901744268445639596e-01 -2.346410764974253549e-01 4.804269893481031284e-01
4.084320309131233562e-01 3.037962505418638770e-01 7.483559700014913441e-01
4.084320309131233562e-01 3.037962505418638770e-01 7.483559700014913441e-01
8.804203415098316166e-02 5.930841616203142985e-01 3.452582534362529376e-01
8.804203415098316166e-02 5.930841616203142985e-01 3.452582534362529376e-01
1.589654515038612936e-01 5.497140104297917329e-01 4.597854240906483203e-01
1.589654515038612936e-01 5.497140104297917329e-01 4.597854240906483203e-01
1.589654515038612936e-01 5.497140104297917329e-01 4.597854240906483203e-01
1.589654515038612936e-01 5.497140104297917329e-01 4.597854240906483203e-01
4.196022857642607296e-01 4.547444257672629830e-01 4.110522261771537567e-01
4.196022857642607296e-01 4.547444257672629830e-01 4.110522261771537567e-01
2.611228969414917112e-01 4.598422236915843397e-01 6.032242057688572690e-01
4.123063892417604404e-01 1.224602634358254449e-01 5.058266816518947051e-01
2.870540387393924475e-01 2.069812976731351117e-01 2.945529446013953612e-01
5.339051080425269991e-01 3.433316141794002796e-01 3.703523427227266573e-01
