2.489132485845457765e-01 1.481402749648903505e-01 7.668114634469448687e-02
2.277917292301349372e-01 1.671072995421263307e-02 1.156265988663984084e-02
2.277917292301349372e-01 1.671072995421263307e-02 1.156265988663984084e-02
5.617401846833469659e-01 -3.699004543191954930e-01 3.728392994001836214e-02
5.617401846833469659e-01 -3.699004543191954930e-01 3.728392994001836214e-02
7.656695067275705036e-01 -3.865849497170339988e-01 2.470411164000017590e-01
7.656695067275705036e-01 -3.865849497170339988e-01 2.470411164000017590e-01
5.084234552051956069e-01 7.293205061974494807e-02 6.517652658393157106e-01
3.240978208916508452e-01 -3.894745423061021783e-03 5.593379116515605903e-02
6.395898324740035834e-01 -4.076429660527220583e-02 6.820035822466714581e-01
6.395898324740035834e-01 -4.076429660527220583e-02 6.820035822466714581e-01
6.395898324740035834e-01 -4.076429660527220583e-02 6.820035822466714581e-01
6.395898324740035834e-01 -4.076429660527220583e-02 6.820035822466714581e-01
6.395898324740035834e-01 -4.076429660527220583e-02 6.820035822466714581e-01
6.395898324740035834e-01 -4.076429660527220583e-02 6.820035822466714581e-01
6.395898324740035834e-01 -4.076429660527220583e-02 6.820035822466714581e-01
6.395898324740035834e-01 -4.076429660527220583e-02 6.820035822466714581e-01
5.449533779862880678e-01 2.972924729526102428e-01 6.139936115669041294e-01
5.449533779862880678e-01 2.972924729526102428e-01 6.139936115669041294e-01
5.449533779862880678e-01 2.972924729526102428e-01 6.139936115669041294e-01
6.352451024844197880e-01 1.269847517023602601e-01 6.582246433972878119e-01
6.352451024844197880e-01 1.269847517023602601e-01 6.582246433972878119e-01
3.849645250368483040e-01 3.527775614864028797e-01 7.018629410003484059e-01
3.849645250368483040e-01 3.527775614864028797e-01 7.018629410003484059e-01
4.092386227416058841e-01 5.327631938814486601e-01 4.419240502776707324e-01
7.465343365446410751e-01 2.866670316452957223e-01 8.422173469527206857e-02
7.465343365446410751e-01 2.866670316452957223e-01 8.422173469527206857e-02
7.465343365446410751e-01 2.866670316452957223e-01 8.422173469527206857e-02
7.465343365446410751e-01 2.866670316452957223e-01 8.422173469527206857e-02
5.187747753856488675e-01 3.791825827286627870e-01 5.065767993125223079e-01
2.298873777595697443e-01 6.386173370764998136e-01 4.218686752452223687e-01
2.298873777595697443e-01 6.386173370764998136e-01 4.218686752452223687e-01
2.298873777595697443e-01 6.386173370764998136e-01 4.218686752452223687e-01
2.298873777595697443e-01 6.386173370764998136e-01 4.218686752452223687e-01
3.651089595775564023e-02 9.510582383818561025e-01 1.333005628123742903e-01
3.651089595775564023e-02 9.510582383818561025e-01 1.333005628123742903e-01
2.292297745687691124e-01 7.101837653832402397e-01 3.474802114868592029e-01
4.516020320611342509e-01 4.525038040378570603e-02 4.068992485009387816e-01
4.516020320611342509e-01 4.525038040378570603e-02 4.068992485009387816e-01
4.516020320611342509e-01 4.525038040378570603e-02 4.068992485009387816e-01
4.516020320611342509e-01 4.525038040378570603e-02 4.068992485009387816e-01
5.010953244965886677e-01 9.451860013150084616e-02 6.742555819726689936e-01
5.010953244965886677e-01 9.451860013150084616e-02 6.742555819726689936e-01
5.010953244965886677e-01 9.451860013150084616e-02 6.742555819726689936e-01
5.010953244965886677e-01 9.451860013150084616e-02 6.742555819726689936e-01
5.010953244965886677e-01 9.451860013150084616e-02 6.742555819726689936e-01
5.010953244965886677e-01 9.451860013150084616e-02 6.742555819726689936e-01
5.010953244965886677e-01 9.451860013150084616e-02 6.742555819726689936e-01
7.347800211136299442e-01 -1.371090074447580687e-01 5.746279777686794654e-01
6.772088672069662696e-01 1.048990894582895739e-01 5.607023589927870866e-01
6.772088672069662696e-01 1.048990894582895739e-01 5.607023589927870866e-01
6.772088672069662696e-01 1.048990894582895739e-01 5.607023589927870866e-01
6.772088672069662696e-01 1.048990894582895739e-01 5.607023589927870866e-01
6.772088672069662696e-01 1.048990894582895739e-01 5.607023589927870866e-01
6.675581898860235563e-01 4.281596197319510744e-02 6.693239281715651634e-01
6.675581898860235563e-01 4.281596197319510744e-02 6.693239281715651634e-01
6.675581898860235563e-01 4.281596197319510744e-02 6.693239281715651634e-01
6.675581898860235563e-01 4.281596197319510744e-02 6.693239281715651634e-01
6.675581898860235563e-01 4.281596197319510744e-02 6.693239281715651634e-01
6.675581898860235563e-01 4.281596197319510744e-02 6.693239281715651634e-01
6.595914185268794139e-01 8.275403179070478510e-02 6.487011389101191572e-01
6.595914185268794139e-01 8.275403179070478510e-02 6.487011389101191572e-01
6.595914185268794139e-01 8.275403179070478510e-02 6.487011389101191572e-01
6.595914185268794139e-01 8.275403179070478510e-02 6.487011389101191572e-01
6.595914185268794139e-01 8.275403179070478510e-02 6.487011389101191572e-01
6.595914185268794139e-01 8.275403179070478510e-02 6.487011389101191572e-01
5.102164884061577421e-01 3.737497701445256781e-02 5.804019593040233849e-01
4.900186023643997579e-01 3.488331142922505845e-02 5.106529463783768819e-01
4.900186023643997579e-01 3.488331142922505845e-02 5.106529463783768819e-01
4.900186023643997579e-01 3.488331142922505845e-02 5.106529463783768819e-01
4.900186023643997579e-01 3.488331142922505845e-02 5.106529463783768819e-01
4.900186023643997579e-01 3.488331142922505845e-02 5.106529463783768819e-01
4.900186023643997579e-01 3.488331142922505845e-02 5.106529463783768819e-01
9.162750483970647508e-01 -1.872361081552270101e-01 2.203983495650808644e-01
9.162750483970647508e-01 -1.872361081552270101e-01 2.203983495650808644e-01
9.162750483970647508e-01 -1.872361081552270101e-01 2.203983495650808644e-01
9.162750483970647508e-01 -1.872361081552270101e-01 2.203983495650808644e-01
9.937768793760560770e-01 -4.776295719811228802e-01 1.764480104648574466e-01
9.937768793760560770e-01 -4.776295719811228802e-01 1.764480104648574466e-01
9.937768793760560770e-01 -4.776295719811228802e-01 1.764480104648574466e-01
9.937768793760560770e-01 -4.776295719811228802e-01 1.764480104648574466e-01
9.937768793760560770e-01 -4.776295719811228802e-01 1.764480104648574466e-01
9.937768793760560770e-01 -4.776295719811228802e-01 1.764480104648574466e-01
7.853034803497972449e-01 -3.332251304364686195e-02 4.120738764975390156e-01
7.977452489754062182e-01 -2.993096413349470297e-01 3.983832639815134691e-01
1.044018108864920968e+00 -4.389877702405786675e-01 1.249181101104644420e-01
1.044018108864920968e+00 -4.389877702405786675e-01 1.249181101104644420e-01
9.185530481560528759e-01 -6.064155773239706670e-01 1.128640832108936815e-01
9.185530481560528759e-01 -6.064155773239706670e-01 1.128640832108936815e-01
9.185530481560528759e-01 -6.064155773239706670e-01 1.128640832108936815e-01
9.185530481560528759e-01 -6.064155773239706670e-01 1.128640832108936815e-01
8.774082394556876885e-01 -6.925377823165411728e-01 4.326276865537664190e-02
8.774082394556876885e-01 -6.925377823165411728e-01 4.326276865537664190e-02
8.774082394556876885e-01 -6.925377823165411728e-01 4.326276865537664190e-02
8.774082394556876885e-01 -6.925377823165411728e-01 4.326276865537664190e-02
6.478782850111546310e-01 -3.608512216953904117e-01 1.239149747373253785e-01
1.048763003846721276e+00 -6.086446948651356159e-01 1.098024399460599265e-01
1.048763003846721276e+00 -6.086446948651356159e-01 1.098024399460599265e-01
1.048763003846721276e+00 -6.086446948651356159e-01 1.098024399460599265e-01
9.784036730165893703e-01 -7.197626365832612283e-01 6.259007303306998726e-02
