2.489132485845457765e-01 1.481402749648903505e-01 6.069274821443128992e-02
2.489132485845457765e-01 1.481402749648903505e-01 6.069274821443128992e-02
3.123245707399714965e-01 5.132301395181786408e-01 4.073396117106069525e-01
4.469102374586698123e-01 4.969333143168156997e-01 4.277593805860519516e-01
4.469102374586698123e-01 4.969333143168156997e-01 4.277593805860519516e-01
4.344451904951555088e-01 1.060543629844873381e-01 4.498178367100524322e-01
4.344451904951555088e-01 1.060543629844873381e-01 4.498178367100524322e-01
4.344451904951555088e-01 1.060543629844873381e-01 4.498178367100524322e-01
3.911666096937800319e-01 2.212633547174156501e-01 4.867127429268320316e-01
3.911666096937800319e-01 2.212633547174156501e-01 4.867127429268320316e-01
3.911666096937800319e-01 2.212633547174156501e-01 4.867127429268320316e-01
3.911666096937800319e-01 2.212633547174156501e-01 4.867127429268320316e-01
4.435314180800657979e-01 3.717309447852537585e-01 6.345694486812150092e-01
2.748380725522914236e-01 1.694208835013457093e-01 1.070628714658795055e-01
2.748380725522914236e-01 1.694208835013457093e-01 1.070628714658795055e-01
2.748380725522914236e-01 1.694208835013457093e-01 1.070628714658795055e-01
2.748380725522914236e-01 1.694208835013457093e-01 1.070628714658795055e-01
4.569857172489044661e-01 3.726145801074028929e-01 6.311650103727618477e-01
4.569857172489044661e-01 3.726145801074028929e-01 6.311650103727618477e-01
4.569857172489044661e-01 3.726145801074028929e-01 6.311650103727618477e-01
4.569857172489044661e-01 3.726145801074028929e-01 6.311650103727618477e-01
4.569857172489044661e-01 3.726145801074028929e-01 6.311650103727618477e-01
4.569857172489044661e-01 3.726145801074028929e-01 6.311650103727618477e-01
2.226366736303645455e-01 1.432941449559090308e-01 3.681861888279248929e-02
1.977172931086612628e-02 7.250371944427433935e-01 3.647727926929951459e-02
2.847917001234883672e-01 7.971196558411942634e-01 1.361022986289911196e-01
2.847917001234883672e-01 7.971196558411942634e-01 1.361022986289911196e-01
2.542825347314312534e-01 7.663399414124886233e-01 1.691910208492214407e-01
2.542825347314312534e-01 7.663399414124886233e-01 1.691910208492214407e-01
2.790780682196046247e-01 4.195827237107700447e-01 3.311649896966405437e-01
2.790780682196046247e-01 4.195827237107700447e-01 3.311649896966405437e-01
2.790780682196046247e-01 4.195827237107700447e-01 3.311649896966405437e-01
2.790780682196046247e-01 4.195827237107700447e-01 3.311649896966405437e-01
2.790780682196046247e-01 4.195827237107700447e-01 3.311649896966405437e-01
2.790780682196046247e-01 4.195827237107700447e-01 3.311649896966405437e-01
2.790780682196046247e-01 4.195827237107700447e-01 3.311649896966405437e-01
4.905966249022959969e-01 1.662262755355166099e-01 7.147461798370016162e-01
4.905966249022959969e-01 1.662262755355166099e-01 7.147461798370016162e-01
4.905966249022959969e-01 1.662262755355166099e-01 7.147461798370016162e-01
4.905966249022959969e-01 1.662262755355166099e-01 7.147461798370016162e-01
4.905966249022959969e-01 1.662262755355166099e-01 7.147461798370016162e-01
4.905966249022959969e-01 1.662262755355166099e-01 7.147461798370016162e-01
3.935246361190062325e-01 3.522086217517461648e-01 5.921084960819265053e-01
4.171744602219683573e-01 2.833174447984725397e-01 6.273171492198154064e-01
4.171744602219683573e-01 2.833174447984725397e-01 6.273171492198154064e-01
4.171744602219683573e-01 2.833174447984725397e-01 6.273171492198154064e-01
4.171744602219683573e-01 2.833174447984725397e-01 6.273171492198154064e-01
4.171744602219683573e-01 2.833174447984725397e-01 6.273171492198154064e-01
4.171744602219683573e-01 2.833174447984725397e-01 6.273171492198154064e-01
4.171744602219683573e-01 2.833174447984725397e-01 6.273171492198154064e-01
4.171744602219683573e-01 2.833174447984725397e-01 6.273171492198154064e-01
4.171744602219683573e-01 2.833174447984725397e-01 6.273171492198154064e-01
3.291828939696234135e-01 4.896309522031353501e-01 4.430353380093938198e-01
3.291828939696234135e-01 4.896309522031353501e-01 4.430353380093938198e-01
4.942411379108273550e-01 6.732718857612897123e-01 8.995308948121556736e-02
4.942411379108273550e-01 6.732718857612897123e-01 8.995308948121556736e-02
4.942411379108273550e-01 6.732718857612897123e-01 8.995308948121556736e-02
4.942411379108273550e-01 6.732718857612897123e-01 8.995308948121556736e-02
5.659043401644594518e-01 4.673932976861000510e-01 2.404802439675859660e-01
5.659043401644594518e-01 4.673932976861000510e-01 2.404802439675859660e-01
3.803364530044727188e-01 1.510938684576786928e-01 3.437405103774032744e-01
3.803364530044727188e-01 1.510938684576786928e-01 3.437405103774032744e-01
3.803364530044727188e-01 1.510938684576786928e-01 3.437405103774032744e-01
3.803364530044727188e-01 1.510938684576786928e-01 3.437405103774032744e-01
5.344851177811934528e-01 1.479564097865078420e-01 7.702646957141585649e-01
5.344851177811934528e-01 1.479564097865078420e-01 7.702646957141585649e-01
4.630079163801225084e-01 2.622002472988601562e-01 7.113190192986580396e-01
4.630079163801225084e-01 2.622002472988601562e-01 7.113190192986580396e-01
4.630079163801225084e-01 2.622002472988601562e-01 7.113190192986580396e-01
4.630079163801225084e-01 2.622002472988601562e-01 7.113190192986580396e-01
4.630079163801225084e-01 2.622002472988601562e-01 7.113190192986580396e-01
4.630079163801225084e-01 2.622002472988601562e-01 7.113190192986580396e-01
4.630079163801225084e-01 2.622002472988601562e-01 7.113190192986580396e-01
5.543448611172330232e-01 1.729424986834392497e-01 7.740953262307882499e-01
5.543448611172330232e-01 1.729424986834392497e-01 7.740953262307882499e-01
5.543448611172330232e-01 1.729424986834392497e-01 7.740953262307882499e-01
5.543448611172330232e-01 1.729424986834392497e-01 7.740953262307882499e-01
3.414987353150344962e-01 -1.686023367811650964e-03 7.599341721509260406e-02
3.414987353150344962e-01 -1.686023367811650964e-03 7.599341721509260406e-02
1.954117485145888400e-01 2.424339141368843931e-01 5.171156333731030674e-02
1.954117485145888400e-01 2.424339141368843931e-01 5.171156333731030674e-02
1.954117485145888400e-01 2.424339141368843931e-01 5.171156333731030674e-02
3.822734309856464785e-01 -1.002731477289830753e-01 5.793375576047184172e-02
6.929977786263250561e-01 1.422230663423831032e-01 4.753695243138745252e-01
6.929977786263250561e-01 1.422230663423831032e-01 4.753695243138745252e-01
6.929977786263250561e-01 1.422230663423831032e-01 4.753695243138745252e-01
6.929977786263250561e-01 1.422230663423831032e-01 4.753695243138745252e-01
6.929977786263250561e-01 1.422230663423831032e-01 4.753695243138745252e-01
6.929977786263250561e-01 1.422230663423831032e-01 4.753695243138745252e-01
5.482506985779638242e-01 1.526026938162074187e-01 7.787384981024354502e-01
5.482506985779638242e-01 1.526026938162074187e-01 7.787384981024354502e-01
5.482506985779638242e-01 1.526026938162074187e-01 7.787384981024354502e-01
4.435217404848914580e-01 1.130601089817019900e-01 4.941121732789626741e-01
2.904617794908681550e-01 3.132186820554763718e-01 2.776985253235392803e-01
5.149469446583034848e-01 3.564599805241837061e-01 5.870310170621497736e-01
5.149469446583034848e-01 3.564599805241837061e-01 5.870310170621497736e-01
5.149469446583034848e-01 3.564599805241837061e-01 5.870310170621497736e-01
5.149469446583034848e-01 3.564599805241837061e-01 5.870310170621497736e-01
5.149469446583034848e-01 3.564599805241837061e-01 5.870310170621497736e-01
5.149469446583034848e-01 3.564599805241837061e-01 5.870310170621497736e-01
