2.489132485845457765e-01 1.481402749648903505e-01 6.820843583450485192e-02
2.489132485845457765e-01 1.481402749648903505e-01 6.820843583450485192e-02
2.489132485845457765e-01 1.481402749648903505e-01 6.820843583450485192e-02
2.489132485845457765e-01 1.481402749648903505e-01 6.820843583450485192e-02
2.489132485845457765e-01 1.481402749648903505e-01 6.820843583450485192e-02
2.489132485845457765e-01 1.481402749648903505e-01 6.820843583450485192e-02
2.489132485845457765e-01 1.481402749648903505e-01 6.820843583450485192e-02
2.489132485845457765e-01 1.481402749648903505e-01 6.820843583450485192e-02
8.863307276122083245e-01 -1.699204619406490813e-01 2.522281084245703298e-01
8.863307276122083245e-01 -1.699204619406490813e-01 2.522281084245703298e-01
8.863307276122083245e-01 -1.699204619406490813e-01 2.522281084245703298e-01
6.593340862732179897e-01 -3.487092896189022406e-01 1.686004739650026896e-01
4.910112225761917304e-01 -7.270757392254800777e-02 2.810550022401015480e-01
4.910112225761917304e-01 -7.270757392254800777e-02 2.810550022401015480e-01
5.701524660964010227e-01 1.669962716745240217e-01 7.665822660866583593e-01
5.544196193484719482e-01 1.706813493473357812e-01 7.807433545642734618e-01
5.544196193484719482e-01 1.706813493473357812e-01 7.807433545642734618e-01
5.544196193484719482e-01 1.706813493473357812e-01 7.807433545642734618e-01
5.295737371500659485e-01 -1.805499028699350528e-02 5.125477733554879567e-01
5.295737371500659485e-01 -1.805499028699350528e-02 5.125477733554879567e-01
5.295737371500659485e-01 -1.805499028699350528e-02 5.125477733554879567e-01
5.295737371500659485e-01 -1.805499028699350528e-02 5.125477733554879567e-01
5.295737371500659485e-01 -1.805499028699350528e-02 5.125477733554879567e-01
3.013768335671761500e-01 8.281335772722761557e-03 4.309642857250069875e-02
5.523916757325939564e-01 -4.497280876384250892e-01 1.458278856780655108e-02
5.523916757325939564e-01 -4.497280876384250892e-01 1.458278856780655108e-02
5.523916757325939564e-01 -4.497280876384250892e-01 1.458278856780655108e-02
7.096590507802896797e-01 -2.918202849571622237e-01 3.362013676321478073e-01
8.912585409176249085e-01 -2.135299626082285407e-01 2.661727031979204128e-01
6.052589257487652752e-01 4.785320980925511503e-02 7.523458594029474034e-01
6.052589257487652752e-01 4.785320980925511503e-02 7.523458594029474034e-01
3.800902818494966695e-01 2.408081335093061603e-01 5.249508059599037324e-01
8.680384025312076757e-02 2.078234350677713449e-01 5.116036390363051800e-03
8.680384025312076757e-02 2.078234350677713449e-01 5.116036390363051800e-03
1.656306554129660658e-01 6.131079577908560285e-01 2.442058790736739149e-01
1.656306554129660658e-01 6.131079577908560285e-01 2.442058790736739149e-01
1.656306554129660658e-01 6.131079577908560285e-01 2.442058790736739149e-01
6.734071160730127348e-01 3.312975930698537907e-01 1.861268072683027186e-01
6.734071160730127348e-01 3.312975930698537907e-01 1.861268072683027186e-01
7.576036136942384536e-01 2.464415314870979090e-01 1.199233306782150343e-01
7.576036136942384536e-01 2.464415314870979090e-01 1.199233306782150343e-01
6.187840531614768880e-01 7.966202125459481698e-02 7.458905497451057132e-01
6.187840531614768880e-01 7.966202125459481698e-02 7.458905497451057132e-01
6.187840531614768880e-01 7.966202125459481698e-02 7.458905497451057132e-01
4.848170175931652004e-01 1.605440391672264266e-01 7.202448362519853209e-01
4.848170175931652004e-01 1.605440391672264266e-01 7.202448362519853209e-01
4.848170175931652004e-01 1.605440391672264266e-01 7.202448362519853209e-01
4.884365034717962906e-01 7.417172887928396019e-01 4.229898882797530901e-02
2.900060540829684785e-01 8.471049949871107820e-01 1.139563243174715051e-01
2.900060540829684785e-01 8.471049949871107820e-01 1.139563243174715051e-01
2.900060540829684785e-01 8.471049949871107820e-01 1.139563243174715051e-01
2.900060540829684785e-01 8.471049949871107820e-01 1.139563243174715051e-01
2.900060540829684785e-01 8.471049949871107820e-01 1.139563243174715051e-01
2.900060540829684785e-01 8.471049949871107820e-01 1.139563243174715051e-01
7.877479380198421088e-02 6.361200771165798074e-01 1.133355925185704632e-01
4.780533435898193240e-01 2.907072545730315372e-01 7.454938526033185742e-01
6.124493761605400710e-01 1.177960494212839659e-01 7.354165924296379719e-01
6.124493761605400710e-01 1.177960494212839659e-01 7.354165924296379719e-01
4.864742859641379980e-01 1.912930824526092310e-01 7.534469743101105399e-01
4.864742859641379980e-01 1.912930824526092310e-01 7.534469743101105399e-01
4.864742859641379980e-01 1.912930824526092310e-01 7.534469743101105399e-01
3.816595590648974579e-01 5.163420602580628405e-01 5.059377402186894246e-01
3.816595590648974579e-01 5.163420602580628405e-01 5.059377402186894246e-01
1.649260870905852605e-01 8.501577798746365877e-01 1.608614158509870107e-01
1.649260870905852605e-01 8.501577798746365877e-01 1.608614158509870107e-01
1.649260870905852605e-01 8.501577798746365877e-01 1.608614158509870107e-01
1.649260870905852605e-01 8.501577798746365877e-01 1.608614158509870107e-01
3.599499860897055203e-01 7.452395531963506015e-01 1.586265678197356366e-01
5.197842437895200396e-01 3.509781651294581195e-01 5.894054150537401116e-01
5.197842437895200396e-01 3.509781651294581195e-01 5.894054150537401116e-01
2.338932842328725892e-01 4.314363961004659132e-01 2.996112981116661467e-01
2.338932842328725892e-01 4.314363961004659132e-01 2.996112981116661467e-01
2.338932842328725892e-01 4.314363961004659132e-01 2.996112981116661467e-01
2.338932842328725892e-01 4.314363961004659132e-01 2.996112981116661467e-01
3.907950923817388733e-01 3.532141468087204306e-01 6.552506090938120531e-01
2.095873061806705351e-01 4.222837420390333496e-01 2.295327030983078664e-01
2.095873061806705351e-01 4.222837420390333496e-01 2.295327030983078664e-01
4.127333715403605496e-02 5.965416349466895474e-01 5.976505253793154560e-02
2.034674128534830484e-01 8.851425966341694984e-01 1.279049421877109238e-01
2.034674128534830484e-01 8.851425966341694984e-01 1.279049421877109238e-01
3.177275340171895612e-01 6.142714561042375010e-01 3.941302882754486592e-01
3.177275340171895612e-01 6.142714561042375010e-01 3.941302882754486592e-01
3.177275340171895612e-01 6.142714561042375010e-01 3.941302882754486592e-01
3.177275340171895612e-01 6.142714561042375010e-01 3.941302882754486592e-01
3.177275340171895612e-01 6.142714561042375010e-01 3.941302882754486592e-01
3.177275340171895612e-01 6.142714561042375010e-01 3.941302882754486592e-01
3.177275340171895612e-01 6.142714561042375010e-01 3.941302882754486592e-01
3.168863994984009724e-01 5.776279053605213321e-01 4.424691061740397280e-01
3.168863994984009724e-01 5.776279053605213321e-01 4.424691061740397280e-01
3.168863994984009724e-01 5.776279053605213321e-01 4.424691061740397280e-01
3.168863994984009724e-01 5.776279053605213321e-01 4.424691061740397280e-01
3.168863994984009724e-01 5.776279053605213321e-01 4.424691061740397280e-01
3.168863994984009724e-01 5.776279053605213321e-01 4.424691061740397280e-01
4.460455764897316433e-01 3.526816459439300888e-01 6.977181424373808394e-01
4.460455764897316433e-01 3.526816459439300888e-01 6.977181424373808394e-01
4.460455764897316433e-01 3.526816459439300888e-01 6.977181424373808394e-01
5.136694388279156032e-01 1.855774067034575980e-01 7.815010199057336182e-01
5.136694388279156032e-01 1.855774067034575980e-01 7.815010199057336182e-01
3.338268514466728454e-01 2.717191061361834414e-01 4.146548207252200302e-01
3.338268514466728454e-01 2.717191061361834414e-01 4.146548207252200302e-01
