2.489132485845457765e-01 1.481402749648903505e-01 6.769577541112879737e-02
1.244692111213251406e-01 4.070419321669186408e-01 9.238375847163309007e-02
3.543154067804023533e-01 6.601322114153671539e-01 2.916882476494779830e-01
3.964623738619081905e-01 5.814582107458580174e-01 3.678242879259968623e-01
3.964623738619081905e-01 5.814582107458580174e-01 3.678242879259968623e-01
1.084914916673127561e-01 5.435098922981773661e-01 1.666965887794755186e-01
1.084914916673127561e-01 5.435098922981773661e-01 1.666965887794755186e-01
1.084914916673127561e-01 5.435098922981773661e-01 1.666965887794755186e-01
3.305685663147234776e-01 3.393913458619298718e-01 5.192718575758912269e-01
7.571481232399241978e-01 -1.641341349662486238e-01 5.903040344872729772e-01
6.474728638539932746e-01 -2.754941971434677894e-01 2.286232641910252161e-01
6.474728638539932746e-01 -2.754941971434677894e-01 2.286232641910252161e-01
7.729096724601766111e-01 -4.444794776525312630e-01 1.694520710022731913e-01
7.729096724601766111e-01 -4.444794776525312630e-01 1.694520710022731913e-01
7.729096724601766111e-01 -4.444794776525312630e-01 1.694520710022731913e-01
7.729096724601766111e-01 -4.444794776525312630e-01 1.694520710022731913e-01
9.105773821343581265e-01 -1.290519178277532708e-01 2.635047322721615348e-01
7.878193569578094690e-01 -2.037958029356353729e-01 5.453512095267750714e-01
7.878193569578094690e-01 -2.037958029356353729e-01 5.453512095267750714e-01
7.878193569578094690e-01 -2.037958029356353729e-01 5.453512095267750714e-01
8.654780407764857131e-01 -3.423594548472493893e-01 3.937094969061485372e-01
9.341283639920583415e-01 -7.324188771358952632e-02 1.528088378029027472e-01
9.341283639920583415e-01 -7.324188771358952632e-02 1.528088378029027472e-01
9.341283639920583415e-01 -7.324188771358952632e-02 1.528088378029027472e-01
9.341283639920583415e-01 -7.324188771358952632e-02 1.528088378029027472e-01
9.341283639920583415e-01 -7.324188771358952632e-02 1.528088378029027472e-01
4.397605240800606108e-01 4.303690453115212033e-01 5.952646110369113064e-01
4.397605240800606108e-01 4.303690453115212033e-01 5.952646110369113064e-01
4.397605240800606108e-01 4.303690453115212033e-01 5.952646110369113064e-01
4.397605240800606108e-01 4.303690453115212033e-01 5.952646110369113064e-01
4.397605240800606108e-01 4.303690453115212033e-01 5.952646110369113064e-01
4.127626726814761504e-01 4.656244957687669106e-01 5.702828449465312532e-01
7.960063314888986552e-01 1.240837356328219898e-01 2.199698616014879871e-01
7.960063314888986552e-01 1.240837356328219898e-01 2.199698616014879871e-01
7.312129162854942299e-01 -1.068757234086213093e-01 6.435983762548704856e-01
8.350682164244183081e-01 -2.232571457039330687e-01 4.927584351011865538e-01
7.676935526741761606e-01 -1.385301495080470402e-01 5.984113474602782423e-01
7.676935526741761606e-01 -1.385301495080470402e-01 5.984113474602782423e-01
7.676935526741761606e-01 -1.385301495080470402e-01 5.984113474602782423e-01
7.676935526741761606e-01 -1.385301495080470402e-01 5.984113474602782423e-01
7.676935526741761606e-01 -1.385301495080470402e-01 5.984113474602782423e-01
5.231281802245831836e-01 1.070580079907056115e-01 7.118003869315272514e-01
5.504135894851915900e-01 2.611031368911137518e-01 6.949034571003845917e-01
1.186114360891620811e-01 5.979462571344986710e-01 2.231068614129916305e-01
1.186114360891620811e-01 5.979462571344986710e-01 2.231068614129916305e-01
2.643132253836280032e-01 3.453333727713341905e-01 3.258307408090208024e-01
2.643132253836280032e-01 3.453333727713341905e-01 3.258307408090208024e-01
2.643132253836280032e-01 3.453333727713341905e-01 3.258307408090208024e-01
3.951674939793392571e-01 1.694652936144843969e-01 4.404976187597927084e-01
2.769032536151531110e-01 3.275968841225823103e-01 3.371696083803695787e-01
4.659284353180187521e-02 6.679439354395964035e-01 1.406108262121205932e-01
4.659284353180187521e-02 6.679439354395964035e-01 1.406108262121205932e-01
4.126809262755340435e-03 8.653332381494642789e-01 1.346284878410263230e-01
4.126809262755340435e-03 8.653332381494642789e-01 1.346284878410263230e-01
1.040856545560952806e-01 8.824139166669757728e-01 1.814283706054444223e-01
1.040856545560952806e-01 8.824139166669757728e-01 1.814283706054444223e-01
3.493337347395986114e-01 6.172567582619560289e-01 3.775173030433801591e-01
3.493337347395986114e-01 6.172567582619560289e-01 3.775173030433801591e-01
3.493337347395986114e-01 6.172567582619560289e-01 3.775173030433801591e-01
3.493337347395986114e-01 6.172567582619560289e-01 3.775173030433801591e-01
3.493337347395986114e-01 6.172567582619560289e-01 3.775173030433801591e-01
3.813205884848825944e-01 3.261525481261978721e-01 6.415423104325468362e-01
3.813205884848825944e-01 3.261525481261978721e-01 6.415423104325468362e-01
3.813205884848825944e-01 3.261525481261978721e-01 6.415423104325468362e-01
3.813205884848825944e-01 3.261525481261978721e-01 6.415423104325468362e-01
5.791076102221694999e-01 1.365715686778112559e-01 7.818307609898685895e-01
5.705524271903759104e-01 -4.589055643403974760e-02 5.282938931019772744e-01
5.705524271903759104e-01 -4.589055643403974760e-02 5.282938931019772744e-01
5.705524271903759104e-01 -4.589055643403974760e-02 5.282938931019772744e-01
5.705524271903759104e-01 -4.589055643403974760e-02 5.282938931019772744e-01
5.705524271903759104e-01 -4.589055643403974760e-02 5.282938931019772744e-01
5.705524271903759104e-01 -4.589055643403974760e-02 5.282938931019772744e-01
5.705524271903759104e-01 -4.589055643403974760e-02 5.282938931019772744e-01
7.788670925826786107e-01 2.301217694614574316e-01 1.200038189502774660e-01
7.213269295880183618e-01 3.814409405992079671e-01 6.413865153010779585e-02
7.213269295880183618e-01 3.814409405992079671e-01 6.413865153010779585e-02
7.313236650664550753e-01 1.699917816403449800e-01 3.242764761440798393e-01
5.780966016014423836e-01 1.043636816407089718e-02 6.680581427252674231e-01
1.008167099249382304e+00 -1.673055171254690943e-01 1.063239192584226750e-01
1.150343705562259178e+00 -3.073898754907665731e-01 3.371189952914830507e-02
1.153755896610669129e+00 -1.307421815577061441e-01 5.986406006916300537e-03
9.430985894713405093e-01 -5.710499877643717692e-01 1.696952050416174473e-01
9.430985894713405093e-01 -5.710499877643717692e-01 1.696952050416174473e-01
9.140845395415103658e-01 -2.372787072884772752e-01 3.494815970897272028e-01
5.778957111174796157e-01 5.453389503584410436e-02 7.374413460471982429e-01
5.778957111174796157e-01 5.453389503584410436e-02 7.374413460471982429e-01
5.778957111174796157e-01 5.453389503584410436e-02 7.374413460471982429e-01
5.778957111174796157e-01 5.453389503584410436e-02 7.374413460471982429e-01
5.397199379983560474e-01 -9.786286616892961310e-02 3.200170804928965662e-01
7.509079755372801701e-01 -6.102174235978966021e-02 6.178224867078989657e-01
7.509079755372801701e-01 -6.102174235978966021e-02 6.178224867078989657e-01
7.509079755372801701e-01 -6.102174235978966021e-02 6.178224867078989657e-01
7.509079755372801701e-01 -6.102174235978966021e-02 6.178224867078989657e-01
5.201236830948818834e-01 -9.865335745294497027e-02 2.662999157659977079e-01
5.201236830948818834e-01 -9.865335745294497027e-02 2.662999157659977079e-01
5.201236830948818834e-01 -9.865335745294497027e-02 2.662999157659977079e-01
5.201236830948818834e-01 -9.865335745294497027e-02 2.662999157659977079e-01
5.201236830948818834e-01 -9.865335745294497027e-02 2.662999157659977079e-01
5.201236830948818834e-01 -9.865335745294497027e-02 2.662999157659977079e-01
5.201236830948818834e-01 -9.865335745294497027e-02 2.662999157659977079e-01
