2.489132485845457765e-01 1.481402749648903505e-01 5.758719201492603496e-02
4.599070047562956454e-01 2.491273930344780618e-01 6.953697375848388873e-01
4.599070047562956454e-01 2.491273930344780618e-01 6.953697375848388873e-01
4.599070047562956454e-01 2.491273930344780618e-01 6.953697375848388873e-01
8.013462824677379803e-01 -1.807177395123731323e-01 5.997215102844515311e-01
8.013462824677379803e-01 -1.807177395123731323e-01 5.997215102844515311e-01
8.013462824677379803e-01 -1.807177395123731323e-01 5.997215102844515311e-01
8.013462824677379803e-01 -1.807177395123731323e-01 5.997215102844515311e-01
8.013462824677379803e-01 -1.807177395123731323e-01 5.997215102844515311e-01
8.013462824677379803e-01 -1.807177395123731323e-01 5.997215102844515311e-01
8.086533237236036564e-01 -4.078344722602730843e-02 5.466555133447493775e-01
5.761360038639997683e-01 -2.112158623233215127e-01 1.582712632280232623e-01
3.670232261734061030e-01 1.162535237533640631e-01 2.130287302364703983e-01
4.999019422171110394e-01 4.959036875449331916e-01 3.461471597520270893e-01
7.072536741606991750e-01 1.766611851465940131e-01 4.725794953170681656e-01
7.072536741606991750e-01 1.766611851465940131e-01 4.725794953170681656e-01
7.072536741606991750e-01 1.766611851465940131e-01 4.725794953170681656e-01
7.359978687217594295e-01 1.348770619476913069e-01 4.679024515817299945e-01
7.359978687217594295e-01 1.348770619476913069e-01 4.679024515817299945e-01
7.359978687217594295e-01 1.348770619476913069e-01 4.679024515817299945e-01
7.359978687217594295e-01 1.348770619476913069e-01 4.679024515817299945e-01
4.198146930404796362e-01 -2.923027779369028467e-01 4.917770234992232398e-03
4.198146930404796362e-01 -2.923027779369028467e-01 4.917770234992232398e-03
5.674897098094912051e-01 -7.606565726582092957e-01 2.527894329839272308e-05
5.333460706542205720e-01 -7.491887682665715475e-01 1.238940255024996414e-05
8.593742610189374354e-01 -8.749558148662248680e-01 2.087139248736862279e-03
8.593742610189374354e-01 -8.749558148662248680e-01 2.087139248736862279e-03
8.593742610189374354e-01 -8.749558148662248680e-01 2.087139248736862279e-03
8.593742610189374354e-01 -8.749558148662248680e-01 2.087139248736862279e-03
7.161230523504902301e-01 -5.840961049386407256e-01 1.547141245064927347e-02
7.161230523504902301e-01 -5.840961049386407256e-01 1.547141245064927347e-02
7.161230523504902301e-01 -5.840961049386407256e-01 1.547141245064927347e-02
6.127969640606507618e-01 -7.843475808898936474e-02 5.147290125462631316e-01
7.880228700488086657e-01 -6.564683080804302462e-02 6.224556603805284638e-01
5.995817676194737933e-01 1.083991860042026328e-01 7.758700871921396791e-01
5.995817676194737933e-01 1.083991860042026328e-01 7.758700871921396791e-01
4.023936654692445991e-01 1.079018957137017620e-01 2.905112357270650536e-01
4.023936654692445991e-01 1.079018957137017620e-01 2.905112357270650536e-01
4.023936654692445991e-01 1.079018957137017620e-01 2.905112357270650536e-01
4.023936654692445991e-01 1.079018957137017620e-01 2.905112357270650536e-01
4.023936654692445991e-01 1.079018957137017620e-01 2.905112357270650536e-01
4.410673534095232995e-01 2.770899540904559477e-01 6.801685450106284003e-01
4.410673534095232995e-01 2.770899540904559477e-01 6.801685450106284003e-01
4.410673534095232995e-01 2.770899540904559477e-01 6.801685450106284003e-01
4.410673534095232995e-01 2.770899540904559477e-01 6.801685450106284003e-01
4.410673534095232995e-01 2.770899540904559477e-01 6.801685450106284003e-01
4.410673534095232995e-01 2.770899540904559477e-01 6.801685450106284003e-01
4.410673534095232995e-01 2.770899540904559477e-01 6.801685450106284003e-01
4.410673534095232995e-01 2.770899540904559477e-01 6.801685450106284003e-01
2.643522531803194076e-01 3.557483478222956408e-01 3.050637958284087570e-01
3.376661021385701789e-01 4.203285899323644381e-01 5.567872867988090668e-01
4.033518269206599616e-01 2.591821975654312049e-01 5.690533175833950574e-01
5.347790647633793304e-01 -4.989340373457606947e-03 4.555590157025198317e-01
5.347790647633793304e-01 -4.989340373457606947e-03 4.555590157025198317e-01
5.347790647633793304e-01 -4.989340373457606947e-03 4.555590157025198317e-01
5.347790647633793304e-01 -4.989340373457606947e-03 4.555590157025198317e-01
5.347790647633793304e-01 -4.989340373457606947e-03 4.555590157025198317e-01
6.395802115187034786e-01 -1.263104221570698071e-01 4.758833080679176764e-01
6.395802115187034786e-01 -1.263104221570698071e-01 4.758833080679176764e-01
6.395802115187034786e-01 -1.263104221570698071e-01 4.758833080679176764e-01
6.395802115187034786e-01 -1.263104221570698071e-01 4.758833080679176764e-01
5.208116769238493315e-01 -5.594949117050436460e-02 3.029051458789937534e-01
7.507050759471589618e-01 -2.717776612180054507e-01 4.059759690486654526e-01
7.507050759471589618e-01 -2.717776612180054507e-01 4.059759690486654526e-01
1.074416533121946404e+00 -3.685245995568178778e-01 2.113891156910406299e-01
9.730974942434169606e-01 -1.365559109196899656e-01 2.241245862169083947e-01
6.902313739539119863e-01 -2.662920645318851420e-01 2.929857651685477404e-01
7.142922274209317912e-01 1.815516697954231429e-01 4.393634626840675073e-01
7.142922274209317912e-01 1.815516697954231429e-01 4.393634626840675073e-01
9.026121305491057178e-01 -2.199587061205350857e-01 4.681733824522922305e-01
9.026121305491057178e-01 -2.199587061205350857e-01 4.681733824522922305e-01
9.026121305491057178e-01 -2.199587061205350857e-01 4.681733824522922305e-01
9.026121305491057178e-01 -2.199587061205350857e-01 4.681733824522922305e-01
9.026121305491057178e-01 -2.199587061205350857e-01 4.681733824522922305e-01
9.026121305491057178e-01 -2.199587061205350857e-01 4.681733824522922305e-01
9.026121305491057178e-01 -2.199587061205350857e-01 4.681733824522922305e-01
9.026121305491057178e-01 -2.199587061205350857e-01 4.681733824522922305e-01
9.026121305491057178e-01 -2.199587061205350857e-01 4.681733824522922305e-01
9.026121305491057178e-01 -2.199587061205350857e-01 4.681733824522922305e-01
6.756994639419497961e-01 -3.097405957383188579e-01 1.879149177623557487e-01
8.084049808657750580e-01 -8.464704714923210194e-02 5.919249563222277466e-01
7.352115881620475690e-01 -1.341216346009655724e-01 6.362805529465169752e-01
7.352115881620475690e-01 -1.341216346009655724e-01 6.362805529465169752e-01
7.352115881620475690e-01 -1.341216346009655724e-01 6.362805529465169752e-01
7.352115881620475690e-01 -1.341216346009655724e-01 6.362805529465169752e-01
6.383022339694567338e-01 -1.113250114732708684e-01 5.069130136204340609e-01
6.383022339694567338e-01 -1.113250114732708684e-01 5.069130136204340609e-01
6.383022339694567338e-01 -1.113250114732708684e-01 5.069130136204340609e-01
4.757021364592386448e-01 -7.931544653813288326e-02 1.586537159420676191e-01
7.140942672923312751e-01 -1.179818169087888668e-02 7.194525909170407241e-01
7.140942672923312751e-01 -1.179818169087888668e-02 7.194525909170407241e-01
7.140942672923312751e-01 -1.179818169087888668e-02 7.194525909170407241e-01
7.140942672923312751e-01 -1.179818169087888668e-02 7.194525909170407241e-01
7.140942672923312751e-01 -1.179818169087888668e-02 7.194525909170407241e-01
5.328439069472201695e-01 3.720508395303358251e-02 5.451600540978612797e-01
8.151823233922967926e-01 1.088600403611732562e-02 4.489175374678014974e-01
8.208389796906940816e-01 6.160954802311578715e-02 3.421558125004594553e-01
4.609395223077574211e-01 2.295079137055483498e-01 6.797335122408439956e-01
4.609395223077574211e-01 2.295079137055483498e-01 6.797335122408439956e-01
4.609395223077574211e-01 2.295079137055483498e-01 6.797335122408439956e-01
