2.489132485845457765e-01 1.481402749648903505e-01 4.435201195415135189e-02
9.124461331508582074e-02 4.384580345787235656e-01 4.265653833616404877e-02
9.124461331508582074e-02 4.384580345787235656e-01 4.265653833616404877e-02
9.124461331508582074e-02 4.384580345787235656e-01 4.265653833616404877e-02
9.124461331508582074e-02 4.384580345787235656e-01 4.265653833616404877e-02
4.174020762565721632e-01 9.836194521749475062e-02 2.610195448782610672e-01
4.174020762565721632e-01 9.836194521749475062e-02 2.610195448782610672e-01
2.808900765319398696e-01 2.742530434529613093e-01 1.749284195022319521e-01
3.877862679071300556e-01 3.067416408442118492e-01 4.744793495418157536e-01
3.877862679071300556e-01 3.067416408442118492e-01 4.744793495418157536e-01
3.877862679071300556e-01 3.067416408442118492e-01 4.744793495418157536e-01
9.166500765979150867e-01 -1.616202965231761657e-01 4.534839554011895757e-01
9.166500765979150867e-01 -1.616202965231761657e-01 4.534839554011895757e-01
9.166500765979150867e-01 -1.616202965231761657e-01 4.534839554011895757e-01
9.166500765979150867e-01 -1.616202965231761657e-01 4.534839554011895757e-01
9.166500765979150867e-01 -1.616202965231761657e-01 4.534839554011895757e-01
8.321432923534890502e-01 1.129783768243339814e-01 2.947604700037302905e-01
8.321432923534890502e-01 1.129783768243339814e-01 2.947604700037302905e-01
7.194833357735361812e-01 5.675314784248129685e-02 6.963506982590277339e-01
7.194833357735361812e-01 5.675314784248129685e-02 6.963506982590277339e-01
7.194833357735361812e-01 5.675314784248129685e-02 6.963506982590277339e-01
1.008487727221629715e+00 -3.384264363557101252e-01 3.500913708853680695e-01
1.008487727221629715e+00 -3.384264363557101252e-01 3.500913708853680695e-01
9.348941239428918415e-01 -6.143650660582510303e-01 1.219504618739876839e-01
9.348941239428918415e-01 -6.143650660582510303e-01 1.219504618739876839e-01
8.939093840000682523e-01 -5.191827402620512455e-01 1.919438625007093835e-01
9.577533647849609810e-01 -3.455144193250265783e-01 4.165733429474402505e-01
9.577533647849609810e-01 -3.455144193250265783e-01 4.165733429474402505e-01
9.577533647849609810e-01 -3.455144193250265783e-01 4.165733429474402505e-01
6.924693730116808776e-01 9.846724559021724499e-02 7.005898099894383169e-01
7.665613152507094741e-01 1.590356375449849535e-01 3.967507977712056988e-01
7.095855982532033313e-01 2.599176661493314833e-01 3.567750949107432734e-01
7.044275942311699623e-01 2.679202053101132908e-01 3.546169963338575704e-01
8.096276655426881685e-01 2.135634661168127613e-01 1.911966959589704307e-01
8.096276655426881685e-01 2.135634661168127613e-01 1.911966959589704307e-01
8.096276655426881685e-01 2.135634661168127613e-01 1.911966959589704307e-01
7.046871967340149201e-01 -6.491417589005626931e-02 6.900698831307154890e-01
5.804320327613190500e-01 3.815509412929536937e-01 4.316025458989917740e-01
5.052457421881936250e-01 2.098062918670041410e-01 6.611460574894195696e-01
5.052457421881936250e-01 2.098062918670041410e-01 6.611460574894195696e-01
5.052457421881936250e-01 2.098062918670041410e-01 6.611460574894195696e-01
7.552343149383885512e-01 -5.000647780644887352e-02 7.005734498539488708e-01
7.552343149383885512e-01 -5.000647780644887352e-02 7.005734498539488708e-01
7.552343149383885512e-01 -5.000647780644887352e-02 7.005734498539488708e-01
6.750525318683757714e-01 1.325412984905099956e-01 6.905410562886125092e-01
5.757598185963616055e-01 -5.479804266948945513e-02 4.209190619566762215e-01
6.208599763447619768e-01 -8.433506079219157958e-02 4.850676184784548650e-01
6.208599763447619768e-01 -8.433506079219157958e-02 4.850676184784548650e-01
6.208599763447619768e-01 -8.433506079219157958e-02 4.850676184784548650e-01
6.208599763447619768e-01 -8.433506079219157958e-02 4.850676184784548650e-01
6.208599763447619768e-01 -8.433506079219157958e-02 4.850676184784548650e-01
6.208599763447619768e-01 -8.433506079219157958e-02 4.850676184784548650e-01
1.042985105301906579e+00 -5.695486834855565533e-02 8.142325474998630963e-02
8.771146574468793311e-01 -6.002710418566338246e-01 9.073694579852886744e-02
8.771146574468793311e-01 -6.002710418566338246e-01 9.073694579852886744e-02
8.771146574468793311e-01 -6.002710418566338246e-01 9.073694579852886744e-02
8.771146574468793311e-01 -6.002710418566338246e-01 9.073694579852886744e-02
8.771146574468793311e-01 -6.002710418566338246e-01 9.073694579852886744e-02
7.705370352860770877e-01 -6.446452122123821349e-01 1.692618659160124647e-02
1.181209966159185498e+00 -5.296370839158871524e-01 1.421264722504352873e-01
1.181209966159185498e+00 -5.296370839158871524e-01 1.421264722504352873e-01
1.181209966159185498e+00 -5.296370839158871524e-01 1.421264722504352873e-01
1.181209966159185498e+00 -5.296370839158871524e-01 1.421264722504352873e-01
1.181209966159185498e+00 -5.296370839158871524e-01 1.421264722504352873e-01
1.181209966159185498e+00 -5.296370839158871524e-01 1.421264722504352873e-01
1.181209966159185498e+00 -5.296370839158871524e-01 1.421264722504352873e-01
1.027057775509240267e+00 -5.323830742951719541e-01 2.511774520823726320e-01
1.027057775509240267e+00 -5.323830742951719541e-01 2.511774520823726320e-01
8.724012301328422092e-01 -4.845937319630079787e-01 2.152430300017809106e-01
8.724012301328422092e-01 -4.845937319630079787e-01 2.152430300017809106e-01
1.111123859894873611e+00 -4.303034820236000257e-01 2.093952138213737157e-01
1.111123859894873611e+00 -4.303034820236000257e-01 2.093952138213737157e-01
1.182524601979709100e+00 -7.174289484701562580e-01 1.123679542317301272e-01
7.851639587208880666e-01 -2.938112983133203127e-01 4.150124471442500629e-01
7.851639587208880666e-01 -2.938112983133203127e-01 4.150124471442500629e-01
7.851639587208880666e-01 -2.938112983133203127e-01 4.150124471442500629e-01
7.851639587208880666e-01 -2.938112983133203127e-01 4.150124471442500629e-01
7.851639587208880666e-01 -2.938112983133203127e-01 4.150124471442500629e-01
1.080257267690350798e+00 -6.204536059380396651e-01 1.798395349965688228e-01
6.089046766353388707e-01 -9.631249937576091824e-02 4.264766158091671810e-01
6.089046766353388707e-01 -9.631249937576091824e-02 4.264766158091671810e-01
6.089046766353388707e-01 -9.631249937576091824e-02 4.264766158091671810e-01
3.231642541679632941e-01 2.508650902724791076e-01 2.393423018978280137e-01
3.231642541679632941e-01 2.508650902724791076e-01 2.393423018978280137e-01
3.231642541679632941e-01 2.508650902724791076e-01 2.393423018978280137e-01
3.231642541679632941e-01 2.508650902724791076e-01 2.393423018978280137e-01
3.231642541679632941e-01 2.508650902724791076e-01 2.393423018978280137e-01
3.231642541679632941e-01 2.508650902724791076e-01 2.393423018978280137e-01
3.231642541679632941e-01 2.508650902724791076e-01 2.393423018978280137e-01
3.231642541679632941e-01 2.508650902724791076e-01 2.393423018978280137e-01
3.231642541679632941e-01 2.508650902724791076e-01 2.393423018978280137e-01
3.231642541679632941e-01 2.508650902724791076e-01 2.393423018978280137e-01
4.761991343594971782e-01 5.517402499006729411e-01 2.984746389428583058e-01
3.760927380758866123e-01 6.847958492711716527e-01 2.179316829318583282e-01
3.760927380758866123e-01 6.847958492711716527e-01 2.179316829318583282e-01
3.760927380758866123e-01 6.847958492711716527e-01 2.179316829318583282e-01
3.760927380758866123e-01 6.847958492711716527e-01 2.179316829318583282e-01
4.406809067964176929e-01 3.635759520663733868e-01 5.901551718421886861e-01
4.406809067964176929e-01 3.635759520663733868e-01 5.901551718421886861e-01
5.490955602417205705e-01 4.837935561329208545e-01 2.931681853921867531e-01
