2.489132485845457765e-01 1.481402749648903505e-01 7.316147964682262472e-02
7.793827065075259464e-01 2.740285317434685286e-01 8.938135061283833394e-02
7.793827065075259464e-01 2.740285317434685286e-01 8.938135061283833394e-02
7.793827065075259464e-01 2.740285317434685286e-01 8.938135061283833394e-02
7.946914312856045992e-01 -2.379421652995816761e-03 5.972865952073030948e-01
5.919362682194488912e-01 2.228399925237447843e-01 6.590199061057266938e-01
5.919362682194488912e-01 2.228399925237447843e-01 6.590199061057266938e-01
5.919362682194488912e-01 2.228399925237447843e-01 6.590199061057266938e-01
5.919362682194488912e-01 2.228399925237447843e-01 6.590199061057266938e-01
3.206068967708302075e-01 2.985532320042489918e-01 4.918037948174441287e-01
4.672794005201736933e-01 4.163008758416160138e-01 4.746191070077183660e-01
3.615470328183886806e-01 2.532525374401101148e-01 5.197172256451982886e-01
2.668226660904808312e-01 4.563649091869542151e-01 5.510522277972037530e-01
2.668226660904808312e-01 4.563649091869542151e-01 5.510522277972037530e-01
2.668226660904808312e-01 4.563649091869542151e-01 5.510522277972037530e-01
4.314798537552428925e-01 1.099246446713922909e-01 3.920399400576708993e-01
7.667506856439482155e-02 3.872736651694117516e-01 8.615524094540463751e-02
7.667506856439482155e-02 3.872736651694117516e-01 8.615524094540463751e-02
2.172370090757897720e-01 3.449988497602223259e-01 2.925860409817474528e-01
3.418530014617643387e-01 5.312904958065969296e-01 4.437688788645696714e-01
3.418530014617643387e-01 5.312904958065969296e-01 4.437688788645696714e-01
3.393100082025209407e-01 3.710322169197932118e-01 6.271253850951418185e-01
3.393100082025209407e-01 3.710322169197932118e-01 6.271253850951418185e-01
3.393100082025209407e-01 3.710322169197932118e-01 6.271253850951418185e-01
3.393100082025209407e-01 3.710322169197932118e-01 6.271253850951418185e-01
3.393100082025209407e-01 3.710322169197932118e-01 6.271253850951418185e-01
3.393100082025209407e-01 3.710322169197932118e-01 6.271253850951418185e-01
2.897071909720373428e-01 4.712531120140150409e-01 5.698998799393059089e-01
2.897071909720373428e-01 4.712531120140150409e-01 5.698998799393059089e-01
5.243788666407203092e-01 1.601815909045166686e-01 7.425922504492658005e-01
5.243788666407203092e-01 1.601815909045166686e-01 7.425922504492658005e-01
3.611547770949460334e-01 2.757320449827855846e-01 5.625611853216087033e-01
3.611547770949460334e-01 2.757320449827855846e-01 5.625611853216087033e-01
3.611547770949460334e-01 2.757320449827855846e-01 5.625611853216087033e-01
3.611547770949460334e-01 2.757320449827855846e-01 5.625611853216087033e-01
3.611547770949460334e-01 2.757320449827855846e-01 5.625611853216087033e-01
5.089935953163462479e-01 9.903461865264298614e-02 5.997432734019535472e-01
5.906978592024744179e-01 6.159740652347101691e-02 7.121178056037908988e-01
5.906978592024744179e-01 6.159740652347101691e-02 7.121178056037908988e-01
5.320097491210660223e-01 -1.999351424001001298e-01 5.347158606448364215e-02
5.320097491210660223e-01 -1.999351424001001298e-01 5.347158606448364215e-02
5.320097491210660223e-01 -1.999351424001001298e-01 5.347158606448364215e-02
1.210350200706799662e+00 -1.047767633920795305e-01 1.127503833023503661e-02
1.210350200706799662e+00 -1.047767633920795305e-01 1.127503833023503661e-02
1.210350200706799662e+00 -1.047767633920795305e-01 1.127503833023503661e-02
1.210350200706799662e+00 -1.047767633920795305e-01 1.127503833023503661e-02
1.090242141702058909e+00 -7.329627398650023773e-02 5.777439610382121421e-02
1.052082025474453397e+00 -2.382282626286512661e-01 3.037747091643926978e-01
7.420866292743735215e-01 -5.493776622413229505e-02 7.039585590845924834e-01
7.420866292743735215e-01 -5.493776622413229505e-02 7.039585590845924834e-01
7.420866292743735215e-01 -5.493776622413229505e-02 7.039585590845924834e-01
7.420866292743735215e-01 -5.493776622413229505e-02 7.039585590845924834e-01
7.420866292743735215e-01 -5.493776622413229505e-02 7.039585590845924834e-01
5.891661803989335366e-01 4.282949340348972678e-01 1.645075798517865451e-01
5.891661803989335366e-01 4.282949340348972678e-01 1.645075798517865451e-01
5.891661803989335366e-01 4.282949340348972678e-01 1.645075798517865451e-01
5.891661803989335366e-01 4.282949340348972678e-01 1.645075798517865451e-01
5.891661803989335366e-01 4.282949340348972678e-01 1.645075798517865451e-01
5.891661803989335366e-01 4.282949340348972678e-01 1.645075798517865451e-01
5.891661803989335366e-01 4.282949340348972678e-01 1.645075798517865451e-01
5.891661803989335366e-01 4.282949340348972678e-01 1.645075798517865451e-01
5.891661803989335366e-01 4.282949340348972678e-01 1.645075798517865451e-01
3.070374562191109935e-01 5.652821689067034638e-01 4.227470526386394867e-01
3.070374562191109935e-01 5.652821689067034638e-01 4.227470526386394867e-01
3.973170507100461935e-01 5.769637528341123867e-01 2.376869639917352783e-01
3.973170507100461935e-01 5.769637528341123867e-01 2.376869639917352783e-01
2.803803534608960701e-01 3.445334121121258475e-01 4.633481372067550508e-01
2.803803534608960701e-01 3.445334121121258475e-01 4.633481372067550508e-01
2.803803534608960701e-01 3.445334121121258475e-01 4.633481372067550508e-01
2.803803534608960701e-01 3.445334121121258475e-01 4.633481372067550508e-01
2.803803534608960701e-01 3.445334121121258475e-01 4.633481372067550508e-01
2.803803534608960701e-01 3.445334121121258475e-01 4.633481372067550508e-01
2.803803534608960701e-01 3.445334121121258475e-01 4.633481372067550508e-01
2.803803534608960701e-01 3.445334121121258475e-01 4.633481372067550508e-01
4.814033401136960100e-01 9.429968343482331150e-02 5.056130659780315728e-01
4.814033401136960100e-01 9.429968343482331150e-02 5.056130659780315728e-01
3.619912483992291929e-01 4.351846504802026616e-01 6.035163595281052284e-01
6.029331322478151955e-01 1.962637262418893414e-01 6.895989395882822226e-01
6.029331322478151955e-01 1.962637262418893414e-01 6.895989395882822226e-01
6.029331322478151955e-01 1.962637262418893414e-01 6.895989395882822226e-01
5.935690950468468507e-01 9.626002672464956111e-02 7.592220989472513448e-01
5.935690950468468507e-01 9.626002672464956111e-02 7.592220989472513448e-01
5.935690950468468507e-01 9.626002672464956111e-02 7.592220989472513448e-01
5.935690950468468507e-01 9.626002672464956111e-02 7.592220989472513448e-01
5.935690950468468507e-01 9.626002672464956111e-02 7.592220989472513448e-01
5.935690950468468507e-01 9.626002672464956111e-02 7.592220989472513448e-01
5.935690950468468507e-01 9.626002672464956111e-02 7.592220989472513448e-01
5.935690950468468507e-01 9.626002672464956111e-02 7.592220989472513448e-01
5.935690950468468507e-01 9.626002672464956111e-02 7.592220989472513448e-01
5.569130047948379625e-01 1.497028126626649136e-01 7.662337527338277665e-01
5.569130047948379625e-01 1.497028126626649136e-01 7.662337527338277665e-01
5.569130047948379625e-01 1.497028126626649136e-01 7.662337527338277665e-01
5.569130047948379625e-01 1.497028126626649136e-01 7.662337527338277665e-01
4.138496894366285317e-01 3.445638076214255774e-01 6.878133588295681777e-01
1.837756128638775854e-01 3.409572628162771402e-02 4.126252805123258385e-03
4.162912197933252845e-01 2.466361374245780724e-01 6.528461102360422208e-01
4.162912197933252845e-01 2.466361374245780724e-01 6.528461102360422208e-01
7.313785991414937238e-01 8.802249272519213630e-02 5.934615080488647720e-01
8.227294973824715862e-01 -1.579013763253570846e-01 6.198503135506875372e-01
9.023255450092486640e-01 -2.396440923510620991e-01 5.378189339411750813e-01
