2.489132485845457765e-01 1.481402749648903505e-01 3.412262308146232076e-02
6.114120827584128559e-01 4.162198733846526610e-01 2.990919782360687007e-01
4.717481941288503844e-01 3.998744008049610610e-01 4.734049158349189490e-01
4.717481941288503844e-01 3.998744008049610610e-01 4.734049158349189490e-01
4.717481941288503844e-01 3.998744008049610610e-01 4.734049158349189490e-01
4.717481941288503844e-01 3.998744008049610610e-01 4.734049158349189490e-01
4.084178091949419165e-01 4.505344530555833726e-01 4.036597457683786527e-01
4.084178091949419165e-01 4.505344530555833726e-01 4.036597457683786527e-01
4.084178091949419165e-01 4.505344530555833726e-01 4.036597457683786527e-01
4.084178091949419165e-01 4.505344530555833726e-01 4.036597457683786527e-01
5.421957703004928186e-01 8.359372592105096533e-02 5.158862571545685949e-01
3.111163798588842955e-01 1.565771287542528922e-01 8.969722578474756403e-02
8.244622701002660703e-01 1.073939375788154627e-01 3.721605893528331932e-01
8.244622701002660703e-01 1.073939375788154627e-01 3.721605893528331932e-01
8.244622701002660703e-01 1.073939375788154627e-01 3.721605893528331932e-01
2.863088166095989484e-01 4.112290991654146133e-01 2.224106088759906508e-01
2.863088166095989484e-01 4.112290991654146133e-01 2.224106088759906508e-01
7.776035739576531158e-01 5.685947303377620887e-01 1.063375043262794126e-02
6.506761080603284952e-01 5.239036578381077724e-01 9.689313576363278724e-02
6.506761080603284952e-01 5.239036578381077724e-01 9.689313576363278724e-02
5.030668858901301554e-01 6.227425033431100987e-01 1.462598708537934111e-01
6.370740519322946049e-01 4.251645771638380422e-01 2.386034417731279778e-01
6.876202537390847525e-01 1.700765496710700542e-01 6.035700651088166113e-01
6.876202537390847525e-01 1.700765496710700542e-01 6.035700651088166113e-01
9.000305704284097263e-01 -3.107872932532203536e-01 4.655257760608643158e-01
9.000305704284097263e-01 -3.107872932532203536e-01 4.655257760608643158e-01
9.669747061420042034e-01 -3.029054138422787590e-01 4.203416674057131042e-01
9.807366667136160343e-01 -2.014274083306069607e-01 3.629918509783531255e-01
9.807366667136160343e-01 -2.014274083306069607e-01 3.629918509783531255e-01
8.397267672896380208e-01 -1.676576454100803248e-01 5.997307846704321710e-01
8.397267672896380208e-01 -1.676576454100803248e-01 5.997307846704321710e-01
1.015469872909149363e+00 -3.940659720549082312e-01 3.368583234815428207e-01
1.015469872909149363e+00 -3.940659720549082312e-01 3.368583234815428207e-01
1.015469872909149363e+00 -3.940659720549082312e-01 3.368583234815428207e-01
9.974685885141731934e-01 -3.163342920579787498e-01 3.749390515195020757e-01
7.979571299474887969e-01 -3.888282818318468115e-01 2.464033908552993035e-01
8.945029379552321691e-01 -1.348710134925367732e-01 5.116650867884151577e-01
1.026077239227351168e+00 -2.027377689821303619e-01 2.627409867687383604e-01
1.103732260043695623e+00 -2.072070528585450711e-01 1.257865933986841711e-01
1.197640553748028136e+00 -4.000524077626119168e-01 9.936335512088563526e-02
1.197640553748028136e+00 -4.000524077626119168e-01 9.936335512088563526e-02
1.197640553748028136e+00 -4.000524077626119168e-01 9.936335512088563526e-02
1.197640553748028136e+00 -4.000524077626119168e-01 9.936335512088563526e-02
1.197640553748028136e+00 -4.000524077626119168e-01 9.936335512088563526e-02
1.197640553748028136e+00 -4.000524077626119168e-01 9.936335512088563526e-02
1.197640553748028136e+00 -4.000524077626119168e-01 9.936335512088563526e-02
9.459902874560131014e-01 -4.418693759905726326e-01 3.187974900396225997e-01
8.591827522456494393e-01 -4.275863954804625666e-01 2.684160185454591563e-01
7.127489064129217677e-01 7.018141537728311841e-02 6.852231953844367673e-01
7.127489064129217677e-01 7.018141537728311841e-02 6.852231953844367673e-01
8.608394403265056116e-01 -3.468390061604030294e-01 3.988117846720862780e-01
8.608394403265056116e-01 -3.468390061604030294e-01 3.988117846720862780e-01
8.608394403265056116e-01 -3.468390061604030294e-01 3.988117846720862780e-01
8.608394403265056116e-01 -3.468390061604030294e-01 3.988117846720862780e-01
8.608394403265056116e-01 -3.468390061604030294e-01 3.988117846720862780e-01
8.224028150444836482e-01 -5.277071448588094293e-01 1.030163378839561716e-01
8.224028150444836482e-01 -5.277071448588094293e-01 1.030163378839561716e-01
8.224028150444836482e-01 -5.277071448588094293e-01 1.030163378839561716e-01
8.224028150444836482e-01 -5.277071448588094293e-01 1.030163378839561716e-01
8.224028150444836482e-01 -5.277071448588094293e-01 1.030163378839561716e-01
9.088744900094443135e-01 -2.217453415728780630e-01 5.114374974571102017e-01
9.088744900094443135e-01 -2.217453415728780630e-01 5.114374974571102017e-01
8.695124542729512074e-01 -9.995714340293199163e-02 5.415725067831183015e-01
8.695124542729512074e-01 -9.995714340293199163e-02 5.415725067831183015e-01
8.695124542729512074e-01 -9.995714340293199163e-02 5.415725067831183015e-01
8.695124542729512074e-01 -9.995714340293199163e-02 5.415725067831183015e-01
5.175371249470057666e-01 -1.693435018193298058e-01 9.715256966255819693e-02
6.836764573640512488e-01 -7.353334418413265405e-03 6.857008434698794730e-01
6.836764573640512488e-01 -7.353334418413265405e-03 6.857008434698794730e-01
6.836764573640512488e-01 -7.353334418413265405e-03 6.857008434698794730e-01
7.886448451132460624e-01 -1.947256411644223140e-01 5.667460285092310590e-01
9.049909271799394528e-01 -7.485661308931135238e-02 4.277513981070247828e-01
8.552482154970193484e-01 -1.240513420231858926e-01 5.831013098033764885e-01
8.195826948889997077e-01 -2.644733100595443864e-01 4.901415688297775519e-01
7.105782937473753558e-01 -1.347531469411531457e-01 5.523278194017490206e-01
6.145159684085138574e-01 2.272140939506578361e-01 6.241208600410294016e-01
6.145159684085138574e-01 2.272140939506578361e-01 6.241208600410294016e-01
6.145159684085138574e-01 2.272140939506578361e-01 6.241208600410294016e-01
7.820862087224038639e-01 1.439801375550301132e-01 4.218000065759583972e-01
7.820862087224038639e-01 1.439801375550301132e-01 4.218000065759583972e-01
7.820862087224038639e-01 1.439801375550301132e-01 4.218000065759583972e-01
7.820862087224038639e-01 1.439801375550301132e-01 4.218000065759583972e-01
4.367660921238221694e-01 4.254500689728561991e-01 4.388846761147405240e-01
4.367660921238221694e-01 4.254500689728561991e-01 4.388846761147405240e-01
4.367660921238221694e-01 4.254500689728561991e-01 4.388846761147405240e-01
4.367660921238221694e-01 4.254500689728561991e-01 4.388846761147405240e-01
4.367660921238221694e-01 4.254500689728561991e-01 4.388846761147405240e-01
8.280537496424934529e-01 5.029905870745582375e-02 4.595063086246552464e-01
8.280537496424934529e-01 5.029905870745582375e-02 4.595063086246552464e-01
8.280537496424934529e-01 5.029905870745582375e-02 4.595063086246552464e-01
5.316091246226454237e-01 -3.694042723261821426e-02 2.898025508738251155e-01
5.316091246226454237e-01 -3.694042723261821426e-02 2.898025508738251155e-01
5.316091246226454237e-01 -3.694042723261821426e-02 2.898025508738251155e-01
5.316091246226454237e-01 -3.694042723261821426e-02 2.898025508738251155e-01
7.042939892132454860e-01 1.819081422569472362e-01 5.490455080276379629e-01
6.364371726475328561e-01 2.594849544076112124e-01 5.455185889582634395e-01
9.840217906835687645e-01 -1.369877283716997574e-01 2.969082375816425312e-01
9.840217906835687645e-01 -1.369877283716997574e-01 2.969082375816425312e-01
7.906151452239726929e-01 1.342554053477982290e-01 4.165290763475568148e-01
7.906151452239726929e-01 1.342554053477982290e-01 4.165290763475568148e-01
