2.489132485845457765e-01 1.481402749648903505e-01 5.256500561280716410e-02
2.489132485845457765e-01 1.481402749648903505e-01 5.256500561280716410e-02
4.149133694855116072e-01 3.285404650800756166e-01 6.313873885008286502e-01
4.149133694855116072e-01 3.285404650800756166e-01 6.313873885008286502e-01
7.074725229417349048e-01 1.900501781137354240e-01 4.898630407732532110e-01
8.800787538178148628e-01 -2.603644067375621152e-03 3.984439429635401320e-01
9.284308940844753222e-01 -4.219742761604435288e-01 3.057268174817260875e-01
9.284308940844753222e-01 -4.219742761604435288e-01 3.057268174817260875e-01
9.352081291382576822e-01 -1.421624374717928019e-01 4.722513224029134538e-01
9.352081291382576822e-01 -1.421624374717928019e-01 4.722513224029134538e-01
9.352081291382576822e-01 -1.421624374717928019e-01 4.722513224029134538e-01
6.372532232043157663e-01 6.455639213391178854e-02 7.118184411140934253e-01
6.372532232043157663e-01 6.455639213391178854e-02 7.118184411140934253e-01
6.372532232043157663e-01 6.455639213391178854e-02 7.118184411140934253e-01
6.372532232043157663e-01 6.455639213391178854e-02 7.118184411140934253e-01
6.372532232043157663e-01 6.455639213391178854e-02 7.118184411140934253e-01
6.372532232043157663e-01 6.455639213391178854e-02 7.118184411140934253e-01
6.372532232043157663e-01 6.455639213391178854e-02 7.118184411140934253e-01
6.372532232043157663e-01 6.455639213391178854e-02 7.118184411140934253e-01
6.372532232043157663e-01 6.455639213391178854e-02 7.118184411140934253e-01
7.369317012579401638e-01 1.020963874957601936e-01 5.911812292774525357e-01
7.369317012579401638e-01 1.020963874957601936e-01 5.911812292774525357e-01
7.369317012579401638e-01 1.020963874957601936e-01 5.911812292774525357e-01
7.369317012579401638e-01 1.020963874957601936e-01 5.911812292774525357e-01
7.369317012579401638e-01 1.020963874957601936e-01 5.911812292774525357e-01
7.369317012579401638e-01 1.020963874957601936e-01 5.911812292774525357e-01
7.369317012579401638e-01 1.020963874957601936e-01 5.911812292774525357e-01
7.369317012579401638e-01 1.020963874957601936e-01 5.911812292774525357e-01
7.369317012579401638e-01 1.020963874957601936e-01 5.911812292774525357e-01
6.982184232911431421e-01 3.373461495361674833e-01 2.028988176728120374e-01
5.765344643779108935e-01 2.893760283813944789e-01 6.034119575553471559e-01
5.765344643779108935e-01 2.893760283813944789e-01 6.034119575553471559e-01
4.515796183133635178e-01 1.592708748503827709e-01 4.747512873749529239e-01
2.689121066376756186e-01 5.121644474316101592e-01 4.906255910149779909e-01
2.689121066376756186e-01 5.121644474316101592e-01 4.906255910149779909e-01
2.689121066376756186e-01 5.121644474316101592e-01 4.906255910149779909e-01
2.689121066376756186e-01 5.121644474316101592e-01 4.906255910149779909e-01
-6.282939780840768318e-03 6.829456193178056189e-01 1.509652986637663730e-01
4.664939075837616911e-01 7.459597508701267810e-01 4.125295948347521696e-02
4.664939075837616911e-01 7.459597508701267810e-01 4.125295948347521696e-02
4.664939075837616911e-01 7.459597508701267810e-01 4.125295948347521696e-02
2.185137565675643323e-02 5.457501966683047101e-01 9.322854379941289404e-02
2.185137565675643323e-02 5.457501966683047101e-01 9.322854379941289404e-02
2.185137565675643323e-02 5.457501966683047101e-01 9.322854379941289404e-02
1.391672217767216946e-01 9.346901387284248797e-01 1.277737870730041025e-01
1.391672217767216946e-01 9.346901387284248797e-01 1.277737870730041025e-01
-1.043644957769809811e-01 6.529670439933483728e-01 4.156718122791051850e-02
9.351704312398678720e-02 7.343811203951235989e-01 2.974721259816915930e-01
9.351704312398678720e-02 7.343811203951235989e-01 2.974721259816915930e-01
9.351704312398678720e-02 7.343811203951235989e-01 2.974721259816915930e-01
1.844261012887678519e-01 6.538550223475633194e-01 3.885249596195687882e-01
1.844261012887678519e-01 6.538550223475633194e-01 3.885249596195687882e-01
-8.669089876063029720e-02 8.353511143751249923e-01 1.306812360976234988e-01
-8.669089876063029720e-02 8.353511143751249923e-01 1.306812360976234988e-01
-8.669089876063029720e-02 8.353511143751249923e-01 1.306812360976234988e-01
-5.575291397677878402e-02 7.823795859302352662e-01 1.430148413893016779e-01
1.394252334897832790e-01 4.849545806116101754e-01 2.178444326956188171e-01
1.394252334897832790e-01 4.849545806116101754e-01 2.178444326956188171e-01
1.394252334897832790e-01 4.849545806116101754e-01 2.178444326956188171e-01
1.394252334897832790e-01 4.849545806116101754e-01 2.178444326956188171e-01
7.112835295754081633e-02 6.389670303005254848e-01 2.364148437344242015e-01
7.112835295754081633e-02 6.389670303005254848e-01 2.364148437344242015e-01
2.181433198579538213e-01 6.912307837204840766e-01 3.634439852587934561e-01
2.181433198579538213e-01 6.912307837204840766e-01 3.634439852587934561e-01
2.181433198579538213e-01 6.912307837204840766e-01 3.634439852587934561e-01
2.181433198579538213e-01 6.912307837204840766e-01 3.634439852587934561e-01
4.552056314121377678e-02 9.396736649883906667e-01 1.706960033975916391e-01
2.670457877335113972e-01 8.549687424881634579e-01 1.051919896152171824e-01
2.670457877335113972e-01 8.549687424881634579e-01 1.051919896152171824e-01
2.670457877335113972e-01 8.549687424881634579e-01 1.051919896152171824e-01
2.670457877335113972e-01 8.549687424881634579e-01 1.051919896152171824e-01
2.670457877335113972e-01 8.549687424881634579e-01 1.051919896152171824e-01
2.670457877335113972e-01 8.549687424881634579e-01 1.051919896152171824e-01
1.495357328369432970e-01 9.406046873287883248e-01 1.151697696893836942e-01
1.495357328369432970e-01 9.406046873287883248e-01 1.151697696893836942e-01
1.495357328369432970e-01 9.406046873287883248e-01 1.151697696893836942e-01
1.495357328369432970e-01 9.406046873287883248e-01 1.151697696893836942e-01
1.495357328369432970e-01 9.406046873287883248e-01 1.151697696893836942e-01
1.495357328369432970e-01 9.406046873287883248e-01 1.151697696893836942e-01
-1.516458495766964953e-01 1.018191464953207559e+00 1.055983441976824644e-01
5.118367410361340797e-02 1.242082238721488485e+00 1.092350216558507503e-02
5.118367410361340797e-02 1.242082238721488485e+00 1.092350216558507503e-02
7.178152483378730242e-02 1.156864041873725268e+00 2.541612789490107702e-02
7.178152483378730242e-02 1.156864041873725268e+00 2.541612789490107702e-02
-1.560048933882916544e-01 1.180884686720512056e+00 6.600284225886150768e-02
2.450377181217752720e-01 5.935814861561905520e-01 4.512329091952396731e-01
5.444546797720413167e-01 2.193826759274796201e-01 7.164638024615286316e-01
5.444546797720413167e-01 2.193826759274796201e-01 7.164638024615286316e-01
5.444546797720413167e-01 2.193826759274796201e-01 7.164638024615286316e-01
5.444546797720413167e-01 2.193826759274796201e-01 7.164638024615286316e-01
6.031816928705518999e-01 1.302524775081155273e-01 7.274016852924144461e-01
6.031816928705518999e-01 1.302524775081155273e-01 7.274016852924144461e-01
6.031816928705518999e-01 1.302524775081155273e-01 7.274016852924144461e-01
6.031816928705518999e-01 1.302524775081155273e-01 7.274016852924144461e-01
6.031816928705518999e-01 1.302524775081155273e-01 7.274016852924144461e-01
6.031816928705518999e-01 1.302524775081155273e-01 7.274016852924144461e-01
8.593192033253882478e-01 -2.417834673258094647e-01 5.290346348715351255e-01
8.990492049973324296e-01 -1.118462972962951107e-01 5.190789945424967300e-01
5.451755643770002102e-01 1.714924888433683459e-01 7.029617059472281770e-01
5.451755643770002102e-01 1.714924888433683459e-01 7.029617059472281770e-01
