2.489132485845457765e-01 1.481402749648903505e-01 3.386657813001377887e-02
2.489132485845457765e-01 1.481402749648903505e-01 3.386657813001377887e-02
3.737343226446598887e-01 3.662735572546192420e-01 3.907448630342054141e-01
3.737343226446598887e-01 3.662735572546192420e-01 3.907448630342054141e-01
4.879223076245752799e-01 2.026946798171266884e-01 4.866175582614438166e-01
4.879223076245752799e-01 2.026946798171266884e-01 4.866175582614438166e-01
8.413835981785886542e-01 -1.937192016747622536e-01 5.403894539001200537e-01
8.413835981785886542e-01 -1.937192016747622536e-01 5.403894539001200537e-01
8.413835981785886542e-01 -1.937192016747622536e-01 5.403894539001200537e-01
8.413835981785886542e-01 -1.937192016747622536e-01 5.403894539001200537e-01
8.413835981785886542e-01 -1.937192016747622536e-01 5.403894539001200537e-01
5.731202823585717088e-01 -5.257167565889062089e-02 3.026919277768165828e-01
6.664348148208135703e-01 -2.131427018462061229e-01 2.338604691216018827e-01
6.664348148208135703e-01 -2.131427018462061229e-01 2.338604691216018827e-01
6.664348148208135703e-01 -2.131427018462061229e-01 2.338604691216018827e-01
1.116441194730819930e+00 -3.245374909591542956e-01 2.355494980609280642e-01
1.116441194730819930e+00 -3.245374909591542956e-01 2.355494980609280642e-01
1.116441194730819930e+00 -3.245374909591542956e-01 2.355494980609280642e-01
1.116441194730819930e+00 -3.245374909591542956e-01 2.355494980609280642e-01
1.116441194730819930e+00 -3.245374909591542956e-01 2.355494980609280642e-01
1.173000873142663325e+00 -5.377129931666528861e-01 2.109627984582120308e-01
9.358635020476515631e-01 -6.922578889754822384e-01 4.316624032543891348e-02
9.358635020476515631e-01 -6.922578889754822384e-01 4.316624032543891348e-02
9.358635020476515631e-01 -6.922578889754822384e-01 4.316624032543891348e-02
9.358635020476515631e-01 -6.922578889754822384e-01 4.316624032543891348e-02
1.007104568779940035e+00 -7.831709585829138565e-01 3.300122762389830905e-02
1.191097430008045022e+00 -7.997467370232882455e-01 8.500464801249849045e-02
1.265715225561492518e+00 -5.587462514995135132e-01 1.301618380743554682e-01
1.265715225561492518e+00 -5.587462514995135132e-01 1.301618380743554682e-01
1.265715225561492518e+00 -5.587462514995135132e-01 1.301618380743554682e-01
1.266450488907066907e+00 -5.095800494566442573e-01 1.186512306062633415e-01
1.266450488907066907e+00 -5.095800494566442573e-01 1.186512306062633415e-01
1.266450488907066907e+00 -5.095800494566442573e-01 1.186512306062633415e-01
1.266450488907066907e+00 -5.095800494566442573e-01 1.186512306062633415e-01
1.266450488907066907e+00 -5.095800494566442573e-01 1.186512306062633415e-01
1.266450488907066907e+00 -5.095800494566442573e-01 1.186512306062633415e-01
1.266450488907066907e+00 -5.095800494566442573e-01 1.186512306062633415e-01
1.266450488907066907e+00 -5.095800494566442573e-01 1.186512306062633415e-01
9.699874323277543064e-01 -6.693210401462097447e-01 7.287194734266790042e-02
9.699874323277543064e-01 -6.693210401462097447e-01 7.287194734266790042e-02
9.699874323277543064e-01 -6.693210401462097447e-01 7.287194734266790042e-02
8.342838854785582514e-01 -5.152269192876655080e-01 9.177834355619392259e-02
7.540996501300283317e-01 -5.764885699004350661e-01 1.858564942104691531e-02
7.540996501300283317e-01 -5.764885699004350661e-01 1.858564942104691531e-02
9.202531263921636118e-01 -6.206188700946402292e-01 7.537958748106725337e-02
9.202531263921636118e-01 -6.206188700946402292e-01 7.537958748106725337e-02
9.202531263921636118e-01 -6.206188700946402292e-01 7.537958748106725337e-02
9.552605261088965571e-01 -3.005093588599567767e-01 4.478417958682212041e-01
9.907186059939798728e-01 -1.462138549999933146e-01 3.315996826481276694e-01
9.907186059939798728e-01 -1.462138549999933146e-01 3.315996826481276694e-01
6.986103457028669528e-01 -3.382225167831458545e-01 1.193878868732526632e-01
9.349831173391249806e-01 -3.911019575278652516e-01 3.570771685836960363e-01
9.571281386967994687e-01 -2.268225063908473893e-01 4.556047311375138742e-01
9.571281386967994687e-01 -2.268225063908473893e-01 4.556047311375138742e-01
9.571281386967994687e-01 -2.268225063908473893e-01 4.556047311375138742e-01
9.571281386967994687e-01 -2.268225063908473893e-01 4.556047311375138742e-01
1.184517013343264535e+00 -3.584647712453791213e-01 1.524458492647881303e-01
1.215002389363973201e+00 -5.078437678282541334e-01 1.708888198203419584e-01
1.215002389363973201e+00 -5.078437678282541334e-01 1.708888198203419584e-01
1.215002389363973201e+00 -5.078437678282541334e-01 1.708888198203419584e-01
1.215002389363973201e+00 -5.078437678282541334e-01 1.708888198203419584e-01
1.087751003985472975e+00 -5.054244940508062500e-01 2.717635530178295622e-01
1.025627035970693823e+00 -5.364503496442132313e-01 2.367510503329579297e-01
1.423064683636886318e+00 -9.429156583375870593e-01 4.033038498912819292e-02
1.423064683636886318e+00 -9.429156583375870593e-01 4.033038498912819292e-02
1.423064683636886318e+00 -9.429156583375870593e-01 4.033038498912819292e-02
1.329746144229897675e+00 -9.294098252958983286e-01 4.872106505622566391e-02
1.329746144229897675e+00 -9.294098252958983286e-01 4.872106505622566391e-02
1.329746144229897675e+00 -9.294098252958983286e-01 4.872106505622566391e-02
1.329746144229897675e+00 -9.294098252958983286e-01 4.872106505622566391e-02
1.033603731365710487e+00 -8.226203836128317404e-01 2.777442426621219013e-02
1.033603731365710487e+00 -8.226203836128317404e-01 2.777442426621219013e-02
9.969769882200302247e-01 -7.026046387009304839e-01 6.658941125108074066e-02
9.969769882200302247e-01 -7.026046387009304839e-01 6.658941125108074066e-02
1.186172827326280599e+00 -7.309810705498781536e-01 1.223194812969145978e-01
1.186172827326280599e+00 -7.309810705498781536e-01 1.223194812969145978e-01
9.568187721248631039e-01 -7.583983438069397121e-02 3.254999401828141958e-01
9.062799785639512606e-01 -2.667296633663191613e-02 3.796959725520073770e-01
1.059750858443714083e+00 -3.724013110902694712e-01 3.367763448685881511e-01
1.059750858443714083e+00 -3.724013110902694712e-01 3.367763448685881511e-01
1.176912915163448980e+00 -6.041130711163394951e-01 1.897054232203818636e-01
1.176912915163448980e+00 -6.041130711163394951e-01 1.897054232203818636e-01
1.289983690903644176e+00 -6.955745861002520236e-01 1.138573227841306046e-01
1.289983690903644176e+00 -6.955745861002520236e-01 1.138573227841306046e-01
1.274360715394906807e+00 -7.626538545353960252e-01 1.033164787661114137e-01
1.037187146662513548e+00 -6.897044904438059953e-01 9.700549096031532703e-02
1.037187146662513548e+00 -6.897044904438059953e-01 9.700549096031532703e-02
1.031636476888927234e+00 -4.437944079226133764e-01 3.275224370765503767e-01
9.282361133135086373e-01 -2.985296177389432648e-01 4.573861638056601064e-01
9.282361133135086373e-01 -2.985296177389432648e-01 4.573861638056601064e-01
9.282361133135086373e-01 -2.985296177389432648e-01 4.573861638056601064e-01
9.700635706813710568e-01 -4.290299096559854197e-01 3.309897513827377846e-01
9.700635706813710568e-01 -4.290299096559854197e-01 3.309897513827377846e-01
1.240477370150877556e+00 -7.074516575612906921e-01 1.295890267476616509e-01
1.240477370150877556e+00 -7.074516575612906921e-01 1.295890267476616509e-01
1.336723634131293359e+00 -7.167255509895291699e-01 8.901204488980464513e-02
1.222823147441449265e+00 -7.693268148279486240e-01 1.046151445332293151e-01
1.222823147441449265e+00 -7.693268148279486240e-01 1.046151445332293151e-01
1.012490144094686073e+00 -7.528844418877294054e-01 4.705406175306774130e-02
1.012490144094686073e+00 -7.528844418877294054e-01 4.705406175306774130e-02
