2.489132485845457765e-01 1.481402749648903505e-01 2.958721735545308609e-02
3.895445525429143685e-01 4.577192523010629177e-01 3.423845399089792130e-01
7.192679403905876123e-01 4.551163508562600102e-02 6.380960085118931868e-01
7.192679403905876123e-01 4.551163508562600102e-02 6.380960085118931868e-01
7.192679403905876123e-01 4.551163508562600102e-02 6.380960085118931868e-01
7.192679403905876123e-01 4.551163508562600102e-02 6.380960085118931868e-01
2.386772682789122246e-01 4.561824889410748818e-01 1.492803530622744124e-01
2.386772682789122246e-01 4.561824889410748818e-01 1.492803530622744124e-01
3.422896342854016005e-01 7.029002821056741235e-01 1.553024155380151594e-01
3.422896342854016005e-01 7.029002821056741235e-01 1.553024155380151594e-01
3.422896342854016005e-01 7.029002821056741235e-01 1.553024155380151594e-01
1.598080228805711378e-01 7.797221332654123982e-01 9.495730569897541107e-02
1.598080228805711378e-01 7.797221332654123982e-01 9.495730569897541107e-02
1.598080228805711378e-01 7.797221332654123982e-01 9.495730569897541107e-02
1.598080228805711378e-01 7.797221332654123982e-01 9.495730569897541107e-02
3.884115508473023892e-01 3.702622192388498323e-01 3.473105979351334138e-01
5.211512626217678079e-01 3.122513213746169192e-01 5.038084757700577176e-01
7.119806505027949095e-01 9.550788021557510277e-03 6.390688113005561499e-01
6.865642147266390882e-01 4.867905911417556852e-02 6.399533714625322833e-01
6.522465465642152127e-01 -7.571291283702594188e-02 4.566822026799135514e-01
6.522465465642152127e-01 -7.571291283702594188e-02 4.566822026799135514e-01
6.522465465642152127e-01 -7.571291283702594188e-02 4.566822026799135514e-01
3.881094463669034766e-01 1.064854639701121874e-01 1.379039835950375270e-01
7.672811801745949012e-01 2.732195633901925991e-01 2.350562129176828330e-01
4.196795569064968312e-01 2.233909380922461385e-01 3.155669353520869636e-01
3.426403242755180489e-01 5.195894934267784038e-01 2.803443792569392246e-01
3.426403242755180489e-01 5.195894934267784038e-01 2.803443792569392246e-01
3.426403242755180489e-01 5.195894934267784038e-01 2.803443792569392246e-01
3.426403242755180489e-01 5.195894934267784038e-01 2.803443792569392246e-01
3.184787256383113108e-01 6.312376862672502975e-01 2.095578942313125193e-01
3.184787256383113108e-01 6.312376862672502975e-01 2.095578942313125193e-01
3.184787256383113108e-01 6.312376862672502975e-01 2.095578942313125193e-01
3.184787256383113108e-01 6.312376862672502975e-01 2.095578942313125193e-01
5.958119723428694225e-01 5.412812347862925311e-01 1.354488700126151024e-01
5.958119723428694225e-01 5.412812347862925311e-01 1.354488700126151024e-01
5.958119723428694225e-01 5.412812347862925311e-01 1.354488700126151024e-01
3.318393779467500582e-01 2.410700628576505911e-01 1.606195212160802244e-01
4.257922283329015900e-01 -8.342742939599573360e-02 5.037110671642566762e-02
4.257922283329015900e-01 -8.342742939599573360e-02 5.037110671642566762e-02
4.257922283329015900e-01 -8.342742939599573360e-02 5.037110671642566762e-02
7.044903742304834404e-01 2.554076239540395976e-01 3.941602077046016395e-01
7.044903742304834404e-01 2.554076239540395976e-01 3.941602077046016395e-01
9.125272774090195105e-01 -3.019084211928052541e-02 3.670040862617288679e-01
1.077561753749675777e+00 -4.654119418278127723e-02 8.094099808022274523e-02
1.077561753749675777e+00 -4.654119418278127723e-02 8.094099808022274523e-02
1.077561753749675777e+00 -4.654119418278127723e-02 8.094099808022274523e-02
9.131380317010588943e-01 -1.813954603000319729e-02 3.495167089252118053e-01
9.131380317010588943e-01 -1.813954603000319729e-02 3.495167089252118053e-01
9.131380317010588943e-01 -1.813954603000319729e-02 3.495167089252118053e-01
5.215843519339631307e-01 5.889069430670912375e-01 1.581221569450791675e-01
1.069668791584127976e-01 6.729695589285117352e-01 7.278350384534383599e-02
2.300255143392038182e-02 7.549715887634892431e-01 3.749214174588198084e-02
2.674894000243135950e-03 9.538451194342922879e-01 2.986739912608705680e-02
1.333577423001888057e-02 1.133537336307139265e+00 1.460135123501890737e-02
1.333577423001888057e-02 1.133537336307139265e+00 1.460135123501890737e-02
1.333577423001888057e-02 1.133537336307139265e+00 1.460135123501890737e-02
-6.550283690599367770e-02 8.234534875956327493e-01 1.631798055856516563e-02
-6.550283690599367770e-02 8.234534875956327493e-01 1.631798055856516563e-02
2.974889837820044458e-01 2.564996237182392003e-01 1.210038837473939449e-01
4.648045446299542416e-01 6.064318445188237039e-01 1.878287606594511161e-01
4.648045446299542416e-01 6.064318445188237039e-01 1.878287606594511161e-01
4.721371304966844318e-01 4.307742252153185514e-01 3.955589387974505766e-01
4.721371304966844318e-01 4.307742252153185514e-01 3.955589387974505766e-01
4.251207737878244797e-01 4.583630909729039526e-01 3.639584519979255917e-01
4.251207737878244797e-01 4.583630909729039526e-01 3.639584519979255917e-01
6.070858834113457281e-01 3.023983753686149134e-02 5.184295739181329354e-01
6.263055335660011602e-01 -1.003268805864936108e-01 3.545729891406765866e-01
6.263055335660011602e-01 -1.003268805864936108e-01 3.545729891406765866e-01
6.263055335660011602e-01 -1.003268805864936108e-01 3.545729891406765866e-01
1.044904189509205938e+00 -2.782778151529069488e-02 1.062722280624269627e-01
9.255762427202578468e-01 8.438588204165679840e-02 1.872288724111626501e-01
9.255762427202578468e-01 8.438588204165679840e-02 1.872288724111626501e-01
6.708484302833466195e-01 2.372522374875495887e-01 4.894932954637538081e-01
6.708484302833466195e-01 2.372522374875495887e-01 4.894932954637538081e-01
6.708484302833466195e-01 2.372522374875495887e-01 4.894932954637538081e-01
6.325667504450829259e-01 4.515997831371050264e-01 1.999846154515982910e-01
3.650912844033497029e-01 4.763232232844343272e-01 3.141626041074172537e-01
4.707041757371347446e-01 3.426559769422874435e-01 4.562394878647810792e-01
4.707041757371347446e-01 3.426559769422874435e-01 4.562394878647810792e-01
4.707041757371347446e-01 3.426559769422874435e-01 4.562394878647810792e-01
6.849885747093176214e-01 2.985029494674321660e-01 3.565879362620615889e-01
4.919805269961541327e-01 4.251028589281853343e-01 3.977593822890757580e-01
4.919805269961541327e-01 4.251028589281853343e-01 3.977593822890757580e-01
4.919805269961541327e-01 4.251028589281853343e-01 3.977593822890757580e-01
4.919805269961541327e-01 4.251028589281853343e-01 3.977593822890757580e-01
7.299793196083821378e-01 -1.554323459563636822e-01 4.799649391808689658e-01
8.033941984994084073e-01 -4.845708258970998772e-02 6.025240377372821365e-01
8.033941984994084073e-01 -4.845708258970998772e-02 6.025240377372821365e-01
8.033941984994084073e-01 -4.845708258970998772e-02 6.025240377372821365e-01
8.033941984994084073e-01 -4.845708258970998772e-02 6.025240377372821365e-01
5.413356019622537207e-01 2.962261089980316453e-01 5.203364409458490769e-01
5.413356019622537207e-01 2.962261089980316453e-01 5.203364409458490769e-01
5.413356019622537207e-01 2.962261089980316453e-01 5.203364409458490769e-01
5.413356019622537207e-01 2.962261089980316453e-01 5.203364409458490769e-01
5.413356019622537207e-01 2.962261089980316453e-01 5.203364409458490769e-01
9.557964450938652989e-01 -1.871039737897425836e-01 4.239728979115853225e-01
9.557964450938652989e-01 -1.871039737897425836e-01 4.239728979115853225e-01
9.557964450938652989e-01 -1.871039737897425836e-01 4.239728979115853225e-01
9.557964450938652989e-01 -1.871039737897425836e-01 4.239728979115853225e-01
9.557964450938652989e-01 -1.871039737897425836e-01 4.239728979115853225e-01
