2.489132485845457765e-01 1.481402749648903505e-01 5.750641891755608331e-02
2.489132485845457765e-01 1.481402749648903505e-01 5.750641891755608331e-02
8.988371591108931247e-01 1.236524519555406987e-01 1.470171797129675162e-01
5.978464721183348596e-01 2.159085417898506387e-01 6.353812973948593790e-01
5.978464721183348596e-01 2.159085417898506387e-01 6.353812973948593790e-01
5.978464721183348596e-01 2.159085417898506387e-01 6.353812973948593790e-01
5.978464721183348596e-01 2.159085417898506387e-01 6.353812973948593790e-01
4.010984372679252674e-01 3.896128493570242268e-01 5.955821406677754837e-01
4.010984372679252674e-01 3.896128493570242268e-01 5.955821406677754837e-01
4.010984372679252674e-01 3.896128493570242268e-01 5.955821406677754837e-01
4.010984372679252674e-01 3.896128493570242268e-01 5.955821406677754837e-01
4.010984372679252674e-01 3.896128493570242268e-01 5.955821406677754837e-01
4.010984372679252674e-01 3.896128493570242268e-01 5.955821406677754837e-01
5.525512941971904013e-01 -5.026048834572000024e-02 2.323718464816525442e-01
5.525512941971904013e-01 -5.026048834572000024e-02 2.323718464816525442e-01
9.812943243742340282e-01 -4.801579698590331680e-03 1.862461778917445521e-01
9.812943243742340282e-01 -4.801579698590331680e-03 1.862461778917445521e-01
8.770221347414441926e-01 -7.854101990048675819e-02 5.202242739637811253e-01
1.011641632649122213e+00 -4.650860667657542580e-01 1.924234722866993708e-01
8.668176853238969137e-01 -1.480048286390864831e-01 5.366739312157959851e-01
8.668176853238969137e-01 -1.480048286390864831e-01 5.366739312157959851e-01
1.159110755106401713e+00 -3.559229545329944955e-01 2.599769479258547400e-01
1.266677717273440695e+00 -5.445491208419318552e-01 1.800904318801511694e-01
1.266677717273440695e+00 -5.445491208419318552e-01 1.800904318801511694e-01
6.346824376443348514e-01 -1.605777084598391524e-01 1.778903234947776246e-01
6.567488563192205309e-01 1.316292086901687530e-01 6.569449412206317396e-01
9.453315435890561336e-01 -3.351154935005141722e-01 3.312015448560883257e-01
1.146706469623738789e+00 -3.351195247625247675e-01 2.664922878172076848e-01
1.146706469623738789e+00 -3.351195247625247675e-01 2.664922878172076848e-01
7.575971900540876547e-01 -9.635124685831744640e-02 5.447630266248710829e-01
7.575971900540876547e-01 -9.635124685831744640e-02 5.447630266248710829e-01
7.575971900540876547e-01 -9.635124685831744640e-02 5.447630266248710829e-01
7.575971900540876547e-01 -9.635124685831744640e-02 5.447630266248710829e-01
9.737823256856954490e-01 -8.732719053048626501e-02 3.302326060119583628e-01
9.737823256856954490e-01 -8.732719053048626501e-02 3.302326060119583628e-01
9.737823256856954490e-01 -8.732719053048626501e-02 3.302326060119583628e-01
6.026777725291259102e-01 8.783891941925323077e-02 6.396324548657096321e-01
6.026777725291259102e-01 8.783891941925323077e-02 6.396324548657096321e-01
6.026777725291259102e-01 8.783891941925323077e-02 6.396324548657096321e-01
6.026777725291259102e-01 8.783891941925323077e-02 6.396324548657096321e-01
6.026777725291259102e-01 8.783891941925323077e-02 6.396324548657096321e-01
6.026777725291259102e-01 8.783891941925323077e-02 6.396324548657096321e-01
6.026777725291259102e-01 8.783891941925323077e-02 6.396324548657096321e-01
6.026777725291259102e-01 8.783891941925323077e-02 6.396324548657096321e-01
6.026777725291259102e-01 8.783891941925323077e-02 6.396324548657096321e-01
6.026777725291259102e-01 8.783891941925323077e-02 6.396324548657096321e-01
5.444783354767598338e-01 2.252484378764393613e-01 6.726035549719424633e-01
5.444783354767598338e-01 2.252484378764393613e-01 6.726035549719424633e-01
5.444783354767598338e-01 2.252484378764393613e-01 6.726035549719424633e-01
6.823598245627796599e-01 2.667920818533346949e-01 3.360983443327942299e-01
5.303288207302059298e-01 4.021233353856343284e-02 3.847435936685591473e-01
5.303288207302059298e-01 4.021233353856343284e-02 3.847435936685591473e-01
5.303288207302059298e-01 4.021233353856343284e-02 3.847435936685591473e-01
5.303288207302059298e-01 4.021233353856343284e-02 3.847435936685591473e-01
4.393651927860166007e-01 4.129179863873077422e-02 1.816960658438359077e-01
5.295570045664343972e-01 1.279786672999738972e-01 5.810036696345597385e-01
3.723424724668277785e-01 2.362602473353538346e-01 4.228394959665414676e-01
2.355169895373923905e-01 4.647204009911485301e-01 4.566637754096805613e-01
4.871552950433361007e-01 4.709593627935484417e-01 3.086721893843947240e-01
2.302599754018112566e-01 5.081890942278308732e-01 4.685786764269158078e-01
2.302599754018112566e-01 5.081890942278308732e-01 4.685786764269158078e-01
4.035369699994525439e-01 3.243862944268590676e-01 6.115413850806595830e-01
9.819690099128391969e-02 4.011747707616937220e-01 1.181088389390249072e-01
9.819690099128391969e-02 4.011747707616937220e-01 1.181088389390249072e-01
1.882641411029928324e-02 3.742948042907316419e-01 3.086946150697431057e-02
1.882641411029928324e-02 3.742948042907316419e-01 3.086946150697431057e-02
2.479348203167340281e-01 1.097897928783544974e-01 3.455938196701292819e-02
2.479348203167340281e-01 1.097897928783544974e-01 3.455938196701292819e-02
3.328579456025641536e-01 1.404259014031919717e-01 1.510770357804239183e-01
5.973187410473006498e-01 4.607254785712382450e-01 1.306636362537251517e-01
5.420420626774713480e-02 4.857093476134174415e-01 1.432294119929719001e-01
5.420420626774713480e-02 4.857093476134174415e-01 1.432294119929719001e-01
5.420420626774713480e-02 4.857093476134174415e-01 1.432294119929719001e-01
5.420420626774713480e-02 4.857093476134174415e-01 1.432294119929719001e-01
4.028541390390374399e-01 2.714509900128297959e-01 5.592423816593771191e-01
4.028541390390374399e-01 2.714509900128297959e-01 5.592423816593771191e-01
4.028541390390374399e-01 2.714509900128297959e-01 5.592423816593771191e-01
4.028541390390374399e-01 2.714509900128297959e-01 5.592423816593771191e-01
5.030404542502318055e-01 2.053514835934030780e-01 6.470758414121258184e-01
5.030404542502318055e-01 2.053514835934030780e-01 6.470758414121258184e-01
6.550152513759933681e-01 3.066942753155901813e-02 6.250151281846432205e-01
6.550152513759933681e-01 3.066942753155901813e-02 6.250151281846432205e-01
6.550152513759933681e-01 3.066942753155901813e-02 6.250151281846432205e-01
6.550152513759933681e-01 3.066942753155901813e-02 6.250151281846432205e-01
6.550152513759933681e-01 3.066942753155901813e-02 6.250151281846432205e-01
6.550152513759933681e-01 3.066942753155901813e-02 6.250151281846432205e-01
6.550152513759933681e-01 3.066942753155901813e-02 6.250151281846432205e-01
6.550152513759933681e-01 3.066942753155901813e-02 6.250151281846432205e-01
6.550152513759933681e-01 3.066942753155901813e-02 6.250151281846432205e-01
2.839271699976158581e-01 2.413509852767330710e-01 2.199798655842663542e-01
3.843855407765311427e-01 3.172129150553676946e-01 5.803682232666316221e-01
3.843855407765311427e-01 3.172129150553676946e-01 5.803682232666316221e-01
3.843855407765311427e-01 3.172129150553676946e-01 5.803682232666316221e-01
5.681457046350057993e-01 6.954330757166996002e-02 5.455033859305613575e-01
5.681457046350057993e-01 6.954330757166996002e-02 5.455033859305613575e-01
5.681457046350057993e-01 6.954330757166996002e-02 5.455033859305613575e-01
5.681457046350057993e-01 6.954330757166996002e-02 5.455033859305613575e-01
7.098985877669291567e-01 -3.063479956351625177e-02 5.971584072243234509e-01
7.098985877669291567e-01 -3.063479956351625177e-02 5.971584072243234509e-01
7.098985877669291567e-01 -3.063479956351625177e-02 5.971584072243234509e-01
