2.489132485845457765e-01 1.481402749648903505e-01 2.089284481057776810e-01
2.489132485845457765e-01 1.481402749648903505e-01 2.089284481057776810e-01
2.489132485845457765e-01 1.481402749648903505e-01 2.089284481057776810e-01
2.489132485845457765e-01 1.481402749648903505e-01 2.089284481057776810e-01
2.489132485845457765e-01 1.481402749648903505e-01 2.089284481057776810e-01
2.489132485845457765e-01 1.481402749648903505e-01 2.089284481057776810e-01
2.489132485845457765e-01 1.481402749648903505e-01 2.089284481057776810e-01
2.489132485845457765e-01 1.481402749648903505e-01 2.089284481057776810e-01
2.489132485845457765e-01 1.481402749648903505e-01 2.089284481057776810e-01
2.489132485845457765e-01 1.481402749648903505e-01 2.089284481057776810e-01
2.489132485845457765e-01 1.481402749648903505e-01 2.089284481057776810e-01
3.755920698335051822e-01 1.143636302045047126e-01 3.757152309693311265e-01
3.755920698335051822e-01 1.143636302045047126e-01 3.757152309693311265e-01
3.755920698335051822e-01 1.143636302045047126e-01 3.757152309693311265e-01
3.755920698335051822e-01 1.143636302045047126e-01 3.757152309693311265e-01
3.755920698335051822e-01 1.143636302045047126e-01 3.757152309693311265e-01
3.755920698335051822e-01 1.143636302045047126e-01 3.757152309693311265e-01
2.267856605740611042e-01 4.584366475173975441e-01 6.455428030201517675e-01
2.267856605740611042e-01 4.584366475173975441e-01 6.455428030201517675e-01
1.883847736315354404e-01 7.617521479088603664e-01 3.563998028202622348e-01
1.883847736315354404e-01 7.617521479088603664e-01 3.563998028202622348e-01
1.883847736315354404e-01 7.617521479088603664e-01 3.563998028202622348e-01
3.494192422375265727e-01 4.865817889070113145e-01 3.459359336315414035e-01
3.494192422375265727e-01 4.865817889070113145e-01 3.459359336315414035e-01
4.417586350272758589e-01 8.667786755490858308e-02 2.762804193407711884e-01
4.417586350272758589e-01 8.667786755490858308e-02 2.762804193407711884e-01
4.417586350272758589e-01 8.667786755490858308e-02 2.762804193407711884e-01
4.417586350272758589e-01 8.667786755490858308e-02 2.762804193407711884e-01
4.417586350272758589e-01 8.667786755490858308e-02 2.762804193407711884e-01
4.417586350272758589e-01 8.667786755490858308e-02 2.762804193407711884e-01
4.417586350272758589e-01 8.667786755490858308e-02 2.762804193407711884e-01
4.417586350272758589e-01 8.667786755490858308e-02 2.762804193407711884e-01
4.417586350272758589e-01 8.667786755490858308e-02 2.762804193407711884e-01
4.417586350272758589e-01 8.667786755490858308e-02 2.762804193407711884e-01
4.417586350272758589e-01 8.667786755490858308e-02 2.762804193407711884e-01
4.417586350272758589e-01 8.667786755490858308e-02 2.762804193407711884e-01
4.417586350272758589e-01 8.667786755490858308e-02 2.762804193407711884e-01
4.417586350272758589e-01 8.667786755490858308e-02 2.762804193407711884e-01
4.417586350272758589e-01 8.667786755490858308e-02 2.762804193407711884e-01
6.064782632041377797e-01 5.641057458568519978e-02 2.206509274779806795e-02
3.223465021457908586e-01 1.893300784551019689e-01 4.600667745371486705e-01
3.223465021457908586e-01 1.893300784551019689e-01 4.600667745371486705e-01
3.223465021457908586e-01 1.893300784551019689e-01 4.600667745371486705e-01
3.223465021457908586e-01 1.893300784551019689e-01 4.600667745371486705e-01
3.223465021457908586e-01 1.893300784551019689e-01 4.600667745371486705e-01
3.250569082937942444e-01 4.810551567739912437e-01 4.590146126844593666e-01
3.830982593538370673e-01 5.554883286223590844e-01 1.343955325230717646e-01
3.830982593538370673e-01 5.554883286223590844e-01 1.343955325230717646e-01
3.830982593538370673e-01 5.554883286223590844e-01 1.343955325230717646e-01
3.830982593538370673e-01 5.554883286223590844e-01 1.343955325230717646e-01
3.830982593538370673e-01 5.554883286223590844e-01 1.343955325230717646e-01
2.404143951008567426e-01 2.508579180048294832e-01 3.685827832906284907e-01
2.631423696254628353e-01 6.578208102598761542e-01 3.649614350938344964e-01
2.159990472864951883e-01 7.781084022340362116e-01 2.700899873313100108e-01
2.159990472864951883e-01 7.781084022340362116e-01 2.700899873313100108e-01
8.602992692368277572e-02 7.972957112422396353e-01 3.041015117081079522e-01
1.844563748456382879e-01 7.763272328303152392e-01 3.371492644580394438e-01
1.844563748456382879e-01 7.763272328303152392e-01 3.371492644580394438e-01
1.844563748456382879e-01 7.763272328303152392e-01 3.371492644580394438e-01
7.273371122980204495e-02 8.261022249335551182e-01 2.669013378597867581e-01
7.273371122980204495e-02 8.261022249335551182e-01 2.669013378597867581e-01
7.273371122980204495e-02 8.261022249335551182e-01 2.669013378597867581e-01
7.273371122980204495e-02 8.261022249335551182e-01 2.669013378597867581e-01
7.273371122980204495e-02 8.261022249335551182e-01 2.669013378597867581e-01
7.273371122980204495e-02 8.261022249335551182e-01 2.669013378597867581e-01
1.410555760652076884e-01 4.685728067579603140e-01 3.467678342130826041e-01
1.410555760652076884e-01 4.685728067579603140e-01 3.467678342130826041e-01
1.854590202615787886e-01 5.452288199871723195e-01 5.890793088798111921e-01
1.854590202615787886e-01 5.452288199871723195e-01 5.890793088798111921e-01
1.854590202615787886e-01 5.452288199871723195e-01 5.890793088798111921e-01
1.854590202615787886e-01 5.452288199871723195e-01 5.890793088798111921e-01
1.854590202615787886e-01 5.452288199871723195e-01 5.890793088798111921e-01
1.854590202615787886e-01 5.452288199871723195e-01 5.890793088798111921e-01
1.854590202615787886e-01 5.452288199871723195e-01 5.890793088798111921e-01
1.854590202615787886e-01 5.452288199871723195e-01 5.890793088798111921e-01
1.854590202615787886e-01 5.452288199871723195e-01 5.890793088798111921e-01
1.854590202615787886e-01 5.452288199871723195e-01 5.890793088798111921e-01
1.327977543092521695e-01 5.515549223201128282e-01 4.109409694753310971e-01
1.327977543092521695e-01 5.515549223201128282e-01 4.109409694753310971e-01
1.857722947497920107e-01 5.573602007193740882e-01 5.913682271728873951e-01
1.857722947497920107e-01 5.573602007193740882e-01 5.913682271728873951e-01
1.857722947497920107e-01 5.573602007193740882e-01 5.913682271728873951e-01
1.857722947497920107e-01 5.573602007193740882e-01 5.913682271728873951e-01
1.857722947497920107e-01 5.573602007193740882e-01 5.913682271728873951e-01
1.857722947497920107e-01 5.573602007193740882e-01 5.913682271728873951e-01
1.857722947497920107e-01 5.573602007193740882e-01 5.913682271728873951e-01
1.857722947497920107e-01 5.573602007193740882e-01 5.913682271728873951e-01
1.857722947497920107e-01 5.573602007193740882e-01 5.913682271728873951e-01
1.857722947497920107e-01 5.573602007193740882e-01 5.913682271728873951e-01
1.857722947497920107e-01 5.573602007193740882e-01 5.913682271728873951e-01
1.653565342172235997e-01 3.987859915848003256e-01 3.441056239575326359e-01
1.653565342172235997e-01 3.987859915848003256e-01 3.441056239575326359e-01
1.653565342172235997e-01 3.987859915848003256e-01 3.441056239575326359e-01
1.665172558229636723e-01 3.987793298936282427e-01 3.489744830211859439e-01
2.389541808509956233e-01 3.643037910174293237e-01 5.747260991295287669e-01
2.389541808509956233e-01 3.643037910174293237e-01 5.747260991295287669e-01
2.389541808509956233e-01 3.643037910174293237e-01 5.747260991295287669e-01
2.389541808509956233e-01 3.643037910174293237e-01 5.747260991295287669e-01
2.627746875356831158e-01 3.217912066772465329e-01 5.727973857798116519e-01
2.627746875356831158e-01 3.217912066772465329e-01 5.727973857798116519e-01
