2.489132485845457765e-01 1.481402749648903505e-01 1.862470405264459172e-01
2.489132485845457765e-01 1.481402749648903505e-01 1.862470405264459172e-01
2.489132485845457765e-01 1.481402749648903505e-01 1.862470405264459172e-01
2.489132485845457765e-01 1.481402749648903505e-01 1.862470405264459172e-01
3.455533594945046638e-01 4.347476737223874288e-01 5.481302416908480080e-01
3.455533594945046638e-01 4.347476737223874288e-01 5.481302416908480080e-01
3.455533594945046638e-01 4.347476737223874288e-01 5.481302416908480080e-01
3.455533594945046638e-01 4.347476737223874288e-01 5.481302416908480080e-01
3.455533594945046638e-01 4.347476737223874288e-01 5.481302416908480080e-01
3.455533594945046638e-01 4.347476737223874288e-01 5.481302416908480080e-01
3.455533594945046638e-01 4.347476737223874288e-01 5.481302416908480080e-01
3.455533594945046638e-01 4.347476737223874288e-01 5.481302416908480080e-01
4.306317898624437701e-01 4.465178516245680296e-01 2.036203998718865704e-01
2.363798991884802081e-01 6.874179294176211430e-01 3.944588894686708591e-01
2.363798991884802081e-01 6.874179294176211430e-01 3.944588894686708591e-01
2.363798991884802081e-01 6.874179294176211430e-01 3.944588894686708591e-01
2.363798991884802081e-01 6.874179294176211430e-01 3.944588894686708591e-01
2.363798991884802081e-01 6.874179294176211430e-01 3.944588894686708591e-01
2.363798991884802081e-01 6.874179294176211430e-01 3.944588894686708591e-01
2.363798991884802081e-01 6.874179294176211430e-01 3.944588894686708591e-01
2.475256098475309696e-01 5.545283542812010635e-01 5.640225292528527890e-01
2.475256098475309696e-01 5.545283542812010635e-01 5.640225292528527890e-01
3.732775970084624695e-01 5.501393543564772060e-01 2.749047969245473344e-01
3.732775970084624695e-01 5.501393543564772060e-01 2.749047969245473344e-01
3.732775970084624695e-01 5.501393543564772060e-01 2.749047969245473344e-01
3.732775970084624695e-01 5.501393543564772060e-01 2.749047969245473344e-01
4.383152371573612593e-01 4.451165397861828743e-01 1.805385205610882393e-01
4.383152371573612593e-01 4.451165397861828743e-01 1.805385205610882393e-01
4.383152371573612593e-01 4.451165397861828743e-01 1.805385205610882393e-01
4.383152371573612593e-01 4.451165397861828743e-01 1.805385205610882393e-01
4.383152371573612593e-01 4.451165397861828743e-01 1.805385205610882393e-01
4.383152371573612593e-01 4.451165397861828743e-01 1.805385205610882393e-01
4.383152371573612593e-01 4.451165397861828743e-01 1.805385205610882393e-01
4.383152371573612593e-01 4.451165397861828743e-01 1.805385205610882393e-01
4.606830462247387681e-01 5.311264927747998410e-01 6.699670774879303015e-02
4.206382351048417734e-01 1.981907639124806941e-01 3.951721034333520177e-01
4.206382351048417734e-01 1.981907639124806941e-01 3.951721034333520177e-01
4.206382351048417734e-01 1.981907639124806941e-01 3.951721034333520177e-01
4.206382351048417734e-01 1.981907639124806941e-01 3.951721034333520177e-01
3.723229046810681564e-01 7.840091395257722806e-02 3.296188992221754099e-01
4.167606022064693216e-01 1.889029902752915324e-01 4.031592518626905819e-01
4.167606022064693216e-01 1.889029902752915324e-01 4.031592518626905819e-01
4.167606022064693216e-01 1.889029902752915324e-01 4.031592518626905819e-01
3.910069645307717168e-01 1.396324741323276830e-01 4.120302965135585471e-01
3.910069645307717168e-01 1.396324741323276830e-01 4.120302965135585471e-01
3.910069645307717168e-01 1.396324741323276830e-01 4.120302965135585471e-01
3.910069645307717168e-01 1.396324741323276830e-01 4.120302965135585471e-01
4.346579499109285982e-01 9.850221818552856723e-03 2.377212784976742987e-01
4.346579499109285982e-01 9.850221818552856723e-03 2.377212784976742987e-01
4.346579499109285982e-01 9.850221818552856723e-03 2.377212784976742987e-01
4.346579499109285982e-01 9.850221818552856723e-03 2.377212784976742987e-01
4.346579499109285982e-01 9.850221818552856723e-03 2.377212784976742987e-01
4.194748324138027340e-01 1.321201607391364781e-02 2.491066186903999613e-01
4.194748324138027340e-01 1.321201607391364781e-02 2.491066186903999613e-01
4.194748324138027340e-01 1.321201607391364781e-02 2.491066186903999613e-01
4.194748324138027340e-01 1.321201607391364781e-02 2.491066186903999613e-01
3.990911098000930468e-01 4.396912744457450173e-01 3.291059232282482760e-01
3.990911098000930468e-01 4.396912744457450173e-01 3.291059232282482760e-01
1.545411972946743040e-01 8.558808005021303345e-01 1.823505543524107930e-01
1.545411972946743040e-01 8.558808005021303345e-01 1.823505543524107930e-01
1.545411972946743040e-01 8.558808005021303345e-01 1.823505543524107930e-01
1.545411972946743040e-01 8.558808005021303345e-01 1.823505543524107930e-01
1.545411972946743040e-01 8.558808005021303345e-01 1.823505543524107930e-01
1.545411972946743040e-01 8.558808005021303345e-01 1.823505543524107930e-01
1.545411972946743040e-01 8.558808005021303345e-01 1.823505543524107930e-01
1.545411972946743040e-01 8.558808005021303345e-01 1.823505543524107930e-01
2.471719462120279265e-01 6.285965097442177685e-01 4.770456525966143557e-01
1.480593795869593887e-01 7.245700894487568933e-01 2.769879546493868583e-01
3.758473444710440647e-01 4.049782589933796917e-01 4.679282056228944442e-01
3.758473444710440647e-01 4.049782589933796917e-01 4.679282056228944442e-01
3.758473444710440647e-01 4.049782589933796917e-01 4.679282056228944442e-01
3.758473444710440647e-01 4.049782589933796917e-01 4.679282056228944442e-01
3.758473444710440647e-01 4.049782589933796917e-01 4.679282056228944442e-01
3.758473444710440647e-01 4.049782589933796917e-01 4.679282056228944442e-01
3.758473444710440647e-01 4.049782589933796917e-01 4.679282056228944442e-01
1.644586588740888367e-01 2.986003412889848274e-02 1.068404306856818656e-02
9.851397334686927409e-02 2.094552509678899721e-01 1.273165401956072654e-02
9.851397334686927409e-02 2.094552509678899721e-01 1.273165401956072654e-02
2.187502929898849091e-01 9.277364852569200404e-02 7.275710621171348202e-02
5.751043514060578676e-01 1.946453153660615554e-01 3.377055178415197534e-02
5.751043514060578676e-01 1.946453153660615554e-01 3.377055178415197534e-02
5.751043514060578676e-01 1.946453153660615554e-01 3.377055178415197534e-02
5.751043514060578676e-01 1.946453153660615554e-01 3.377055178415197534e-02
3.817227729841351502e-01 2.637925358357056660e-01 5.166532162623611590e-01
3.817227729841351502e-01 2.637925358357056660e-01 5.166532162623611590e-01
3.817227729841351502e-01 2.637925358357056660e-01 5.166532162623611590e-01
3.817227729841351502e-01 2.637925358357056660e-01 5.166532162623611590e-01
3.817227729841351502e-01 2.637925358357056660e-01 5.166532162623611590e-01
3.151291538321916441e-01 5.086745363478236692e-01 5.459630953785059582e-01
3.151291538321916441e-01 5.086745363478236692e-01 5.459630953785059582e-01
3.151291538321916441e-01 5.086745363478236692e-01 5.459630953785059582e-01
3.600658112836563896e-01 -3.177004874855027250e-02 1.623481318670687290e-01
4.216417305850038155e-01 5.315385847062281677e-01 1.459700148583919777e-01
4.216417305850038155e-01 5.315385847062281677e-01 1.459700148583919777e-01
4.216417305850038155e-01 5.315385847062281677e-01 1.459700148583919777e-01
4.216417305850038155e-01 5.315385847062281677e-01 1.459700148583919777e-01
4.216417305850038155e-01 5.315385847062281677e-01 1.459700148583919777e-01
4.216417305850038155e-01 5.315385847062281677e-01 1.459700148583919777e-01
4.216417305850038155e-01 5.315385847062281677e-01 1.459700148583919777e-01
4.216417305850038155e-01 5.315385847062281677e-01 1.459700148583919777e-01
