2.489132485845457765e-01 1.481402749648903505e-01 2.465825119028469334e-02
2.489132485845457765e-01 1.481402749648903505e-01 2.465825119028469334e-02
5.614627189191234713e-01 1.325852563504536785e-01 4.591618155826284742e-01
5.614627189191234713e-01 1.325852563504536785e-01 4.591618155826284742e-01
5.614627189191234713e-01 1.325852563504536785e-01 4.591618155826284742e-01
5.614627189191234713e-01 1.325852563504536785e-01 4.591618155826284742e-01
8.875962678673310347e-01 2.548784258467777786e-01 1.017552158764896963e-01
8.875962678673310347e-01 2.548784258467777786e-01 1.017552158764896963e-01
1.540422843968177746e-01 7.830682522700174175e-01 8.658619108423312727e-02
3.988092243057302921e-01 6.719445028054311653e-01 1.537090517747980722e-01
3.988092243057302921e-01 6.719445028054311653e-01 1.537090517747980722e-01
3.988092243057302921e-01 6.719445028054311653e-01 1.537090517747980722e-01
3.988092243057302921e-01 6.719445028054311653e-01 1.537090517747980722e-01
1.604615934726517090e-01 7.972574561878841282e-01 8.563899273572707360e-02
1.604615934726517090e-01 7.972574561878841282e-01 8.563899273572707360e-02
1.604615934726517090e-01 7.972574561878841282e-01 8.563899273572707360e-02
1.604615934726517090e-01 7.972574561878841282e-01 8.563899273572707360e-02
1.604615934726517090e-01 7.972574561878841282e-01 8.563899273572707360e-02
3.744107549352881925e-01 5.519152487880746305e-01 2.536582774108783189e-01
3.744107549352881925e-01 5.519152487880746305e-01 2.536582774108783189e-01
3.744107549352881925e-01 5.519152487880746305e-01 2.536582774108783189e-01
3.744107549352881925e-01 5.519152487880746305e-01 2.536582774108783189e-01
2.403228759559648819e-01 5.977088270629635769e-01 1.584708567710262361e-01
3.341473222294847334e-01 2.877407756112548287e-01 1.695428417975451962e-01
4.695008710315641265e-01 8.083503424156390782e-02 2.132061080331351666e-01
4.968181358668090075e-01 1.100128040943633423e-01 3.013112331152150714e-01
4.968181358668090075e-01 1.100128040943633423e-01 3.013112331152150714e-01
4.968181358668090075e-01 1.100128040943633423e-01 3.013112331152150714e-01
4.968181358668090075e-01 1.100128040943633423e-01 3.013112331152150714e-01
4.968181358668090075e-01 1.100128040943633423e-01 3.013112331152150714e-01
5.747310038018270673e-01 6.357389718472597484e-02 4.107192750836819450e-01
5.747310038018270673e-01 6.357389718472597484e-02 4.107192750836819450e-01
4.060265534251738528e-01 4.076293942922208924e-01 3.295562930823666692e-01
4.060265534251738528e-01 4.076293942922208924e-01 3.295562930823666692e-01
3.619208652012927963e-01 3.751704557379232918e-01 2.642418850086878379e-01
7.751479688459415041e-01 3.895332192979459318e-01 1.058512462379327251e-01
7.751479688459415041e-01 3.895332192979459318e-01 1.058512462379327251e-01
2.939242019492741553e-01 5.152955472253597513e-01 2.075113740752874414e-01
2.939242019492741553e-01 5.152955472253597513e-01 2.075113740752874414e-01
2.939242019492741553e-01 5.152955472253597513e-01 2.075113740752874414e-01
3.743674687710581983e-01 5.846736519000836907e-01 2.313000834094104674e-01
3.743674687710581983e-01 5.846736519000836907e-01 2.313000834094104674e-01
5.144742576912589849e-01 5.874340017493113741e-01 1.655656860224376248e-01
5.144742576912589849e-01 5.874340017493113741e-01 1.655656860224376248e-01
5.144742576912589849e-01 5.874340017493113741e-01 1.655656860224376248e-01
5.144742576912589849e-01 5.874340017493113741e-01 1.655656860224376248e-01
3.576534328420366005e-01 2.920731065659069592e-01 2.094190471967374567e-01
8.091579098644638979e-01 1.835952170389235916e-01 3.204250085015912242e-01
8.091579098644638979e-01 1.835952170389235916e-01 3.204250085015912242e-01
6.519452759994911473e-01 2.259523459100305498e-01 5.096343880236429147e-01
1.040264935557287052e+00 -3.572666068021536079e-01 3.544977491206274811e-01
9.676933778414988918e-01 -9.650310599343364659e-02 3.694548184075369113e-01
1.126738545690206372e+00 -4.906909207846613108e-01 2.451918476465425323e-01
1.126738545690206372e+00 -4.906909207846613108e-01 2.451918476465425323e-01
1.126738545690206372e+00 -4.906909207846613108e-01 2.451918476465425323e-01
1.126738545690206372e+00 -4.906909207846613108e-01 2.451918476465425323e-01
1.126738545690206372e+00 -4.906909207846613108e-01 2.451918476465425323e-01
1.126738545690206372e+00 -4.906909207846613108e-01 2.451918476465425323e-01
1.220255155723705132e+00 -5.510726019840506140e-01 1.678613624878146360e-01
1.220255155723705132e+00 -5.510726019840506140e-01 1.678613624878146360e-01
9.706038599907989006e-01 -7.975131020248295011e-01 1.569529175804426635e-02
7.803915849723218612e-01 -4.237798488233754934e-01 1.062706465069277323e-01
7.803915849723218612e-01 -4.237798488233754934e-01 1.062706465069277323e-01
7.803915849723218612e-01 -4.237798488233754934e-01 1.062706465069277323e-01
7.803915849723218612e-01 -4.237798488233754934e-01 1.062706465069277323e-01
6.654259195662581838e-01 -4.800528804282442330e-01 1.524545556997836636e-02
6.654259195662581838e-01 -4.800528804282442330e-01 1.524545556997836636e-02
6.654259195662581838e-01 -4.800528804282442330e-01 1.524545556997836636e-02
4.666076642664934715e-01 -2.304029015841100037e-01 1.470619854543558577e-02
7.182313964228893566e-01 -3.731959930245605239e-01 9.087471092177409893e-02
7.182313964228893566e-01 -3.731959930245605239e-01 9.087471092177409893e-02
7.182313964228893566e-01 -3.731959930245605239e-01 9.087471092177409893e-02
7.182313964228893566e-01 -3.731959930245605239e-01 9.087471092177409893e-02
7.182313964228893566e-01 -3.731959930245605239e-01 9.087471092177409893e-02
1.167820244099804228e+00 -3.770914691633047711e-01 2.067660140313534456e-01
8.594998925130720169e-01 -1.438613857103054616e-01 5.392047802770244536e-01
8.594998925130720169e-01 -1.438613857103054616e-01 5.392047802770244536e-01
1.020888220137614377e+00 -3.343124913045092406e-01 3.771040601802935766e-01
8.415647143831405108e-01 1.074619903881997018e-01 3.724182709630322052e-01
8.415647143831405108e-01 1.074619903881997018e-01 3.724182709630322052e-01
8.415647143831405108e-01 1.074619903881997018e-01 3.724182709630322052e-01
8.415647143831405108e-01 1.074619903881997018e-01 3.724182709630322052e-01
5.379653919048384969e-01 1.814721146624855008e-01 4.552047653732471666e-01
5.379653919048384969e-01 1.814721146624855008e-01 4.552047653732471666e-01
5.379653919048384969e-01 1.814721146624855008e-01 4.552047653732471666e-01
5.982420560529477793e-01 4.207889225377956510e-01 2.956696955613786759e-01
5.677585636843764938e-01 2.771355834183303335e-01 4.891886515556903015e-01
6.116223851777269349e-01 8.474475427551894646e-02 5.053377721267460210e-01
6.640889817029668185e-01 -4.237147410600955455e-02 4.510123385357044379e-01
4.849492787169999986e-01 -3.017047382205867434e-02 1.249267228962957360e-01
8.825090649576151636e-01 1.667646565880924192e-01 2.036374234285870388e-01
9.821084622362942218e-01 6.261059683932407305e-02 1.579121996230473945e-01
1.224176709740638858e+00 -1.862272743198894187e-01 5.292003635542786438e-02
1.224176709740638858e+00 -1.862272743198894187e-01 5.292003635542786438e-02
1.015150673648767654e+00 -1.623319708579318843e-01 3.360556740173640256e-01
1.015150673648767654e+00 -1.623319708579318843e-01 3.360556740173640256e-01
1.243989543382423957e+00 -3.599420773814438479e-01 1.072665645792251210e-01
1.243989543382423957e+00 -3.599420773814438479e-01 1.072665645792251210e-01
1.127743080142925791e+00 -7.408742564676231712e-01 8.275208987532003957e-02
1.127743080142925791e+00 -7.408742564676231712e-01 8.275208987532003957e-02
