2.489132485845457765e-01 1.481402749648903505e-01 4.897372403986217926e-02
2.489132485845457765e-01 1.481402749648903505e-01 4.897372403986217926e-02
2.489132485845457765e-01 1.481402749648903505e-01 4.897372403986217926e-02
2.489132485845457765e-01 1.481402749648903505e-01 4.897372403986217926e-02
5.160819719822999918e-01 4.984684615010435693e-01 2.203369372116187330e-01
5.160819719822999918e-01 4.984684615010435693e-01 2.203369372116187330e-01
2.563459630927036881e-01 4.006358208068808158e-01 3.974013017877791598e-01
2.563459630927036881e-01 4.006358208068808158e-01 3.974013017877791598e-01
2.563459630927036881e-01 4.006358208068808158e-01 3.974013017877791598e-01
2.563459630927036881e-01 4.006358208068808158e-01 3.974013017877791598e-01
5.156829035584931109e-01 3.590578168387354996e-01 5.186119232125553369e-01
5.156829035584931109e-01 3.590578168387354996e-01 5.186119232125553369e-01
5.156829035584931109e-01 3.590578168387354996e-01 5.186119232125553369e-01
5.517073743776202965e-01 4.562290171396282124e-01 2.390543671556296657e-01
5.517073743776202965e-01 4.562290171396282124e-01 2.390543671556296657e-01
6.667986890992207982e-01 3.165382872877735010e-01 2.990931259916715934e-01
6.667986890992207982e-01 3.165382872877735010e-01 2.990931259916715934e-01
6.667986890992207982e-01 3.165382872877735010e-01 2.990931259916715934e-01
1.206380442633191441e-01 5.329437029403003567e-01 2.996717272731813653e-01
9.570422795802235871e-02 3.804405667600461172e-01 9.018125079472497085e-02
9.570422795802235871e-02 3.804405667600461172e-01 9.018125079472497085e-02
5.579653544534157739e-01 4.183870666920678216e-01 3.061470897819580372e-01
5.579653544534157739e-01 4.183870666920678216e-01 3.061470897819580372e-01
5.579653544534157739e-01 4.183870666920678216e-01 3.061470897819580372e-01
1.284633410252405961e-01 5.488768730611187641e-01 3.275129621838376304e-01
1.284633410252405961e-01 5.488768730611187641e-01 3.275129621838376304e-01
3.484890826368071126e-01 2.845359808242492461e-01 4.094983172798453142e-01
3.058281970823105156e-01 -1.674171424608933423e-02 1.084872278594629577e-02
3.058281970823105156e-01 -1.674171424608933423e-02 1.084872278594629577e-02
4.366091646692211725e-01 -9.841237633550378727e-02 2.475908424174132552e-02
8.612305861409634833e-01 -2.606323373003708310e-01 2.901246046293363134e-01
8.612305861409634833e-01 -2.606323373003708310e-01 2.901246046293363134e-01
8.612305861409634833e-01 -2.606323373003708310e-01 2.901246046293363134e-01
8.612305861409634833e-01 -2.606323373003708310e-01 2.901246046293363134e-01
8.612305861409634833e-01 -2.606323373003708310e-01 2.901246046293363134e-01
8.612305861409634833e-01 -2.606323373003708310e-01 2.901246046293363134e-01
8.612305861409634833e-01 -2.606323373003708310e-01 2.901246046293363134e-01
8.612305861409634833e-01 -2.606323373003708310e-01 2.901246046293363134e-01
8.612305861409634833e-01 -2.606323373003708310e-01 2.901246046293363134e-01
8.612305861409634833e-01 -2.606323373003708310e-01 2.901246046293363134e-01
9.146589349049627504e-01 -2.824122446148565335e-01 3.172762653341278938e-01
9.146589349049627504e-01 -2.824122446148565335e-01 3.172762653341278938e-01
9.146589349049627504e-01 -2.824122446148565335e-01 3.172762653341278938e-01
8.513717398205944420e-01 -2.065072268644639886e-01 3.794920058324796619e-01
8.513717398205944420e-01 -2.065072268644639886e-01 3.794920058324796619e-01
8.513717398205944420e-01 -2.065072268644639886e-01 3.794920058324796619e-01
8.513717398205944420e-01 -2.065072268644639886e-01 3.794920058324796619e-01
8.513717398205944420e-01 -2.065072268644639886e-01 3.794920058324796619e-01
8.513717398205944420e-01 -2.065072268644639886e-01 3.794920058324796619e-01
8.513717398205944420e-01 -2.065072268644639886e-01 3.794920058324796619e-01
8.513717398205944420e-01 -2.065072268644639886e-01 3.794920058324796619e-01
8.513717398205944420e-01 -2.065072268644639886e-01 3.794920058324796619e-01
8.513717398205944420e-01 -2.065072268644639886e-01 3.794920058324796619e-01
7.638633876642549891e-01 -2.997015839448455843e-01 1.023535527775334547e-01
7.638633876642549891e-01 -2.997015839448455843e-01 1.023535527775334547e-01
5.862491932472271294e-01 -1.207298318788197211e-01 1.232594534188075491e-01
4.179330438421369198e-01 4.958290814184596051e-02 1.263827423767445723e-01
4.932941748562065243e-01 -8.187346039154322352e-02 6.754322727497701073e-02
5.211411556756203600e-01 1.755984341247901759e-01 5.754689835762853978e-01
4.431894942998166331e-01 2.532025281139826389e-01 5.541407978883401420e-01
4.431894942998166331e-01 2.532025281139826389e-01 5.541407978883401420e-01
4.431894942998166331e-01 2.532025281139826389e-01 5.541407978883401420e-01
4.431894942998166331e-01 2.532025281139826389e-01 5.541407978883401420e-01
4.431894942998166331e-01 2.532025281139826389e-01 5.541407978883401420e-01
4.431894942998166331e-01 2.532025281139826389e-01 5.541407978883401420e-01
5.552931040112301098e-01 4.206660015600487412e-01 3.065648371544006934e-01
9.737290251555345000e-01 1.803030770719071252e-01 4.382820668356387367e-02
1.058459806750458032e+00 -2.785708751232686131e-01 3.580447657525051008e-01
1.058459806750458032e+00 -2.785708751232686131e-01 3.580447657525051008e-01
7.903306371065492719e-01 6.505638992927825770e-02 5.261537598400357618e-01
7.903306371065492719e-01 6.505638992927825770e-02 5.261537598400357618e-01
7.903306371065492719e-01 6.505638992927825770e-02 5.261537598400357618e-01
7.903306371065492719e-01 6.505638992927825770e-02 5.261537598400357618e-01
7.553230187315321809e-01 3.404780707341797941e-02 5.961268910831584167e-01
9.402792961425037177e-01 -9.791340800642595044e-02 4.425597854461195690e-01
9.402792961425037177e-01 -9.791340800642595044e-02 4.425597854461195690e-01
9.818805887606590899e-01 -1.689255377173090600e-01 4.247209869692931128e-01
9.818805887606590899e-01 -1.689255377173090600e-01 4.247209869692931128e-01
9.818805887606590899e-01 -1.689255377173090600e-01 4.247209869692931128e-01
9.818805887606590899e-01 -1.689255377173090600e-01 4.247209869692931128e-01
9.818805887606590899e-01 -1.689255377173090600e-01 4.247209869692931128e-01
9.818805887606590899e-01 -1.689255377173090600e-01 4.247209869692931128e-01
9.818805887606590899e-01 -1.689255377173090600e-01 4.247209869692931128e-01
9.818805887606590899e-01 -1.689255377173090600e-01 4.247209869692931128e-01
4.733292590311737325e-01 9.011670387918080394e-02 2.983499425469562927e-01
4.733292590311737325e-01 9.011670387918080394e-02 2.983499425469562927e-01
4.733292590311737325e-01 9.011670387918080394e-02 2.983499425469562927e-01
7.134397839870448843e-01 1.134377958003058573e-01 5.916329294464631738e-01
7.134397839870448843e-01 1.134377958003058573e-01 5.916329294464631738e-01
5.022007583676241227e-01 4.814345410792046920e-01 2.792165430962182948e-01
5.022007583676241227e-01 4.814345410792046920e-01 2.792165430962182948e-01
5.022007583676241227e-01 4.814345410792046920e-01 2.792165430962182948e-01
1.621591372945612730e-01 4.342917048801935298e-01 2.552808350440751717e-01
-1.809087358230957454e-01 8.649895963798903686e-01 1.234989464035357587e-01
-1.005510540196855596e-01 4.735951909728902121e-01 1.700666769892269364e-02
8.854957707533275824e-02 6.962916594096040246e-01 3.169501078082145873e-01
8.854957707533275824e-02 6.962916594096040246e-01 3.169501078082145873e-01
1.338996577493620499e-01 5.519583207130969171e-01 3.386032021696513961e-01
1.338996577493620499e-01 5.519583207130969171e-01 3.386032021696513961e-01
1.338996577493620499e-01 5.519583207130969171e-01 3.386032021696513961e-01
