2.489132485845457765e-01 1.481402749648903505e-01 2.463291777114902728e-02
3.394351463859572871e-01 1.117780725945564796e-01 5.999432061852840586e-02
4.018008319375561133e-01 9.210944312725705130e-02 1.055404434926861118e-01
4.611718219330690482e-01 2.491789528575799606e-02 1.199651544549279053e-01
4.325055236033610861e-01 2.013398169506322999e-01 2.597958640505066419e-01
4.325055236033610861e-01 2.013398169506322999e-01 2.597958640505066419e-01
4.325055236033610861e-01 2.013398169506322999e-01 2.597958640505066419e-01
5.468141077521633253e-01 4.782927219741275326e-01 2.810473408225412362e-01
6.350985443775911676e-01 3.494390490901945201e-01 3.570050772165176967e-01
6.350985443775911676e-01 3.494390490901945201e-01 3.570050772165176967e-01
6.350985443775911676e-01 3.494390490901945201e-01 3.570050772165176967e-01
7.750205559548588585e-01 1.682294496373304138e-01 4.117321976750125123e-01
6.599494943162506067e-01 5.685967840705830056e-02 5.000021856237893969e-01
6.599494943162506067e-01 5.685967840705830056e-02 5.000021856237893969e-01
8.472630332877184589e-01 -3.025156168741126028e-01 2.946341667508885487e-01
8.618274114449091527e-01 -3.028068151225131177e-01 3.151181697059756703e-01
8.618274114449091527e-01 -3.028068151225131177e-01 3.151181697059756703e-01
8.618274114449091527e-01 -3.028068151225131177e-01 3.151181697059756703e-01
8.618274114449091527e-01 -3.028068151225131177e-01 3.151181697059756703e-01
1.003161758907078926e+00 -4.398473310841946038e-01 2.849885366166445833e-01
1.003161758907078926e+00 -4.398473310841946038e-01 2.849885366166445833e-01
1.003161758907078926e+00 -4.398473310841946038e-01 2.849885366166445833e-01
9.229078947441763381e-01 -3.840284709903752924e-01 2.765622120401751705e-01
9.229078947441763381e-01 -3.840284709903752924e-01 2.765622120401751705e-01
9.229078947441763381e-01 -3.840284709903752924e-01 2.765622120401751705e-01
9.229078947441763381e-01 -3.840284709903752924e-01 2.765622120401751705e-01
1.033402308193064112e+00 -3.889016051673334640e-01 3.572326140565134089e-01
1.033402308193064112e+00 -3.889016051673334640e-01 3.572326140565134089e-01
8.867183315986609804e-01 -2.845171623168508690e-01 3.744639420629612414e-01
7.580752741934321248e-01 -3.223168365598905183e-02 5.298047050196132979e-01
6.846246647328106949e-01 -2.048573019242395377e-01 1.822240524053174437e-01
7.454738141490709902e-01 -2.500460332794796070e-01 2.149643737174595226e-01
5.607637633784844367e-01 1.194296896489403514e-01 4.060789194210426278e-01
5.607637633784844367e-01 1.194296896489403514e-01 4.060789194210426278e-01
6.991244335663308052e-01 -3.618155150369495310e-02 4.548147633790814437e-01
6.991244335663308052e-01 -3.618155150369495310e-02 4.548147633790814437e-01
6.991244335663308052e-01 -3.618155150369495310e-02 4.548147633790814437e-01
6.991244335663308052e-01 -3.618155150369495310e-02 4.548147633790814437e-01
6.991244335663308052e-01 -3.618155150369495310e-02 4.548147633790814437e-01
5.763946714001810800e-01 8.698828516989952353e-02 3.962296878567641012e-01
5.763946714001810800e-01 8.698828516989952353e-02 3.962296878567641012e-01
5.763946714001810800e-01 8.698828516989952353e-02 3.962296878567641012e-01
7.110325954639383772e-01 1.503045680726589062e-01 5.175974055613907776e-01
7.110325954639383772e-01 1.503045680726589062e-01 5.175974055613907776e-01
7.110325954639383772e-01 1.503045680726589062e-01 5.175974055613907776e-01
7.110325954639383772e-01 1.503045680726589062e-01 5.175974055613907776e-01
7.110325954639383772e-01 1.503045680726589062e-01 5.175974055613907776e-01
7.110325954639383772e-01 1.503045680726589062e-01 5.175974055613907776e-01
7.547368177896347508e-01 3.460217184863459972e-01 1.808388740975614972e-01
8.872042922749057148e-01 7.081518406849701686e-02 3.456740314455128971e-01
8.872042922749057148e-01 7.081518406849701686e-02 3.456740314455128971e-01
7.330544598765604825e-01 -2.005429492784387979e-01 2.668905176145869862e-01
7.330544598765604825e-01 -2.005429492784387979e-01 2.668905176145869862e-01
6.045640692041638342e-01 9.102718691956662722e-02 4.511178051406429801e-01
5.771703403927627152e-01 -5.163319673867383663e-02 2.079086610306941363e-01
5.771703403927627152e-01 -5.163319673867383663e-02 2.079086610306941363e-01
9.974502495531334390e-01 -2.299452872880755339e-01 4.375163926990246477e-01
8.406301614059665805e-01 -2.639745923269395389e-01 3.435598453303579936e-01
8.728743995718355464e-01 1.743133541664563246e-01 2.228939936555771328e-01
8.728743995718355464e-01 1.743133541664563246e-01 2.228939936555771328e-01
8.728743995718355464e-01 1.743133541664563246e-01 2.228939936555771328e-01
8.728743995718355464e-01 1.743133541664563246e-01 2.228939936555771328e-01
8.728743995718355464e-01 1.743133541664563246e-01 2.228939936555771328e-01
8.728743995718355464e-01 1.743133541664563246e-01 2.228939936555771328e-01
8.728743995718355464e-01 1.743133541664563246e-01 2.228939936555771328e-01
9.382633636172088565e-01 -4.642651908442221864e-02 4.020227110727744857e-01
9.382633636172088565e-01 -4.642651908442221864e-02 4.020227110727744857e-01
8.617469064216149999e-01 1.568270848596312744e-02 4.646835133625436542e-01
8.617469064216149999e-01 1.568270848596312744e-02 4.646835133625436542e-01
8.617469064216149999e-01 1.568270848596312744e-02 4.646835133625436542e-01
8.617469064216149999e-01 1.568270848596312744e-02 4.646835133625436542e-01
8.617469064216149999e-01 1.568270848596312744e-02 4.646835133625436542e-01
7.789985799900324137e-01 2.953828283848786151e-01 2.116076814667245121e-01
5.721290480180759586e-01 3.463538643446211207e-01 4.266400823939258680e-01
5.721290480180759586e-01 3.463538643446211207e-01 4.266400823939258680e-01
8.181275604993329953e-01 -4.861841944497180545e-03 5.331275672011054345e-01
8.181275604993329953e-01 -4.861841944497180545e-03 5.331275672011054345e-01
8.181275604993329953e-01 -4.861841944497180545e-03 5.331275672011054345e-01
8.181275604993329953e-01 -4.861841944497180545e-03 5.331275672011054345e-01
8.181275604993329953e-01 -4.861841944497180545e-03 5.331275672011054345e-01
7.634408976021038740e-01 -2.468742095934913783e-01 2.480050902992803064e-01
7.634408976021038740e-01 -2.468742095934913783e-01 2.480050902992803064e-01
7.634408976021038740e-01 -2.468742095934913783e-01 2.480050902992803064e-01
9.460808242953575586e-01 -4.869936611119519143e-01 1.694926598687528374e-01
1.183909230452149020e+00 -5.511598546954995514e-01 2.428414280467962316e-01
1.183909230452149020e+00 -5.511598546954995514e-01 2.428414280467962316e-01
1.350844930677436384e+00 -6.751920864810523337e-01 1.423380438297976447e-01
1.350844930677436384e+00 -6.751920864810523337e-01 1.423380438297976447e-01
1.321417062052568925e+00 -4.697887688542611295e-01 1.366219193531009735e-01
1.321417062052568925e+00 -4.697887688542611295e-01 1.366219193531009735e-01
1.321417062052568925e+00 -4.697887688542611295e-01 1.366219193531009735e-01
1.321417062052568925e+00 -4.697887688542611295e-01 1.366219193531009735e-01
1.321417062052568925e+00 -4.697887688542611295e-01 1.366219193531009735e-01
1.321417062052568925e+00 -4.697887688542611295e-01 1.366219193531009735e-01
1.470220669277742864e+00 -8.428601527795042125e-01 7.609465206674463633e-02
1.470220669277742864e+00 -8.428601527795042125e-01 7.609465206674463633e-02
1.468513939372328991e+00 -8.250600643236540854e-01 7.871068211665895042e-02
1.468513939372328991e+00 -8.250600643236540854e-01 7.871068211665895042e-02
9.789734100442115672e-01 -8.703679477319090640e-01 3.990664994599872617e-03
9.789734100442115672e-01 -8.703679477319090640e-01 3.990664994599872617e-03
