2.489132485845457765e-01 1.481402749648903505e-01 2.846178122184022871e-02
6.604204527139696523e-01 -1.531764007004854378e-01 1.954105930869359797e-01
6.604204527139696523e-01 -1.531764007004854378e-01 1.954105930869359797e-01
6.542211926361330976e-01 -1.452819697697454449e-01 1.966250913842403358e-01
6.542211926361330976e-01 -1.452819697697454449e-01 1.966250913842403358e-01
8.825628766563009542e-01 -5.985492751662910837e-01 2.577297136564143595e-02
9.148446274625807728e-01 -5.687246136044147304e-01 5.172738047205534956e-02
1.036886671823985528e+00 -5.515658369261786653e-01 1.567055084366461015e-01
1.265261642776622564e+00 -6.609750923448937110e-01 1.774239329848836810e-01
1.265261642776622564e+00 -6.609750923448937110e-01 1.774239329848836810e-01
1.265261642776622564e+00 -6.609750923448937110e-01 1.774239329848836810e-01
1.146371327809958540e+00 -5.955323533905712008e-01 1.913975178909869401e-01
1.173836430096612871e+00 -5.048028627382248334e-01 2.714300316820782433e-01
1.173836430096612871e+00 -5.048028627382248334e-01 2.714300316820782433e-01
1.173836430096612871e+00 -5.048028627382248334e-01 2.714300316820782433e-01
1.173836430096612871e+00 -5.048028627382248334e-01 2.714300316820782433e-01
1.173836430096612871e+00 -5.048028627382248334e-01 2.714300316820782433e-01
1.173836430096612871e+00 -5.048028627382248334e-01 2.714300316820782433e-01
1.173836430096612871e+00 -5.048028627382248334e-01 2.714300316820782433e-01
1.246542541222325218e+00 -8.504936381217895747e-01 5.405473807744778925e-02
1.529289732778838395e+00 -6.048371400730143677e-01 4.664924811886685813e-02
1.529289732778838395e+00 -6.048371400730143677e-01 4.664924811886685813e-02
1.235373881926565165e+00 -8.769249723960966802e-01 3.957550058721342329e-02
1.458064781380825625e+00 -6.376661455189007732e-01 9.673836798762955325e-02
1.458064781380825625e+00 -6.376661455189007732e-01 9.673836798762955325e-02
1.597081195470054116e+00 -4.899912031742960639e-01 8.399456172096289933e-03
1.597081195470054116e+00 -4.899912031742960639e-01 8.399456172096289933e-03
1.689509199107452453e+00 -7.782571768582415839e-01 1.994507643411157563e-02
1.689509199107452453e+00 -7.782571768582415839e-01 1.994507643411157563e-02
1.689509199107452453e+00 -7.782571768582415839e-01 1.994507643411157563e-02
1.418916334985338201e+00 -8.190395114322259751e-01 1.038568493841059981e-01
1.418916334985338201e+00 -8.190395114322259751e-01 1.038568493841059981e-01
1.266455333422719098e+00 -6.866226242796393819e-01 1.615594250318596325e-01
1.009742435691364904e+00 -1.522558259571834549e-01 3.867665880363200248e-01
1.009742435691364904e+00 -1.522558259571834549e-01 3.867665880363200248e-01
8.602807904063829447e-01 -3.156245951131252392e-01 2.631523795064624749e-01
8.602807904063829447e-01 -3.156245951131252392e-01 2.631523795064624749e-01
8.602807904063829447e-01 -3.156245951131252392e-01 2.631523795064624749e-01
8.602807904063829447e-01 -3.156245951131252392e-01 2.631523795064624749e-01
8.445531024351408123e-01 -2.049073792168365493e-01 4.109441708278007699e-01
8.445531024351408123e-01 -2.049073792168365493e-01 4.109441708278007699e-01
8.445531024351408123e-01 -2.049073792168365493e-01 4.109441708278007699e-01
8.445531024351408123e-01 -2.049073792168365493e-01 4.109441708278007699e-01
1.103490902314451461e+00 -4.779529140036150592e-01 2.839389190228254201e-01
1.103490902314451461e+00 -4.779529140036150592e-01 2.839389190228254201e-01
8.755580413455217315e-01 -2.140990672293959785e-01 4.324088009365023022e-01
8.755580413455217315e-01 -2.140990672293959785e-01 4.324088009365023022e-01
7.683563440745430073e-01 -1.386566289995013745e-01 4.034441458477525111e-01
7.683563440745430073e-01 -1.386566289995013745e-01 4.034441458477525111e-01
7.683563440745430073e-01 -1.386566289995013745e-01 4.034441458477525111e-01
7.683563440745430073e-01 -1.386566289995013745e-01 4.034441458477525111e-01
7.683563440745430073e-01 -1.386566289995013745e-01 4.034441458477525111e-01
9.238910246610833044e-01 -5.064916088891487089e-02 4.328090062723282672e-01
7.312724413550528713e-01 2.124787097256456980e-01 4.233354519291455675e-01
3.538777151240852792e-01 4.582139459136224113e-01 3.879776591984513412e-01
9.254159600907024830e-02 6.174579227150269745e-01 1.458593371229958136e-01
4.012543351512925516e-01 9.896888830757111233e-02 1.188419001418097171e-01
4.403384346188971565e-01 5.124104056946141572e-01 3.677359049496327081e-01
3.594369429637643831e-01 3.416024504231184311e-01 3.234290089843350757e-01
4.226536428060985173e-01 5.825116480528707008e-01 2.943660256277320086e-01
4.226536428060985173e-01 5.825116480528707008e-01 2.943660256277320086e-01
4.226536428060985173e-01 5.825116480528707008e-01 2.943660256277320086e-01
4.226536428060985173e-01 5.825116480528707008e-01 2.943660256277320086e-01
5.616828544869272299e-01 5.484422125305954410e-01 1.749068963994985793e-01
5.616828544869272299e-01 5.484422125305954410e-01 1.749068963994985793e-01
5.616828544869272299e-01 5.484422125305954410e-01 1.749068963994985793e-01
5.616828544869272299e-01 5.484422125305954410e-01 1.749068963994985793e-01
6.693731775209164070e-01 3.916578848467526242e-01 2.417352094441362342e-01
6.693731775209164070e-01 3.916578848467526242e-01 2.417352094441362342e-01
3.402915728131657436e-01 7.041914998355481847e-01 2.163204568281066054e-01
3.038454662579966326e-01 6.269337083992171378e-01 3.108910051474830794e-01
3.038454662579966326e-01 6.269337083992171378e-01 3.108910051474830794e-01
3.038454662579966326e-01 6.269337083992171378e-01 3.108910051474830794e-01
3.038454662579966326e-01 6.269337083992171378e-01 3.108910051474830794e-01
3.038454662579966326e-01 6.269337083992171378e-01 3.108910051474830794e-01
3.038454662579966326e-01 6.269337083992171378e-01 3.108910051474830794e-01
4.100031489072218371e-01 6.239651423138004027e-01 2.525143819298583114e-01
4.100031489072218371e-01 6.239651423138004027e-01 2.525143819298583114e-01
4.100031489072218371e-01 6.239651423138004027e-01 2.525143819298583114e-01
2.081398143944616363e-01 8.472308331127011982e-01 1.564542626967079242e-01
2.081398143944616363e-01 8.472308331127011982e-01 1.564542626967079242e-01
4.467257118387193415e-01 6.820891347842954477e-01 1.440917649238808995e-01
5.383025499889713128e-01 4.488861079391985864e-01 3.534147090801561530e-01
5.383025499889713128e-01 4.488861079391985864e-01 3.534147090801561530e-01
5.383025499889713128e-01 4.488861079391985864e-01 3.534147090801561530e-01
6.058481006006979364e-01 4.667064626589278453e-01 2.273768614645605979e-01
6.058481006006979364e-01 4.667064626589278453e-01 2.273768614645605979e-01
2.580780721527574650e-01 3.460863597680801096e-01 1.606122806788053692e-01
2.580780721527574650e-01 3.460863597680801096e-01 1.606122806788053692e-01
4.078466650159198181e-01 6.900224638851002457e-01 1.728581947167207034e-01
7.657985539133251862e-01 1.779006117880675975e-01 4.148550999664286643e-01
7.657985539133251862e-01 1.779006117880675975e-01 4.148550999664286643e-01
7.657985539133251862e-01 1.779006117880675975e-01 4.148550999664286643e-01
7.657985539133251862e-01 1.779006117880675975e-01 4.148550999664286643e-01
7.657985539133251862e-01 1.779006117880675975e-01 4.148550999664286643e-01
7.873526998218964845e-01 3.992551402171917729e-02 5.372687793419120839e-01
7.873526998218964845e-01 3.992551402171917729e-02 5.372687793419120839e-01
7.873526998218964845e-01 3.992551402171917729e-02 5.372687793419120839e-01
7.873526998218964845e-01 3.992551402171917729e-02 5.372687793419120839e-01
7.873526998218964845e-01 3.992551402171917729e-02 5.372687793419120839e-01
