2.489132485845457765e-01 1.481402749648903505e-01 2.079523911666414718e-02
2.489132485845457765e-01 1.481402749648903505e-01 2.079523911666414718e-02
6.002604641153698184e-01 4.745134428268558968e-02 3.224150309940195247e-01
6.002604641153698184e-01 4.745134428268558968e-02 3.224150309940195247e-01
6.002604641153698184e-01 4.745134428268558968e-02 3.224150309940195247e-01
7.444453996836892795e-01 -3.216015385154641915e-01 9.541879778026771119e-02
7.444453996836892795e-01 -3.216015385154641915e-01 9.541879778026771119e-02
7.444453996836892795e-01 -3.216015385154641915e-01 9.541879778026771119e-02
1.004947849823233597e+00 -5.461556420548803192e-01 1.302055639957344635e-01
1.004947849823233597e+00 -5.461556420548803192e-01 1.302055639957344635e-01
1.004947849823233597e+00 -5.461556420548803192e-01 1.302055639957344635e-01
7.618123244896978230e-01 -1.387739191013623308e-01 3.429964857563762570e-01
4.819458451073525551e-01 3.620832985516832525e-01 3.721211089168790509e-01
4.589931760664381910e-01 3.605524706747539887e-01 3.559408732879939530e-01
6.053418627519085993e-01 9.658300791681795339e-02 3.866151288180629808e-01
6.053418627519085993e-01 9.658300791681795339e-02 3.866151288180629808e-01
2.214224768297433643e-01 8.098165409791530100e-02 6.418436142559666782e-03
4.374348475588623053e-01 5.227285057548029107e-02 9.168819762196060708e-02
4.374348475588623053e-01 5.227285057548029107e-02 9.168819762196060708e-02
3.580851374704191459e-01 5.275664784410802888e-01 2.738723068506487834e-01
4.252641903590494987e-01 5.377302221625868128e-01 2.749925590063093117e-01
4.252641903590494987e-01 5.377302221625868128e-01 2.749925590063093117e-01
4.252641903590494987e-01 5.377302221625868128e-01 2.749925590063093117e-01
4.252641903590494987e-01 5.377302221625868128e-01 2.749925590063093117e-01
5.491569293934980278e-01 5.105710153614561042e-01 2.243685928336321966e-01
5.120437532601165298e-01 5.532665918962748064e-01 2.085867568375735503e-01
5.120437532601165298e-01 5.532665918962748064e-01 2.085867568375735503e-01
5.120437532601165298e-01 5.532665918962748064e-01 2.085867568375735503e-01
5.120437532601165298e-01 5.532665918962748064e-01 2.085867568375735503e-01
5.120437532601165298e-01 5.532665918962748064e-01 2.085867568375735503e-01
1.545152919371459155e-01 7.645013807469640543e-01 1.362440167847865924e-01
1.545152919371459155e-01 7.645013807469640543e-01 1.362440167847865924e-01
1.431547691803114475e-02 3.253630653215202617e-01 3.424969266829555343e-03
1.277262067868511486e-01 4.644028155026479476e-01 5.797530538736666433e-02
3.265310884056900065e-01 1.506229048889149436e-01 5.827819488025087064e-02
3.265310884056900065e-01 1.506229048889149436e-01 5.827819488025087064e-02
3.265310884056900065e-01 1.506229048889149436e-01 5.827819488025087064e-02
3.265310884056900065e-01 1.506229048889149436e-01 5.827819488025087064e-02
4.445372112283612065e-01 1.545709096713927810e-01 1.887420265160329735e-01
9.135545850137132273e-01 2.382936367544675749e-01 1.130240025738549620e-01
9.135545850137132273e-01 2.382936367544675749e-01 1.130240025738549620e-01
7.513291516454886354e-01 1.114641534525386557e-01 4.799048544244332026e-01
7.513291516454886354e-01 1.114641534525386557e-01 4.799048544244332026e-01
8.706270286395353386e-01 1.033776779093051323e-02 4.508131236164119038e-01
8.706270286395353386e-01 1.033776779093051323e-02 4.508131236164119038e-01
8.706270286395353386e-01 1.033776779093051323e-02 4.508131236164119038e-01
8.706270286395353386e-01 1.033776779093051323e-02 4.508131236164119038e-01
8.706270286395353386e-01 1.033776779093051323e-02 4.508131236164119038e-01
9.246747640382285693e-01 -5.245701599480154242e-02 4.374415911741722507e-01
9.246747640382285693e-01 -5.245701599480154242e-02 4.374415911741722507e-01
9.246747640382285693e-01 -5.245701599480154242e-02 4.374415911741722507e-01
1.034299253648040429e+00 -4.772734944320723427e-01 2.321191775017021619e-01
1.034299253648040429e+00 -4.772734944320723427e-01 2.321191775017021619e-01
8.621917326424965999e-01 -7.755398956115988618e-03 4.725381288445830719e-01
5.274604378566893903e-01 1.482823136784721108e-01 3.151267792679015578e-01
6.366991852317799294e-01 3.012706685838647536e-01 3.942379743500799560e-01
3.287756178862730749e-01 6.342864976757424111e-01 2.193605740410425886e-01
3.287756178862730749e-01 6.342864976757424111e-01 2.193605740410425886e-01
3.806679387966250827e-01 5.103119841533264589e-01 2.882403246666719321e-01
3.806679387966250827e-01 5.103119841533264589e-01 2.882403246666719321e-01
3.806679387966250827e-01 5.103119841533264589e-01 2.882403246666719321e-01
6.192457850253398899e-01 5.349025056926586252e-01 1.292805217553316399e-01
4.015300346758177152e-01 5.775354687795533071e-01 2.491889348789744496e-01
7.454311868600782542e-01 -7.993226028584210496e-03 4.700878201247280508e-01
7.454311868600782542e-01 -7.993226028584210496e-03 4.700878201247280508e-01
6.432738450598796121e-01 4.680670869187007754e-02 3.924631215130572892e-01
6.432738450598796121e-01 4.680670869187007754e-02 3.924631215130572892e-01
9.187581697873269393e-01 -3.415083643633815003e-02 4.297590820081226282e-01
1.229704378891479877e+00 -6.132780912926684425e-02 4.463167981367854170e-02
8.162169340736126211e-01 9.742559230965859574e-02 4.322344588758248451e-01
1.208610819821555937e+00 -2.629929326487168151e-01 2.009103147200411721e-01
1.208610819821555937e+00 -2.629929326487168151e-01 2.009103147200411721e-01
1.208610819821555937e+00 -2.629929326487168151e-01 2.009103147200411721e-01
8.575639144084501453e-01 -2.296508422822874373e-01 3.555972887230820501e-01
7.372010441639760270e-01 -4.905993470037625648e-02 4.219730389160277761e-01
7.372010441639760270e-01 -4.905993470037625648e-02 4.219730389160277761e-01
7.372010441639760270e-01 -4.905993470037625648e-02 4.219730389160277761e-01
7.372010441639760270e-01 -4.905993470037625648e-02 4.219730389160277761e-01
9.206834704521705826e-01 -1.227151873381419900e-01 4.711166088171068189e-01
9.206834704521705826e-01 -1.227151873381419900e-01 4.711166088171068189e-01
1.249567740702988150e+00 -3.477427738201791518e-01 2.063967459634607760e-01
1.215194353074988687e+00 -2.881708010828389899e-01 2.111847810120402735e-01
1.215194353074988687e+00 -2.881708010828389899e-01 2.111847810120402735e-01
1.111221064059491948e+00 -1.962720674777343743e-01 2.893623194662359177e-01
1.205133201002817511e+00 -5.663145844455346190e-01 2.375692871441338339e-01
1.417029495262766225e+00 -7.669253223608474279e-01 1.271583046311925147e-01
1.215624211649730668e+00 -7.732079072458268865e-01 8.537790397149372379e-02
1.215624211649730668e+00 -7.732079072458268865e-01 8.537790397149372379e-02
1.215624211649730668e+00 -7.732079072458268865e-01 8.537790397149372379e-02
1.215624211649730668e+00 -7.732079072458268865e-01 8.537790397149372379e-02
1.215624211649730668e+00 -7.732079072458268865e-01 8.537790397149372379e-02
1.215624211649730668e+00 -7.732079072458268865e-01 8.537790397149372379e-02
1.215624211649730668e+00 -7.732079072458268865e-01 8.537790397149372379e-02
1.191471613418712661e+00 -5.879447524548332416e-01 2.181347688266551399e-01
1.024466860049034977e+00 -3.467015558029351574e-01 3.677449975957120532e-01
1.173432804462287482e+00 -3.576340756541280808e-01 3.046103405474980264e-01
1.173432804462287482e+00 -3.576340756541280808e-01 3.046103405474980264e-01
1.194812364643921043e+00 -2.039908704619411428e-01 1.713328225513060799e-01
1.194812364643921043e+00 -2.039908704619411428e-01 1.713328225513060799e-01
1.194812364643921043e+00 -2.039908704619411428e-01 1.713328225513060799e-01
