2.489132485845457765e-01 1.481402749648903505e-01 1.795874028344010900e-02
4.017559786237134833e-01 -2.113651775570056235e-01 3.718008664516519578e-03
4.608834251490717682e-01 -1.393178862288787512e-01 2.233656535651418196e-02
4.608834251490717682e-01 -1.393178862288787512e-01 2.233656535651418196e-02
3.910798498409195911e-01 -4.212269085141033542e-02 2.238207337474028974e-02
3.910798498409195911e-01 -4.212269085141033542e-02 2.238207337474028974e-02
5.993760316757144047e-01 -3.749459332213460616e-01 1.158809397863608780e-02
7.469321545964272557e-01 -3.607856099792175475e-01 8.365742392492833690e-02
7.033249089904923812e-01 2.968171673359599194e-01 3.106923540653693250e-01
7.033249089904923812e-01 2.968171673359599194e-01 3.106923540653693250e-01
9.785627354145474133e-01 7.202596702665764461e-03 2.871287457215463967e-01
9.125344382799858156e-01 2.898187308658318750e-01 7.674330805218222695e-02
5.173300785218915010e-01 -3.204045645481973237e-02 1.112831316760975187e-01
6.376592772741030979e-01 2.801673435252642619e-02 3.570738892447989921e-01
2.462118597223221239e-01 2.017716194636151594e-01 2.749134168633535560e-02
1.304881337292975729e-01 5.443573795587898223e-01 5.404142159719481364e-02
3.699493415451502454e-01 3.174045728673057787e-01 1.805924985678239447e-01
6.848814851698118433e-01 7.156576997504657256e-02 4.549922043677469552e-01
6.848814851698118433e-01 7.156576997504657256e-02 4.549922043677469552e-01
6.848814851698118433e-01 7.156576997504657256e-02 4.549922043677469552e-01
6.276989972359160452e-01 2.445692924784290123e-02 3.366647216020243194e-01
6.276989972359160452e-01 2.445692924784290123e-02 3.366647216020243194e-01
5.387245253162308289e-01 2.531825006991117455e-01 3.618357112052867919e-01
5.306163781162046567e-01 -9.584436432440129883e-02 7.958742553670339337e-02
4.837926342868614782e-01 1.399255785116741979e-01 2.145380649115351535e-01
4.349890722698572798e-01 4.915320260955252651e-01 2.439357165154605600e-01
6.915791070413452868e-01 1.494679696640409117e-01 4.600208511163967340e-01
6.915791070413452868e-01 1.494679696640409117e-01 4.600208511163967340e-01
6.915791070413452868e-01 1.494679696640409117e-01 4.600208511163967340e-01
7.372510489249680665e-01 -1.721058640228029235e-01 2.764519041441781955e-01
8.479126577267543929e-01 -3.027510983770235753e-01 2.670292045893797317e-01
8.479126577267543929e-01 -3.027510983770235753e-01 2.670292045893797317e-01
1.062316012070793070e+00 -1.845546512446933629e-01 3.488993224715246644e-01
1.209079815620117238e+00 -4.924317235596665787e-01 2.625525897475883275e-01
1.209079815620117238e+00 -4.924317235596665787e-01 2.625525897475883275e-01
1.209079815620117238e+00 -4.924317235596665787e-01 2.625525897475883275e-01
1.209079815620117238e+00 -4.924317235596665787e-01 2.625525897475883275e-01
1.209079815620117238e+00 -4.924317235596665787e-01 2.625525897475883275e-01
1.047129261080949725e+00 -4.443272415875599290e-01 2.970682219435473725e-01
1.047129261080949725e+00 -4.443272415875599290e-01 2.970682219435473725e-01
1.047129261080949725e+00 -4.443272415875599290e-01 2.970682219435473725e-01
1.047129261080949725e+00 -4.443272415875599290e-01 2.970682219435473725e-01
9.920707651052043108e-01 -3.720600686420211800e-01 3.400871602975106267e-01
9.250852966637950203e-01 -3.016685554219028509e-01 3.651077300002830706e-01
9.250852966637950203e-01 -3.016685554219028509e-01 3.651077300002830706e-01
1.046229260820119578e+00 -5.127754170958633839e-01 2.205734690063511638e-01
9.390371697536187279e-01 -3.445327107010099366e-01 3.256731852177877640e-01
9.390371697536187279e-01 -3.445327107010099366e-01 3.256731852177877640e-01
9.390371697536187279e-01 -3.445327107010099366e-01 3.256731852177877640e-01
9.390371697536187279e-01 -3.445327107010099366e-01 3.256731852177877640e-01
9.390371697536187279e-01 -3.445327107010099366e-01 3.256731852177877640e-01
9.390371697536187279e-01 -3.445327107010099366e-01 3.256731852177877640e-01
9.390371697536187279e-01 -3.445327107010099366e-01 3.256731852177877640e-01
7.303272260067177335e-01 -1.863677036406109211e-01 2.463169803692853987e-01
9.593429567713740447e-01 -3.790771807394102133e-01 3.026646671474388373e-01
9.593429567713740447e-01 -3.790771807394102133e-01 3.026646671474388373e-01
9.593429567713740447e-01 -3.790771807394102133e-01 3.026646671474388373e-01
8.143350847160053529e-01 -1.128601832626238144e-01 4.589176043326659293e-01
6.755506503040102917e-01 4.643438800458732363e-01 1.387005728856919584e-01
4.949373407660735413e-01 7.690639024967105275e-01 3.960419483202151647e-02
2.716346405322354607e-01 5.496070996079028825e-01 1.477647701397846458e-01
2.716346405322354607e-01 5.496070996079028825e-01 1.477647701397846458e-01
2.716346405322354607e-01 5.496070996079028825e-01 1.477647701397846458e-01
2.207821709567790724e-01 5.624204581903657907e-01 1.133301144134139238e-01
3.352337784367007689e-01 3.434099150832514713e-01 1.529989893999330053e-01
8.563565119156810734e-01 1.894465428960647180e-01 2.474959155410876577e-01
6.125547674183878799e-01 3.813179032289288894e-01 2.911464604056470673e-01
6.125547674183878799e-01 3.813179032289288894e-01 2.911464604056470673e-01
6.125547674183878799e-01 3.813179032289288894e-01 2.911464604056470673e-01
6.125547674183878799e-01 3.813179032289288894e-01 2.911464604056470673e-01
6.125547674183878799e-01 3.813179032289288894e-01 2.911464604056470673e-01
6.125547674183878799e-01 3.813179032289288894e-01 2.911464604056470673e-01
6.125547674183878799e-01 3.813179032289288894e-01 2.911464604056470673e-01
6.064139988561447758e-01 5.760078566795769905e-01 9.497304480577346830e-02
3.212365747936212768e-01 7.430229495321493127e-01 1.021271977463249075e-01
2.831157196316459457e-01 6.075315304421867735e-01 1.500697578024375312e-01
2.831157196316459457e-01 6.075315304421867735e-01 1.500697578024375312e-01
5.473003837586308817e-01 5.938906509228050190e-01 1.185626614325446387e-01
2.338153650675713346e-01 6.519111492298096389e-01 1.210555272229797141e-01
4.162124386909863416e-01 2.732563568887914074e-01 2.153755525686373851e-01
4.162124386909863416e-01 2.732563568887914074e-01 2.153755525686373851e-01
8.106869396772264924e-01 3.544798720859299035e-01 1.155507330368802515e-01
8.106869396772264924e-01 3.544798720859299035e-01 1.155507330368802515e-01
9.706024695956325665e-01 3.139490519084403575e-01 3.128147474725607308e-02
8.758542154317477957e-01 8.815779994485054005e-02 3.543370102770330710e-01
6.983896592708087603e-01 1.539320617399387581e-01 4.579047482815177816e-01
9.261514539213027142e-01 -1.352777362922970850e-01 4.760602553699052053e-01
9.261514539213027142e-01 -1.352777362922970850e-01 4.760602553699052053e-01
8.614423600729198549e-01 1.722172350765648619e-01 2.629101535711996784e-01
8.614423600729198549e-01 1.722172350765648619e-01 2.629101535711996784e-01
8.832232640416869396e-01 -1.430368234654935400e-01 4.802583901435341085e-01
8.832232640416869396e-01 -1.430368234654935400e-01 4.802583901435341085e-01
9.738951096272573382e-01 -1.113632108341970073e-01 4.208028290806516969e-01
9.738951096272573382e-01 -1.113632108341970073e-01 4.208028290806516969e-01
1.105893864625498768e+00 -1.454535759879933554e-01 2.429741914517344614e-01
1.105893864625498768e+00 -1.454535759879933554e-01 2.429741914517344614e-01
1.105893864625498768e+00 -1.454535759879933554e-01 2.429741914517344614e-01
1.105893864625498768e+00 -1.454535759879933554e-01 2.429741914517344614e-01
1.105893864625498768e+00 -1.454535759879933554e-01 2.429741914517344614e-01
1.385802986347484556e+00 -2.872028543924723953e-01 3.702779852858996412e-02
