2.489132485845457765e-01 1.481402749648903505e-01 1.822250270834275404e-02
2.489132485845457765e-01 1.481402749648903505e-01 1.822250270834275404e-02
4.711792089189373867e-01 2.966417647313265293e-01 3.071375240055146394e-01
4.711792089189373867e-01 2.966417647313265293e-01 3.071375240055146394e-01
4.711792089189373867e-01 2.966417647313265293e-01 3.071375240055146394e-01
6.895113099787444355e-01 -1.198620366797076287e-03 3.510165770559682263e-01
6.895113099787444355e-01 -1.198620366797076287e-03 3.510165770559682263e-01
9.504341918800019995e-01 -2.142327367339551258e-01 4.067672972122793884e-01
9.504341918800019995e-01 -2.142327367339551258e-01 4.067672972122793884e-01
1.272698398305500467e+00 -5.450430416807877654e-01 2.455655057870727020e-01
1.425254932046018608e+00 -8.770125257196859092e-01 9.045386972535343628e-02
1.425254932046018608e+00 -8.770125257196859092e-01 9.045386972535343628e-02
1.500016106516584236e+00 -9.050739991065248624e-01 8.769272720944819299e-02
1.712979761147109592e+00 -8.296358880664124191e-01 4.197153783120528836e-02
1.572313915514206517e+00 -7.111810341428855820e-01 8.575569418490304463e-02
1.572313915514206517e+00 -7.111810341428855820e-01 8.575569418490304463e-02
1.572313915514206517e+00 -7.111810341428855820e-01 8.575569418490304463e-02
1.236478304219378987e+00 -8.837504619234756165e-01 3.286280640378047568e-02
1.122575460930312241e+00 -5.495203135204496103e-01 1.994173496335920615e-01
1.122575460930312241e+00 -5.495203135204496103e-01 1.994173496335920615e-01
1.122575460930312241e+00 -5.495203135204496103e-01 1.994173496335920615e-01
1.151967191817252267e+00 -6.411930781876858942e-01 1.342608204147028861e-01
1.070377002683237766e+00 -1.525591907858500629e-01 3.263219612460126484e-01
1.070377002683237766e+00 -1.525591907858500629e-01 3.263219612460126484e-01
1.070377002683237766e+00 -1.525591907858500629e-01 3.263219612460126484e-01
7.431898568049043474e-01 -8.926410005162906114e-02 3.255406588410352242e-01
7.431898568049043474e-01 -8.926410005162906114e-02 3.255406588410352242e-01
7.431898568049043474e-01 -8.926410005162906114e-02 3.255406588410352242e-01
7.431898568049043474e-01 -8.926410005162906114e-02 3.255406588410352242e-01
8.757519814444441053e-01 -1.036858453092814325e-01 4.401391137210782789e-01
8.757519814444441053e-01 -1.036858453092814325e-01 4.401391137210782789e-01
5.600508380640270012e-01 2.716569554580903212e-01 3.769349074950528733e-01
7.563097531913924865e-01 7.921171598762519195e-02 4.470585162570549498e-01
7.563097531913924865e-01 7.921171598762519195e-02 4.470585162570549498e-01
5.874832436610649689e-01 -7.776340604929296574e-02 1.230556984551060690e-01
5.874832436610649689e-01 -7.776340604929296574e-02 1.230556984551060690e-01
7.774575668179071197e-01 -6.570344242663640755e-02 3.958321449138981762e-01
7.774575668179071197e-01 -6.570344242663640755e-02 3.958321449138981762e-01
9.749166023514108659e-01 -3.106797916117595704e-01 3.367550005805412527e-01
9.749166023514108659e-01 -3.106797916117595704e-01 3.367550005805412527e-01
9.749166023514108659e-01 -3.106797916117595704e-01 3.367550005805412527e-01
9.749166023514108659e-01 -3.106797916117595704e-01 3.367550005805412527e-01
9.749166023514108659e-01 -3.106797916117595704e-01 3.367550005805412527e-01
8.832801012286606301e-01 5.710784694473575174e-02 3.734297758217121066e-01
8.832801012286606301e-01 5.710784694473575174e-02 3.734297758217121066e-01
8.832801012286606301e-01 5.710784694473575174e-02 3.734297758217121066e-01
8.832801012286606301e-01 5.710784694473575174e-02 3.734297758217121066e-01
7.737395220774055948e-01 -1.277977091778942642e-01 3.213108417183374588e-01
7.737395220774055948e-01 -1.277977091778942642e-01 3.213108417183374588e-01
7.737395220774055948e-01 -1.277977091778942642e-01 3.213108417183374588e-01
7.737395220774055948e-01 -1.277977091778942642e-01 3.213108417183374588e-01
7.737395220774055948e-01 -1.277977091778942642e-01 3.213108417183374588e-01
7.737395220774055948e-01 -1.277977091778942642e-01 3.213108417183374588e-01
7.737395220774055948e-01 -1.277977091778942642e-01 3.213108417183374588e-01
7.737395220774055948e-01 -1.277977091778942642e-01 3.213108417183374588e-01
1.281182396610289320e+00 -2.643878453793484240e-02 2.202410955296096873e-02
1.245559060002290774e+00 7.704224732288475486e-02 1.156986532603800771e-02
1.363227536382255911e+00 -3.000533808405561054e-01 8.288999838971942979e-02
1.363227536382255911e+00 -3.000533808405561054e-01 8.288999838971942979e-02
1.312398710997665141e+00 -4.367597631653321599e-01 2.108132821534719759e-01
1.646949156517176771e+00 -3.855010763202412760e-01 4.338850812443143141e-03
1.646949156517176771e+00 -3.855010763202412760e-01 4.338850812443143141e-03
1.646949156517176771e+00 -3.855010763202412760e-01 4.338850812443143141e-03
1.606040029619850928e+00 -4.884621484806207503e-01 2.077153633708743799e-02
1.606040029619850928e+00 -4.884621484806207503e-01 2.077153633708743799e-02
1.606040029619850928e+00 -4.884621484806207503e-01 2.077153633708743799e-02
1.606040029619850928e+00 -4.884621484806207503e-01 2.077153633708743799e-02
1.606040029619850928e+00 -4.884621484806207503e-01 2.077153633708743799e-02
1.606040029619850928e+00 -4.884621484806207503e-01 2.077153633708743799e-02
1.630070108634314119e+00 -6.059284952766331722e-01 3.486116564089727921e-02
1.537771321431064875e+00 -2.737833243021375318e-01 7.258933758262637974e-03
1.441823159490154271e+00 -4.218364215807672291e-01 8.038474933862023442e-02
1.441823159490154271e+00 -4.218364215807672291e-01 8.038474933862023442e-02
1.014481155221347741e+00 1.230482924664794697e-01 1.183289255258566236e-01
1.014481155221347741e+00 1.230482924664794697e-01 1.183289255258566236e-01
5.250872111702755696e-01 1.170819218205706724e-01 2.354382608526540410e-01
5.250872111702755696e-01 1.170819218205706724e-01 2.354382608526540410e-01
6.790961233810901554e-01 3.719407433804153840e-01 2.439796098213213860e-01
6.790961233810901554e-01 3.719407433804153840e-01 2.439796098213213860e-01
6.462253324105844410e-01 1.176005912655709862e-01 3.987260654109139324e-01
6.462253324105844410e-01 1.176005912655709862e-01 3.987260654109139324e-01
1.063545443188975259e+00 -1.292193479351080032e-01 3.149983701278640802e-01
8.736400003585594876e-01 -3.029979215446836349e-01 2.323673671483190428e-01
8.736400003585594876e-01 -3.029979215446836349e-01 2.323673671483190428e-01
8.736400003585594876e-01 -3.029979215446836349e-01 2.323673671483190428e-01
8.736400003585594876e-01 -3.029979215446836349e-01 2.323673671483190428e-01
8.736400003585594876e-01 -3.029979215446836349e-01 2.323673671483190428e-01
8.736400003585594876e-01 -3.029979215446836349e-01 2.323673671483190428e-01
8.736400003585594876e-01 -3.029979215446836349e-01 2.323673671483190428e-01
5.671362082161903739e-01 2.522815021244662059e-02 1.995771098548791145e-01
7.560715152782570003e-01 5.145073663332577762e-01 4.704104405062431438e-02
7.560715152782570003e-01 5.145073663332577762e-01 4.704104405062431438e-02
5.071260359980753751e-01 4.397809328490799863e-01 3.030264620084676674e-01
5.887018690306254909e-01 3.669229784889608270e-01 3.300040703355180960e-01
5.887018690306254909e-01 3.669229784889608270e-01 3.300040703355180960e-01
5.871689026450677140e-01 4.117608947757054882e-01 2.862359850517646742e-01
8.649875833033625616e-01 2.139023340919172234e-01 2.059735257433358002e-01
8.649875833033625616e-01 2.139023340919172234e-01 2.059735257433358002e-01
8.649875833033625616e-01 2.139023340919172234e-01 2.059735257433358002e-01
7.741936181816372331e-01 -1.618402085191093520e-01 2.785757020721285615e-01
