2.489132485845457765e-01 1.481402749648903505e-01 1.395439800703828295e-02
2.489132485845457765e-01 1.481402749648903505e-01 1.395439800703828295e-02
2.489132485845457765e-01 1.481402749648903505e-01 1.395439800703828295e-02
4.311426831003731253e-01 3.964992408399953261e-01 2.927325593964444361e-01
4.311426831003731253e-01 3.964992408399953261e-01 2.927325593964444361e-01
2.633764817893842203e-01 6.132424314745659188e-01 2.370159325364410985e-01
7.759803126496667147e-02 1.029544423478071513e+00 7.917936294022667743e-02
7.759803126496667147e-02 1.029544423478071513e+00 7.917936294022667743e-02
7.759803126496667147e-02 1.029544423478071513e+00 7.917936294022667743e-02
1.254800890450558093e-02 1.135122681446619763e+00 5.048503391107568572e-02
1.254800890450558093e-02 1.135122681446619763e+00 5.048503391107568572e-02
1.254800890450558093e-02 1.135122681446619763e+00 5.048503391107568572e-02
4.891656183036796612e-02 1.070427547563891135e+00 6.779270988680244359e-02
4.891656183036796612e-02 1.070427547563891135e+00 6.779270988680244359e-02
-2.641857461529127371e-01 1.005602039278244542e+00 5.054226383144912182e-02
-2.641857461529127371e-01 1.005602039278244542e+00 5.054226383144912182e-02
-2.641857461529127371e-01 1.005602039278244542e+00 5.054226383144912182e-02
-3.982459984820141408e-02 1.312271657241407041e+00 1.475083821406070195e-02
-3.222836134885670445e-02 1.285575379296173271e+00 1.825903088225719340e-02
-2.036435280411752480e-01 1.703719894423667114e+00 4.089832477699834284e-04
-4.675740138502716414e-01 1.345834391681762554e+00 2.542121126568170145e-02
-5.370297321729402551e-01 1.607151627010538153e+00 9.441971152385753713e-03
-5.370297321729402551e-01 1.607151627010538153e+00 9.441971152385753713e-03
-5.370297321729402551e-01 1.607151627010538153e+00 9.441971152385753713e-03
-4.832441386471129641e-01 1.378680331333216769e+00 2.320786309941277187e-02
-4.832441386471129641e-01 1.378680331333216769e+00 2.320786309941277187e-02
-1.950836324211630002e-02 1.181066829077891844e+00 4.134316131303236719e-02
7.024521350117951535e-02 6.974291748120828860e-01 1.396504496450433341e-01
2.355508185160504198e-01 5.844860597218943798e-01 2.165023621558835043e-01
2.355508185160504198e-01 5.844860597218943798e-01 2.165023621558835043e-01
2.355508185160504198e-01 5.844860597218943798e-01 2.165023621558835043e-01
5.218975001871415387e-01 2.431461223685916218e-01 2.760504709462719419e-01
6.265204801636543586e-01 4.167221241725052039e-01 2.878297344193464502e-01
6.265204801636543586e-01 4.167221241725052039e-01 2.878297344193464502e-01
6.265204801636543586e-01 4.167221241725052039e-01 2.878297344193464502e-01
6.265204801636543586e-01 4.167221241725052039e-01 2.878297344193464502e-01
6.265204801636543586e-01 4.167221241725052039e-01 2.878297344193464502e-01
6.265204801636543586e-01 4.167221241725052039e-01 2.878297344193464502e-01
5.589786886076510974e-01 3.905664659199979405e-01 3.386368469296867634e-01
5.904628499499139371e-01 3.890637820411757541e-01 3.317107265068370281e-01
8.736247011536788509e-01 -2.561903623310159972e-01 1.295677018138277348e-01
6.110897254103544451e-01 7.731877291292044152e-02 2.107217106781996974e-01
6.110897254103544451e-01 7.731877291292044152e-02 2.107217106781996974e-01
6.110897254103544451e-01 7.731877291292044152e-02 2.107217106781996974e-01
4.299699598540878132e-01 4.388686866623263683e-01 3.045048751125917774e-01
4.299699598540878132e-01 4.388686866623263683e-01 3.045048751125917774e-01
4.299699598540878132e-01 4.388686866623263683e-01 3.045048751125917774e-01
4.689776148890175689e-01 4.068100590834086705e-01 3.196325136110960696e-01
6.482106221024446224e-01 2.677728140782105748e-01 3.713450623038028753e-01
6.482106221024446224e-01 2.677728140782105748e-01 3.713450623038028753e-01
6.482106221024446224e-01 2.677728140782105748e-01 3.713450623038028753e-01
6.482106221024446224e-01 2.677728140782105748e-01 3.713450623038028753e-01
6.482106221024446224e-01 2.677728140782105748e-01 3.713450623038028753e-01
6.482106221024446224e-01 2.677728140782105748e-01 3.713450623038028753e-01
6.482106221024446224e-01 2.677728140782105748e-01 3.713450623038028753e-01
5.601260673900879672e-01 4.687032205087862113e-01 2.839186634781057927e-01
2.568732520016812071e-01 5.280063558594628725e-01 2.108068650666998500e-01
-2.555134174674833503e-02 5.964586530417508303e-01 4.429026734843219404e-02
-2.555134174674833503e-02 5.964586530417508303e-01 4.429026734843219404e-02
-2.555134174674833503e-02 5.964586530417508303e-01 4.429026734843219404e-02
-2.555134174674833503e-02 5.964586530417508303e-01 4.429026734843219404e-02
1.961496330362864637e-01 5.986054568303851298e-01 1.929556148421811002e-01
1.961496330362864637e-01 5.986054568303851298e-01 1.929556148421811002e-01
1.961496330362864637e-01 5.986054568303851298e-01 1.929556148421811002e-01
1.961496330362864637e-01 5.986054568303851298e-01 1.929556148421811002e-01
1.961496330362864637e-01 5.986054568303851298e-01 1.929556148421811002e-01
1.203671854029585014e-01 9.155892300091031943e-01 1.262303049055323034e-01
1.203671854029585014e-01 9.155892300091031943e-01 1.262303049055323034e-01
1.203671854029585014e-01 9.155892300091031943e-01 1.262303049055323034e-01
1.203671854029585014e-01 9.155892300091031943e-01 1.262303049055323034e-01
1.203671854029585014e-01 9.155892300091031943e-01 1.262303049055323034e-01
1.393138354820152025e-01 8.682051982864164019e-01 1.469580394080118868e-01
1.393138354820152025e-01 8.682051982864164019e-01 1.469580394080118868e-01
-6.956838118285701977e-02 1.022300259785011045e+00 9.670323686901094451e-02
3.117102049811452114e-01 6.622590035897253369e-01 2.322278527502263379e-01
3.117102049811452114e-01 6.622590035897253369e-01 2.322278527502263379e-01
5.632034537342824887e-01 4.646982401645051164e-01 2.856575275637784905e-01
7.410375996672152743e-01 5.563181686627349798e-02 3.310028789187823839e-01
7.410375996672152743e-01 5.563181686627349798e-02 3.310028789187823839e-01
7.410375996672152743e-01 5.563181686627349798e-02 3.310028789187823839e-01
7.410375996672152743e-01 5.563181686627349798e-02 3.310028789187823839e-01
6.806097151060475081e-01 1.193996410758787624e-01 3.307012568294606658e-01
6.806097151060475081e-01 1.193996410758787624e-01 3.307012568294606658e-01
1.018170725506677643e+00 2.060999328979729872e-01 1.228654722128724036e-01
5.498572282517132370e-01 3.386205632525760012e-01 3.471647888439200469e-01
5.498572282517132370e-01 3.386205632525760012e-01 3.471647888439200469e-01
5.032339655396453892e-01 6.101355424236367675e-01 1.848934525628843917e-01
4.250437135018302892e-01 5.100462707964693587e-01 2.962371454095575896e-01
4.250437135018302892e-01 5.100462707964693587e-01 2.962371454095575896e-01
4.250437135018302892e-01 5.100462707964693587e-01 2.962371454095575896e-01
5.314865324225516163e-01 5.753940878874073128e-01 1.984515707897932801e-01
5.314865324225516163e-01 5.753940878874073128e-01 1.984515707897932801e-01
1.436330783116528953e-01 5.145810007698548016e-01 1.075957195565303837e-01
4.101148074022579748e-01 9.453237354216164068e-01 2.087367915746440872e-02
5.366556080315965094e-02 9.152820357495783377e-01 1.322788132050810861e-01
1.983203634150537964e-01 6.860569102200901881e-01 2.089782272336840052e-01
1.983203634150537964e-01 6.860569102200901881e-01 2.089782272336840052e-01
3.411425403949669422e-01 9.758854713955520399e-01 2.744894439457691224e-02
5.943173607157954397e-01 7.366726548736221014e-01 3.737732844172862029e-02
5.943173607157954397e-01 7.366726548736221014e-01 3.737732844172862029e-02
