2.489132485845457765e-01 1.481402749648903505e-01 6.732597381159515296e-03
2.835909207988578928e-01 2.190039834277941466e-01 1.904410427847149853e-02
2.835909207988578928e-01 2.190039834277941466e-01 1.904410427847149853e-02
2.835909207988578928e-01 2.190039834277941466e-01 1.904410427847149853e-02
4.723138588134389027e-01 2.924326357088664619e-01 1.218526573644706373e-01
6.874772128653388048e-01 6.868275394040448956e-02 1.597206482517253834e-01
6.474023006852681617e-01 2.543853771956204879e-01 2.158223381658499751e-01
6.474023006852681617e-01 2.543853771956204879e-01 2.158223381658499751e-01
9.562318436804289057e-01 -5.860661025621016762e-02 2.745379119496831888e-01
1.355571064738979148e+00 -2.166429580845327663e-01 2.180782437451055378e-01
1.414017803469576506e+00 -1.511445253314535053e-01 1.355836226925682675e-01
1.335904914735648319e+00 -4.244194879924633734e-01 2.137410521039137257e-01
1.244363157290275579e+00 -2.746513092293167979e-02 1.837604388488357776e-01
9.679441027279575005e-01 -3.692190428029610283e-01 6.269778198587774853e-02
9.679441027279575005e-01 -3.692190428029610283e-01 6.269778198587774853e-02
7.961672153283065878e-01 -2.303256602521197294e-01 5.187358375072239486e-02
1.138139678353725426e+00 -3.031869056703677678e-01 2.156009789896084217e-01
1.324429174817507660e+00 -4.551978711214094142e-01 1.919155745584791295e-01
1.494455067576753615e+00 -4.634220545176775952e-01 1.941098481403049081e-01
1.127179977394260790e+00 -3.101587456650908847e-01 2.034804897209501751e-01
1.584875088424051892e+00 -5.497919209516183292e-01 1.602605137685170211e-01
1.584875088424051892e+00 -5.497919209516183292e-01 1.602605137685170211e-01
1.584875088424051892e+00 -5.497919209516183292e-01 1.602605137685170211e-01
1.584875088424051892e+00 -5.497919209516183292e-01 1.602605137685170211e-01
1.571044874801956093e+00 -8.553840518926001391e-01 4.638295291115014651e-02
1.811056430684335972e+00 -9.657773647607097445e-01 4.493251340006464145e-02
1.981114823422437388e+00 -6.204208462556857206e-01 2.621397654243251552e-02
1.886801069937369624e+00 -7.534546850455832168e-01 6.754618841618729996e-02
1.886801069937369624e+00 -7.534546850455832168e-01 6.754618841618729996e-02
1.631009041627502265e+00 -7.210834921681622545e-01 1.098808313953753418e-01
1.631009041627502265e+00 -7.210834921681622545e-01 1.098808313953753418e-01
1.541726517623138948e+00 -5.836690788383036566e-01 1.590594280744273281e-01
1.541726517623138948e+00 -5.836690788383036566e-01 1.590594280744273281e-01
1.443575590727756319e+00 -6.196138324140947340e-01 1.262643611348308326e-01
1.443575590727756319e+00 -6.196138324140947340e-01 1.262643611348308326e-01
1.624284370760795460e+00 -4.095945630810712279e-01 1.194529259689720846e-01
1.536670795686136293e+00 -6.698414082501830125e-01 1.212405855864153448e-01
1.536670795686136293e+00 -6.698414082501830125e-01 1.212405855864153448e-01
1.532380472699782281e+00 -3.276110284077240475e-01 1.454766660363262798e-01
1.532380472699782281e+00 -3.276110284077240475e-01 1.454766660363262798e-01
9.087027441868364974e-01 1.047133108435533422e-01 2.856312847031163282e-01
9.087027441868364974e-01 1.047133108435533422e-01 2.856312847031163282e-01
9.087027441868364974e-01 1.047133108435533422e-01 2.856312847031163282e-01
8.568387009440100455e-01 1.976070466658026159e-01 2.596969074598648453e-01
8.568387009440100455e-01 1.976070466658026159e-01 2.596969074598648453e-01
1.411771625452624690e+00 -3.774277863723399795e-01 2.247204059989002800e-01
1.411771625452624690e+00 -3.774277863723399795e-01 2.247204059989002800e-01
1.388336251673083055e+00 -2.080805053448054887e-01 1.897742811288015419e-01
1.388336251673083055e+00 -2.080805053448054887e-01 1.897742811288015419e-01
1.120051940511973321e+00 -3.588581469026051463e-01 1.591444337849007851e-01
1.120051940511973321e+00 -3.588581469026051463e-01 1.591444337849007851e-01
1.120051940511973321e+00 -3.588581469026051463e-01 1.591444337849007851e-01
1.120051940511973321e+00 -3.588581469026051463e-01 1.591444337849007851e-01
1.176543374828094235e+00 -2.101526222066399663e-01 2.821312692345244177e-01
9.274580976748011407e-01 -1.634103570586992182e-03 2.842539376088704661e-01
9.274580976748011407e-01 -1.634103570586992182e-03 2.842539376088704661e-01
9.274580976748011407e-01 -1.634103570586992182e-03 2.842539376088704661e-01
9.274580976748011407e-01 -1.634103570586992182e-03 2.842539376088704661e-01
9.274580976748011407e-01 -1.634103570586992182e-03 2.842539376088704661e-01
9.274580976748011407e-01 -1.634103570586992182e-03 2.842539376088704661e-01
9.274580976748011407e-01 -1.634103570586992182e-03 2.842539376088704661e-01
9.274580976748011407e-01 -1.634103570586992182e-03 2.842539376088704661e-01
9.274580976748011407e-01 -1.634103570586992182e-03 2.842539376088704661e-01
9.274580976748011407e-01 -1.634103570586992182e-03 2.842539376088704661e-01
8.054585231964630498e-01 2.601387456154996558e-01 2.398219592367618336e-01
1.077399097530731042e+00 6.675058439537751021e-02 2.394120911136789764e-01
1.171298157035915333e+00 -2.282541358463148207e-01 2.754226803416338076e-01
1.171298157035915333e+00 -2.282541358463148207e-01 2.754226803416338076e-01
8.978335702219411019e-01 -8.795154451862957634e-02 2.169866978956287995e-01
8.978335702219411019e-01 -8.795154451862957634e-02 2.169866978956287995e-01
8.978335702219411019e-01 -8.795154451862957634e-02 2.169866978956287995e-01
1.494489515603889540e+00 -4.047333755647061770e-01 1.927686267228486128e-01
1.494489515603889540e+00 -4.047333755647061770e-01 1.927686267228486128e-01
1.494489515603889540e+00 -4.047333755647061770e-01 1.927686267228486128e-01
1.494489515603889540e+00 -4.047333755647061770e-01 1.927686267228486128e-01
1.391206150413949016e+00 -3.493511400098353592e-01 2.319586910963697401e-01
1.194361818220277982e+00 -1.431439309688453954e-01 2.811860096894420180e-01
1.111243440675334870e+00 -1.902077674865407242e-01 2.764393667785246533e-01
1.111243440675334870e+00 -1.902077674865407242e-01 2.764393667785246533e-01
8.696080524453253524e-01 -1.545523879102110310e-01 1.427357700845656996e-01
8.696080524453253524e-01 -1.545523879102110310e-01 1.427357700845656996e-01
1.270077299982109720e+00 2.382530059118495580e-02 1.254048252746672309e-01
1.037380441706184708e+00 -2.631621269040752553e-01 1.814464598815729302e-01
1.037380441706184708e+00 -2.631621269040752553e-01 1.814464598815729302e-01
1.037380441706184708e+00 -2.631621269040752553e-01 1.814464598815729302e-01
1.212444205026613320e+00 -2.922987424256212052e-01 2.554447161071499162e-01
1.212444205026613320e+00 -2.922987424256212052e-01 2.554447161071499162e-01
8.476763447943340690e-01 2.447772316522964231e-01 2.364756005238377867e-01
7.461724065251384985e-01 3.863303111537616519e-02 1.866056544904612646e-01
7.461724065251384985e-01 3.863303111537616519e-02 1.866056544904612646e-01
7.461724065251384985e-01 3.863303111537616519e-02 1.866056544904612646e-01
7.461724065251384985e-01 3.863303111537616519e-02 1.866056544904612646e-01
7.461724065251384985e-01 3.863303111537616519e-02 1.866056544904612646e-01
8.354513892535883057e-01 3.861332940496804006e-02 2.524202856580044507e-01
8.618936378949906274e-01 1.450923249389403369e-01 2.773890618826383991e-01
7.574942124334492766e-01 1.867436907745547714e-01 2.548985692856702845e-01
7.574942124334492766e-01 1.867436907745547714e-01 2.548985692856702845e-01
7.574942124334492766e-01 1.867436907745547714e-01 2.548985692856702845e-01
7.574942124334492766e-01 1.867436907745547714e-01 2.548985692856702845e-01
7.574942124334492766e-01 1.867436907745547714e-01 2.548985692856702845e-01
