2.489132485845457765e-01 1.481402749648903505e-01 5.693756846273911529e-03
2.489132485845457765e-01 1.481402749648903505e-01 5.693756846273911529e-03
2.489132485845457765e-01 1.481402749648903505e-01 5.693756846273911529e-03
6.219367948748530939e-01 2.452809258456896679e-01 1.629401702893062964e-01
9.220765319697590279e-01 2.943570084020712407e-01 1.717735512749733739e-01
9.220765319697590279e-01 2.943570084020712407e-01 1.717735512749733739e-01
9.220765319697590279e-01 2.943570084020712407e-01 1.717735512749733739e-01
9.220765319697590279e-01 2.943570084020712407e-01 1.717735512749733739e-01
9.220765319697590279e-01 2.943570084020712407e-01 1.717735512749733739e-01
1.077495145264394827e+00 4.948909083145569543e-02 2.216456236935320512e-01
1.077495145264394827e+00 4.948909083145569543e-02 2.216456236935320512e-01
1.077495145264394827e+00 4.948909083145569543e-02 2.216456236935320512e-01
1.077495145264394827e+00 4.948909083145569543e-02 2.216456236935320512e-01
1.077495145264394827e+00 4.948909083145569543e-02 2.216456236935320512e-01
1.265763170613945165e+00 -1.965174130215967263e-02 1.758886948721330723e-01
1.265763170613945165e+00 -1.965174130215967263e-02 1.758886948721330723e-01
1.493505652559543595e+00 -4.142104549777041456e-01 1.477912334753163359e-01
1.493505652559543595e+00 -4.142104549777041456e-01 1.477912334753163359e-01
1.536075270349259281e+00 -2.271486973243971308e-01 1.298051391430133927e-01
1.636606831753028901e+00 -5.490579735567764352e-01 1.142213981799079514e-01
1.636606831753028901e+00 -5.490579735567764352e-01 1.142213981799079514e-01
1.457724183301619014e+00 -4.162147446238386173e-01 1.432535916020782896e-01
1.457724183301619014e+00 -4.162147446238386173e-01 1.432535916020782896e-01
1.457724183301619014e+00 -4.162147446238386173e-01 1.432535916020782896e-01
1.138097852150929734e+00 -3.518930736495291534e-01 7.251609086506353996e-02
1.138097852150929734e+00 -3.518930736495291534e-01 7.251609086506353996e-02
1.138097852150929734e+00 -3.518930736495291534e-01 7.251609086506353996e-02
9.543369320575161296e-01 1.867107066695762319e-01 2.136030445374352826e-01
9.543369320575161296e-01 1.867107066695762319e-01 2.136030445374352826e-01
1.141325877953075940e+00 -7.137448450575550885e-02 2.177364647767190409e-01
1.152446025037652033e+00 2.315363257429708388e-01 9.205255044364726857e-02
1.152446025037652033e+00 2.315363257429708388e-01 9.205255044364726857e-02
1.152446025037652033e+00 2.315363257429708388e-01 9.205255044364726857e-02
1.152446025037652033e+00 2.315363257429708388e-01 9.205255044364726857e-02
1.152446025037652033e+00 2.315363257429708388e-01 9.205255044364726857e-02
9.879888023011480502e-01 1.120645008908165985e-01 2.260062911026734789e-01
1.024824954159750501e+00 2.104278063635130203e-02 2.246683071378650920e-01
1.024824954159750501e+00 2.104278063635130203e-02 2.246683071378650920e-01
8.777237744992575363e-01 -1.973887165247033004e-01 4.967353468266207800e-02
8.777237744992575363e-01 -1.973887165247033004e-01 4.967353468266207800e-02
8.777237744992575363e-01 -1.973887165247033004e-01 4.967353468266207800e-02
1.112825745015814327e+00 -2.253533859433473618e-01 1.365812956285732960e-01
1.112825745015814327e+00 -2.253533859433473618e-01 1.365812956285732960e-01
1.112825745015814327e+00 -2.253533859433473618e-01 1.365812956285732960e-01
1.046547812736236871e+00 -1.372776630767933437e-01 1.616775309076387002e-01
1.046547812736236871e+00 -1.372776630767933437e-01 1.616775309076387002e-01
8.838023044758376301e-01 3.223808873684640974e-01 1.720996612687455685e-01
1.131289493880918817e+00 2.980258881595557741e-01 6.631971359874976046e-02
1.143781819180996306e+00 2.290160337962395265e-01 9.787132536255202520e-02
1.143781819180996306e+00 2.290160337962395265e-01 9.787132536255202520e-02
1.143781819180996306e+00 2.290160337962395265e-01 9.787132536255202520e-02
1.143781819180996306e+00 2.290160337962395265e-01 9.787132536255202520e-02
1.143781819180996306e+00 2.290160337962395265e-01 9.787132536255202520e-02
1.148296922311676127e+00 2.078549629834040013e-01 1.081979498684376984e-01
1.077924008396605515e+00 1.463642449859371975e-01 1.839302439307146653e-01
9.697473142933837886e-01 6.126126695730403915e-01 1.186911728459925236e-02
9.697473142933837886e-01 6.126126695730403915e-01 1.186911728459925236e-02
9.697473142933837886e-01 6.126126695730403915e-01 1.186911728459925236e-02
9.697473142933837886e-01 6.126126695730403915e-01 1.186911728459925236e-02
9.697473142933837886e-01 6.126126695730403915e-01 1.186911728459925236e-02
9.697473142933837886e-01 6.126126695730403915e-01 1.186911728459925236e-02
9.468729699143657585e-01 5.067900530675937265e-01 4.150321265005497279e-02
1.253020791488353991e+00 1.582647097062802044e-01 8.338965741028535328e-02
1.253020791488353991e+00 1.582647097062802044e-01 8.338965741028535328e-02
8.798763616957963052e-01 6.874894802145935235e-02 2.017029971750077810e-01
8.798763616957963052e-01 6.874894802145935235e-02 2.017029971750077810e-01
1.104264904263178249e+00 -1.864427095566115189e-01 1.573145859600094398e-01
1.104264904263178249e+00 -1.864427095566115189e-01 1.573145859600094398e-01
1.104264904263178249e+00 -1.864427095566115189e-01 1.573145859600094398e-01
9.628208489673270032e-01 1.494369067998066458e-02 2.091054638503049568e-01
9.628208489673270032e-01 1.494369067998066458e-02 2.091054638503049568e-01
9.628208489673270032e-01 1.494369067998066458e-02 2.091054638503049568e-01
9.628208489673270032e-01 1.494369067998066458e-02 2.091054638503049568e-01
9.628208489673270032e-01 1.494369067998066458e-02 2.091054638503049568e-01
1.331697846429898080e+00 6.376903436049721763e-02 9.501917125556949562e-02
1.331697846429898080e+00 6.376903436049721763e-02 9.501917125556949562e-02
1.331697846429898080e+00 6.376903436049721763e-02 9.501917125556949562e-02
1.446334254918677065e+00 8.137280623502793353e-02 4.003105325778295864e-02
1.531186443306864486e+00 -5.287240051732670088e-01 1.084064364931512092e-01
1.531186443306864486e+00 -5.287240051732670088e-01 1.084064364931512092e-01
1.286781810637698031e+00 -2.886099596169861004e-01 1.653204685678504593e-01
1.212210096793096881e+00 -2.300063750693630560e-01 1.735398928229661131e-01
1.212210096793096881e+00 -2.300063750693630560e-01 1.735398928229661131e-01
9.678427790875279157e-01 5.338461497770130570e-02 2.228505910012451574e-01
1.054758019535526170e+00 6.203545187504627689e-02 2.237542347856971980e-01
1.015879148596409598e+00 -1.925399427805756236e-01 1.110562204916694939e-01
1.015879148596409598e+00 -1.925399427805756236e-01 1.110562204916694939e-01
1.015879148596409598e+00 -1.925399427805756236e-01 1.110562204916694939e-01
9.350885371043977656e-01 -1.476238960475037554e-01 9.919491107988470668e-02
1.243506182635360169e+00 -1.259949768244449375e-01 2.084772398645033664e-01
9.726958028685130930e-01 1.885687969347861204e-01 2.071372001375478278e-01
9.726958028685130930e-01 1.885687969347861204e-01 2.071372001375478278e-01
9.726958028685130930e-01 1.885687969347861204e-01 2.071372001375478278e-01
1.032852883453900805e+00 1.089968815358559467e-01 2.178167042842023282e-01
1.032852883453900805e+00 1.089968815358559467e-01 2.178167042842023282e-01
1.032852883453900805e+00 1.089968815358559467e-01 2.178167042842023282e-01
1.032852883453900805e+00 1.089968815358559467e-01 2.178167042842023282e-01
7.593912308510384346e-01 3.421742836414035649e-01 2.019264022600852915e-01
7.593912308510384346e-01 3.421742836414035649e-01 2.019264022600852915e-01
8.276610230844652083e-01 3.493469834066394442e-01 1.794802727210080828e-01
