2.489132485845457765e-01 1.481402749648903505e-01 4.805399710684027381e-03
2.489132485845457765e-01 1.481402749648903505e-01 4.805399710684027381e-03
1.364667530322018763e-01 4.486096485106885190e-01 2.042184016429269069e-02
3.956379664962312859e-01 6.839203412008020289e-01 8.064116965190226693e-02
3.956379664962312859e-01 6.839203412008020289e-01 8.064116965190226693e-02
3.956379664962312859e-01 6.839203412008020289e-01 8.064116965190226693e-02
3.956379664962312859e-01 6.839203412008020289e-01 8.064116965190226693e-02
3.956379664962312859e-01 6.839203412008020289e-01 8.064116965190226693e-02
6.824459832235507672e-01 5.949279845719757098e-01 7.099448014940122620e-02
1.398118318581922370e-01 5.279252160129861426e-01 3.196021677672027800e-02
1.398118318581922370e-01 5.279252160129861426e-01 3.196021677672027800e-02
5.187421423229822137e-01 7.862876174418439446e-01 3.654042455815208895e-02
5.187421423229822137e-01 7.862876174418439446e-01 3.654042455815208895e-02
5.187421423229822137e-01 7.862876174418439446e-01 3.654042455815208895e-02
5.963159680369163329e-01 6.777015753593267355e-01 5.738515706855522314e-02
5.963159680369163329e-01 6.777015753593267355e-01 5.738515706855522314e-02
9.120944343280705802e-01 2.611200335643019121e-01 1.737065546702364072e-01
9.856789402687434754e-01 2.309091191095967999e-01 1.645807544442538795e-01
9.856789402687434754e-01 2.309091191095967999e-01 1.645807544442538795e-01
9.545031796306160388e-01 3.273157927568109971e-02 2.096056670766817120e-01
9.545031796306160388e-01 3.273157927568109971e-02 2.096056670766817120e-01
9.545031796306160388e-01 3.273157927568109971e-02 2.096056670766817120e-01
1.108967897126440283e+00 -1.263964728553230721e-01 2.059630141335916931e-01
1.173085785261711145e+00 -2.592141423579849002e-01 1.629813158752039248e-01
1.173085785261711145e+00 -2.592141423579849002e-01 1.629813158752039248e-01
1.173085785261711145e+00 -2.592141423579849002e-01 1.629813158752039248e-01
1.277849297497363645e+00 -2.610778155957733104e-01 1.973331968681401316e-01
9.749046513080392717e-01 -2.883693450384705592e-02 1.961734920830777440e-01
8.352005298177624937e-01 4.682716299122607895e-01 8.628033627021268470e-02
9.668527646106548357e-01 9.012807878649908844e-02 2.178828560582882212e-01
6.056728640822399701e-01 3.609706282571908953e-01 1.510515226505186881e-01
6.056728640822399701e-01 3.609706282571908953e-01 1.510515226505186881e-01
9.283177194071314808e-01 2.985332869709991233e-01 1.476784683545416255e-01
9.283177194071314808e-01 2.985332869709991233e-01 1.476784683545416255e-01
8.760210166714896829e-01 2.383664628501683258e-01 1.912996927604686814e-01
8.760210166714896829e-01 2.383664628501683258e-01 1.912996927604686814e-01
8.272713076317232961e-01 1.049929733792294984e-01 1.836891967948808546e-01
7.815359779997830270e-01 -4.787077379981929948e-02 8.555482462886014605e-02
7.815359779997830270e-01 -4.787077379981929948e-02 8.555482462886014605e-02
5.045400806867279542e-01 8.168800526537323137e-02 3.063780531773917931e-02
5.045400806867279542e-01 8.168800526537323137e-02 3.063780531773917931e-02
5.045400806867279542e-01 8.168800526537323137e-02 3.063780531773917931e-02
4.695098620867768635e-01 4.381828105790165906e-01 1.164772860640805596e-01
5.446942038662015984e-01 6.389302824749948373e-01 8.159055798304237772e-02
3.012356366129799179e-01 4.201072078114110320e-01 5.486051863539952861e-02
3.012356366129799179e-01 4.201072078114110320e-01 5.486051863539952861e-02
3.012356366129799179e-01 4.201072078114110320e-01 5.486051863539952861e-02
6.457511126729991169e-01 2.984006617482301560e-01 1.581785049100140339e-01
5.044356276716458476e-01 5.692100044629829769e-01 1.091140780707699071e-01
5.073839635634850298e-01 3.459035323318453425e-01 1.144142782707317368e-01
3.750307983370614884e-01 3.099157714521211249e-01 5.190885348785859860e-02
3.750307983370614884e-01 3.099157714521211249e-01 5.190885348785859860e-02
8.998359935884785443e-01 -4.745838200491242498e-02 1.490993145384169882e-01
8.998359935884785443e-01 -4.745838200491242498e-02 1.490993145384169882e-01
8.998359935884785443e-01 -4.745838200491242498e-02 1.490993145384169882e-01
1.071862962342896353e+00 -2.297937600739491104e-01 1.317846173094130713e-01
1.215495178224709427e+00 3.035477168336353504e-04 1.907414336436753510e-01
1.215495178224709427e+00 3.035477168336353504e-04 1.907414336436753510e-01
1.215495178224709427e+00 3.035477168336353504e-04 1.907414336436753510e-01
1.215495178224709427e+00 3.035477168336353504e-04 1.907414336436753510e-01
1.215495178224709427e+00 3.035477168336353504e-04 1.907414336436753510e-01
1.093892945097905578e+00 2.021995024997048640e-01 1.330462451722669859e-01
1.093892945097905578e+00 2.021995024997048640e-01 1.330462451722669859e-01
1.093892945097905578e+00 2.021995024997048640e-01 1.330462451722669859e-01
7.945928857044016747e-01 1.484350599575038621e-01 1.832462110337702288e-01
7.945928857044016747e-01 1.484350599575038621e-01 1.832462110337702288e-01
7.945928857044016747e-01 1.484350599575038621e-01 1.832462110337702288e-01
1.129951978327937034e+00 2.465296504228411956e-01 8.916684313845428533e-02
8.783074851346928114e-01 2.658151849517421672e-01 1.801445770824077475e-01
8.674775614459389050e-01 2.671932231744735264e-01 1.817699818186874761e-01
8.674775614459389050e-01 2.671932231744735264e-01 1.817699818186874761e-01
8.674775614459389050e-01 2.671932231744735264e-01 1.817699818186874761e-01
8.674775614459389050e-01 2.671932231744735264e-01 1.817699818186874761e-01
5.004960806563458764e-01 5.626386641164800029e-01 1.108613851658091648e-01
5.004960806563458764e-01 5.626386641164800029e-01 1.108613851658091648e-01
9.227518020537432974e-01 1.585505922565011439e-01 2.090023912594184963e-01
9.508235677230275629e-01 3.235743879124974853e-01 1.237149447736625441e-01
9.508235677230275629e-01 3.235743879124974853e-01 1.237149447736625441e-01
9.508235677230275629e-01 3.235743879124974853e-01 1.237149447736625441e-01
7.358360736035928218e-01 3.546608416201060821e-01 1.660708129918215814e-01
7.358360736035928218e-01 3.546608416201060821e-01 1.660708129918215814e-01
1.009859121707295415e+00 1.444587273411977457e-01 2.000675888249328349e-01
1.370810921691169693e+00 -3.468707902872465443e-01 1.811549812318813957e-01
1.370810921691169693e+00 -3.468707902872465443e-01 1.811549812318813957e-01
1.370810921691169693e+00 -3.468707902872465443e-01 1.811549812318813957e-01
1.370810921691169693e+00 -3.468707902872465443e-01 1.811549812318813957e-01
1.370810921691169693e+00 -3.468707902872465443e-01 1.811549812318813957e-01
1.370810921691169693e+00 -3.468707902872465443e-01 1.811549812318813957e-01
1.565677946204984572e+00 -3.679996874302083887e-01 1.613868805048742638e-01
1.315566088136285394e+00 -2.591699330891253927e-01 2.031974223473791141e-01
1.124994226596079727e+00 -1.317839315784810061e-01 2.087717291686696786e-01
1.124994226596079727e+00 -1.317839315784810061e-01 2.087717291686696786e-01
1.130626361441587902e+00 -1.429057073935547095e-01 2.061635948562752507e-01
1.251685942106128824e+00 1.862469493658303887e-01 6.765098791335570627e-02
1.251685942106128824e+00 1.862469493658303887e-01 6.765098791335570627e-02
1.251685942106128824e+00 1.862469493658303887e-01 6.765098791335570627e-02
1.137616389848781884e+00 1.270811944116689296e-01 1.578733776406640310e-01
1.376608264906173051e+00 1.813491713820717111e-01 2.918734175575450271e-02
1.483349574728952236e+00 1.638213214029882181e-02 5.027752672243033377e-02
9.961404231469103143e-01 -7.460722261652809328e-02 1.843636031374554507e-01
