2.489132485845457765e-01 1.481402749648903505e-01 6.098877824600060921e-03
1.419106609629512128e-01 2.559693478111279008e-01 7.640064599864862874e-03
1.419106609629512128e-01 2.559693478111279008e-01 7.640064599864862874e-03
2.678256332540788764e-01 7.130816475455710179e-01 1.687632704078130541e-01
2.678256332540788764e-01 7.130816475455710179e-01 1.687632704078130541e-01
2.678256332540788764e-01 7.130816475455710179e-01 1.687632704078130541e-01
2.678256332540788764e-01 7.130816475455710179e-01 1.687632704078130541e-01
2.678256332540788764e-01 7.130816475455710179e-01 1.687632704078130541e-01
2.678256332540788764e-01 7.130816475455710179e-01 1.687632704078130541e-01
2.678256332540788764e-01 7.130816475455710179e-01 1.687632704078130541e-01
1.046040357866712955e-01 7.318184292553255865e-01 1.446338754978681584e-01
1.838022100281060667e-01 6.708725396396278962e-01 1.571425557313074761e-01
1.838022100281060667e-01 6.708725396396278962e-01 1.571425557313074761e-01
1.838022100281060667e-01 6.708725396396278962e-01 1.571425557313074761e-01
1.896804491114756630e-01 5.439920622609387690e-01 1.131658267506679416e-01
4.865143011950074925e-01 8.915213845942053794e-01 2.882866055171595665e-02
5.780407223702321851e-03 9.961922658469879455e-01 1.045851185712230874e-01
-2.862253485835373201e-01 7.406835931167710108e-01 2.071010496112537375e-02
-3.615996952341316018e-02 9.068442677781116679e-01 1.244892525270525074e-01
-3.615996952341316018e-02 9.068442677781116679e-01 1.244892525270525074e-01
-9.500064419721163111e-02 8.313482290510797457e-01 1.010296260289240133e-01
-1.053088555357815925e-01 1.208523316966836791e+00 4.761072585132425372e-02
-1.053088555357815925e-01 1.208523316966836791e+00 4.761072585132425372e-02
-9.794696562012641938e-02 1.294641404981004662e+00 2.397675900430442167e-02
-3.601555472522538492e-01 1.058580564812265701e+00 6.751050107660473698e-02
-6.326830542634098720e-02 1.290095418476683298e+00 2.073607966798525493e-02
-6.326830542634098720e-02 1.290095418476683298e+00 2.073607966798525493e-02
-3.357922389378807382e-01 1.109843620699137112e+00 7.603957059824574538e-02
-3.357922389378807382e-01 1.109843620699137112e+00 7.603957059824574538e-02
-3.357922389378807382e-01 1.109843620699137112e+00 7.603957059824574538e-02
3.445775547959818996e-01 1.141816367985557301e+00 5.210804132925016784e-03
3.445775547959818996e-01 1.141816367985557301e+00 5.210804132925016784e-03
3.212904147499441310e-01 9.180073614230296331e-01 6.085947633047104899e-02
5.365594272335999504e-01 8.828949978879839788e-01 2.185505293639389279e-02
5.365594272335999504e-01 8.828949978879839788e-01 2.185505293639389279e-02
3.740875455918427628e-01 9.860657930904371815e-01 2.482058709870652372e-02
7.950887530930255132e-01 7.253017101584271487e-01 1.470732003434627524e-02
4.749395412859140353e-01 8.866050365320936599e-01 3.269553141156991694e-02
4.749395412859140353e-01 8.866050365320936599e-01 3.269553141156991694e-02
3.410367628269386220e-01 5.491925461918619744e-01 1.789837896646239712e-01
3.410367628269386220e-01 5.491925461918619744e-01 1.789837896646239712e-01
3.169001602881554858e-01 6.212399940705031209e-01 1.820251767291189982e-01
3.151017254302126425e-01 3.544737069028329746e-01 7.612459401138137183e-02
3.151017254302126425e-01 3.544737069028329746e-01 7.612459401138137183e-02
3.151017254302126425e-01 3.544737069028329746e-01 7.612459401138137183e-02
3.151017254302126425e-01 3.544737069028329746e-01 7.612459401138137183e-02
7.836742202353660369e-01 4.191382026237020497e-01 1.590351614172891281e-01
7.189093783158863049e-01 3.070184945761308404e-01 2.121149149235773690e-01
7.738608067421368641e-01 4.199765543654835898e-01 1.630706819649622719e-01
7.738608067421368641e-01 4.199765543654835898e-01 1.630706819649622719e-01
9.174653955930469618e-01 1.131427797883921560e-02 1.548967143644542632e-01
9.174653955930469618e-01 1.131427797883921560e-02 1.548967143644542632e-01
9.362407262343453995e-01 2.304006525281236673e-01 1.886777311226116860e-01
8.121533152427627966e-01 3.625921004003266890e-01 1.778500929260669883e-01
7.135128596804696244e-01 1.238691499999057810e-01 1.335681092584180274e-01
4.963794017306349948e-01 4.497782175715165920e-01 1.992407435724804776e-01
4.963794017306349948e-01 4.497782175715165920e-01 1.992407435724804776e-01
5.764809217899453664e-01 5.160561683349418338e-01 1.872081470830028460e-01
5.764809217899453664e-01 5.160561683349418338e-01 1.872081470830028460e-01
5.764809217899453664e-01 5.160561683349418338e-01 1.872081470830028460e-01
5.764809217899453664e-01 5.160561683349418338e-01 1.872081470830028460e-01
6.278513752074567078e-01 6.317468729379651649e-01 9.986249742508478133e-02
4.135350560260935837e-01 6.159271653719596840e-01 1.831633193385533431e-01
3.491451349906127266e-01 6.630256734935435770e-01 1.764310787222812815e-01
1.655337910489113884e-01 5.236010206902448338e-01 9.211709153839904574e-02
9.239365922227543715e-02 3.056577292711705196e-01 8.351218277811427171e-03
5.401768268514979265e-01 5.441743587673493199e-01 1.849050142461953206e-01
5.401768268514979265e-01 5.441743587673493199e-01 1.849050142461953206e-01
6.122769836486792183e-01 6.422017905128526438e-01 1.003893952342148344e-01
6.122769836486792183e-01 6.422017905128526438e-01 1.003893952342148344e-01
6.122769836486792183e-01 6.422017905128526438e-01 1.003893952342148344e-01
8.290487103567685256e-01 1.036158576187967695e-01 1.726281165091135550e-01
8.442863286756435715e-01 -9.829872844319054170e-02 6.140456276928641516e-02
1.055042971660181017e+00 1.083661511630085172e-02 1.874395528995204674e-01
1.055042971660181017e+00 1.083661511630085172e-02 1.874395528995204674e-01
1.055042971660181017e+00 1.083661511630085172e-02 1.874395528995204674e-01
1.055042971660181017e+00 1.083661511630085172e-02 1.874395528995204674e-01
1.055042971660181017e+00 1.083661511630085172e-02 1.874395528995204674e-01
1.074584678021048179e+00 8.585848687631425849e-03 1.876406577737838310e-01
1.074584678021048179e+00 8.585848687631425849e-03 1.876406577737838310e-01
1.224176039124749149e+00 4.903504738454501910e-02 1.434871599337615156e-01
7.473433434791888486e-01 4.312969975918532484e-01 1.683946116419136607e-01
7.077559076608994637e-01 6.815216046845502529e-01 4.464961451523737079e-02
7.077559076608994637e-01 6.815216046845502529e-01 4.464961451523737079e-02
7.077559076608994637e-01 6.815216046845502529e-01 4.464961451523737079e-02
5.349235571353760932e-01 4.274052174288907047e-01 2.032901177317509023e-01
5.349235571353760932e-01 4.274052174288907047e-01 2.032901177317509023e-01
5.349235571353760932e-01 4.274052174288907047e-01 2.032901177317509023e-01
5.349235571353760932e-01 4.274052174288907047e-01 2.032901177317509023e-01
4.687511536081264141e-01 3.541756078392402918e-01 1.513034210483296116e-01
3.805828074086580193e-01 5.556701873827206706e-01 1.895484896028471200e-01
3.805828074086580193e-01 5.556701873827206706e-01 1.895484896028471200e-01
3.805828074086580193e-01 5.556701873827206706e-01 1.895484896028471200e-01
5.958908251710757220e-01 3.044678524944200992e-01 1.831466245746595778e-01
5.958908251710757220e-01 3.044678524944200992e-01 1.831466245746595778e-01
5.958908251710757220e-01 3.044678524944200992e-01 1.831466245746595778e-01
9.117201718293361790e-01 4.484464400731882905e-01 7.935882529082120829e-02
9.117201718293361790e-01 4.484464400731882905e-01 7.935882529082120829e-02
9.712385120906107394e-01 3.079249527631287564e-01 1.328991538680298623e-01
6.750719384053638361e-01 1.564603803270120663e-01 1.353637388782580053e-01
