2.489132485845457765e-01 1.481402749648903505e-01 9.220672684760225155e-03
2.489132485845457765e-01 1.481402749648903505e-01 9.220672684760225155e-03
3.745172094583763545e-01 6.978124269424634818e-01 1.803093581945957868e-01
1.989816153929845899e-01 6.200591407237490138e-01 2.950175511527092787e-01
1.989816153929845899e-01 6.200591407237490138e-01 2.950175511527092787e-01
1.989816153929845899e-01 6.200591407237490138e-01 2.950175511527092787e-01
1.989816153929845899e-01 6.200591407237490138e-01 2.950175511527092787e-01
5.051638094186536865e-01 5.088919917947920535e-01 2.866497208109499151e-01
5.051638094186536865e-01 5.088919917947920535e-01 2.866497208109499151e-01
5.051638094186536865e-01 5.088919917947920535e-01 2.866497208109499151e-01
5.051638094186536865e-01 5.088919917947920535e-01 2.866497208109499151e-01
8.037065494176409697e-01 7.474429308530200489e-02 1.376787654920686443e-01
8.037065494176409697e-01 7.474429308530200489e-02 1.376787654920686443e-01
8.037065494176409697e-01 7.474429308530200489e-02 1.376787654920686443e-01
8.037065494176409697e-01 7.474429308530200489e-02 1.376787654920686443e-01
8.431982448337537184e-01 1.163776275059601184e-01 1.881261298209692123e-01
1.052128510326026500e+00 -2.752100124341367859e-01 1.285357346444739556e-02
1.148823508639759572e+00 -1.197188716591136015e-01 8.879215018707960205e-02
1.410466353937466444e+00 1.730662349994105398e-01 2.279578307170800761e-02
1.410466353937466444e+00 1.730662349994105398e-01 2.279578307170800761e-02
1.276805723031127160e+00 2.006186342078203066e-01 4.982390388297738143e-02
1.276805723031127160e+00 2.006186342078203066e-01 4.982390388297738143e-02
1.276805723031127160e+00 2.006186342078203066e-01 4.982390388297738143e-02
1.276805723031127160e+00 2.006186342078203066e-01 4.982390388297738143e-02
9.276802332696287845e-01 4.954809563818092233e-01 4.279379748541808220e-02
9.276802332696287845e-01 4.954809563818092233e-01 4.279379748541808220e-02
9.276802332696287845e-01 4.954809563818092233e-01 4.279379748541808220e-02
9.276802332696287845e-01 4.954809563818092233e-01 4.279379748541808220e-02
8.432795937673184250e-01 4.765486747468650197e-01 9.194836279116608280e-02
8.432795937673184250e-01 4.765486747468650197e-01 9.194836279116608280e-02
1.308743742924060038e+00 1.198058793047827586e-01 6.959636323103389477e-02
1.308743742924060038e+00 1.198058793047827586e-01 6.959636323103389477e-02
1.308743742924060038e+00 1.198058793047827586e-01 6.959636323103389477e-02
1.308743742924060038e+00 1.198058793047827586e-01 6.959636323103389477e-02
1.471000929003007274e+00 -3.278706399078724076e-01 3.739217351454049432e-02
1.323706354788919182e+00 1.895238698091281093e-01 3.895196574563034725e-02
1.205006132869470781e+00 5.491336011677713791e-02 1.340006193290705361e-01
1.205006132869470781e+00 5.491336011677713791e-02 1.340006193290705361e-01
8.591252536543088070e-01 4.176442488533851360e-01 1.302151707702625394e-01
1.268209467993169692e+00 2.169433909139540928e-01 4.651624453295591377e-02
1.268209467993169692e+00 2.169433909139540928e-01 4.651624453295591377e-02
1.268209467993169692e+00 2.169433909139540928e-01 4.651624453295591377e-02
1.105825116903153882e+00 4.029407204796532360e-01 2.757302914923551174e-02
1.105825116903153882e+00 4.029407204796532360e-01 2.757302914923551174e-02
1.105825116903153882e+00 4.029407204796532360e-01 2.757302914923551174e-02
1.105825116903153882e+00 4.029407204796532360e-01 2.757302914923551174e-02
1.105825116903153882e+00 4.029407204796532360e-01 2.757302914923551174e-02
1.127067239300228119e+00 1.408391989372953512e-01 1.458903175630472671e-01
1.127067239300228119e+00 1.408391989372953512e-01 1.458903175630472671e-01
1.044698944029985865e+00 -4.144940562529905725e-02 1.177936368678910439e-01
1.044698944029985865e+00 -4.144940562529905725e-02 1.177936368678910439e-01
1.044698944029985865e+00 -4.144940562529905725e-02 1.177936368678910439e-01
1.044698944029985865e+00 -4.144940562529905725e-02 1.177936368678910439e-01
1.398445302111322563e+00 -8.776103980227695223e-02 8.641788852478760052e-02
1.639042592831996492e+00 -2.963227263934437583e-01 4.013086855758671301e-02
1.415400534999423421e+00 -2.100217995849784636e-02 7.353900077523962964e-02
1.530419711198402810e+00 5.671666235143713042e-02 2.405331602067038721e-02
1.530419711198402810e+00 5.671666235143713042e-02 2.405331602067038721e-02
1.395308952109432621e+00 5.909493392012528379e-02 5.885655433004043785e-02
1.395308952109432621e+00 5.909493392012528379e-02 5.885655433004043785e-02
1.395308952109432621e+00 5.909493392012528379e-02 5.885655433004043785e-02
1.395308952109432621e+00 5.909493392012528379e-02 5.885655433004043785e-02
1.395308952109432621e+00 5.909493392012528379e-02 5.885655433004043785e-02
1.395308952109432621e+00 5.909493392012528379e-02 5.885655433004043785e-02
1.395308952109432621e+00 5.909493392012528379e-02 5.885655433004043785e-02
1.395308952109432621e+00 5.909493392012528379e-02 5.885655433004043785e-02
9.802056548018746041e-01 3.523398677549436919e-01 1.054849823940732234e-01
9.802056548018746041e-01 3.523398677549436919e-01 1.054849823940732234e-01
9.802056548018746041e-01 3.523398677549436919e-01 1.054849823940732234e-01
9.802056548018746041e-01 3.523398677549436919e-01 1.054849823940732234e-01
9.802056548018746041e-01 3.523398677549436919e-01 1.054849823940732234e-01
9.802056548018746041e-01 3.523398677549436919e-01 1.054849823940732234e-01
6.762674853007704101e-01 1.456159506301679951e-01 1.483313347808703220e-01
6.762674853007704101e-01 1.456159506301679951e-01 1.483313347808703220e-01
6.762674853007704101e-01 1.456159506301679951e-01 1.483313347808703220e-01
9.761197231952927211e-01 3.592679966652303492e-01 1.029103276424227081e-01
9.761197231952927211e-01 3.592679966652303492e-01 1.029103276424227081e-01
9.563734559003830293e-01 9.742633090052871259e-02 1.923431812162627041e-01
9.563734559003830293e-01 9.742633090052871259e-02 1.923431812162627041e-01
9.563734559003830293e-01 9.742633090052871259e-02 1.923431812162627041e-01
9.563734559003830293e-01 9.742633090052871259e-02 1.923431812162627041e-01
9.563734559003830293e-01 9.742633090052871259e-02 1.923431812162627041e-01
9.563734559003830293e-01 9.742633090052871259e-02 1.923431812162627041e-01
9.563734559003830293e-01 9.742633090052871259e-02 1.923431812162627041e-01
1.152875162881742632e+00 -2.773685427420736760e-01 2.223442559069483890e-02
1.107171541533520376e+00 -1.355248781239535572e-01 7.263341424777078337e-02
1.132808328923764041e+00 1.831111185289439336e-01 1.241973547617979540e-01
4.820069453210705790e-01 1.878011611625535759e-01 8.892397050640436784e-02
4.820069453210705790e-01 1.878011611625535759e-01 8.892397050640436784e-02
9.050223844393257000e-01 3.025379689249153570e-01 1.909575750109893388e-01
9.050223844393257000e-01 3.025379689249153570e-01 1.909575750109893388e-01
9.050223844393257000e-01 3.025379689249153570e-01 1.909575750109893388e-01
9.737278619224857268e-01 2.057359477765565159e-01 1.996014233016830119e-01
9.737278619224857268e-01 2.057359477765565159e-01 1.996014233016830119e-01
9.737278619224857268e-01 2.057359477765565159e-01 1.996014233016830119e-01
9.737278619224857268e-01 2.057359477765565159e-01 1.996014233016830119e-01
8.225066996618441983e-01 3.216882830120776360e-01 2.305197016482650463e-01
8.225066996618441983e-01 3.216882830120776360e-01 2.305197016482650463e-01
9.587676158570914708e-01 3.343061410943405365e-01 1.320927570497982817e-01
9.587676158570914708e-01 3.343061410943405365e-01 1.320927570497982817e-01
