2.489132485845457765e-01 1.481402749648903505e-01 3.811770316434503082e-03
2.489132485845457765e-01 1.481402749648903505e-01 3.811770316434503082e-03
2.489132485845457765e-01 1.481402749648903505e-01 3.811770316434503082e-03
2.489132485845457765e-01 1.481402749648903505e-01 3.811770316434503082e-03
3.773708387683341603e-01 4.659766141784045246e-01 6.769338951793182901e-02
3.773708387683341603e-01 4.659766141784045246e-01 6.769338951793182901e-02
3.773708387683341603e-01 4.659766141784045246e-01 6.769338951793182901e-02
3.773708387683341603e-01 4.659766141784045246e-01 6.769338951793182901e-02
3.773708387683341603e-01 4.659766141784045246e-01 6.769338951793182901e-02
4.974680624635842152e-01 4.975103782346641523e-01 8.833699554263245435e-02
7.055274457288677192e-01 4.695514435488766791e-01 8.545678270272991095e-02
7.055274457288677192e-01 4.695514435488766791e-01 8.545678270272991095e-02
8.643625913949870565e-01 1.721522829349588224e-01 1.333330042440870056e-01
1.013727894266456708e+00 4.876332286473011313e-01 2.035659553395235966e-02
1.013727894266456708e+00 4.876332286473011313e-01 2.035659553395235966e-02
7.487791253727178464e-01 7.574475150023440850e-02 8.366522422568684059e-02
6.891082016089165041e-01 2.295997105777305425e-01 1.066470367946697750e-01
7.262603598273283945e-01 -9.612324371917213561e-02 2.654745813687284586e-02
5.611054326362947542e-01 3.584921710871452616e-02 2.224974113351866831e-02
3.352001059667690797e-01 5.629040002655820718e-01 6.787210958367259628e-02
3.352001059667690797e-01 5.629040002655820718e-01 6.787210958367259628e-02
6.256582198715743282e-01 2.468675993424031545e-01 9.279730121267158738e-02
6.256582198715743282e-01 2.468675993424031545e-01 9.279730121267158738e-02
6.269587865610771749e-01 2.085369168237470872e-01 8.377060944000494502e-02
5.703371527959321119e-01 4.492306530100053097e-01 9.711713991463608031e-02
5.703371527959321119e-01 4.492306530100053097e-01 9.711713991463608031e-02
5.759601717524529541e-01 1.655287561031399401e-01 5.611165494964025918e-02
5.759601717524529541e-01 1.655287561031399401e-01 5.611165494964025918e-02
5.759601717524529541e-01 1.655287561031399401e-01 5.611165494964025918e-02
7.453678988735147337e-01 -2.486776093668652265e-04 5.726990417847999115e-02
7.453678988735147337e-01 -2.486776093668652265e-04 5.726990417847999115e-02
5.980689196849819922e-01 2.564169077085700632e-01 8.697948829139830196e-02
5.980689196849819922e-01 2.564169077085700632e-01 8.697948829139830196e-02
5.980689196849819922e-01 2.564169077085700632e-01 8.697948829139830196e-02
5.980689196849819922e-01 2.564169077085700632e-01 8.697948829139830196e-02
5.980689196849819922e-01 2.564169077085700632e-01 8.697948829139830196e-02
5.980689196849819922e-01 2.564169077085700632e-01 8.697948829139830196e-02
5.980689196849819922e-01 2.564169077085700632e-01 8.697948829139830196e-02
5.980689196849819922e-01 2.564169077085700632e-01 8.697948829139830196e-02
6.017580871589743863e-01 5.583032861127755764e-01 7.392866178845210190e-02
5.618318868334866156e-01 5.743562744468988512e-01 7.415931645605376710e-02
5.618318868334866156e-01 5.743562744468988512e-01 7.415931645605376710e-02
4.429027970117697111e-01 7.824780689573447301e-01 3.663810384340993043e-02
4.429027970117697111e-01 7.824780689573447301e-01 3.663810384340993043e-02
4.429027970117697111e-01 7.824780689573447301e-01 3.663810384340993043e-02
4.429027970117697111e-01 7.824780689573447301e-01 3.663810384340993043e-02
4.429027970117697111e-01 7.824780689573447301e-01 3.663810384340993043e-02
4.429027970117697111e-01 7.824780689573447301e-01 3.663810384340993043e-02
5.355559995523980765e-01 7.028911106076012327e-01 4.376332304683466790e-02
5.355559995523980765e-01 7.028911106076012327e-01 4.376332304683466790e-02
5.355559995523980765e-01 7.028911106076012327e-01 4.376332304683466790e-02
5.323220589428261373e-01 4.888803875838409474e-01 9.126770713376637645e-02
1.071882465100454596e+00 1.977133213659398314e-01 1.013386612001946213e-01
1.397773543328086010e+00 -1.702783315678149667e-02 8.124749561566804723e-02
1.397773543328086010e+00 -1.702783315678149667e-02 8.124749561566804723e-02
1.397773543328086010e+00 -1.702783315678149667e-02 8.124749561566804723e-02
1.397773543328086010e+00 -1.702783315678149667e-02 8.124749561566804723e-02
1.414976876308762455e+00 -3.201032742399373410e-01 1.347988499989915268e-01
1.414976876308762455e+00 -3.201032742399373410e-01 1.347988499989915268e-01
1.355050853728229754e+00 -2.435969490837271989e-01 1.423624782448401904e-01
1.355050853728229754e+00 -2.435969490837271989e-01 1.423624782448401904e-01
1.355050853728229754e+00 -2.435969490837271989e-01 1.423624782448401904e-01
1.355050853728229754e+00 -2.435969490837271989e-01 1.423624782448401904e-01
1.355050853728229754e+00 -2.435969490837271989e-01 1.423624782448401904e-01
1.355050853728229754e+00 -2.435969490837271989e-01 1.423624782448401904e-01
1.711718654758033864e+00 -3.410250413592309515e-01 8.567673218338026087e-02
1.291041000781421255e+00 -3.994281804279044001e-01 8.140949930846261284e-02
6.557468928695678878e-01 2.359993780453412127e-02 3.925338120419887694e-02
8.316209697037494353e-01 5.973285412600528588e-01 2.462958999584181560e-02
8.316209697037494353e-01 5.973285412600528588e-01 2.462958999584181560e-02
1.154237249230643858e+00 3.005541458700551338e-01 3.945101883091770012e-02
1.154237249230643858e+00 3.005541458700551338e-01 3.945101883091770012e-02
1.109877086372651478e+00 3.226199874702457837e-01 4.313794886780853571e-02
1.109877086372651478e+00 3.226199874702457837e-01 4.313794886780853571e-02
1.179066700145006585e+00 1.832478433339680413e-01 7.404825464075753816e-02
1.311572812170881175e+00 1.788908140276285197e-02 9.724526748555890887e-02
1.311572812170881175e+00 1.788908140276285197e-02 9.724526748555890887e-02
1.416052885963001717e+00 -2.169803843916757458e-01 1.371123196587802073e-01
1.416052885963001717e+00 -2.169803843916757458e-01 1.371123196587802073e-01
1.433374243340874488e+00 -2.608935764249493694e-01 1.383649085120934874e-01
1.392729204578702973e+00 -1.834252791914445790e-01 1.364171010903616754e-01
1.147174363227324134e+00 -3.087212608609768427e-01 7.329942076514951721e-02
1.147174363227324134e+00 -3.087212608609768427e-01 7.329942076514951721e-02
1.147174363227324134e+00 -3.087212608609768427e-01 7.329942076514951721e-02
1.147174363227324134e+00 -3.087212608609768427e-01 7.329942076514951721e-02
1.393709111601488360e+00 -4.703942022297592507e-01 8.235939282623847002e-02
1.342168560158580437e+00 -6.093849915046467558e-04 9.408311752920459070e-02
1.343449830917122778e+00 -2.905713809243861551e-02 1.048174347222544517e-01
1.343449830917122778e+00 -2.905713809243861551e-02 1.048174347222544517e-01
1.343449830917122778e+00 -2.905713809243861551e-02 1.048174347222544517e-01
1.235171270771306284e+00 -9.950387879637631605e-02 1.475724725443412211e-01
1.298221992951753556e+00 -2.355317072722292460e-01 1.395976078048427049e-01
1.298221992951753556e+00 -2.355317072722292460e-01 1.395976078048427049e-01
1.404240564841084948e+00 -9.778404502366025430e-02 1.098031418765911954e-01
1.133246144492920493e+00 -1.456489766696000832e-02 1.473819374026018869e-01
1.122738052942153564e+00 -1.272417083472637822e-01 1.341390869311858136e-01
1.457153659767630227e+00 -2.773923732458083435e-01 1.363901514728121100e-01
1.516998255424679698e+00 -2.813239753550115796e-01 1.266888142618687318e-01
1.103346271899143805e+00 7.795844399290785542e-02 1.349002106489119446e-01
9.575602679454009447e-01 1.809833463477084348e-01 1.314117928696451054e-01
