2.489132485845457765e-01 1.481402749648903505e-01 3.472913629385635404e-03
3.346532291538504844e-01 9.143079120054821429e-02 4.468795609826044929e-03
4.322003901394683156e-01 3.197027972142332808e-01 4.726547803314928159e-02
4.278040405787133516e-01 3.812792265610789322e-01 5.744842475908341212e-02
4.278040405787133516e-01 3.812792265610789322e-01 5.744842475908341212e-02
4.278040405787133516e-01 3.812792265610789322e-01 5.744842475908341212e-02
6.933259538240437170e-01 2.656477118768914014e-01 9.243292617638397546e-02
6.933259538240437170e-01 2.656477118768914014e-01 9.243292617638397546e-02
6.933259538240437170e-01 2.656477118768914014e-01 9.243292617638397546e-02
6.933259538240437170e-01 2.656477118768914014e-01 9.243292617638397546e-02
6.933259538240437170e-01 2.656477118768914014e-01 9.243292617638397546e-02
3.284521509131259620e-01 4.300347440858721670e-01 4.525974487287213327e-02
4.268083590350878476e-01 4.088211563649097324e-01 6.145434375355694062e-02
1.050991896756320543e+00 1.592034177059020728e-02 1.150848208370732206e-01
1.050991896756320543e+00 1.592034177059020728e-02 1.150848208370732206e-01
1.066032305627724996e+00 1.311939480929167068e-01 1.005659461308873459e-01
9.868927498797942510e-01 2.283929007430601787e-03 1.065028676238529981e-01
9.868927498797942510e-01 2.283929007430601787e-03 1.065028676238529981e-01
9.868927498797942510e-01 2.283929007430601787e-03 1.065028676238529981e-01
1.304347044397735855e+00 4.596290107241780831e-02 7.025672789361755988e-02
9.496490958109868874e-01 -2.339842748135310679e-01 3.286469414602570527e-02
9.496490958109868874e-01 -2.339842748135310679e-01 3.286469414602570527e-02
9.496490958109868874e-01 -2.339842748135310679e-01 3.286469414602570527e-02
1.141687914781284841e+00 -1.054873579973779896e-01 1.122425613148693851e-01
1.292619957545172227e+00 -1.868204974467487234e-01 1.148758355148063182e-01
1.292619957545172227e+00 -1.868204974467487234e-01 1.148758355148063182e-01
1.292619957545172227e+00 -1.868204974467487234e-01 1.148758355148063182e-01
1.292619957545172227e+00 -1.868204974467487234e-01 1.148758355148063182e-01
1.292619957545172227e+00 -1.868204974467487234e-01 1.148758355148063182e-01
1.166432907170150246e+00 -5.275604429827021047e-01 1.216193540495678384e-02
1.068503195033873698e+00 -2.014019935992608090e-01 7.114406290183075687e-02
1.363173917631298027e+00 -1.349495182323874887e-01 1.055632894120418358e-01
1.363173917631298027e+00 -1.349495182323874887e-01 1.055632894120418358e-01
1.241650471856076132e+00 -1.275898110681217834e-01 1.165331970337649264e-01
1.241650471856076132e+00 -1.275898110681217834e-01 1.165331970337649264e-01
1.220905138291992875e+00 -4.911625571390673128e-01 2.460159012058538500e-02
1.220905138291992875e+00 -4.911625571390673128e-01 2.460159012058538500e-02
1.220905138291992875e+00 -4.911625571390673128e-01 2.460159012058538500e-02
1.083814941017413158e+00 -2.591818452579230381e-01 5.676784260658108983e-02
1.874667653685501811e+00 -7.901765280765351562e-01 5.524685014393032612e-02
2.271423715238631846e+00 -9.442325564837734664e-01 3.905837267376766064e-02
2.271423715238631846e+00 -9.442325564837734664e-01 3.905837267376766064e-02
2.271423715238631846e+00 -9.442325564837734664e-01 3.905837267376766064e-02
1.969830583423377357e+00 -8.540189060665128729e-01 5.039269275560603195e-02
1.972067017094088603e+00 -8.168190904110715911e-01 5.633816289027174934e-02
1.972067017094088603e+00 -8.168190904110715911e-01 5.633816289027174934e-02
1.972067017094088603e+00 -8.168190904110715911e-01 5.633816289027174934e-02
1.972067017094088603e+00 -8.168190904110715911e-01 5.633816289027174934e-02
1.972067017094088603e+00 -8.168190904110715911e-01 5.633816289027174934e-02
2.032617450092341738e+00 -6.414488004369588436e-01 5.374346548132850204e-02
2.588417198826526988e+00 -1.098967499994110142e+00 1.764154492811764730e-02
2.280903135911140911e+00 -1.146032181052761834e+00 2.443046398101997654e-02
2.280903135911140911e+00 -1.146032181052761834e+00 2.443046398101997654e-02
2.280903135911140911e+00 -1.146032181052761834e+00 2.443046398101997654e-02
2.120101429026986395e+00 -1.311651037859660862e+00 3.788280730992804254e-03
2.120101429026986395e+00 -1.311651037859660862e+00 3.788280730992804254e-03
2.451531557017330165e+00 -1.094705335749225128e+00 2.633412219537365970e-02
2.451531557017330165e+00 -1.094705335749225128e+00 2.633412219537365970e-02
2.193468927292849813e+00 -9.356568206273100374e-01 4.347041856737550447e-02
2.193468927292849813e+00 -9.356568206273100374e-01 4.347041856737550447e-02
2.193468927292849813e+00 -9.356568206273100374e-01 4.347041856737550447e-02
2.193468927292849813e+00 -9.356568206273100374e-01 4.347041856737550447e-02
2.193468927292849813e+00 -9.356568206273100374e-01 4.347041856737550447e-02
2.193468927292849813e+00 -9.356568206273100374e-01 4.347041856737550447e-02
2.193468927292849813e+00 -9.356568206273100374e-01 4.347041856737550447e-02
2.117832665061966768e+00 -8.300210859111014639e-01 5.188967962025944902e-02
1.692529935102556227e+00 -6.313119038063508270e-01 7.137255332140154951e-02
2.054296017708198363e+00 -5.790797016402829955e-01 4.100953787305548076e-02
2.054296017708198363e+00 -5.790797016402829955e-01 4.100953787305548076e-02
1.916124402622421785e+00 -4.946562441780250063e-01 5.481208940101138516e-02
1.904517974981647210e+00 -5.549208891730355031e-01 6.654836033224546810e-02
1.756661533454282775e+00 -4.756839024102765268e-01 8.380732113303113184e-02
1.756661533454282775e+00 -4.756839024102765268e-01 8.380732113303113184e-02
1.756661533454282775e+00 -4.756839024102765268e-01 8.380732113303113184e-02
1.756661533454282775e+00 -4.756839024102765268e-01 8.380732113303113184e-02
1.820611444338183338e+00 -3.246356659926116217e-01 4.112602159119586875e-02
1.425793163693993337e+00 -5.622997019248254791e-01 4.425312685155939618e-02
1.425793163693993337e+00 -5.622997019248254791e-01 4.425312685155939618e-02
1.377258527305989855e+00 -9.365417196435188441e-02 9.320801429998192000e-02
1.216213729862718917e+00 1.972183016915060039e-01 4.563701050363448003e-02
1.100797621112942881e+00 2.133349679128438703e-01 6.846448610793584577e-02
1.135140330045540491e+00 -9.123877168568469975e-02 1.134236358295613589e-01
7.905646182494110441e-01 1.227166541083521689e-01 8.983862875255856084e-02
7.905646182494110441e-01 1.227166541083521689e-01 8.983862875255856084e-02
7.905646182494110441e-01 1.227166541083521689e-01 8.983862875255856084e-02
1.205622097318457042e+00 2.137999400302834641e-01 4.332524276648502121e-02
1.144432036833547217e+00 -1.401382920917908503e-01 1.064388651884419640e-01
1.407079057331795724e+00 4.377818204389516410e-02 4.452920247643042673e-02
1.024398452250835145e+00 -8.782032154174651550e-02 9.417762258934854469e-02
1.024398452250835145e+00 -8.782032154174651550e-02 9.417762258934854469e-02
1.024398452250835145e+00 -8.782032154174651550e-02 9.417762258934854469e-02
1.024398452250835145e+00 -8.782032154174651550e-02 9.417762258934854469e-02
1.239084086995983158e+00 7.509054517685451180e-02 7.818506767643135236e-02
1.239084086995983158e+00 7.509054517685451180e-02 7.818506767643135236e-02
1.239084086995983158e+00 7.509054517685451180e-02 7.818506767643135236e-02
1.239084086995983158e+00 7.509054517685451180e-02 7.818506767643135236e-02
1.407185484123312680e+00 -6.457056212963130370e-02 7.710374637532636799e-02
7.939945476920924339e-01 -5.179360473811409765e-02 4.452481005152717636e-02
7.939945476920924339e-01 -5.179360473811409765e-02 4.452481005152717636e-02
7.939945476920924339e-01 -5.179360473811409765e-02 4.452481005152717636e-02
