2.489132485845457765e-01 1.481402749648903505e-01 4.972343185973054393e-03
2.412532395169876831e-01 9.574776270498575048e-02 2.254845106392628761e-03
4.626937791742835038e-01 9.983503021392267640e-03 6.686242750157052155e-03
3.794196199062856989e-01 6.566227855736601893e-02 6.153861256824343096e-03
3.794196199062856989e-01 6.566227855736601893e-02 6.153861256824343096e-03
6.636008455870807676e-01 -1.346946300187543133e-01 6.887145108156101161e-03
4.218152089528043325e-01 8.572185365367918086e-02 1.141291175164263656e-02
4.643856829817042953e-01 3.221658268824647564e-01 9.800207974947433565e-02
4.643856829817042953e-01 3.221658268824647564e-01 9.800207974947433565e-02
3.025018522243195229e-01 7.766748508797242101e-01 1.203258558075454010e-01
3.025018522243195229e-01 7.766748508797242101e-01 1.203258558075454010e-01
2.356213023593571598e-01 8.756602464817918596e-01 9.673307626478197530e-02
5.788425413764607397e-01 7.085551479152084609e-01 6.167760602724291219e-02
5.788425413764607397e-01 7.085551479152084609e-01 6.167760602724291219e-02
-1.550964005579125171e-02 9.987828888912114733e-01 1.071230551611449255e-01
2.018461465653879905e-01 5.805320052700178035e-01 1.190662606694600084e-01
6.305561088271747217e-01 6.903792188413864217e-01 5.317739697582540837e-02
5.577408242971819696e-01 6.053069833787715348e-01 1.154585253157769387e-01
8.541155408149614381e-01 3.593695369282872698e-01 1.154447225015407946e-01
8.629528811917303033e-01 2.796921101314456259e-01 1.357265209062099853e-01
8.629528811917303033e-01 2.796921101314456259e-01 1.357265209062099853e-01
7.828761590008093130e-01 4.327673439513454179e-01 1.112801140135154243e-01
7.828761590008093130e-01 4.327673439513454179e-01 1.112801140135154243e-01
7.828761590008093130e-01 4.327673439513454179e-01 1.112801140135154243e-01
7.828761590008093130e-01 4.327673439513454179e-01 1.112801140135154243e-01
6.264321500048745106e-01 2.881158280499118707e-01 1.330972241354179686e-01
6.264321500048745106e-01 2.881158280499118707e-01 1.330972241354179686e-01
6.264321500048745106e-01 2.881158280499118707e-01 1.330972241354179686e-01
6.104017579749996258e-01 9.008181680936991342e-02 4.465128408350535483e-02
9.356328835458597171e-01 1.667740846625180295e-01 1.352718499493097415e-01
9.356328835458597171e-01 1.667740846625180295e-01 1.352718499493097415e-01
9.356328835458597171e-01 1.667740846625180295e-01 1.352718499493097415e-01
1.016051651175948090e+00 1.489814438062695978e-01 1.254212164493624937e-01
1.572129600310883557e+00 -6.299628506895230129e-02 3.334634780786149832e-02
1.572129600310883557e+00 -6.299628506895230129e-02 3.334634780786149832e-02
1.572129600310883557e+00 -6.299628506895230129e-02 3.334634780786149832e-02
1.572129600310883557e+00 -6.299628506895230129e-02 3.334634780786149832e-02
1.382780910405228658e+00 6.622567371348195286e-02 4.651244863231717569e-02
1.000772227907118506e+00 3.097680029125743362e-01 8.367647904678331139e-02
1.000772227907118506e+00 3.097680029125743362e-01 8.367647904678331139e-02
1.000772227907118506e+00 3.097680029125743362e-01 8.367647904678331139e-02
7.768435426532213084e-01 -2.130563510262907245e-01 7.094227286564209686e-03
7.768435426532213084e-01 -2.130563510262907245e-01 7.094227286564209686e-03
7.768435426532213084e-01 -2.130563510262907245e-01 7.094227286564209686e-03
7.768435426532213084e-01 -2.130563510262907245e-01 7.094227286564209686e-03
2.472627828206508394e-01 -2.628047575555159110e-02 3.564182102162250171e-04
3.152517604951905472e-01 2.416558884970690935e-01 2.482568887061828086e-02
4.491280895167881759e-02 8.727379225992404344e-01 1.320791296597015607e-01
4.491280895167881759e-02 8.727379225992404344e-01 1.320791296597015607e-01
4.491280895167881759e-02 8.727379225992404344e-01 1.320791296597015607e-01
2.663789865826895475e-01 5.113545137722657064e-01 1.132450949402143692e-01
2.663789865826895475e-01 5.113545137722657064e-01 1.132450949402143692e-01
2.663789865826895475e-01 5.113545137722657064e-01 1.132450949402143692e-01
3.849353532355976881e-01 3.939355380134407225e-01 1.032235923810243539e-01
2.925253756386264059e-01 4.651971461853561252e-01 1.024205912063975987e-01
2.925253756386264059e-01 4.651971461853561252e-01 1.024205912063975987e-01
2.925253756386264059e-01 4.651971461853561252e-01 1.024205912063975987e-01
7.528803807690784833e-01 6.385243184982639653e-01 3.814143482258562645e-02
7.116340245017205302e-01 7.219188966076899305e-01 2.433935718141647803e-02
7.116340245017205302e-01 7.219188966076899305e-01 2.433935718141647803e-02
7.116340245017205302e-01 7.219188966076899305e-01 2.433935718141647803e-02
6.450425711040697063e-01 3.585867918126093845e-01 1.522418516375120545e-01
6.450425711040697063e-01 3.585867918126093845e-01 1.522418516375120545e-01
6.450425711040697063e-01 3.585867918126093845e-01 1.522418516375120545e-01
7.856332179813062533e-01 4.434975687720083548e-01 1.058524590280580935e-01
6.709158336912308673e-01 5.813507007207621147e-01 8.623196321189262326e-02
4.418878967278376257e-01 7.182806926244055257e-01 1.033398195552979321e-01
4.418878967278376257e-01 7.182806926244055257e-01 1.033398195552979321e-01
4.418878967278376257e-01 7.182806926244055257e-01 1.033398195552979321e-01
4.418878967278376257e-01 7.182806926244055257e-01 1.033398195552979321e-01
4.418878967278376257e-01 7.182806926244055257e-01 1.033398195552979321e-01
4.418878967278376257e-01 7.182806926244055257e-01 1.033398195552979321e-01
4.418878967278376257e-01 7.182806926244055257e-01 1.033398195552979321e-01
4.418878967278376257e-01 7.182806926244055257e-01 1.033398195552979321e-01
6.884466253138423752e-01 4.743391193608516021e-01 1.264427636825386503e-01
6.884466253138423752e-01 4.743391193608516021e-01 1.264427636825386503e-01
6.884466253138423752e-01 4.743391193608516021e-01 1.264427636825386503e-01
6.236079676562177321e-01 2.685034662605748079e-01 1.249666478137111680e-01
4.540090397860087057e-01 8.106803040178753861e-01 5.801470510605336722e-02
4.540090397860087057e-01 8.106803040178753861e-01 5.801470510605336722e-02
5.504362323226977827e-01 7.199448363152699537e-01 6.592239630175653065e-02
7.832978496858404860e-01 1.941207110388474266e-01 1.337003845836327587e-01
7.832978496858404860e-01 1.941207110388474266e-01 1.337003845836327587e-01
7.832978496858404860e-01 1.941207110388474266e-01 1.337003845836327587e-01
8.539921214373050740e-01 -1.343325525018762567e-02 6.935627673665897830e-02
8.539921214373050740e-01 -1.343325525018762567e-02 6.935627673665897830e-02
3.770358783981047068e-01 3.426595033246070399e-01 7.688075009229193568e-02
3.770358783981047068e-01 3.426595033246070399e-01 7.688075009229193568e-02
7.681990064790753525e-01 1.779019286820019419e-01 1.257675618058295697e-01
7.681990064790753525e-01 1.779019286820019419e-01 1.257675618058295697e-01
7.260748462284766225e-01 4.014201672574481128e-01 1.394225520566291232e-01
7.260748462284766225e-01 4.014201672574481128e-01 1.394225520566291232e-01
6.750528531036389390e-01 2.554818708888513812e-01 1.327767459410371664e-01
7.357888737529403311e-01 2.533643730962273910e-01 1.423377782517077361e-01
4.424747530890362768e-01 3.160157104591013733e-01 8.747132185601497190e-02
4.424747530890362768e-01 3.160157104591013733e-01 8.747132185601497190e-02
6.999294627734802265e-01 3.679244940544001419e-01 1.501301420338974901e-01
6.999294627734802265e-01 3.679244940544001419e-01 1.501301420338974901e-01
9.921412599687192690e-01 5.226547858048153916e-01 1.939068739354105411e-02
9.199195933763707478e-01 2.821656456667113178e-01 1.204655526710757679e-01
