2.489132485845457765e-01 1.481402749648903505e-01 1.942926417811476902e-01
2.489132485845457765e-01 1.481402749648903505e-01 1.942926417811476902e-01
4.552488379355746906e-01 1.725240989393996005e-01 2.678974868958813316e-01
4.552488379355746906e-01 1.725240989393996005e-01 2.678974868958813316e-01
4.552488379355746906e-01 1.725240989393996005e-01 2.678974868958813316e-01
4.552488379355746906e-01 1.725240989393996005e-01 2.678974868958813316e-01
4.552488379355746906e-01 1.725240989393996005e-01 2.678974868958813316e-01
4.552488379355746906e-01 1.725240989393996005e-01 2.678974868958813316e-01
4.552488379355746906e-01 1.725240989393996005e-01 2.678974868958813316e-01
4.552488379355746906e-01 1.725240989393996005e-01 2.678974868958813316e-01
3.398848044079878505e-01 6.041975244145207924e-01 2.577144594444927828e-01
3.398848044079878505e-01 6.041975244145207924e-01 2.577144594444927828e-01
3.398848044079878505e-01 6.041975244145207924e-01 2.577144594444927828e-01
3.398848044079878505e-01 6.041975244145207924e-01 2.577144594444927828e-01
1.513555357031030058e-01 7.572334204296189419e-01 3.451425017285606467e-01
1.513555357031030058e-01 7.572334204296189419e-01 3.451425017285606467e-01
1.513555357031030058e-01 7.572334204296189419e-01 3.451425017285606467e-01
1.348698475906985883e-01 5.013104398760624969e-01 2.793788883183643823e-01
1.348698475906985883e-01 5.013104398760624969e-01 2.793788883183643823e-01
1.348698475906985883e-01 5.013104398760624969e-01 2.793788883183643823e-01
5.698683675617435274e-01 -1.385876694666177134e-02 5.797877076321739098e-02
5.698683675617435274e-01 -1.385876694666177134e-02 5.797877076321739098e-02
5.698683675617435274e-01 -1.385876694666177134e-02 5.797877076321739098e-02
1.126809386898993126e-01 3.488357461984846197e-01 8.130811791611279593e-02
1.126809386898993126e-01 3.488357461984846197e-01 8.130811791611279593e-02
1.126809386898993126e-01 3.488357461984846197e-01 8.130811791611279593e-02
1.126809386898993126e-01 3.488357461984846197e-01 8.130811791611279593e-02
1.126809386898993126e-01 3.488357461984846197e-01 8.130811791611279593e-02
6.129964866273713842e-01 -5.492488406504059117e-02 2.630118236802718099e-02
6.898485669217935268e-01 -1.870487608789471456e-01 5.161425996269244053e-03
6.898485669217935268e-01 -1.870487608789471456e-01 5.161425996269244053e-03
6.898485669217935268e-01 -1.870487608789471456e-01 5.161425996269244053e-03
6.898485669217935268e-01 -1.870487608789471456e-01 5.161425996269244053e-03
7.470739413171085808e-01 -7.031628606922885050e-03 4.391159752794570876e-04
7.470739413171085808e-01 -7.031628606922885050e-03 4.391159752794570876e-04
7.470739413171085808e-01 -7.031628606922885050e-03 4.391159752794570876e-04
7.191820242637347871e-01 -2.216762212955226963e-01 2.500272445910711999e-03
3.664788707090636533e-01 4.991139288448539491e-01 3.229959518617791514e-01
3.664788707090636533e-01 4.991139288448539491e-01 3.229959518617791514e-01
4.165009308638816243e-01 1.190211471215079087e-01 3.479101521020279142e-01
3.044718366788729536e-01 1.339790003683815900e-01 3.150065211212026983e-01
3.044718366788729536e-01 1.339790003683815900e-01 3.150065211212026983e-01
3.044718366788729536e-01 1.339790003683815900e-01 3.150065211212026983e-01
3.044718366788729536e-01 1.339790003683815900e-01 3.150065211212026983e-01
3.044718366788729536e-01 1.339790003683815900e-01 3.150065211212026983e-01
3.044718366788729536e-01 1.339790003683815900e-01 3.150065211212026983e-01
3.044718366788729536e-01 1.339790003683815900e-01 3.150065211212026983e-01
3.044718366788729536e-01 1.339790003683815900e-01 3.150065211212026983e-01
3.044718366788729536e-01 1.339790003683815900e-01 3.150065211212026983e-01
3.044718366788729536e-01 1.339790003683815900e-01 3.150065211212026983e-01
3.044718366788729536e-01 1.339790003683815900e-01 3.150065211212026983e-01
3.044718366788729536e-01 1.339790003683815900e-01 3.150065211212026983e-01
3.044718366788729536e-01 1.339790003683815900e-01 3.150065211212026983e-01
3.044718366788729536e-01 1.339790003683815900e-01 3.150065211212026983e-01
3.044718366788729536e-01 1.339790003683815900e-01 3.150065211212026983e-01
3.044718366788729536e-01 1.339790003683815900e-01 3.150065211212026983e-01
3.044718366788729536e-01 1.339790003683815900e-01 3.150065211212026983e-01
3.044718366788729536e-01 1.339790003683815900e-01 3.150065211212026983e-01
1.782869782056727137e-01 4.942063152433032736e-01 4.480881089814520712e-01
1.782869782056727137e-01 4.942063152433032736e-01 4.480881089814520712e-01
1.782869782056727137e-01 4.942063152433032736e-01 4.480881089814520712e-01
1.782869782056727137e-01 4.942063152433032736e-01 4.480881089814520712e-01
1.782869782056727137e-01 4.942063152433032736e-01 4.480881089814520712e-01
1.332623619558039596e-01 4.796771613479873797e-01 2.520321595563347894e-01
1.332623619558039596e-01 4.796771613479873797e-01 2.520321595563347894e-01
1.332623619558039596e-01 4.796771613479873797e-01 2.520321595563347894e-01
2.794632426258204516e-01 3.612539010040801135e-01 6.266089113794196530e-01
2.794632426258204516e-01 3.612539010040801135e-01 6.266089113794196530e-01
2.794632426258204516e-01 3.612539010040801135e-01 6.266089113794196530e-01
2.794632426258204516e-01 3.612539010040801135e-01 6.266089113794196530e-01
2.794632426258204516e-01 3.612539010040801135e-01 6.266089113794196530e-01
2.794632426258204516e-01 3.612539010040801135e-01 6.266089113794196530e-01
2.794632426258204516e-01 3.612539010040801135e-01 6.266089113794196530e-01
2.794632426258204516e-01 3.612539010040801135e-01 6.266089113794196530e-01
2.794632426258204516e-01 3.612539010040801135e-01 6.266089113794196530e-01
3.427973078099824100e-01 1.593576980641788210e-01 4.273823235583913416e-01
3.427973078099824100e-01 1.593576980641788210e-01 4.273823235583913416e-01
3.427973078099824100e-01 1.593576980641788210e-01 4.273823235583913416e-01
3.427973078099824100e-01 1.593576980641788210e-01 4.273823235583913416e-01
3.427973078099824100e-01 1.593576980641788210e-01 4.273823235583913416e-01
3.427973078099824100e-01 1.593576980641788210e-01 4.273823235583913416e-01
3.427973078099824100e-01 1.593576980641788210e-01 4.273823235583913416e-01
3.427973078099824100e-01 1.593576980641788210e-01 4.273823235583913416e-01
3.427973078099824100e-01 1.593576980641788210e-01 4.273823235583913416e-01
3.427973078099824100e-01 1.593576980641788210e-01 4.273823235583913416e-01
3.427973078099824100e-01 1.593576980641788210e-01 4.273823235583913416e-01
3.999081214179834864e-01 4.243698002613986719e-02 2.835513755273429970e-01
3.999081214179834864e-01 4.243698002613986719e-02 2.835513755273429970e-01
3.999081214179834864e-01 4.243698002613986719e-02 2.835513755273429970e-01
5.901552068985550514e-01 -1.854758321184751257e-01 3.481264959072930681e-02
5.901552068985550514e-01 -1.854758321184751257e-01 3.481264959072930681e-02
5.901552068985550514e-01 -1.854758321184751257e-01 3.481264959072930681e-02
6.058845114351665284e-01 1.202763880780514660e-01 1.888808477169573799e-02
6.448791511016027656e-01 -6.444740856551139929e-03 1.126936915161052578e-02
6.448791511016027656e-01 -6.444740856551139929e-03 1.126936915161052578e-02
6.448791511016027656e-01 -6.444740856551139929e-03 1.126936915161052578e-02
6.448791511016027656e-01 -6.444740856551139929e-03 1.126936915161052578e-02
6.448791511016027656e-01 -6.444740856551139929e-03 1.126936915161052578e-02
2.823660203587496920e-01 6.507018535161226414e-01 3.676096204185266281e-01
2.823660203587496920e-01 6.507018535161226414e-01 3.676096204185266281e-01
