2.489132485845457765e-01 1.481402749648903505e-01 2.056148546240027797e-01
5.002399825456870230e-01 -6.346284153881923129e-02 1.329583316225906309e-01
5.002399825456870230e-01 -6.346284153881923129e-02 1.329583316225906309e-01
4.794586659019852148e-01 7.966502729380123271e-02 1.971540276974982353e-01
4.794586659019852148e-01 7.966502729380123271e-02 1.971540276974982353e-01
1.586328803966075007e-01 5.460829618155723653e-01 5.006943019512937187e-01
1.586328803966075007e-01 5.460829618155723653e-01 5.006943019512937187e-01
1.586328803966075007e-01 5.460829618155723653e-01 5.006943019512937187e-01
1.586328803966075007e-01 5.460829618155723653e-01 5.006943019512937187e-01
1.586328803966075007e-01 5.460829618155723653e-01 5.006943019512937187e-01
1.586328803966075007e-01 5.460829618155723653e-01 5.006943019512937187e-01
1.586328803966075007e-01 5.460829618155723653e-01 5.006943019512937187e-01
1.586328803966075007e-01 5.460829618155723653e-01 5.006943019512937187e-01
1.586328803966075007e-01 5.460829618155723653e-01 5.006943019512937187e-01
1.586328803966075007e-01 5.460829618155723653e-01 5.006943019512937187e-01
1.586328803966075007e-01 5.460829618155723653e-01 5.006943019512937187e-01
1.586328803966075007e-01 5.460829618155723653e-01 5.006943019512937187e-01
1.586328803966075007e-01 5.460829618155723653e-01 5.006943019512937187e-01
1.586328803966075007e-01 5.460829618155723653e-01 5.006943019512937187e-01
2.487412437201819704e-01 8.611844421480967515e-01 9.176284916059282426e-02
2.487412437201819704e-01 8.611844421480967515e-01 9.176284916059282426e-02
2.559724041811031192e-01 8.854023707207205884e-01 6.362598624887567944e-02
1.057736415740247737e-01 1.110511752891131243e+00 4.408066626340930577e-02
1.057736415740247737e-01 1.110511752891131243e+00 4.408066626340930577e-02
1.057736415740247737e-01 1.110511752891131243e+00 4.408066626340930577e-02
1.057736415740247737e-01 1.110511752891131243e+00 4.408066626340930577e-02
1.057736415740247737e-01 1.110511752891131243e+00 4.408066626340930577e-02
5.579992476844680693e-03 8.133640857989516970e-01 1.380462728087277213e-01
3.146464173656527974e-01 7.507451379398035751e-01 8.773837632938584485e-02
3.146464173656527974e-01 7.507451379398035751e-01 8.773837632938584485e-02
3.146464173656527974e-01 7.507451379398035751e-01 8.773837632938584485e-02
3.146464173656527974e-01 7.507451379398035751e-01 8.773837632938584485e-02
3.146464173656527974e-01 7.507451379398035751e-01 8.773837632938584485e-02
3.146464173656527974e-01 7.507451379398035751e-01 8.773837632938584485e-02
5.085866050556675511e-02 1.035064239695879351e+00 1.054110480816137507e-01
5.085866050556675511e-02 1.035064239695879351e+00 1.054110480816137507e-01
1.667048816474720752e-01 9.704056404741722153e-01 9.440760090833032192e-02
1.976110542564567807e-01 9.338765882390500650e-01 9.307264017908538356e-02
1.259273675069873255e-01 8.773569993894758667e-01 2.412114300101039499e-01
1.463604779537196476e-01 8.657983906219068881e-01 2.411899290856795719e-01
1.463604779537196476e-01 8.657983906219068881e-01 2.411899290856795719e-01
1.463604779537196476e-01 8.657983906219068881e-01 2.411899290856795719e-01
1.463604779537196476e-01 8.657983906219068881e-01 2.411899290856795719e-01
1.463604779537196476e-01 8.657983906219068881e-01 2.411899290856795719e-01
3.917694676780844598e-02 4.938161142759359690e-01 6.711368978108646355e-02
6.726170695139747913e-02 8.117233011227502626e-01 2.624748149290606070e-01
6.604361945100967191e-02 7.289543901675392679e-01 2.686210659711984472e-01
6.604361945100967191e-02 7.289543901675392679e-01 2.686210659711984472e-01
8.069354969455452831e-02 4.575899720419763228e-01 1.246503078665141262e-01
2.199944727382282250e-01 4.060507644408056227e-01 5.680377191870260578e-01
2.199944727382282250e-01 4.060507644408056227e-01 5.680377191870260578e-01
2.031275507312788331e-01 5.026333663752989844e-01 6.095207037294345653e-01
2.031275507312788331e-01 5.026333663752989844e-01 6.095207037294345653e-01
2.031275507312788331e-01 5.026333663752989844e-01 6.095207037294345653e-01
3.721892395971522216e-01 2.981696937744156561e-01 4.690419197180397681e-01
3.721892395971522216e-01 2.981696937744156561e-01 4.690419197180397681e-01
3.721892395971522216e-01 2.981696937744156561e-01 4.690419197180397681e-01
3.721892395971522216e-01 2.981696937744156561e-01 4.690419197180397681e-01
3.721892395971522216e-01 2.981696937744156561e-01 4.690419197180397681e-01
3.721892395971522216e-01 2.981696937744156561e-01 4.690419197180397681e-01
4.525251927916751904e-01 3.086287839668215294e-01 1.744744680828337891e-01
4.525251927916751904e-01 3.086287839668215294e-01 1.744744680828337891e-01
4.525251927916751904e-01 3.086287839668215294e-01 1.744744680828337891e-01
4.525251927916751904e-01 3.086287839668215294e-01 1.744744680828337891e-01
4.525251927916751904e-01 3.086287839668215294e-01 1.744744680828337891e-01
5.837272863020811497e-01 -1.675159243895713024e-02 4.589182881890116472e-02
5.837272863020811497e-01 -1.675159243895713024e-02 4.589182881890116472e-02
5.837272863020811497e-01 -1.675159243895713024e-02 4.589182881890116472e-02
5.837272863020811497e-01 -1.675159243895713024e-02 4.589182881890116472e-02
5.837272863020811497e-01 -1.675159243895713024e-02 4.589182881890116472e-02
5.837272863020811497e-01 -1.675159243895713024e-02 4.589182881890116472e-02
5.223612299621193111e-01 7.454308530659843612e-02 1.130946787482262766e-01
4.007278516001780977e-01 -4.827859695811161089e-02 1.755157537318682570e-01
4.007278516001780977e-01 -4.827859695811161089e-02 1.755157537318682570e-01
4.007278516001780977e-01 -4.827859695811161089e-02 1.755157537318682570e-01
4.007278516001780977e-01 -4.827859695811161089e-02 1.755157537318682570e-01
2.631043246409134895e-01 -7.261495607357226767e-02 2.884447618260133073e-02
2.631043246409134895e-01 -7.261495607357226767e-02 2.884447618260133073e-02
2.631043246409134895e-01 -7.261495607357226767e-02 2.884447618260133073e-02
4.359327367325974700e-01 -3.364880502226793024e-01 1.611279760965968200e-02
4.353449979464886765e-01 -3.965241469357380089e-01 7.473009944528260368e-03
4.353449979464886765e-01 -3.965241469357380089e-01 7.473009944528260368e-03
4.113010881939288543e-01 -1.897010943820592876e-02 2.123193138558148729e-01
4.113010881939288543e-01 -1.897010943820592876e-02 2.123193138558148729e-01
4.113010881939288543e-01 -1.897010943820592876e-02 2.123193138558148729e-01
2.252312215133671358e-01 3.265836163287336169e-01 4.545295659450548920e-01
2.252312215133671358e-01 3.265836163287336169e-01 4.545295659450548920e-01
2.252312215133671358e-01 3.265836163287336169e-01 4.545295659450548920e-01
4.678774744965097376e-01 -9.930853985262294570e-02 1.356904006102846449e-01
4.678774744965097376e-01 -9.930853985262294570e-02 1.356904006102846449e-01
3.791300871219137614e-01 8.830373827314660917e-02 3.385841237288799710e-01
3.791300871219137614e-01 8.830373827314660917e-02 3.385841237288799710e-01
3.791300871219137614e-01 8.830373827314660917e-02 3.385841237288799710e-01
3.791300871219137614e-01 8.830373827314660917e-02 3.385841237288799710e-01
3.791300871219137614e-01 8.830373827314660917e-02 3.385841237288799710e-01
3.791300871219137614e-01 8.830373827314660917e-02 3.385841237288799710e-01
3.791300871219137614e-01 8.830373827314660917e-02 3.385841237288799710e-01
1.078716571674883662e-01 5.724145318031566010e-01 3.272600545637021074e-01
1.445412636437679033e-01 6.926190367406881432e-01 4.606498329865669206e-01
1.445412636437679033e-01 6.926190367406881432e-01 4.606498329865669206e-01
