2.489132485845457765e-01 1.481402749648903505e-01 5.769399295079748538e-03
2.489132485845457765e-01 1.481402749648903505e-01 5.769399295079748538e-03
2.489132485845457765e-01 1.481402749648903505e-01 5.769399295079748538e-03
3.774433933015256537e-01 2.891595260126171851e-01 6.864814699612686866e-02
3.545822963099787839e-01 2.973257640482500630e-01 6.535919985657509534e-02
6.396135666233342398e-01 3.583922555496180107e-01 1.723564969282427306e-01
1.013767072915388701e+00 1.876881464275379774e-01 1.082788392799158561e-01
1.013767072915388701e+00 1.876881464275379774e-01 1.082788392799158561e-01
1.013767072915388701e+00 1.876881464275379774e-01 1.082788392799158561e-01
1.013767072915388701e+00 1.876881464275379774e-01 1.082788392799158561e-01
1.156481691198820272e+00 8.469238171249571234e-02 8.594656647234669156e-02
1.156481691198820272e+00 8.469238171249571234e-02 8.594656647234669156e-02
1.047156377854547404e+00 2.476953321593071689e-01 8.390419830541910595e-02
1.049991975835469660e+00 -5.997794450275595324e-03 8.537282820576658215e-02
1.098298196189058551e+00 2.829279295948372575e-01 5.602865799907685157e-02
1.098298196189058551e+00 2.829279295948372575e-01 5.602865799907685157e-02
1.098298196189058551e+00 2.829279295948372575e-01 5.602865799907685157e-02
1.098298196189058551e+00 2.829279295948372575e-01 5.602865799907685157e-02
1.117373130870373377e+00 1.892981999240203050e-01 7.752241712618757052e-02
8.148006490279954273e-01 8.860203189314846961e-02 8.997983223344671599e-02
8.148006490279954273e-01 8.860203189314846961e-02 8.997983223344671599e-02
9.328899016286367196e-01 4.094567203095364483e-01 6.638820343839324511e-02
9.328899016286367196e-01 4.094567203095364483e-01 6.638820343839324511e-02
9.328899016286367196e-01 4.094567203095364483e-01 6.638820343839324511e-02
9.858059639957943432e-01 3.119061988656406381e-01 8.436257673227248732e-02
7.956698128181641794e-01 3.874069314042731249e-01 1.305216043059997666e-01
7.956698128181641794e-01 3.874069314042731249e-01 1.305216043059997666e-01
8.298320702413770622e-01 2.602492889968377465e-02 6.467764370858695988e-02
4.421467515544038052e-01 1.885882733621561669e-01 4.073730729049562099e-02
1.358354738077965029e+00 3.002506346843386575e-02 4.791554431727375329e-02
1.358354738077965029e+00 3.002506346843386575e-02 4.791554431727375329e-02
1.218696863985158974e+00 -1.312396603186524180e-01 6.081280501793452642e-02
1.102733283279292209e+00 -1.879159479266414579e-01 3.508315776307528722e-02
8.569656362677979811e-01 2.084181698676680905e-01 1.362456395475175885e-01
8.569656362677979811e-01 2.084181698676680905e-01 1.362456395475175885e-01
8.569656362677979811e-01 2.084181698676680905e-01 1.362456395475175885e-01
8.569656362677979811e-01 2.084181698676680905e-01 1.362456395475175885e-01
7.364537795050419833e-01 3.056734899851636933e-01 1.587066880935794899e-01
7.364537795050419833e-01 3.056734899851636933e-01 1.587066880935794899e-01
9.500439455753942886e-01 2.581435103899613615e-01 1.136657387745736714e-01
9.500439455753942886e-01 2.581435103899613615e-01 1.136657387745736714e-01
9.500439455753942886e-01 2.581435103899613615e-01 1.136657387745736714e-01
9.809267718308266604e-01 6.041894687164203748e-02 1.011611721691490773e-01
9.809267718308266604e-01 6.041894687164203748e-02 1.011611721691490773e-01
1.470483638139139515e+00 -2.308651175856359650e-01 4.302784760304054906e-02
1.520694924543106508e+00 -2.959960292070717980e-01 3.553365850208824173e-02
1.130708435372566267e+00 -7.905177005018604319e-02 6.955532588974769337e-02
1.348256607892133641e+00 -1.880231579155564048e-01 5.171264375470222691e-02
1.348256607892133641e+00 -1.880231579155564048e-01 5.171264375470222691e-02
1.348256607892133641e+00 -1.880231579155564048e-01 5.171264375470222691e-02
1.348256607892133641e+00 -1.880231579155564048e-01 5.171264375470222691e-02
1.348256607892133641e+00 -1.880231579155564048e-01 5.171264375470222691e-02
1.263997515034181784e+00 -4.883322518442451132e-03 7.109655843482964865e-02
1.263997515034181784e+00 -4.883322518442451132e-03 7.109655843482964865e-02
8.602048651481517538e-01 -2.931089953154479844e-01 2.431751401085706539e-03
8.418374568158440985e-01 3.221209288837245666e-02 6.991791717546978757e-02
8.418374568158440985e-01 3.221209288837245666e-02 6.991791717546978757e-02
8.418374568158440985e-01 3.221209288837245666e-02 6.991791717546978757e-02
8.418374568158440985e-01 3.221209288837245666e-02 6.991791717546978757e-02
8.369911954775384189e-01 2.443753334243629061e-01 1.420847912007758562e-01
8.369911954775384189e-01 2.443753334243629061e-01 1.420847912007758562e-01
8.369911954775384189e-01 2.443753334243629061e-01 1.420847912007758562e-01
8.369911954775384189e-01 2.443753334243629061e-01 1.420847912007758562e-01
5.796317382120084183e-01 2.660369944993609126e-01 1.242254688925306244e-01
2.999657048256118008e-01 4.703256837171305715e-01 1.535719471083227261e-01
2.999657048256118008e-01 4.703256837171305715e-01 1.535719471083227261e-01
8.316532480372060276e-02 6.258992632931876798e-01 1.616100462962007656e-01
1.052034690387022298e-01 9.425498224542787629e-01 1.306743161381048457e-01
1.052034690387022298e-01 9.425498224542787629e-01 1.306743161381048457e-01
1.052034690387022298e-01 9.425498224542787629e-01 1.306743161381048457e-01
1.052034690387022298e-01 9.425498224542787629e-01 1.306743161381048457e-01
1.052034690387022298e-01 9.425498224542787629e-01 1.306743161381048457e-01
1.052034690387022298e-01 9.425498224542787629e-01 1.306743161381048457e-01
2.501709657670818654e-01 9.578904801675742764e-01 5.988766354117960183e-02
2.501709657670818654e-01 9.578904801675742764e-01 5.988766354117960183e-02
2.501709657670818654e-01 9.578904801675742764e-01 5.988766354117960183e-02
2.501709657670818654e-01 9.578904801675742764e-01 5.988766354117960183e-02
2.501709657670818654e-01 9.578904801675742764e-01 5.988766354117960183e-02
2.501709657670818654e-01 9.578904801675742764e-01 5.988766354117960183e-02
2.501709657670818654e-01 9.578904801675742764e-01 5.988766354117960183e-02
1.739599927072738583e-01 8.745543687316842396e-01 1.459347597667418894e-01
1.601597962333381475e-02 7.776504051671249140e-01 2.079811711777501126e-01
1.601597962333381475e-02 7.776504051671249140e-01 2.079811711777501126e-01
1.601597962333381475e-02 7.776504051671249140e-01 2.079811711777501126e-01
1.601597962333381475e-02 7.776504051671249140e-01 2.079811711777501126e-01
-2.349641241761496191e-01 8.518190872543383030e-01 1.473310683225949602e-01
-5.873303570936716511e-01 1.035182412198098589e+00 8.048880446863222737e-02
-5.873303570936716511e-01 1.035182412198098589e+00 8.048880446863222737e-02
-5.873303570936716511e-01 1.035182412198098589e+00 8.048880446863222737e-02
-7.035466958496712220e-01 1.326085418254277393e+00 1.085301460192986817e-01
-7.035466958496712220e-01 1.326085418254277393e+00 1.085301460192986817e-01
-7.035466958496712220e-01 1.326085418254277393e+00 1.085301460192986817e-01
-7.035466958496712220e-01 1.326085418254277393e+00 1.085301460192986817e-01
-7.035466958496712220e-01 1.326085418254277393e+00 1.085301460192986817e-01
-7.471170466527061738e-01 1.525888124822861958e+00 5.917758236521509368e-02
-8.605374650059932629e-01 1.631141865280874681e+00 4.090769275778174258e-02
-8.605374650059932629e-01 1.631141865280874681e+00 4.090769275778174258e-02
-8.605374650059932629e-01 1.631141865280874681e+00 4.090769275778174258e-02
-9.733172235979492548e-01 1.506260911037973438e+00 6.665982708105183674e-02
-9.733172235979492548e-01 1.506260911037973438e+00 6.665982708105183674e-02
