2.489132485845457765e-01 1.481402749648903505e-01 3.424353825057292657e-03
2.489132485845457765e-01 1.481402749648903505e-01 3.424353825057292657e-03
2.489132485845457765e-01 1.481402749648903505e-01 3.424353825057292657e-03
-4.097363627863226387e-02 3.456476054301660383e-01 3.601177622397516882e-03
2.551943734485293547e-01 3.969988295576475923e-01 4.591826354331585841e-02
2.551943734485293547e-01 3.969988295576475923e-01 4.591826354331585841e-02
7.224803600675325788e-01 2.703528026379115601e-01 9.677961051076598709e-02
7.224803600675325788e-01 2.703528026379115601e-01 9.677961051076598709e-02
9.965380672164968479e-01 1.970928241753406029e-01 9.181697549534661995e-02
9.965380672164968479e-01 1.970928241753406029e-01 9.181697549534661995e-02
9.760678321102219668e-01 2.488302260734343296e-01 9.222108435085327183e-02
9.760678321102219668e-01 2.488302260734343296e-01 9.222108435085327183e-02
9.760678321102219668e-01 2.488302260734343296e-01 9.222108435085327183e-02
1.047545771053653318e+00 2.892264878323533850e-01 7.312983633886666057e-02
1.144511592689898993e+00 2.705533749111000974e-01 5.648065267475468193e-02
8.678803850471824566e-01 3.468482426175142908e-01 9.779267596761115344e-02
9.151158031025796724e-01 3.180932154556437852e-01 9.386074069567214295e-02
4.713271362214573879e-01 4.783425992384521819e-01 1.193570390235424716e-01
1.249420375884401913e-01 6.667745476978748087e-01 1.143008708197467693e-01
1.249420375884401913e-01 6.667745476978748087e-01 1.143008708197467693e-01
9.864199077079927047e-02 5.712264157475287485e-01 7.180809899859062762e-02
-2.173872726570272307e-02 8.649291162985884851e-01 1.304591040133711022e-01
-3.117542226764155600e-02 7.700825749123645370e-01 1.118645739000690975e-01
4.319645464309961325e-01 3.071333065677957497e-01 5.354364239660183017e-02
4.319645464309961325e-01 3.071333065677957497e-01 5.354364239660183017e-02
4.319645464309961325e-01 3.071333065677957497e-01 5.354364239660183017e-02
2.195954709899273216e-01 6.369957875838757611e-01 1.233828176960814760e-01
1.344869794744002756e-01 7.021493276847319276e-01 1.254363001955161594e-01
-1.642038935226309559e-01 7.785455864197177167e-01 8.011646101342420612e-02
9.346187390148455454e-02 1.036896155556217280e+00 6.708464589684236257e-02
-1.232941237805674217e-01 8.931683395964853389e-01 1.233345437871904565e-01
-1.232941237805674217e-01 8.931683395964853389e-01 1.233345437871904565e-01
-1.601214864923145298e-01 1.074015285443877366e+00 1.095016781868901751e-01
-1.052037456835671486e-01 8.694063175719026759e-01 1.220542700263746588e-01
3.932876422558185259e-01 3.821210554658538983e-01 7.246056088514235549e-02
1.102095146508345058e-01 8.789584893605835170e-01 1.205044256935922375e-01
3.291684875147475875e-01 7.494046990717244672e-01 1.147588241348852928e-01
3.234637200692580539e-01 7.942397776889790206e-01 1.012560761355022487e-01
3.234637200692580539e-01 7.942397776889790206e-01 1.012560761355022487e-01
3.234637200692580539e-01 7.942397776889790206e-01 1.012560761355022487e-01
6.494348755075557422e-02 9.986319538328388701e-01 8.938560510866577768e-02
-3.229273877201609133e-02 6.851611276288802621e-01 8.096298497111839576e-02
-3.229273877201609133e-02 6.851611276288802621e-01 8.096298497111839576e-02
-3.229273877201609133e-02 6.851611276288802621e-01 8.096298497111839576e-02
-5.476119560164278699e-01 1.215296312370702569e+00 1.004681399956103005e-01
-3.519387929226062139e-01 1.166347607435005429e+00 1.079439030498883512e-01
-3.519387929226062139e-01 1.166347607435005429e+00 1.079439030498883512e-01
-3.519387929226062139e-01 1.166347607435005429e+00 1.079439030498883512e-01
-5.204288020441749651e-01 1.157474845529777641e+00 9.973102464956552782e-02
-5.204288020441749651e-01 1.157474845529777641e+00 9.973102464956552782e-02
-6.006190915334068681e-01 1.341951013741753629e+00 8.873402221098904141e-02
-4.161342904524096831e-01 1.584267864874317366e+00 9.759095659557209812e-03
-4.161342904524096831e-01 1.584267864874317366e+00 9.759095659557209812e-03
-4.161342904524096831e-01 1.584267864874317366e+00 9.759095659557209812e-03
-4.161342904524096831e-01 1.584267864874317366e+00 9.759095659557209812e-03
-1.028412531532462593e+00 1.854262306977293662e+00 1.875661856178429884e-02
-1.436676957489448681e+00 1.820349853552425845e+00 3.247665111808475946e-02
-1.610152979021482134e+00 1.920870547746136303e+00 2.354866092786382301e-02
-1.610152979021482134e+00 1.920870547746136303e+00 2.354866092786382301e-02
-1.089077734158676147e+00 1.848975465194225398e+00 2.377971522947920635e-02
-1.403047265604276728e+00 1.396253384305676803e+00 5.153635466717578807e-03
-1.403047265604276728e+00 1.396253384305676803e+00 5.153635466717578807e-03
-1.403047265604276728e+00 1.396253384305676803e+00 5.153635466717578807e-03
-1.272165455207548312e+00 1.332081893493621383e+00 7.894716410584989158e-03
-9.931983555891605864e-01 1.154179013376347207e+00 1.250666460315802593e-02
-9.931983555891605864e-01 1.154179013376347207e+00 1.250666460315802593e-02
-9.931983555891605864e-01 1.154179013376347207e+00 1.250666460315802593e-02
-9.093066152790048040e-01 1.501596146013755018e+00 6.931179419732957925e-02
-9.093066152790048040e-01 1.501596146013755018e+00 6.931179419732957925e-02
-9.074184182501813245e-01 1.267626185764648916e+00 4.439960547950600606e-02
-9.074184182501813245e-01 1.267626185764648916e+00 4.439960547950600606e-02
-9.074184182501813245e-01 1.267626185764648916e+00 4.439960547950600606e-02
-8.815266263357295351e-01 1.377058585727465978e+00 6.872937683183982793e-02
-8.815266263357295351e-01 1.377058585727465978e+00 6.872937683183982793e-02
-8.815266263357295351e-01 1.377058585727465978e+00 6.872937683183982793e-02
-1.036005618765297953e+00 1.098174868930914094e+00 5.124011549598108707e-03
-1.036005618765297953e+00 1.098174868930914094e+00 5.124011549598108707e-03
-1.036005618765297953e+00 1.098174868930914094e+00 5.124011549598108707e-03
-7.159806195116849015e-01 1.140422551876554946e+00 5.444572956608163122e-02
-1.066886297145578144e+00 1.493866145475456930e+00 5.393008880493849189e-02
-1.066886297145578144e+00 1.493866145475456930e+00 5.393008880493849189e-02
-1.066886297145578144e+00 1.493866145475456930e+00 5.393008880493849189e-02
-1.066886297145578144e+00 1.493866145475456930e+00 5.393008880493849189e-02
-1.160939182405835934e+00 1.675076978679856055e+00 4.942137037151408951e-02
-1.082603648977345845e+00 1.623173742295529243e+00 5.520310889956828171e-02
-8.645663829064687000e-01 1.539510931837750229e+00 6.495165309789298347e-02
-8.645663829064687000e-01 1.539510931837750229e+00 6.495165309789298347e-02
-8.437347052287522686e-01 1.327509035099420309e+00 6.834193816772821117e-02
-8.437347052287522686e-01 1.327509035099420309e+00 6.834193816772821117e-02
-8.254776480156690299e-01 1.257586088012020875e+00 5.871287699251558079e-02
-7.703294436950646196e-01 1.316157272851580462e+00 7.910110018477774230e-02
-7.703294436950646196e-01 1.316157272851580462e+00 7.910110018477774230e-02
-7.703294436950646196e-01 1.316157272851580462e+00 7.910110018477774230e-02
-5.811916571066360060e-01 1.399830056780164922e+00 7.366850100654855071e-02
-7.222373589418668027e-01 1.238140273780060419e+00 7.595329962450576844e-02
-7.222373589418668027e-01 1.238140273780060419e+00 7.595329962450576844e-02
-7.520248433049600001e-01 1.381958699146409231e+00 8.324602297481402402e-02
-7.520248433049600001e-01 1.381958699146409231e+00 8.324602297481402402e-02
-7.520248433049600001e-01 1.381958699146409231e+00 8.324602297481402402e-02
-9.147388332689404544e-01 1.176493738951350343e+00 2.493878896805564252e-02
