2.489132485845457765e-01 1.481402749648903505e-01 5.980451780889158367e-03
4.147030621986099175e-01 4.173908901077326428e-02 4.116267404850019671e-03
6.516014565864627350e-01 1.386553294749180987e-01 6.371510929763515851e-02
8.606343501470746782e-01 2.536617283066269213e-01 1.677492390884162965e-01
1.187549827491899856e+00 1.749755759175831427e-01 9.141673362058382046e-02
1.144595065368154030e+00 3.302643785458921899e-01 5.965006787642763292e-02
1.412805876359358281e+00 2.309831260430246225e-01 2.339201103893070663e-02
1.387076127141726012e+00 3.178348140129275690e-01 1.304500065122920181e-02
1.111876694754619699e+00 -1.260775983794391597e-01 2.453004376081593940e-02
8.746083904783450436e-01 1.399878432593694155e-01 1.140917715120763204e-01
8.746083904783450436e-01 1.399878432593694155e-01 1.140917715120763204e-01
8.096383951883009411e-01 2.328301699734391939e-01 1.608846768317302167e-01
8.713360623164061458e-01 2.162278609541118113e-01 1.543009111120160481e-01
8.713360623164061458e-01 2.162278609541118113e-01 1.543009111120160481e-01
8.713360623164061458e-01 2.162278609541118113e-01 1.543009111120160481e-01
8.713360623164061458e-01 2.162278609541118113e-01 1.543009111120160481e-01
8.755469446106813880e-01 3.626723045033953818e-01 1.553521824391476125e-01
1.147322113464827931e+00 2.361976415846144817e-01 9.101044718094492003e-02
1.170566596087390332e+00 -2.395198529200437410e-01 8.164876798995766849e-03
1.170566596087390332e+00 -2.395198529200437410e-01 8.164876798995766849e-03
1.450550684046167493e+00 -1.645634495169572831e-01 3.129681060007496324e-02
1.450550684046167493e+00 -1.645634495169572831e-01 3.129681060007496324e-02
1.390968640107652421e+00 -2.574139657718224616e-02 5.469702665971645089e-02
1.138286530407347730e+00 -1.323699572720328510e-01 2.501641578000106739e-02
1.138286530407347730e+00 -1.323699572720328510e-01 2.501641578000106739e-02
1.138286530407347730e+00 -1.323699572720328510e-01 2.501641578000106739e-02
1.329362875298892410e+00 -1.420534041595508112e-01 3.395351116495731736e-02
1.329362875298892410e+00 -1.420534041595508112e-01 3.395351116495731736e-02
1.162917434947450479e+00 3.060627381464756658e-01 6.260590090192162671e-02
9.315409142499789796e-01 4.126210918091500757e-01 1.047347641302023707e-01
9.315409142499789796e-01 4.126210918091500757e-01 1.047347641302023707e-01
5.059252292950008334e-01 2.933385574827173103e-01 1.343866871757501968e-01
5.114776509589872289e-01 6.773841036463990051e-01 1.260036156633870807e-01
5.114776509589872289e-01 6.773841036463990051e-01 1.260036156633870807e-01
4.976810116765136294e-01 3.892414913668825194e-01 2.134976959473384173e-01
4.976810116765136294e-01 3.892414913668825194e-01 2.134976959473384173e-01
4.941556378791977511e-01 3.445020478715962731e-01 1.758414820860950134e-01
3.708718092117335718e-01 5.607184356833424532e-01 2.657713057487378072e-01
1.582996960235235617e-01 6.815954204061460686e-01 2.657688589268181745e-01
1.582996960235235617e-01 6.815954204061460686e-01 2.657688589268181745e-01
1.582996960235235617e-01 6.815954204061460686e-01 2.657688589268181745e-01
-3.173043966886945899e-03 5.405668479583232156e-01 1.195960407711064571e-01
-1.677413421739906360e-02 5.640508815520424157e-01 1.327726847197660542e-01
-1.677413421739906360e-02 5.640508815520424157e-01 1.327726847197660542e-01
5.137875078954803887e-02 5.718972841638141347e-01 1.776161207475622228e-01
4.996506617860775323e-01 5.395739222220364839e-01 2.390838926279774679e-01
4.996506617860775323e-01 5.395739222220364839e-01 2.390838926279774679e-01
4.996506617860775323e-01 5.395739222220364839e-01 2.390838926279774679e-01
4.996506617860775323e-01 5.395739222220364839e-01 2.390838926279774679e-01
3.485454255145099545e-01 5.663232018221320274e-01 2.675877183563463158e-01
3.485454255145099545e-01 5.663232018221320274e-01 2.675877183563463158e-01
3.485454255145099545e-01 5.663232018221320274e-01 2.675877183563463158e-01
4.510305997186299098e-01 6.520725754568601484e-01 1.821377512134062238e-01
6.031810457449688911e-01 3.449039701681611003e-01 2.047012386361643788e-01
6.031810457449688911e-01 3.449039701681611003e-01 2.047012386361643788e-01
1.865849895765221977e-01 4.962052501134320837e-01 1.802313299612003927e-01
5.373516553355883740e-02 4.760989152472832053e-01 9.398672079020296832e-02
1.967749835248910617e-01 4.220747386365139020e-01 1.154533528849800983e-01
8.114270010239529318e-01 5.616195384592153061e-01 6.950984108262737993e-02
8.114270010239529318e-01 5.616195384592153061e-01 6.950984108262737993e-02
8.114270010239529318e-01 5.616195384592153061e-01 6.950984108262737993e-02
7.387575197108235958e-01 3.090046314168914954e-01 1.942707865679461909e-01
7.387575197108235958e-01 3.090046314168914954e-01 1.942707865679461909e-01
7.387575197108235958e-01 3.090046314168914954e-01 1.942707865679461909e-01
7.737825170290142385e-01 1.860542134542239878e-01 1.267471980813611176e-01
9.421424988951385693e-01 1.507330876907903572e-01 1.259428323409808592e-01
5.282402323919932474e-01 3.192431364756403989e-01 1.655490911048093650e-01
9.134990261979436532e-02 5.846925463626870823e-01 2.102180598826823010e-01
9.134990261979436532e-02 5.846925463626870823e-01 2.102180598826823010e-01
9.134990261979436532e-02 5.846925463626870823e-01 2.102180598826823010e-01
9.134990261979436532e-02 5.846925463626870823e-01 2.102180598826823010e-01
9.134990261979436532e-02 5.846925463626870823e-01 2.102180598826823010e-01
2.840181539984122649e-02 4.193640007998247765e-01 4.740185847104909367e-02
2.840181539984122649e-02 4.193640007998247765e-01 4.740185847104909367e-02
-5.782358171075314968e-03 3.178059278690908429e-01 9.958763007711859613e-03
-5.782358171075314968e-03 3.178059278690908429e-01 9.958763007711859613e-03
-5.782358171075314968e-03 3.178059278690908429e-01 9.958763007711859613e-03
-5.774989470844725803e-01 1.099308434688608171e+00 1.113214466598290570e-01
-6.401422337888302838e-01 7.927996834134648507e-01 2.550573754614319372e-02
-6.401422337888302838e-01 7.927996834134648507e-01 2.550573754614319372e-02
-6.401422337888302838e-01 7.927996834134648507e-01 2.550573754614319372e-02
-6.401422337888302838e-01 7.927996834134648507e-01 2.550573754614319372e-02
-6.588767613304911119e-01 8.506448259014315338e-01 3.784059898293352930e-02
-9.716825195369072077e-01 1.276108439035436026e+00 4.364998846455977327e-02
-9.716825195369072077e-01 1.276108439035436026e+00 4.364998846455977327e-02
-9.716825195369072077e-01 1.276108439035436026e+00 4.364998846455977327e-02
-9.716825195369072077e-01 1.276108439035436026e+00 4.364998846455977327e-02
-9.716825195369072077e-01 1.276108439035436026e+00 4.364998846455977327e-02
-9.716825195369072077e-01 1.276108439035436026e+00 4.364998846455977327e-02
-9.716825195369072077e-01 1.276108439035436026e+00 4.364998846455977327e-02
-9.716825195369072077e-01 1.276108439035436026e+00 4.364998846455977327e-02
-1.298173883531157813e+00 1.451036216785230204e+00 1.454986932154050082e-02
-1.298173883531157813e+00 1.451036216785230204e+00 1.454986932154050082e-02
-1.414785453191418352e+00 1.287786981459561719e+00 5.061089505060499018e-03
-1.414785453191418352e+00 1.287786981459561719e+00 5.061089505060499018e-03
-1.414785453191418352e+00 1.287786981459561719e+00 5.061089505060499018e-03
-1.414785453191418352e+00 1.287786981459561719e+00 5.061089505060499018e-03
-1.195150265305175541e+00 1.450580489201442669e+00 1.886540570032213537e-02
-1.195150265305175541e+00 1.450580489201442669e+00 1.886540570032213537e-02
-1.044895668540587907e+00 1.411749915618913498e+00 2.681773924431209502e-02
