2.489132485845457765e-01 1.481402749648903505e-01 3.385729240510155277e-03
2.489132485845457765e-01 1.481402749648903505e-01 3.385729240510155277e-03
2.489132485845457765e-01 1.481402749648903505e-01 3.385729240510155277e-03
2.489132485845457765e-01 1.481402749648903505e-01 3.385729240510155277e-03
2.179451609586253447e-01 2.266360745461920845e-01 8.224623880801947354e-03
8.282531155886166396e-02 3.984530194128357294e-01 2.756679373836891725e-02
3.520858317076990263e-01 3.761489360762835243e-01 7.647991375456476837e-02
7.236155956610157425e-01 2.956158934519081405e-01 1.120423221238118217e-01
2.880276403303256849e-01 6.324472445084885486e-01 1.933847578968733161e-01
-1.134721732553517493e-01 4.323853816738996159e-01 1.176599527224313213e-02
-1.134721732553517493e-01 4.323853816738996159e-01 1.176599527224313213e-02
7.014680170183815733e-01 7.674325077043075982e-01 3.296604620790254819e-02
7.014680170183815733e-01 7.674325077043075982e-01 3.296604620790254819e-02
6.196092625682865229e-01 6.436520986764866503e-01 1.115248453786795851e-01
2.193917353580172036e-01 4.705510885856750702e-01 9.400808442782285224e-02
-2.467424223268202543e-02 5.660487335598725078e-01 7.507242056397912811e-02
-2.467424223268202543e-02 5.660487335598725078e-01 7.507242056397912811e-02
-2.467424223268202543e-02 5.660487335598725078e-01 7.507242056397912811e-02
-2.467424223268202543e-02 5.660487335598725078e-01 7.507242056397912811e-02
5.910321405810306516e-02 1.016348113309688994e+00 1.038874772661362855e-01
4.006593213187533697e-01 6.140748842871561752e-01 1.854528564228718479e-01
3.220627578308985495e-01 8.167670249485516898e-01 1.301710722683728505e-01
2.130831456828390924e-01 9.371837352245782071e-01 9.705526229960544093e-02
2.130831456828390924e-01 9.371837352245782071e-01 9.705526229960544093e-02
2.130831456828390924e-01 9.371837352245782071e-01 9.705526229960544093e-02
3.665087557020163533e-01 5.363819621928875847e-01 1.700208195775309850e-01
5.104813325998589502e-01 8.258201683147783356e-01 5.744231290638942417e-02
6.629110168580493179e-01 7.061460193050725920e-01 6.603036724735257545e-02
6.741852610764629272e-01 4.920758521989569423e-01 1.477733839944823102e-01
7.823746357582719302e-01 4.427469081040591448e-01 1.308259363791069718e-01
7.823746357582719302e-01 4.427469081040591448e-01 1.308259363791069718e-01
7.823746357582719302e-01 4.427469081040591448e-01 1.308259363791069718e-01
8.608597916295528396e-01 4.411695124526585632e-01 1.106652823268736985e-01
8.608597916295528396e-01 4.411695124526585632e-01 1.106652823268736985e-01
7.879613547288231157e-01 6.627649044317280858e-01 4.857665418997222928e-02
6.442555193179043682e-01 5.865141389861134869e-01 1.288527705118667488e-01
3.052107520335695656e-01 5.421799133133592408e-01 1.620315708122133103e-01
3.052107520335695656e-01 5.421799133133592408e-01 1.620315708122133103e-01
3.052107520335695656e-01 5.421799133133592408e-01 1.620315708122133103e-01
3.052107520335695656e-01 5.421799133133592408e-01 1.620315708122133103e-01
3.052107520335695656e-01 5.421799133133592408e-01 1.620315708122133103e-01
3.052107520335695656e-01 5.421799133133592408e-01 1.620315708122133103e-01
3.052107520335695656e-01 5.421799133133592408e-01 1.620315708122133103e-01
3.052107520335695656e-01 5.421799133133592408e-01 1.620315708122133103e-01
3.775864083428898677e-01 5.370283000088069691e-01 1.716845218994694222e-01
3.775864083428898677e-01 5.370283000088069691e-01 1.716845218994694222e-01
3.775864083428898677e-01 5.370283000088069691e-01 1.716845218994694222e-01
6.079531788140788429e-01 4.862280006938246024e-01 1.597713074753214502e-01
4.998331671329623860e-01 3.821328144888159750e-01 1.168537467792031270e-01
4.998331671329623860e-01 3.821328144888159750e-01 1.168537467792031270e-01
4.998331671329623860e-01 3.821328144888159750e-01 1.168537467792031270e-01
5.510925382713223186e-01 4.458189644447334565e-01 1.541335006079506686e-01
5.510925382713223186e-01 4.458189644447334565e-01 1.541335006079506686e-01
7.186615679396097800e-01 4.666140256168156975e-01 1.416441663845187937e-01
7.186615679396097800e-01 4.666140256168156975e-01 1.416441663845187937e-01
7.186615679396097800e-01 4.666140256168156975e-01 1.416441663845187937e-01
7.186615679396097800e-01 4.666140256168156975e-01 1.416441663845187937e-01
7.803551284219808482e-01 5.968771324438788550e-01 7.751480126469230403e-02
1.289683983289793279e+00 2.813149404603647041e-01 4.512235237488776418e-02
1.273277546802514815e+00 2.761677426528685864e-01 4.938147230210223476e-02
8.997309956834198541e-01 6.831694365384404222e-01 2.100253454628554090e-02
4.846286871099955151e-01 8.546616914151692335e-01 5.198293639721888321e-02
1.727636845954610978e-01 7.181541441694558880e-01 2.044939145365459177e-01
1.727636845954610978e-01 7.181541441694558880e-01 2.044939145365459177e-01
2.710000300280552832e-01 8.314412103786052999e-01 1.414063703301678687e-01
2.969415500489395177e-01 8.869151080638100204e-01 9.657841431247783659e-02
2.969415500489395177e-01 8.869151080638100204e-01 9.657841431247783659e-02
2.969415500489395177e-01 8.869151080638100204e-01 9.657841431247783659e-02
2.969415500489395177e-01 8.869151080638100204e-01 9.657841431247783659e-02
2.969415500489395177e-01 8.869151080638100204e-01 9.657841431247783659e-02
2.969415500489395177e-01 8.869151080638100204e-01 9.657841431247783659e-02
2.969415500489395177e-01 8.869151080638100204e-01 9.657841431247783659e-02
2.969415500489395177e-01 8.869151080638100204e-01 9.657841431247783659e-02
2.969415500489395177e-01 8.869151080638100204e-01 9.657841431247783659e-02
2.969415500489395177e-01 8.869151080638100204e-01 9.657841431247783659e-02
2.969415500489395177e-01 8.869151080638100204e-01 9.657841431247783659e-02
-1.512714463871800419e-02 8.272469569280339607e-01 2.108962147658152708e-01
-1.872616295886236071e-01 9.291962327016328738e-01 2.079580968328589297e-01
-1.872616295886236071e-01 9.291962327016328738e-01 2.079580968328589297e-01
-1.872616295886236071e-01 9.291962327016328738e-01 2.079580968328589297e-01
-1.872616295886236071e-01 9.291962327016328738e-01 2.079580968328589297e-01
-1.891693863708849566e-01 9.728205413629819054e-01 2.021381066639069135e-01
-3.458135158444065049e-01 1.107144672683829434e+00 1.754354967962718503e-01
-3.458135158444065049e-01 1.107144672683829434e+00 1.754354967962718503e-01
2.690446916796142562e-01 4.634541166543452162e-01 1.046169818947502023e-01
3.616637950819044933e-01 7.471628908168872485e-01 1.548533055374836931e-01
3.616637950819044933e-01 7.471628908168872485e-01 1.548533055374836931e-01
3.616637950819044933e-01 7.471628908168872485e-01 1.548533055374836931e-01
4.795563649664533190e-01 4.768092766836566909e-01 1.594971699542841737e-01
9.543809426861733503e-01 3.281686709056590989e-01 1.085243399609399639e-01
4.483569793995975106e-01 5.914167266866539041e-01 1.799005601732992787e-01
2.206332973801605202e-01 5.821030584661104346e-01 1.641289481701368180e-01
2.206332973801605202e-01 5.821030584661104346e-01 1.641289481701368180e-01
4.104974225593710502e-01 4.541198891055334697e-01 1.371648109383726277e-01
7.104937868141967261e-01 4.994693425981636681e-01 1.373011270232167014e-01
8.362788715120238470e-01 4.045114830688202323e-01 1.243769945572680558e-01
8.362788715120238470e-01 4.045114830688202323e-01 1.243769945572680558e-01
8.362788715120238470e-01 4.045114830688202323e-01 1.243769945572680558e-01
5.456985129378781885e-01 5.976678506008885616e-01 1.565130317017542627e-01
4.387384230858470402e-01 7.528343043486525055e-01 1.220271047488357824e-01
