2.489132485845457765e-01 1.481402749648903505e-01 2.189169185794002936e-03
-9.597479451858942356e-02 6.210430260016779336e-01 2.391070656815409007e-02
-1.994644481397170044e-01 7.055616137942132271e-01 2.594249790524352436e-02
-3.788976991074541889e-01 1.309524199551271195e+00 3.785422261860524329e-02
-1.982581304856068094e-01 1.202293084090672259e+00 4.063689953449462627e-02
-1.982581304856068094e-01 1.202293084090672259e+00 4.063689953449462627e-02
-1.982581304856068094e-01 1.202293084090672259e+00 4.063689953449462627e-02
-1.982581304856068094e-01 1.202293084090672259e+00 4.063689953449462627e-02
-1.649677218265152012e-01 9.536582844139485093e-01 6.673020307158072928e-02
-1.649677218265152012e-01 9.536582844139485093e-01 6.673020307158072928e-02
-5.472407051504226683e-01 1.138191496730662333e+00 4.958983841250351465e-02
-5.261228679237768269e-01 1.017754369137295445e+00 3.698351667080365668e-02
-5.261228679237768269e-01 1.017754369137295445e+00 3.698351667080365668e-02
-5.261228679237768269e-01 1.017754369137295445e+00 3.698351667080365668e-02
-8.628308111108746736e-01 1.459431816679945371e+00 3.883154022684927320e-02
-8.618320720299326165e-01 1.671812414407902736e+00 1.882226635574214824e-02
-8.344838425613443356e-01 1.645156004264498595e+00 2.041542273316624204e-02
-8.344838425613443356e-01 1.645156004264498595e+00 2.041542273316624204e-02
-8.344838425613443356e-01 1.645156004264498595e+00 2.041542273316624204e-02
-8.344838425613443356e-01 1.645156004264498595e+00 2.041542273316624204e-02
-8.344838425613443356e-01 1.645156004264498595e+00 2.041542273316624204e-02
-8.344838425613443356e-01 1.645156004264498595e+00 2.041542273316624204e-02
-9.258572901505350838e-01 1.773752892710246165e+00 1.181487109857034222e-02
-3.447682154253972620e-01 1.016461757517644449e+00 5.761648448873954442e-02
-5.202683068951372558e-01 1.279229780575809938e+00 5.007926334111093697e-02
-5.202683068951372558e-01 1.279229780575809938e+00 5.007926334111093697e-02
-6.441163041159667646e-01 1.341709022939718610e+00 4.652833773632494840e-02
-9.392105044457025320e-01 1.609186860317160184e+00 2.874568318012882262e-02
-9.392105044457025320e-01 1.609186860317160184e+00 2.874568318012882262e-02
-1.062772413485879364e+00 1.432981089981619105e+00 2.804037746869207301e-02
-6.388543336176933929e-01 8.516577845018463711e-01 6.842481862076395596e-03
-7.536181228998908299e-01 1.451964967400531714e+00 3.893097943528352894e-02
-7.536181228998908299e-01 1.451964967400531714e+00 3.893097943528352894e-02
-7.536181228998908299e-01 1.451964967400531714e+00 3.893097943528352894e-02
-4.792924130440369135e-01 1.544028401996087041e+00 1.181278972295009277e-02
-4.792924130440369135e-01 1.544028401996087041e+00 1.181278972295009277e-02
-4.792924130440369135e-01 1.544028401996087041e+00 1.181278972295009277e-02
-4.792924130440369135e-01 1.544028401996087041e+00 1.181278972295009277e-02
-4.792924130440369135e-01 1.544028401996087041e+00 1.181278972295009277e-02
-3.781409081105767123e-01 1.320568380855788426e+00 3.590681843456006855e-02
-3.781409081105767123e-01 1.320568380855788426e+00 3.590681843456006855e-02
-3.781409081105767123e-01 1.320568380855788426e+00 3.590681843456006855e-02
-6.428589235209292152e-01 1.295116385856956986e+00 4.869572253547491125e-02
-6.428589235209292152e-01 1.295116385856956986e+00 4.869572253547491125e-02
-6.428589235209292152e-01 1.295116385856956986e+00 4.869572253547491125e-02
-6.428589235209292152e-01 1.295116385856956986e+00 4.869572253547491125e-02
-3.123762828528571234e-01 9.152678996354208785e-01 4.815501009223281670e-02
-1.079480973429076951e-01 8.193523080515655588e-01 5.888851824955716741e-02
-1.789393925260758800e-01 7.264973637199112488e-01 3.218706577348168923e-02
3.110275915314214545e-01 6.136444072001410177e-01 7.326446609375406038e-02
6.584973984681585790e-01 4.019800540400302880e-01 7.224786387008119704e-02
1.091364740531788335e+00 3.113767047296594481e-01 5.195189888851252380e-02
1.369756416705235402e+00 2.461808452113817269e-01 2.717934648936440323e-02
1.369756416705235402e+00 2.461808452113817269e-01 2.717934648936440323e-02
1.167600043843804114e+00 -6.873768969222526781e-02 3.839530644121211950e-02
1.234244734140179878e+00 2.023544722268930118e-01 5.004530035347064948e-02
1.187339371652311959e+00 4.071266221352514147e-01 2.362390398147793530e-02
1.225026483308629066e+00 3.973992541256965438e-03 5.278331327718600169e-02
1.225026483308629066e+00 3.973992541256965438e-03 5.278331327718600169e-02
1.225026483308629066e+00 3.973992541256965438e-03 5.278331327718600169e-02
1.469059431519176506e+00 8.556774725077559429e-02 3.814211542548101574e-02
1.454562440557037206e+00 -2.773759319703131832e-01 2.720406458138965519e-02
1.454562440557037206e+00 -2.773759319703131832e-01 2.720406458138965519e-02
1.434437147444098004e+00 1.925289834390655486e-01 2.757973471878867253e-02
1.334116575473799804e+00 -1.425119947282835198e-02 5.262379599694032989e-02
1.401628420898767269e+00 1.490369142139687797e-01 3.756842889742263020e-02
1.199524386663394004e+00 1.751198468070380154e-01 5.639163446662767698e-02
1.199524386663394004e+00 1.751198468070380154e-01 5.639163446662767698e-02
1.199524386663394004e+00 1.751198468070380154e-01 5.639163446662767698e-02
1.199524386663394004e+00 1.751198468070380154e-01 5.639163446662767698e-02
1.189035478628589715e+00 7.536978514500684845e-02 5.815171368208022634e-02
1.189035478628589715e+00 7.536978514500684845e-02 5.815171368208022634e-02
1.189035478628589715e+00 7.536978514500684845e-02 5.815171368208022634e-02
1.189035478628589715e+00 7.536978514500684845e-02 5.815171368208022634e-02
1.189035478628589715e+00 7.536978514500684845e-02 5.815171368208022634e-02
6.369543263614678708e-01 6.079069600904284387e-01 5.984971821859955132e-02
6.771690236590428569e-01 3.080147223250077060e-01 6.074630367443573098e-02
9.475076153843724480e-01 5.988442388547413064e-02 4.119908975497758169e-02
5.704180747303130294e-01 2.851889992521857708e-01 4.323757417886783805e-02
4.365643452561809301e-01 4.400071001331912757e-01 5.876444435002577821e-02
4.365643452561809301e-01 4.400071001331912757e-01 5.876444435002577821e-02
4.591296782838482637e-01 5.284930181303256758e-01 7.416767909576689466e-02
4.591296782838482637e-01 5.284930181303256758e-01 7.416767909576689466e-02
4.591296782838482637e-01 5.284930181303256758e-01 7.416767909576689466e-02
4.591296782838482637e-01 5.284930181303256758e-01 7.416767909576689466e-02
9.029081489949162265e-01 6.163721026988308038e-01 2.243595281663633700e-02
9.029081489949162265e-01 6.163721026988308038e-01 2.243595281663633700e-02
9.824082845526197483e-01 6.163089929996991012e-01 1.477424749314968158e-02
6.396369853024008734e-01 3.738767189916972766e-01 6.805243714631613317e-02
6.945215822249750648e-01 3.545100952975596131e-01 6.919464396940315509e-02
4.471478298764799408e-01 3.437076922584587635e-01 3.953149387523590547e-02
4.471478298764799408e-01 3.437076922584587635e-01 3.953149387523590547e-02
1.250675598294326285e-01 4.914959429889110831e-01 2.742914135089083091e-02
1.250675598294326285e-01 4.914959429889110831e-01 2.742914135089083091e-02
-1.382662464738373398e-01 7.903462361562508809e-01 4.992477979690778528e-02
-9.510094788984915781e-02 7.340729111338514246e-01 4.524372159220247519e-02
-9.510094788984915781e-02 7.340729111338514246e-01 4.524372159220247519e-02
2.721123126748968835e-01 8.082111307937513978e-01 6.612380144620716438e-02
1.561897590306324524e-01 9.169386584989529521e-01 5.864025331723521361e-02
-1.012747391320610035e-01 1.283299365020185157e+00 1.749277054051667432e-02
