2.489132485845457765e-01 1.481402749648903505e-01 2.650280293724208668e-03
2.489132485845457765e-01 1.481402749648903505e-01 2.650280293724208668e-03
2.489132485845457765e-01 1.481402749648903505e-01 2.650280293724208668e-03
7.106587552153911247e-01 5.640794431985117485e-02 1.789375132749032246e-02
9.427935598039020038e-01 2.592185793220211365e-01 8.364526642308783844e-02
9.427935598039020038e-01 2.592185793220211365e-01 8.364526642308783844e-02
1.315406819724435739e+00 3.683300800636994388e-01 1.956149130191181876e-02
1.443931106637461159e+00 4.385272424015768111e-02 4.673733114054767768e-02
1.267528389497389441e+00 3.574092471583625308e-01 2.708862154625648125e-02
1.371578896741754372e+00 3.361182827011492957e-01 1.801080724366325644e-02
1.218152113817858151e+00 1.574716104635863478e-01 6.344612878961539137e-02
1.218152113817858151e+00 1.574716104635863478e-01 6.344612878961539137e-02
1.399275542538636952e+00 -6.722328564843640941e-02 4.645548223154023076e-02
1.251158068637644449e+00 6.603256940770929617e-02 6.013088400261789451e-02
1.251158068637644449e+00 6.603256940770929617e-02 6.013088400261789451e-02
1.002812989223705209e+00 1.287605770820111628e-01 6.529942157722813667e-02
1.002812989223705209e+00 1.287605770820111628e-01 6.529942157722813667e-02
1.002812989223705209e+00 1.287605770820111628e-01 6.529942157722813667e-02
1.002812989223705209e+00 1.287605770820111628e-01 6.529942157722813667e-02
9.481135648417736705e-01 1.788062610495527727e-01 7.231436260190970966e-02
9.481135648417736705e-01 1.788062610495527727e-01 7.231436260190970966e-02
9.481135648417736705e-01 1.788062610495527727e-01 7.231436260190970966e-02
9.481135648417736705e-01 1.788062610495527727e-01 7.231436260190970966e-02
9.481135648417736705e-01 1.788062610495527727e-01 7.231436260190970966e-02
8.916732739961472642e-01 2.043958255127098500e-01 7.420987023478016475e-02
8.269997009475674732e-01 6.027675305758928292e-01 4.718788749296059376e-02
8.269997009475674732e-01 6.027675305758928292e-01 4.718788749296059376e-02
8.269997009475674732e-01 6.027675305758928292e-01 4.718788749296059376e-02
8.269997009475674732e-01 6.027675305758928292e-01 4.718788749296059376e-02
7.874342203085745728e-01 2.273583601361055528e-01 7.040180261871868683e-02
7.874342203085745728e-01 2.273583601361055528e-01 7.040180261871868683e-02
6.801692275599646731e-01 4.122841288624795597e-01 1.021661227205372807e-01
9.924956159097301223e-01 4.411032206687709456e-02 4.468406068588916258e-02
9.924956159097301223e-01 4.411032206687709456e-02 4.468406068588916258e-02
1.147981723793948028e+00 -5.352305130875346928e-02 3.725628652942748059e-02
1.062894114976682847e+00 2.421991637230913597e-01 7.545009125787247029e-02
1.062894114976682847e+00 2.421991637230913597e-01 7.545009125787247029e-02
1.062894114976682847e+00 2.421991637230913597e-01 7.545009125787247029e-02
1.062894114976682847e+00 2.421991637230913597e-01 7.545009125787247029e-02
6.783380202853543928e-01 1.312138487115727670e-01 2.933113820428189314e-02
7.997045716438374585e-01 1.505796271236150285e-01 5.008597766525621497e-02
7.997045716438374585e-01 1.505796271236150285e-01 5.008597766525621497e-02
3.948232771417180542e-01 5.870987189657371763e-01 1.189798886964675007e-01
3.948232771417180542e-01 5.870987189657371763e-01 1.189798886964675007e-01
3.760101109091353311e-01 4.590560820582219037e-01 8.334284627666030398e-02
3.760101109091353311e-01 4.590560820582219037e-01 8.334284627666030398e-02
3.760101109091353311e-01 4.590560820582219037e-01 8.334284627666030398e-02
3.760101109091353311e-01 4.590560820582219037e-01 8.334284627666030398e-02
3.760101109091353311e-01 4.590560820582219037e-01 8.334284627666030398e-02
5.852227582125486549e-01 3.331200578653250588e-01 7.544975740612916426e-02
4.506182965287039988e-01 4.691650497673784392e-01 9.870217889227396457e-02
9.330713190221245901e-01 4.170568869366683140e-01 7.288112251533503116e-02
9.330713190221245901e-01 4.170568869366683140e-01 7.288112251533503116e-02
9.330713190221245901e-01 4.170568869366683140e-01 7.288112251533503116e-02
9.330713190221245901e-01 4.170568869366683140e-01 7.288112251533503116e-02
9.330713190221245901e-01 4.170568869366683140e-01 7.288112251533503116e-02
8.848501823906991248e-01 4.856103726626203043e-01 6.671019734152999758e-02
6.388022010367546688e-01 4.598760048698151692e-01 1.066236728809300816e-01
6.388022010367546688e-01 4.598760048698151692e-01 1.066236728809300816e-01
6.388022010367546688e-01 4.598760048698151692e-01 1.066236728809300816e-01
7.488688636135261145e-01 4.024581953492715192e-01 9.935300564356364106e-02
7.488688636135261145e-01 4.024581953492715192e-01 9.935300564356364106e-02
6.626099263876735757e-01 3.512371019825287766e-01 9.040525423148568218e-02
8.445584427250706350e-01 2.687860606410953923e-01 8.453679383376387635e-02
8.445584427250706350e-01 2.687860606410953923e-01 8.453679383376387635e-02
8.445584427250706350e-01 2.687860606410953923e-01 8.453679383376387635e-02
8.445584427250706350e-01 2.687860606410953923e-01 8.453679383376387635e-02
8.445584427250706350e-01 2.687860606410953923e-01 8.453679383376387635e-02
7.295632312142069642e-01 1.762489911174392465e-01 4.792411070432498615e-02
7.295632312142069642e-01 1.762489911174392465e-01 4.792411070432498615e-02
6.042132022281966330e-01 4.125861493619474296e-01 9.984152083417201229e-02
6.042132022281966330e-01 4.125861493619474296e-01 9.984152083417201229e-02
6.932548632750197282e-01 5.612266422555398648e-01 8.782604208469327323e-02
8.649967748669882273e-01 2.816108648118337277e-01 8.693352989253110008e-02
6.181468164617166527e-01 5.788215495809465594e-01 9.860499368293500211e-02
5.079743027692686930e-01 7.006071267311408945e-02 6.471852919795271358e-03
6.952981809378129263e-01 7.241368902741809888e-02 1.923463479260633865e-02
6.369637402988761465e-01 1.376506994892774116e-01 2.594962914851588198e-02
7.402466307916746313e-01 3.743134569007664503e-01 9.786578816225210975e-02
3.271166335228847810e-01 5.605727475356775402e-01 1.085268186219411207e-01
5.153854960344403935e-01 7.431578319264322552e-01 7.364361611992223389e-02
2.512191363805193478e-01 7.399887571265346686e-01 1.254609818135873911e-01
2.512191363805193478e-01 7.399887571265346686e-01 1.254609818135873911e-01
2.512191363805193478e-01 7.399887571265346686e-01 1.254609818135873911e-01
4.867763631312334582e-01 5.662545930625979551e-01 1.163063172706035042e-01
2.613761333974331524e-01 8.987035157592434542e-01 8.002993909699908370e-02
2.613761333974331524e-01 8.987035157592434542e-01 8.002993909699908370e-02
2.613761333974331524e-01 8.987035157592434542e-01 8.002993909699908370e-02
2.535925999013620147e-01 8.760380454060471278e-01 9.040148957436205945e-02
3.621037960195145899e-01 8.235043784231880215e-01 8.291232137939605340e-02
1.688433970532217943e-01 7.921696315677367872e-01 1.274613956274046334e-01
1.688433970532217943e-01 7.921696315677367872e-01 1.274613956274046334e-01
1.688433970532217943e-01 7.921696315677367872e-01 1.274613956274046334e-01
1.887392289749697250e-01 9.127490306068313242e-01 9.256889897180077542e-02
2.797410126200121083e-01 8.888190473489256949e-01 7.920037723576474342e-02
4.575557815619161195e-01 7.522515467237955722e-01 8.457848455412902977e-02
1.555447448105477526e-01 9.485235403784031405e-01 8.714735552303876087e-02
1.161846377956582688e-01 7.580118790480123714e-01 1.282824477755249160e-01
7.938728903581346308e-02 8.108021150409617794e-01 1.306089318740289440e-01
2.108275977544994684e-01 7.536482227883884999e-01 1.274432130088263282e-01
