2.489132485845457765e-01 1.481402749648903505e-01 1.816406787204301754e-03
2.489132485845457765e-01 1.481402749648903505e-01 1.816406787204301754e-03
3.781783860927476759e-01 2.153003259510934408e-01 8.742394159496489486e-03
3.781783860927476759e-01 2.153003259510934408e-01 8.742394159496489486e-03
2.554271551339201141e-01 2.507864465476517535e-01 5.481250028391230350e-03
4.765551872021746016e-01 4.275518881545510297e-01 4.053223961372368067e-02
6.132456384713761421e-01 6.406809232899459694e-01 3.493657493933486485e-02
7.092357172391773323e-01 8.495844945825283823e-01 5.862940498989212441e-03
3.939275800975264863e-01 4.505434657831989265e-01 3.551195237972782498e-02
2.411627609370081693e-01 4.183888672445805201e-01 1.780888889136112568e-02
7.456305212036562491e-02 5.552060562420160217e-01 1.822106546587452802e-02
6.049978171218064471e-01 4.973218049712045952e-01 4.910611801516170938e-02
6.049978171218064471e-01 4.973218049712045952e-01 4.910611801516170938e-02
6.049978171218064471e-01 4.973218049712045952e-01 4.910611801516170938e-02
6.049978171218064471e-01 4.973218049712045952e-01 4.910611801516170938e-02
6.890888878237781956e-01 2.802065928463096656e-01 4.342981381149758208e-02
5.953842045353437973e-01 6.780702887956981950e-01 3.115545053783433382e-02
2.423496471669555063e-01 7.366696693441059374e-01 3.956891144788375614e-02
2.423496471669555063e-01 7.366696693441059374e-01 3.956891144788375614e-02
2.814096180538843694e-01 7.922911911377459315e-01 3.549378732535630326e-02
7.501326116148321344e-02 9.823839223309122071e-01 2.517178062465325050e-02
1.868767013702424262e-02 1.271524278338309388e+00 4.766396106614649401e-03
2.244965929606071164e-01 1.091286944490144739e+00 8.492510852146747252e-03
2.244965929606071164e-01 1.091286944490144739e+00 8.492510852146747252e-03
2.244965929606071164e-01 1.091286944490144739e+00 8.492510852146747252e-03
1.030737128394587643e-01 1.284418029823578111e+00 2.666781253604781719e-03
-6.696720189525381950e-02 8.928816700716403210e-01 3.057330397830226865e-02
-1.455884346761138759e-01 1.503770697345069074e+00 1.094522917789373913e-03
-1.455884346761138759e-01 1.503770697345069074e+00 1.094522917789373913e-03
2.285903181135500173e-01 1.016281002728119054e+00 1.443270424302823748e-02
-6.409007319698362126e-02 6.535808030972137805e-01 1.666435125753302354e-02
-6.409007319698362126e-02 6.535808030972137805e-01 1.666435125753302354e-02
3.316019210140427331e-01 6.314719391064164133e-01 4.285885613491595414e-02
3.639929200203594339e-01 5.780980956954110406e-01 4.309120213182938280e-02
3.639929200203594339e-01 5.780980956954110406e-01 4.309120213182938280e-02
6.817173874666713207e-01 5.618288452459966331e-01 4.048595866084753192e-02
7.942750298974065037e-01 1.488340926326113811e-01 3.631721319474962018e-02
7.942750298974065037e-01 1.488340926326113811e-01 3.631721319474962018e-02
7.042594070445957755e-01 4.246162402307450678e-01 5.126514252774137109e-02
7.042594070445957755e-01 4.246162402307450678e-01 5.126514252774137109e-02
7.042594070445957755e-01 4.246162402307450678e-01 5.126514252774137109e-02
7.042594070445957755e-01 4.246162402307450678e-01 5.126514252774137109e-02
3.910756625996038571e-01 6.156477210201796169e-01 4.443447380699427907e-02
3.910756625996038571e-01 6.156477210201796169e-01 4.443447380699427907e-02
3.910756625996038571e-01 6.156477210201796169e-01 4.443447380699427907e-02
6.187621715147945123e-01 2.078723435060414459e-01 2.671635014579157655e-02
5.991278429808323258e-01 2.198003611430963955e-01 2.639094262704235264e-02
5.991278429808323258e-01 2.198003611430963955e-01 2.639094262704235264e-02
9.223807464310054272e-01 4.419563528949141396e-02 3.397599903022823636e-02
1.002483798699131956e+00 9.124941621858564944e-02 4.796115192313620684e-02
1.002483798699131956e+00 9.124941621858564944e-02 4.796115192313620684e-02
1.351966029704839478e+00 -1.737372233279995959e-01 4.168350947326818212e-02
1.351966029704839478e+00 -1.737372233279995959e-01 4.168350947326818212e-02
1.351966029704839478e+00 -1.737372233279995959e-01 4.168350947326818212e-02
1.351966029704839478e+00 -1.737372233279995959e-01 4.168350947326818212e-02
1.143528195966888372e+00 -2.838181461953284690e-01 1.053043150074276825e-02
1.143528195966888372e+00 -2.838181461953284690e-01 1.053043150074276825e-02
1.143528195966888372e+00 -2.838181461953284690e-01 1.053043150074276825e-02
1.143528195966888372e+00 -2.838181461953284690e-01 1.053043150074276825e-02
1.621371690317593206e+00 -4.967227404395740953e-01 1.865076641050996548e-02
1.621371690317593206e+00 -4.967227404395740953e-01 1.865076641050996548e-02
1.521501534757078833e+00 -4.081742831879404676e-01 2.253747686174835049e-02
1.521501534757078833e+00 -4.081742831879404676e-01 2.253747686174835049e-02
1.521501534757078833e+00 -4.081742831879404676e-01 2.253747686174835049e-02
1.326354746777515414e+00 -3.976650788102799039e-01 1.064437611374074479e-02
1.326354746777515414e+00 -3.976650788102799039e-01 1.064437611374074479e-02
1.326354746777515414e+00 -3.976650788102799039e-01 1.064437611374074479e-02
1.148667756851483590e+00 -3.313054771796187792e-01 7.142615672271478665e-03
7.494459917410655203e-01 -1.695789424216677943e-01 2.530497450968060245e-03
7.494459917410655203e-01 -1.695789424216677943e-01 2.530497450968060245e-03
7.803277573591548277e-01 -2.049035597550455390e-01 2.141870536106583317e-03
1.070074874153864375e+00 -2.694716718263848731e-01 7.913781905654369148e-03
1.177788071234386003e+00 1.711680445114294180e-02 5.165220124335783564e-02
1.177788071234386003e+00 1.711680445114294180e-02 5.165220124335783564e-02
1.317648765292197321e+00 2.629755017312259691e-01 2.587534343418336838e-02
1.317648765292197321e+00 2.629755017312259691e-01 2.587534343418336838e-02
1.317648765292197321e+00 2.629755017312259691e-01 2.587534343418336838e-02
1.471115038956107846e+00 -4.416930509757953649e-01 1.495921494570030298e-02
1.681101985719547054e+00 -3.362005691842647748e-01 4.177507701953304259e-02
1.821652576125510015e+00 -1.376874326095705314e-01 2.934754721402555583e-02
1.821652576125510015e+00 -1.376874326095705314e-01 2.934754721402555583e-02
1.917065746810614257e+00 -1.393661255487914363e-02 9.160186887070417838e-03
1.917065746810614257e+00 -1.393661255487914363e-02 9.160186887070417838e-03
1.893974216168170743e+00 -8.030200046467567132e-02 1.646727860149908504e-02
1.893974216168170743e+00 -8.030200046467567132e-02 1.646727860149908504e-02
1.893974216168170743e+00 -8.030200046467567132e-02 1.646727860149908504e-02
1.776235699289367753e+00 1.577481639408868652e-01 5.019254884234671497e-03
1.776235699289367753e+00 1.577481639408868652e-01 5.019254884234671497e-03
1.580332433126614866e+00 -2.825201340960035723e-01 4.282775643691696249e-02
1.445323080109564007e+00 -2.211743531458784107e-01 4.219128929822233559e-02
1.445323080109564007e+00 -2.211743531458784107e-01 4.219128929822233559e-02
1.313123565259735281e+00 -7.405963903065196363e-02 5.029056506901716239e-02
1.144389432002270279e+00 2.366865669128732363e-01 4.657556933954064282e-02
1.489878210884282517e+00 -7.128057356509842624e-03 4.528819860161561323e-02
1.489878210884282517e+00 -7.128057356509842624e-03 4.528819860161561323e-02
1.489878210884282517e+00 -7.128057356509842624e-03 4.528819860161561323e-02
1.501166226224101230e+00 -3.611376849899139430e-01 2.731459555374787448e-02
9.810965569071833370e-01 -4.185625265211159185e-01 7.809688039193755623e-04
9.810965569071833370e-01 -4.185625265211159185e-01 7.809688039193755623e-04
1.160702283037337912e+00 1.354272473484602335e-01 5.408534554618479873e-02
