2.489132485845457765e-01 1.481402749648903505e-01 4.679345672138524211e-03
6.590293237506168467e-01 7.657240764504109620e-01 3.223479265847625785e-02
1.245744172424716911e+00 2.821116532760793438e-01 6.624574396647872621e-02
1.245744172424716911e+00 2.821116532760793438e-01 6.624574396647872621e-02
1.338015644353072409e+00 -6.806782793832638623e-02 3.676382592736831406e-02
8.242255224532835101e-01 -2.401926403519782927e-02 1.340131346835409486e-02
1.195793533065895753e+00 1.285807367853059602e-01 8.868104442041034596e-02
1.195793533065895753e+00 1.285807367853059602e-01 8.868104442041034596e-02
1.340172185783556236e+00 3.597408432011458546e-01 2.493249210014469516e-02
1.414560772785318221e+00 -3.253581787677356507e-02 4.455689477721563180e-02
1.414560772785318221e+00 -3.253581787677356507e-02 4.455689477721563180e-02
1.414560772785318221e+00 -3.253581787677356507e-02 4.455689477721563180e-02
1.414560772785318221e+00 -3.253581787677356507e-02 4.455689477721563180e-02
1.252523534042698339e+00 1.401401870457656684e-01 8.274789971538079603e-02
1.252523534042698339e+00 1.401401870457656684e-01 8.274789971538079603e-02
1.030631324176982444e+00 5.191648538954050929e-02 5.882647894926425203e-02
9.515355459823549023e-01 1.253372296907233063e-01 8.584268805109189493e-02
9.456206490232673678e-01 3.732007734727681159e-02 4.301385484379705026e-02
9.750680856961391196e-01 1.552349807304241325e-01 1.031696327277033809e-01
9.027089175065929894e-01 2.313713086085480430e-01 1.364274692023126068e-01
9.559347788293292014e-01 5.575961583077633232e-01 4.533486323687906799e-02
1.131489864276107760e+00 6.323527045097573351e-01 5.269565925150954469e-03
6.456969137270628378e-01 6.368910199310527931e-01 1.117775234096537729e-01
9.829265824490804881e-01 4.692292466195358003e-01 7.789860525137579095e-02
7.332200508862369848e-01 5.455323966725644791e-01 1.377010934642572682e-01
7.332200508862369848e-01 5.455323966725644791e-01 1.377010934642572682e-01
9.946011092167139633e-02 6.430485493626714177e-01 2.456378097893212598e-01
9.946011092167139633e-02 6.430485493626714177e-01 2.456378097893212598e-01
9.946011092167139633e-02 6.430485493626714177e-01 2.456378097893212598e-01
1.881421528124354037e-01 7.292696820598391083e-01 2.391198381771565407e-01
1.881421528124354037e-01 7.292696820598391083e-01 2.391198381771565407e-01
4.699776716384387321e-01 6.761927860666209211e-01 1.642491718726754868e-01
4.699776716384387321e-01 6.761927860666209211e-01 1.642491718726754868e-01
4.699776716384387321e-01 6.761927860666209211e-01 1.642491718726754868e-01
5.264902078729173374e-01 6.389528167790984314e-01 1.677545013364524495e-01
3.558224038154714775e-01 8.425907299245448678e-01 7.591644935126333482e-02
-9.144228093191036910e-02 7.046898476292129399e-01 2.115706795447080957e-01
2.260470023552683672e-01 4.755565282040216113e-01 1.645957206466729383e-01
1.433036645879048887e-01 6.587698141708855371e-01 2.594839002733627109e-01
1.384554300006192729e-01 8.092049343007163831e-01 1.947060338564169379e-01
-8.215639389135065418e-02 9.410148904995606634e-01 1.544691764690645508e-01
5.855244727608327482e-02 8.654439256986894424e-01 1.741887284041497563e-01
5.855244727608327482e-02 8.654439256986894424e-01 1.741887284041497563e-01
5.855244727608327482e-02 8.654439256986894424e-01 1.741887284041497563e-01
5.855244727608327482e-02 8.654439256986894424e-01 1.741887284041497563e-01
5.855244727608327482e-02 8.654439256986894424e-01 1.741887284041497563e-01
1.056422745678491648e-01 9.990861772032599841e-01 5.161487009535214998e-02
1.056422745678491648e-01 9.990861772032599841e-01 5.161487009535214998e-02
1.056422745678491648e-01 9.990861772032599841e-01 5.161487009535214998e-02
1.056422745678491648e-01 9.990861772032599841e-01 5.161487009535214998e-02
2.813281168352329553e-01 5.730434749844914855e-01 2.537900686134137995e-01
2.813281168352329553e-01 5.730434749844914855e-01 2.537900686134137995e-01
2.813281168352329553e-01 5.730434749844914855e-01 2.537900686134137995e-01
-1.318175506548289744e-01 8.923980506254551859e-01 2.030915361870705704e-01
-1.111588070122707800e-01 9.544197350100538380e-01 1.516654772675227192e-01
1.847916425087111070e-01 8.169411737215143132e-01 1.688136865945689125e-01
1.847916425087111070e-01 8.169411737215143132e-01 1.688136865945689125e-01
1.847916425087111070e-01 8.169411737215143132e-01 1.688136865945689125e-01
4.007037429701694742e-01 3.971235668989633316e-01 1.611945848328343867e-01
5.143138304448122700e-01 5.170486612485126754e-01 2.374857333641643420e-01
5.143138304448122700e-01 5.170486612485126754e-01 2.374857333641643420e-01
8.905888735726656957e-01 2.739988690193043697e-01 1.527182832085486053e-01
1.056636259328857408e+00 3.041528079598404544e-01 1.174911444507426295e-01
1.056636259328857408e+00 3.041528079598404544e-01 1.174911444507426295e-01
8.136297771722038608e-01 2.121540210172029317e-01 1.188319806039048049e-01
8.136297771722038608e-01 2.121540210172029317e-01 1.188319806039048049e-01
7.843065579684167510e-01 4.876524674768051848e-01 1.507667062233756516e-01
9.826267736077851644e-01 5.129837512995623072e-01 5.705164379450266415e-02
9.826267736077851644e-01 5.129837512995623072e-01 5.705164379450266415e-02
1.089019392639609229e+00 2.800894030384837308e-01 1.124272313102639559e-01
1.069412598077752241e+00 3.164254931448838848e-01 1.104168740570994345e-01
1.540608649362900096e+00 -4.262214221976812212e-03 3.981221035571136380e-02
1.525348253383722152e+00 -1.983098489805182330e-02 4.019082460432776144e-02
1.525348253383722152e+00 -1.983098489805182330e-02 4.019082460432776144e-02
1.497873381374261070e+00 1.489972050520649849e-01 3.788281207329254746e-02
1.356823071901821498e+00 -2.262497930470931395e-01 8.884408560522683712e-03
1.356823071901821498e+00 -2.262497930470931395e-01 8.884408560522683712e-03
1.393588998617432351e+00 -2.432972895893376064e-01 8.123456756617184957e-03
1.393588998617432351e+00 -2.432972895893376064e-01 8.123456756617184957e-03
1.176659203615879834e+00 4.790926482617280380e-03 5.173768841763264070e-02
1.176659203615879834e+00 4.790926482617280380e-03 5.173768841763264070e-02
1.176659203615879834e+00 4.790926482617280380e-03 5.173768841763264070e-02
1.142557268837366635e+00 -7.175977784280392416e-03 4.538159707373220358e-02
1.060631044735035777e+00 1.203353335154830339e-01 9.122335560109526287e-02
1.060631044735035777e+00 1.203353335154830339e-01 9.122335560109526287e-02
8.451241186220974644e-01 1.557429762634116865e-01 8.851688702803044151e-02
8.451241186220974644e-01 1.557429762634116865e-01 8.851688702803044151e-02
8.992989894138341267e-01 1.468065406976358234e-01 9.125746419535106513e-02
1.004856717896750684e+00 1.893870472708886754e-01 1.182579928988894552e-01
9.838659028827443365e-01 3.463920585567080712e-01 1.309091998296957604e-01
9.838659028827443365e-01 3.463920585567080712e-01 1.309091998296957604e-01
9.475598535800657807e-01 1.204374962496641555e-01 8.280963600744478681e-02
1.269116145871188372e+00 1.831557257204476374e-01 7.906105779594532756e-02
1.269116145871188372e+00 1.831557257204476374e-01 7.906105779594532756e-02
1.275064145192898124e+00 3.161862709744128752e-02 6.204492205738813132e-02
1.275064145192898124e+00 3.161862709744128752e-02 6.204492205738813132e-02
1.275064145192898124e+00 3.161862709744128752e-02 6.204492205738813132e-02
1.274488008038243692e+00 1.649100935889981703e-02 5.805116118364833655e-02
1.433568956594800881e+00 7.524556361663969906e-02 5.402761315449084584e-02
1.433568956594800881e+00 7.524556361663969906e-02 5.402761315449084584e-02
