2.489132485845457765e-01 1.481402749648903505e-01 1.482575975508139193e-03
1.584766119056203459e-01 3.438891699350790088e-01 5.969198257063045542e-03
5.702905401353757231e-01 4.455030751482276230e-01 4.114375615144227893e-02
5.702905401353757231e-01 4.455030751482276230e-01 4.114375615144227893e-02
5.702905401353757231e-01 4.455030751482276230e-01 4.114375615144227893e-02
4.880892220058953290e-01 5.852937415959512668e-01 4.180677916421178530e-02
5.162635023469850371e-01 6.325984935475181814e-01 3.911067453886220985e-02
5.162635023469850371e-01 6.325984935475181814e-01 3.911067453886220985e-02
5.162635023469850371e-01 6.325984935475181814e-01 3.911067453886220985e-02
5.162635023469850371e-01 6.325984935475181814e-01 3.911067453886220985e-02
6.280188472064558436e-01 4.806527013401624693e-01 4.370228453271066821e-02
6.280188472064558436e-01 4.806527013401624693e-01 4.370228453271066821e-02
6.280188472064558436e-01 4.806527013401624693e-01 4.370228453271066821e-02
1.364389479776026093e+00 1.359787707845089844e-01 3.762510329342066279e-02
8.770492520049805174e-01 2.743359012740034242e-01 4.371197645277137556e-02
8.770492520049805174e-01 2.743359012740034242e-01 4.371197645277137556e-02
8.770492520049805174e-01 2.743359012740034242e-01 4.371197645277137556e-02
8.770492520049805174e-01 2.743359012740034242e-01 4.371197645277137556e-02
8.770492520049805174e-01 2.743359012740034242e-01 4.371197645277137556e-02
8.566433108083677528e-01 3.249476569289102001e-01 4.492855619196806788e-02
1.181267775924283114e+00 2.781502680242578518e-01 3.658025817712824007e-02
1.181267775924283114e+00 2.781502680242578518e-01 3.658025817712824007e-02
9.522844233035808736e-01 2.376898976158290377e-01 4.409409779079123681e-02
5.286103537303523670e-01 1.361886060125751530e-01 7.899224620407459610e-03
5.286103537303523670e-01 1.361886060125751530e-01 7.899224620407459610e-03
6.586959309706279520e-01 3.342712962743592531e-01 3.734909345544103199e-02
6.545450066889312302e-01 4.166367326965178530e-01 4.302739003938227391e-02
2.275251283096342281e-01 6.202027340062925553e-01 3.408911048498667468e-02
6.009371766814510796e-01 5.341114595638853935e-01 4.269696203599932655e-02
6.009371766814510796e-01 5.341114595638853935e-01 4.269696203599932655e-02
6.009371766814510796e-01 5.341114595638853935e-01 4.269696203599932655e-02
6.009371766814510796e-01 5.341114595638853935e-01 4.269696203599932655e-02
5.351293763531665970e-01 5.442502905032575722e-01 4.262379382053524401e-02
5.351293763531665970e-01 5.442502905032575722e-01 4.262379382053524401e-02
5.344338044576167901e-01 5.833017557752592230e-01 4.157453226241918098e-02
5.344338044576167901e-01 5.833017557752592230e-01 4.157453226241918098e-02
5.344338044576167901e-01 5.833017557752592230e-01 4.157453226241918098e-02
5.344338044576167901e-01 5.833017557752592230e-01 4.157453226241918098e-02
5.344338044576167901e-01 5.833017557752592230e-01 4.157453226241918098e-02
5.344338044576167901e-01 5.833017557752592230e-01 4.157453226241918098e-02
1.766044659189021093e-01 7.405498069501275094e-01 3.656172950458481258e-02
1.766044659189021093e-01 7.405498069501275094e-01 3.656172950458481258e-02
1.766044659189021093e-01 7.405498069501275094e-01 3.656172950458481258e-02
1.766044659189021093e-01 7.405498069501275094e-01 3.656172950458481258e-02
1.766044659189021093e-01 7.405498069501275094e-01 3.656172950458481258e-02
1.766044659189021093e-01 7.405498069501275094e-01 3.656172950458481258e-02
1.766044659189021093e-01 7.405498069501275094e-01 3.656172950458481258e-02
1.766044659189021093e-01 7.405498069501275094e-01 3.656172950458481258e-02
1.766044659189021093e-01 7.405498069501275094e-01 3.656172950458481258e-02
1.766044659189021093e-01 7.405498069501275094e-01 3.656172950458481258e-02
1.766044659189021093e-01 7.405498069501275094e-01 3.656172950458481258e-02
3.462126305652482583e-01 7.312367703785146444e-01 3.692054985068672635e-02
3.462126305652482583e-01 7.312367703785146444e-01 3.692054985068672635e-02
5.792482624959285342e-01 7.605244830702956316e-01 2.197387169396687948e-02
5.792482624959285342e-01 7.605244830702956316e-01 2.197387169396687948e-02
5.792482624959285342e-01 7.605244830702956316e-01 2.197387169396687948e-02
5.792482624959285342e-01 7.605244830702956316e-01 2.197387169396687948e-02
9.890853691975709516e-01 3.240912626856384815e-01 4.319037702287575886e-02
9.890853691975709516e-01 3.240912626856384815e-01 4.319037702287575886e-02
9.890853691975709516e-01 3.240912626856384815e-01 4.319037702287575886e-02
6.936514557581902052e-01 3.140622013024079173e-01 3.765792221580763904e-02
6.938528634725473765e-01 5.147579982004512056e-01 4.162518663807492081e-02
6.938528634725473765e-01 5.147579982004512056e-01 4.162518663807492081e-02
6.938528634725473765e-01 5.147579982004512056e-01 4.162518663807492081e-02
5.009906008967861535e-01 2.227689408432851348e-01 1.340833968591485445e-02
5.009906008967861535e-01 2.227689408432851348e-01 1.340833968591485445e-02
5.009906008967861535e-01 2.227689408432851348e-01 1.340833968591485445e-02
7.002309965999398145e-01 1.369729887724152606e-02 6.927995699831600816e-03
1.245814952064250747e+00 -1.992864146197665387e-01 1.606073220865323128e-02
1.245814952064250747e+00 -1.992864146197665387e-01 1.606073220865323128e-02
1.745537583784507518e+00 -4.772363804110806851e-01 1.462478985037629978e-02
1.419653118183052287e+00 -3.817370263895931704e-01 8.584417383640118374e-03
1.651994447074365713e+00 -6.877126508986560749e-01 1.484181886433044370e-03
1.882411354113927127e+00 -2.343879981451891248e-01 3.091503931600074126e-02
1.882411354113927127e+00 -2.343879981451891248e-01 3.091503931600074126e-02
1.810738626814101471e+00 -8.104438485394879765e-02 2.619262562816860457e-02
1.868684377421261811e+00 -4.837539544575206740e-01 1.917763359917724203e-02
1.868684377421261811e+00 -4.837539544575206740e-01 1.917763359917724203e-02
1.868684377421261811e+00 -4.837539544575206740e-01 1.917763359917724203e-02
1.868684377421261811e+00 -4.837539544575206740e-01 1.917763359917724203e-02
1.868684377421261811e+00 -4.837539544575206740e-01 1.917763359917724203e-02
1.868684377421261811e+00 -4.837539544575206740e-01 1.917763359917724203e-02
1.868684377421261811e+00 -4.837539544575206740e-01 1.917763359917724203e-02
1.868684377421261811e+00 -4.837539544575206740e-01 1.917763359917724203e-02
1.744676459346138131e+00 -4.996181664523413612e-01 1.268331714423862056e-02
2.025819448946238222e+00 -7.600409121132710721e-01 5.166577246050968117e-03
2.080855516842150088e+00 -5.306694901660640173e-01 2.177128083862253649e-02
2.072173704528792904e+00 -4.792481482941834403e-01 2.455199403820329182e-02
2.279995390881155881e+00 -6.438321659856078849e-01 1.822908515650956129e-02
2.279995390881155881e+00 -6.438321659856078849e-01 1.822908515650956129e-02
2.316148093611698044e+00 -8.985003197503967920e-01 5.176820126787235604e-03
2.224525229036358631e+00 -6.880631011072924075e-01 1.460457004746753239e-02
2.590313561113446905e+00 -8.279942895336260822e-01 1.271641749076747596e-02
2.698299481556929891e+00 -6.536938303143683404e-01 1.169790476026074527e-02
2.717218818829821636e+00 -6.547742398970733957e-01 1.112357826110511004e-02
2.717218818829821636e+00 -6.547742398970733957e-01 1.112357826110511004e-02
2.717218818829821636e+00 -6.547742398970733957e-01 1.112357826110511004e-02
2.914168310017789310e+00 -7.106043490748896740e-01 6.867670112777421280e-03
2.914168310017789310e+00 -7.106043490748896740e-01 6.867670112777421280e-03
2.914168310017789310e+00 -7.106043490748896740e-01 6.867670112777421280e-03
