2.489132485845457765e-01 1.481402749648903505e-01 3.867658226401290457e-03
2.489132485845457765e-01 1.481402749648903505e-01 3.867658226401290457e-03
2.827624921746748066e-01 4.256943444683012334e-01 1.281759383443173417e-01
2.827624921746748066e-01 4.256943444683012334e-01 1.281759383443173417e-01
1.349644536035476960e-01 6.230687433773789419e-01 2.393939908338292288e-01
1.349644536035476960e-01 6.230687433773789419e-01 2.393939908338292288e-01
1.349644536035476960e-01 6.230687433773789419e-01 2.393939908338292288e-01
5.123315966558725787e-01 5.834734162438507399e-01 2.166790350495205741e-01
4.072792167894146442e-01 4.459702820065060136e-01 1.857833000338190987e-01
5.150827736733816220e-01 3.649262708823917678e-01 1.469531703326704408e-01
2.697670450159910249e-01 5.600549663333376227e-01 2.343404669805158880e-01
1.950917486531397183e-01 7.426147806278442509e-01 2.288595955548957395e-01
4.668904097348035576e-01 8.570811815066488037e-01 4.316936852161572247e-02
4.133086676865901365e-01 9.080519293497290034e-01 3.223283650798295513e-02
4.133086676865901365e-01 9.080519293497290034e-01 3.223283650798295513e-02
4.133086676865901365e-01 9.080519293497290034e-01 3.223283650798295513e-02
4.133086676865901365e-01 9.080519293497290034e-01 3.223283650798295513e-02
9.648694776424254771e-02 1.071564659436180289e+00 2.391367775405889989e-02
-9.047062559283572392e-02 4.778274597857699035e-01 4.747958642755848585e-02
-9.047062559283572392e-02 4.778274597857699035e-01 4.747958642755848585e-02
2.201956660831176638e-01 5.066061698589433560e-01 1.788870264225115858e-01
2.227338147083331443e-01 6.905582604691425930e-01 2.489837822047206717e-01
2.227338147083331443e-01 6.905582604691425930e-01 2.489837822047206717e-01
2.227338147083331443e-01 6.905582604691425930e-01 2.489837822047206717e-01
2.562891343802913835e-01 8.195694735005202292e-01 1.408125095993437992e-01
3.666418747355744134e-01 1.006118223916308230e+00 1.168035145686037272e-02
3.666418747355744134e-01 1.006118223916308230e+00 1.168035145686037272e-02
4.991861698714085693e-01 8.374360865640672058e-01 4.510303206084399080e-02
5.258172490795123277e-01 4.974916702414947656e-01 2.256103657577695487e-01
6.885461267395943663e-01 5.649533859163612393e-01 1.578818735383006600e-01
6.892909124089536821e-01 3.119880072791830217e-01 1.420475678254170260e-01
6.892909124089536821e-01 3.119880072791830217e-01 1.420475678254170260e-01
6.892909124089536821e-01 3.119880072791830217e-01 1.420475678254170260e-01
6.892909124089536821e-01 3.119880072791830217e-01 1.420475678254170260e-01
2.570455318289287527e-01 5.326887523501315780e-01 2.129670788788839420e-01
2.570455318289287527e-01 5.326887523501315780e-01 2.129670788788839420e-01
2.570455318289287527e-01 5.326887523501315780e-01 2.129670788788839420e-01
2.570455318289287527e-01 5.326887523501315780e-01 2.129670788788839420e-01
1.028112948792554882e+00 5.996162982362243099e-01 2.797721381349850198e-02
1.028112948792554882e+00 5.996162982362243099e-01 2.797721381349850198e-02
1.028112948792554882e+00 5.996162982362243099e-01 2.797721381349850198e-02
1.356920097639736422e+00 5.524013947337150787e-01 4.842116672727954547e-03
1.434118312148945806e+00 4.746649729994363298e-01 7.139245026946411908e-03
1.582469308375397565e+00 2.994913143814129652e-01 1.490623885487449458e-02
1.582469308375397565e+00 2.994913143814129652e-01 1.490623885487449458e-02
1.582469308375397565e+00 2.994913143814129652e-01 1.490623885487449458e-02
1.753442091533912839e+00 2.658790584341770291e-01 6.457773043377692049e-03
1.746145772421969999e+00 -9.757956046674670647e-02 1.994908740560450214e-02
1.513210842280130919e+00 4.590124546119629945e-01 4.688676830068073433e-03
1.944543969705274655e+00 1.336933576394617740e-01 5.363968055171587992e-03
1.944543969705274655e+00 1.336933576394617740e-01 5.363968055171587992e-03
1.944543969705274655e+00 1.336933576394617740e-01 5.363968055171587992e-03
1.508636855313940650e+00 -6.172623749191086251e-02 2.888432564378052431e-02
1.508636855313940650e+00 -6.172623749191086251e-02 2.888432564378052431e-02
1.381270099708044707e+00 1.682815781297303526e-01 6.238412165689526112e-02
1.400194547963844238e+00 2.025556582613579071e-01 5.670480027837918047e-02
1.223476468073515289e+00 2.630131082883678251e-01 8.576248230589514354e-02
1.159439733164620900e+00 1.163198491568042392e-01 7.341956064572721652e-02
1.159439733164620900e+00 1.163198491568042392e-01 7.341956064572721652e-02
1.159439733164620900e+00 1.163198491568042392e-01 7.341956064572721652e-02
1.148698484232328898e+00 2.698394424458772090e-01 1.017564293015870425e-01
1.129781269965055124e+00 3.317577862234458164e-01 9.730839864795300109e-02
7.261718247203498011e-01 6.188719766161250302e-01 1.054043494574354034e-01
9.147037042323219458e-01 6.456355580991534060e-01 3.414565990865901790e-02
9.147037042323219458e-01 6.456355580991534060e-01 3.414565990865901790e-02
9.147037042323219458e-01 6.456355580991534060e-01 3.414565990865901790e-02
4.958340774748132840e-01 8.634373053878831028e-01 3.439319413688118193e-02
3.501834971001536179e-01 8.851777386330547115e-01 5.722538710036137455e-02
2.129040456141086946e-01 7.494907617243699027e-01 2.185529337997331456e-01
2.129040456141086946e-01 7.494907617243699027e-01 2.185529337997331456e-01
2.129040456141086946e-01 7.494907617243699027e-01 2.185529337997331456e-01
1.557976309778494606e-01 6.797795239986524907e-01 2.571565004093989137e-01
1.557976309778494606e-01 6.797795239986524907e-01 2.571565004093989137e-01
2.933927074705003912e-01 6.506059793256804280e-01 2.490826955873823856e-01
6.413441710264662365e-01 4.710621625850895944e-01 2.075758508937420033e-01
6.413441710264662365e-01 4.710621625850895944e-01 2.075758508937420033e-01
6.413441710264662365e-01 4.710621625850895944e-01 2.075758508937420033e-01
5.928366069164029417e-01 3.507064120703418664e-01 1.532243232624509455e-01
6.217424156835704707e-01 5.218033012899293555e-01 2.045853515127768474e-01
5.105622237587927881e-01 4.693388512151936975e-01 2.172168742250012163e-01
4.061512861293201104e-01 5.805888081810153256e-01 2.433107584953277946e-01
4.061512861293201104e-01 5.805888081810153256e-01 2.433107584953277946e-01
4.061512861293201104e-01 5.805888081810153256e-01 2.433107584953277946e-01
4.061512861293201104e-01 5.805888081810153256e-01 2.433107584953277946e-01
3.530476741288251508e-01 5.296026017678158171e-01 2.317834973159968170e-01
3.530476741288251508e-01 5.296026017678158171e-01 2.317834973159968170e-01
3.530476741288251508e-01 5.296026017678158171e-01 2.317834973159968170e-01
1.640610112561841638e-01 7.742579181447231118e-01 2.160222833839331169e-01
2.036333808739489715e-01 7.527635696204771909e-01 2.192041911022060419e-01
2.036333808739489715e-01 7.527635696204771909e-01 2.192041911022060419e-01
2.036333808739489715e-01 7.527635696204771909e-01 2.192041911022060419e-01
-3.585361811675027988e-02 8.503091478865881792e-01 2.139327667519283216e-01
2.918482686354817446e-01 6.151189275653627941e-01 2.534331773396558685e-01
2.918482686354817446e-01 6.151189275653627941e-01 2.534331773396558685e-01
2.918482686354817446e-01 6.151189275653627941e-01 2.534331773396558685e-01
6.465038693778035750e-01 5.553815978155534072e-01 1.810673807076061681e-01
6.465038693778035750e-01 5.553815978155534072e-01 1.810673807076061681e-01
6.465038693778035750e-01 5.553815978155534072e-01 1.810673807076061681e-01
6.465038693778035750e-01 5.553815978155534072e-01 1.810673807076061681e-01
6.465038693778035750e-01 5.553815978155534072e-01 1.810673807076061681e-01
