2.489132485845457765e-01 1.481402749648903505e-01 2.682449666957745053e-03
2.489132485845457765e-01 1.481402749648903505e-01 2.682449666957745053e-03
5.314870289193317499e-01 3.869860700806737053e-01 1.015813990234114561e-01
2.048282508384061673e-01 7.064479960622978005e-01 1.941372232901643902e-01
2.048282508384061673e-01 7.064479960622978005e-01 1.941372232901643902e-01
2.048282508384061673e-01 7.064479960622978005e-01 1.941372232901643902e-01
3.531300815946137872e-01 7.697086425460221148e-01 1.448646229985066647e-01
3.402639727699127703e-01 8.205125330688184393e-01 1.223175506899560339e-01
-2.196125730775725926e-01 1.181044436591861313e+00 9.223268307079321437e-02
-6.337270065741492653e-01 1.171078591246726530e+00 1.899523256005425653e-01
-6.337270065741492653e-01 1.171078591246726530e+00 1.899523256005425653e-01
-6.337270065741492653e-01 1.171078591246726530e+00 1.899523256005425653e-01
-6.337270065741492653e-01 1.171078591246726530e+00 1.899523256005425653e-01
-6.337270065741492653e-01 1.171078591246726530e+00 1.899523256005425653e-01
-7.191253725658781626e-01 1.236464653768899691e+00 1.757304811947688616e-01
-7.191253725658781626e-01 1.236464653768899691e+00 1.757304811947688616e-01
-1.027939920830484910e+00 1.155116899312809586e+00 8.848543229961207401e-02
-1.044763782649754669e+00 1.757290372658262712e+00 1.294491635918933181e-02
-1.044763782649754669e+00 1.757290372658262712e+00 1.294491635918933181e-02
-1.307236485196975551e+00 1.339352654073890037e+00 7.689530428078932001e-02
-1.607179461790062991e+00 1.549827442844168734e+00 5.729240899187316299e-02
-1.607179461790062991e+00 1.549827442844168734e+00 5.729240899187316299e-02
-1.815405015035860714e+00 1.727201649050254195e+00 4.177336177857572663e-02
-1.815405015035860714e+00 1.727201649050254195e+00 4.177336177857572663e-02
-2.092889129763172207e+00 1.657714501347366420e+00 1.214108921914384097e-02
-1.828554051349154275e+00 1.823926743337572987e+00 3.656079238387988789e-02
-1.828554051349154275e+00 1.823926743337572987e+00 3.656079238387988789e-02
-1.828554051349154275e+00 1.823926743337572987e+00 3.656079238387988789e-02
-1.828554051349154275e+00 1.823926743337572987e+00 3.656079238387988789e-02
-1.828554051349154275e+00 1.823926743337572987e+00 3.656079238387988789e-02
-1.828554051349154275e+00 1.823926743337572987e+00 3.656079238387988789e-02
-1.828554051349154275e+00 1.823926743337572987e+00 3.656079238387988789e-02
-1.242353896519656775e+00 1.719407434104933463e+00 3.791441158424081748e-02
-1.234930461141623859e+00 1.713634609382023388e+00 3.889706494334060904e-02
-1.234930461141623859e+00 1.713634609382023388e+00 3.889706494334060904e-02
-1.234930461141623859e+00 1.713634609382023388e+00 3.889706494334060904e-02
-1.234930461141623859e+00 1.713634609382023388e+00 3.889706494334060904e-02
-1.219482864309192172e+00 1.651007066266947820e+00 5.786176331400984252e-02
-7.767368526275784113e-01 1.417566070629753483e+00 9.732027259464445801e-02
-8.442583589889824935e-01 1.335697511755533196e+00 1.489469815692548715e-01
-8.442583589889824935e-01 1.335697511755533196e+00 1.489469815692548715e-01
-8.442583589889824935e-01 1.335697511755533196e+00 1.489469815692548715e-01
-8.442583589889824935e-01 1.335697511755533196e+00 1.489469815692548715e-01
-8.442583589889824935e-01 1.335697511755533196e+00 1.489469815692548715e-01
-8.442583589889824935e-01 1.335697511755533196e+00 1.489469815692548715e-01
-8.442583589889824935e-01 1.335697511755533196e+00 1.489469815692548715e-01
-8.442583589889824935e-01 1.335697511755533196e+00 1.489469815692548715e-01
-1.141180821373739773e+00 1.027558879576057960e+00 1.903002359902074628e-02
-1.141180821373739773e+00 1.027558879576057960e+00 1.903002359902074628e-02
-7.780429047792649655e-01 8.706217199223005299e-01 3.423703725745197435e-02
-7.780429047792649655e-01 8.706217199223005299e-01 3.423703725745197435e-02
-7.780429047792649655e-01 8.706217199223005299e-01 3.423703725745197435e-02
-7.780429047792649655e-01 8.706217199223005299e-01 3.423703725745197435e-02
-7.316957978650796557e-01 9.437414902434948516e-01 7.796155354277918559e-02
-5.571881122626687333e-01 1.269906994593119620e+00 1.350685098903469661e-01
-6.831649693822733349e-01 1.170583090223243916e+00 1.869520542947037123e-01
-1.266921547327268804e+00 1.432743513984783057e+00 1.049102323451376884e-01
-1.194868849098496222e+00 1.275260162948989917e+00 8.646222141467049815e-02
-1.111685005615738797e+00 1.287251035835878410e+00 1.140849933002673205e-01
-1.111685005615738797e+00 1.287251035835878410e+00 1.140849933002673205e-01
-1.111685005615738797e+00 1.287251035835878410e+00 1.140849933002673205e-01
-9.225833465822089741e-01 1.234376286150314028e+00 1.505197249926631953e-01
-8.031543040845801062e-01 1.126211504348426873e+00 1.502732752789472104e-01
-8.031543040845801062e-01 1.126211504348426873e+00 1.502732752789472104e-01
-1.040155876177250915e+00 1.419015567602045058e+00 1.282160816895263900e-01
-1.040155876177250915e+00 1.419015567602045058e+00 1.282160816895263900e-01
-1.040155876177250915e+00 1.419015567602045058e+00 1.282160816895263900e-01
-1.040155876177250915e+00 1.419015567602045058e+00 1.282160816895263900e-01
-4.543873598861929430e-01 1.090416811441306644e+00 2.034896790924286825e-01
-4.543873598861929430e-01 1.090416811441306644e+00 2.034896790924286825e-01
-3.380156688001725862e-01 9.553724105754328733e-01 2.097104649124624520e-01
-3.380156688001725862e-01 9.553724105754328733e-01 2.097104649124624520e-01
-1.725247668516181054e-01 7.770776927083524743e-01 1.686150310383958129e-01
-1.725247668516181054e-01 7.770776927083524743e-01 1.686150310383958129e-01
-5.839658292605675038e-01 9.292590010984097537e-01 1.213872939903885562e-01
-6.974002005442370145e-02 1.174482911892857473e+00 5.337811415841258594e-02
-2.166081698179204706e-01 7.468170243339427028e-01 1.336166977627208652e-01
-3.884767041291589673e-02 1.130527426639002853e+00 6.747189900904215776e-02
-3.381250620885507541e-01 1.422373060344874096e+00 1.629506844637696947e-02
-5.382919521307099053e-01 1.352622570738170715e+00 7.857373583278329243e-02
-5.382919521307099053e-01 1.352622570738170715e+00 7.857373583278329243e-02
-5.382919521307099053e-01 1.352622570738170715e+00 7.857373583278329243e-02
-6.428412664311488056e-01 8.632025634591259378e-01 6.302764627630129401e-02
-1.724800135366204024e-01 9.398420702573393459e-01 2.137053206374022463e-01
-3.988845923608095312e-01 1.209265135364551602e+00 1.303749123053994374e-01
-3.716025429800628443e-01 1.254108098647208402e+00 9.233191376068063116e-02
-3.716025429800628443e-01 1.254108098647208402e+00 9.233191376068063116e-02
-3.716025429800628443e-01 1.254108098647208402e+00 9.233191376068063116e-02
-3.421761128780669292e-01 9.842039530046471363e-01 2.134110995742582728e-01
-3.421761128780669292e-01 9.842039530046471363e-01 2.134110995742582728e-01
-3.754851273427623481e-01 1.148523561844259744e+00 1.635398410624206156e-01
-3.754851273427623481e-01 1.148523561844259744e+00 1.635398410624206156e-01
-5.348316716387780945e-01 7.839805709410798684e-01 5.392559561671517870e-02
-2.173644432220236955e-01 1.033284300938340561e+00 1.879680463881461816e-01
-6.672396243085176870e-01 1.128373873917232428e+00 1.866133182421121084e-01
-1.033130016312472144e+00 1.157835430566866108e+00 8.806388950336975496e-02
-8.192773034584418523e-01 1.142508725984969553e+00 1.517021536268400583e-01
-8.192773034584418523e-01 1.142508725984969553e+00 1.517021536268400583e-01
-8.192773034584418523e-01 1.142508725984969553e+00 1.517021536268400583e-01
-8.803023066940963703e-01 1.206024984101985442e+00 1.545488468069787791e-01
