2.489132485845457765e-01 1.481402749648903505e-01 2.090132191607969696e-03
9.432582195465863406e-02 3.119886799064459926e-02 8.017788006304090364e-05
9.432582195465863406e-02 3.119886799064459926e-02 8.017788006304090364e-05
9.432582195465863406e-02 3.119886799064459926e-02 8.017788006304090364e-05
1.628588584527151106e-01 4.834888656490636261e-01 4.499448383651086930e-02
1.628588584527151106e-01 4.834888656490636261e-01 4.499448383651086930e-02
1.628588584527151106e-01 4.834888656490636261e-01 4.499448383651086930e-02
1.628588584527151106e-01 4.834888656490636261e-01 4.499448383651086930e-02
1.628588584527151106e-01 4.834888656490636261e-01 4.499448383651086930e-02
5.535867083501109231e-01 4.470532266118704134e-01 8.477589935837011315e-02
1.774434642044334098e-01 8.230753523907170521e-01 1.180107213507678859e-01
1.774434642044334098e-01 8.230753523907170521e-01 1.180107213507678859e-01
1.774434642044334098e-01 8.230753523907170521e-01 1.180107213507678859e-01
1.774434642044334098e-01 8.230753523907170521e-01 1.180107213507678859e-01
1.774434642044334098e-01 8.230753523907170521e-01 1.180107213507678859e-01
1.774434642044334098e-01 8.230753523907170521e-01 1.180107213507678859e-01
-3.120052858559560494e-02 7.079395929437289903e-01 9.277256962336005719e-02
-3.120052858559560494e-02 7.079395929437289903e-01 9.277256962336005719e-02
-3.120052858559560494e-02 7.079395929437289903e-01 9.277256962336005719e-02
-3.120052858559560494e-02 7.079395929437289903e-01 9.277256962336005719e-02
1.328572562504512222e-01 6.343623803803319916e-01 9.391126182186511351e-02
2.202328854707398809e-01 8.471982568905352950e-01 1.051474928386822300e-01
1.225835695100801481e-01 7.335098584550407974e-01 1.203979151537381831e-01
-4.425558422317543705e-02 8.901896964715730887e-01 1.327354702036825096e-01
2.204924505895285436e-01 9.013651610212233267e-01 8.811077917943649362e-02
7.282066324128384505e-01 5.187333983375619351e-01 8.153065449807254950e-02
7.282066324128384505e-01 5.187333983375619351e-01 8.153065449807254950e-02
1.294475742299922016e-01 5.197928072037889535e-01 5.152789628169381075e-02
9.088282657828465616e-02 9.901168818239765024e-01 8.654804485065374642e-02
2.579695739176746661e-01 9.490820183445064506e-01 6.255897992509620864e-02
2.579695739176746661e-01 9.490820183445064506e-01 6.255897992509620864e-02
2.885173672066929651e-01 9.421073386317502241e-01 5.822343526946945069e-02
2.885173672066929651e-01 9.421073386317502241e-01 5.822343526946945069e-02
6.256771228686044406e-01 8.046326823763237934e-01 3.407738227654830143e-02
6.256771228686044406e-01 8.046326823763237934e-01 3.407738227654830143e-02
6.256771228686044406e-01 8.046326823763237934e-01 3.407738227654830143e-02
4.623608554497516954e-01 6.711059324825450201e-01 9.989930346142461559e-02
4.623608554497516954e-01 6.711059324825450201e-01 9.989930346142461559e-02
4.623608554497516954e-01 6.711059324825450201e-01 9.989930346142461559e-02
4.623608554497516954e-01 6.711059324825450201e-01 9.989930346142461559e-02
4.623608554497516954e-01 6.711059324825450201e-01 9.989930346142461559e-02
2.341483024435155880e-01 7.775960778438337773e-01 1.170534437647166581e-01
5.355540028265849406e-01 6.241313943479691595e-01 9.574465812507321205e-02
5.355540028265849406e-01 6.241313943479691595e-01 9.574465812507321205e-02
5.355540028265849406e-01 6.241313943479691595e-01 9.574465812507321205e-02
1.396464516886150031e-01 7.830202806260299075e-01 1.250718345055041592e-01
1.396464516886150031e-01 7.830202806260299075e-01 1.250718345055041592e-01
1.396464516886150031e-01 7.830202806260299075e-01 1.250718345055041592e-01
1.396464516886150031e-01 7.830202806260299075e-01 1.250718345055041592e-01
3.555895364218951415e-02 7.658089318927661093e-01 1.209580342825123250e-01
-1.665743860184716318e-01 8.931213390690051490e-01 1.300556702010611521e-01
-1.665743860184716318e-01 8.931213390690051490e-01 1.300556702010611521e-01
-1.665743860184716318e-01 8.931213390690051490e-01 1.300556702010611521e-01
-1.665743860184716318e-01 8.931213390690051490e-01 1.300556702010611521e-01
-3.874734958456182987e-01 6.506350228732787899e-01 1.539797605131037334e-02
-3.874734958456182987e-01 6.506350228732787899e-01 1.539797605131037334e-02
-3.874734958456182987e-01 6.506350228732787899e-01 1.539797605131037334e-02
-3.903933140476025798e-01 4.361219671297380529e-01 9.393602773825833517e-04
-3.903933140476025798e-01 4.361219671297380529e-01 9.393602773825833517e-04
-5.274370717470556746e-01 5.581273701397491127e-01 1.861245526247051882e-03
-5.274370717470556746e-01 5.581273701397491127e-01 1.861245526247051882e-03
-5.274370717470556746e-01 5.581273701397491127e-01 1.861245526247051882e-03
-5.274370717470556746e-01 5.581273701397491127e-01 1.861245526247051882e-03
-8.839455017380269952e-01 1.010903096240444610e+00 3.021502867489250441e-02
-8.839455017380269952e-01 1.010903096240444610e+00 3.021502867489250441e-02
-8.839455017380269952e-01 1.010903096240444610e+00 3.021502867489250441e-02
-8.839455017380269952e-01 1.010903096240444610e+00 3.021502867489250441e-02
-8.839455017380269952e-01 1.010903096240444610e+00 3.021502867489250441e-02
-8.426835855952818921e-01 1.356304855619765881e+00 1.210444448845890281e-01
-8.426835855952818921e-01 1.356304855619765881e+00 1.210444448845890281e-01
-9.638449811717434423e-01 1.294160125007256079e+00 1.026672535651654283e-01
-3.601564329459977509e-01 9.414745968877296090e-01 1.158705448565227059e-01
-2.336897880057964838e-01 9.888867758297001931e-01 1.369145794038726105e-01
-2.336897880057964838e-01 9.888867758297001931e-01 1.369145794038726105e-01
-2.336897880057964838e-01 9.888867758297001931e-01 1.369145794038726105e-01
-3.002752761137983395e-02 6.972762097946210158e-01 8.885431400650505018e-02
-3.659584836154520793e-01 6.503611906402408938e-01 1.733549924848504925e-02
-2.922274848530492797e-01 7.654236551889369577e-01 6.153786487880374273e-02
-2.922274848530492797e-01 7.654236551889369577e-01 6.153786487880374273e-02
-2.922274848530492797e-01 7.654236551889369577e-01 6.153786487880374273e-02
-2.922274848530492797e-01 7.654236551889369577e-01 6.153786487880374273e-02
-2.288582221137304140e-01 7.117074741517536163e-01 5.426221759141994228e-02
-7.987705176671836549e-01 1.053531367224841420e+00 5.926550439882541377e-02
-7.987705176671836549e-01 1.053531367224841420e+00 5.926550439882541377e-02
-7.987705176671836549e-01 1.053531367224841420e+00 5.926550439882541377e-02
-7.987705176671836549e-01 1.053531367224841420e+00 5.926550439882541377e-02
-9.250450658237664436e-01 1.274064643429240418e+00 1.051281007448768567e-01
-9.236371901486931657e-01 1.411101408215142961e+00 1.153659227905287216e-01
-9.236371901486931657e-01 1.411101408215142961e+00 1.153659227905287216e-01
-1.012133523782247968e+00 1.400640861997574760e+00 1.117184388026906533e-01
-1.012133523782247968e+00 1.400640861997574760e+00 1.117184388026906533e-01
-1.012133523782247968e+00 1.400640861997574760e+00 1.117184388026906533e-01
-6.673911904427552999e-01 1.255520111521805537e+00 1.295706470811664457e-01
-6.673911904427552999e-01 1.255520111521805537e+00 1.295706470811664457e-01
-8.214891135413951995e-01 1.293896378833509608e+00 1.230404929051665125e-01
-5.401714588619337398e-01 1.247211117137256187e+00 1.225373617555372274e-01
-5.401714588619337398e-01 1.247211117137256187e+00 1.225373617555372274e-01
-5.401714588619337398e-01 1.247211117137256187e+00 1.225373617555372274e-01
-5.518566021033787239e-01 9.243120688652183281e-01 6.639598709290832346e-02
-5.518566021033787239e-01 9.243120688652183281e-01 6.639598709290832346e-02
