2.489132485845457765e-01 1.481402749648903505e-01 3.731382456738834789e-03
2.278192464911792114e-01 7.512217068699020839e-01 2.095767653136327568e-01
-2.751194318656812188e-01 8.788280070734107996e-01 2.144815984219078375e-01
-6.203177715195492548e-01 1.223994504891510626e+00 6.322431934998307135e-02
-9.036632898510579270e-01 1.107373557868972291e+00 8.677824907761814976e-02
-9.036632898510579270e-01 1.107373557868972291e+00 8.677824907761814976e-02
-9.521570551855087494e-01 1.206102456070142770e+00 7.403091136917040738e-02
-9.521570551855087494e-01 1.206102456070142770e+00 7.403091136917040738e-02
-9.521570551855087494e-01 1.206102456070142770e+00 7.403091136917040738e-02
-9.521570551855087494e-01 1.206102456070142770e+00 7.403091136917040738e-02
-9.521570551855087494e-01 1.206102456070142770e+00 7.403091136917040738e-02
-9.121599635736905576e-01 1.200945177266684150e+00 7.845351781455156548e-02
-9.121599635736905576e-01 1.200945177266684150e+00 7.845351781455156548e-02
-9.121599635736905576e-01 1.200945177266684150e+00 7.845351781455156548e-02
-3.550605323458331242e-01 8.294288238666083224e-01 1.866959778459118813e-01
-5.939320787434176907e-02 8.259490715306070374e-01 2.321054805553551537e-01
2.217489259265655321e-01 7.454071116354431537e-01 2.159739693440966002e-01
2.217489259265655321e-01 7.454071116354431537e-01 2.159739693440966002e-01
3.590211512722910059e-01 5.830040555901476740e-01 2.415832233823803910e-01
6.367472049555678026e-02 7.831928566433492556e-01 2.349872641785954175e-01
6.367472049555678026e-02 7.831928566433492556e-01 2.349872641785954175e-01
6.367472049555678026e-02 7.831928566433492556e-01 2.349872641785954175e-01
6.367472049555678026e-02 7.831928566433492556e-01 2.349872641785954175e-01
6.367472049555678026e-02 7.831928566433492556e-01 2.349872641785954175e-01
6.367472049555678026e-02 7.831928566433492556e-01 2.349872641785954175e-01
1.662113920790461996e-01 5.738493688655936786e-01 2.134398032938079615e-01
-5.941525653898628301e-01 1.093098122325236954e+00 1.272151642766516377e-01
-5.941525653898628301e-01 1.093098122325236954e+00 1.272151642766516377e-01
-2.888233006399798519e-01 9.316937538016538678e-01 1.979448239213083827e-01
-2.888233006399798519e-01 9.316937538016538678e-01 1.979448239213083827e-01
-2.888233006399798519e-01 9.316937538016538678e-01 1.979448239213083827e-01
-4.074696560458223038e-01 1.029291608348529730e+00 1.523703749120296769e-01
-4.074696560458223038e-01 1.029291608348529730e+00 1.523703749120296769e-01
-4.074696560458223038e-01 1.029291608348529730e+00 1.523703749120296769e-01
-6.442626640482638223e-01 8.546257995403752084e-01 8.837477767807903895e-02
-6.442626640482638223e-01 8.546257995403752084e-01 8.837477767807903895e-02
-6.442626640482638223e-01 8.546257995403752084e-01 8.837477767807903895e-02
-6.442626640482638223e-01 8.546257995403752084e-01 8.837477767807903895e-02
-4.749153799430084200e-01 9.043395358195326361e-01 1.712766656056202985e-01
-4.749153799430084200e-01 9.043395358195326361e-01 1.712766656056202985e-01
-4.749153799430084200e-01 9.043395358195326361e-01 1.712766656056202985e-01
-4.749153799430084200e-01 9.043395358195326361e-01 1.712766656056202985e-01
-4.749153799430084200e-01 9.043395358195326361e-01 1.712766656056202985e-01
-3.388021995644104889e-01 7.889840248349473395e-01 1.723239236987471334e-01
3.126861318181334282e-02 9.451571143052529544e-01 1.132249203132524723e-01
3.126861318181334282e-02 9.451571143052529544e-01 1.132249203132524723e-01
-6.763273783808005923e-01 8.602728461603460497e-01 8.025704347301843011e-02
-6.763273783808005923e-01 8.602728461603460497e-01 8.025704347301843011e-02
-6.763273783808005923e-01 8.602728461603460497e-01 8.025704347301843011e-02
-2.194553389353163242e-01 1.047090030384921766e+00 1.040884300691923142e-01
-2.194553389353163242e-01 1.047090030384921766e+00 1.040884300691923142e-01
-2.194553389353163242e-01 1.047090030384921766e+00 1.040884300691923142e-01
8.447553342910851804e-02 7.634135257717049594e-01 2.410777539920429258e-01
-8.797013836040742940e-02 9.025317625964688339e-01 1.877780934441783678e-01
-8.797013836040742940e-02 9.025317625964688339e-01 1.877780934441783678e-01
-8.797013836040742940e-02 9.025317625964688339e-01 1.877780934441783678e-01
-1.077237222155742052e-01 8.230148271928454662e-01 2.357980298520523377e-01
-1.077237222155742052e-01 8.230148271928454662e-01 2.357980298520523377e-01
-1.077237222155742052e-01 8.230148271928454662e-01 2.357980298520523377e-01
-1.077237222155742052e-01 8.230148271928454662e-01 2.357980298520523377e-01
1.699077434680029697e-01 3.576304235237225959e-01 4.502463782383153007e-02
3.241143857748957080e-02 8.149613664864010509e-01 2.226430284941818549e-01
3.241143857748957080e-02 8.149613664864010509e-01 2.226430284941818549e-01
-6.791673782212324928e-02 9.857680814475616726e-01 1.109422439668050625e-01
-2.319420239857578614e-01 1.091563316485208990e+00 7.532608283545794148e-02
-5.239188749216405760e-02 9.453249273876302983e-01 1.407186441250680986e-01
-5.239188749216405760e-02 9.453249273876302983e-01 1.407186441250680986e-01
2.353807664727272098e-01 7.171283836790338651e-01 2.300359546172420777e-01
4.890315319283887185e-01 6.808066637442508062e-01 1.569719558824840266e-01
6.045405295164235637e-01 7.137591695220041332e-01 8.442162823131148242e-02
7.491473946940654383e-01 6.053960435099862147e-01 1.006000051078029950e-01
7.491473946940654383e-01 6.053960435099862147e-01 1.006000051078029950e-01
7.491473946940654383e-01 6.053960435099862147e-01 1.006000051078029950e-01
8.911479998148401638e-01 5.338733959002640583e-01 8.875219042601152630e-02
8.306584428520590313e-01 2.831256699748569972e-01 1.266776218869549719e-01
5.185787121822164059e-01 6.379911043120747305e-01 1.758591232144048611e-01
8.009750622711853119e-01 5.226757861589875764e-01 1.286628668428090871e-01
8.009750622711853119e-01 5.226757861589875764e-01 1.286628668428090871e-01
8.009750622711853119e-01 5.226757861589875764e-01 1.286628668428090871e-01
5.927450049802740484e-01 7.533017298103070747e-01 6.372912683405793088e-02
2.482527794157697310e-01 9.141719772139808020e-01 6.727075257220362092e-02
2.482527794157697310e-01 9.141719772139808020e-01 6.727075257220362092e-02
3.288776196804732432e-01 7.263580648703831244e-01 1.898142981997202328e-01
3.288776196804732432e-01 7.263580648703831244e-01 1.898142981997202328e-01
3.288776196804732432e-01 7.263580648703831244e-01 1.898142981997202328e-01
8.215916847571561599e-01 4.762694475915503212e-01 1.423165566463898413e-01
5.185172247949996205e-01 7.818707308967549618e-01 6.956308009940867509e-02
5.185172247949996205e-01 7.818707308967549618e-01 6.956308009940867509e-02
4.837237698731620683e-01 6.113260893553448261e-01 2.060790342754180438e-01
4.837237698731620683e-01 6.113260893553448261e-01 2.060790342754180438e-01
4.837237698731620683e-01 6.113260893553448261e-01 2.060790342754180438e-01
4.837237698731620683e-01 6.113260893553448261e-01 2.060790342754180438e-01
7.521114757986597787e-01 4.386910885461990373e-01 1.732873289804082173e-01
9.407402626282956870e-01 2.427718762248023132e-01 1.098791253436497972e-01
7.040142614640580998e-01 3.769571078000577002e-01 1.688412543953894673e-01
7.040142614640580998e-01 3.769571078000577002e-01 1.688412543953894673e-01
7.040142614640580998e-01 3.769571078000577002e-01 1.688412543953894673e-01
7.040142614640580998e-01 3.769571078000577002e-01 1.688412543953894673e-01
7.040142614640580998e-01 3.769571078000577002e-01 1.688412543953894673e-01
4.729584149796985937e-01 3.668061400785028736e-01 1.306982823451309228e-01
