2.489132485845457765e-01 1.481402749648903505e-01 1.422949173249328471e-03
3.765903476469471545e-01 1.510806298408643444e-01 3.496874036250427215e-03
1.433251206827662605e-01 4.476776373327273628e-01 1.198617623187975788e-02
2.044870044456509606e-01 4.931902901518579463e-01 1.986953950776343750e-02
2.044870044456509606e-01 4.931902901518579463e-01 1.986953950776343750e-02
-1.112520825695400839e-01 6.786954666829153604e-01 1.666304613555021075e-02
1.715353944144237530e-01 4.354113498999770959e-01 1.250824712661874685e-02
3.616513545814176722e-01 8.336461464829463264e-01 2.526679042193729144e-02
7.133362442699848760e-01 4.900085654799235524e-01 3.832148145791632043e-02
6.815644488835227444e-01 6.327776484328508921e-01 2.766347957651301565e-02
6.815644488835227444e-01 6.327776484328508921e-01 2.766347957651301565e-02
6.815644488835227444e-01 6.327776484328508921e-01 2.766347957651301565e-02
6.815644488835227444e-01 6.327776484328508921e-01 2.766347957651301565e-02
7.695037042074736044e-01 3.947828271286945023e-01 3.996515042449492322e-02
6.908266450382208879e-01 5.160763403356576351e-01 3.759688948235551803e-02
6.908266450382208879e-01 5.160763403356576351e-01 3.759688948235551803e-02
6.908266450382208879e-01 5.160763403356576351e-01 3.759688948235551803e-02
6.908266450382208879e-01 5.160763403356576351e-01 3.759688948235551803e-02
6.908266450382208879e-01 5.160763403356576351e-01 3.759688948235551803e-02
9.356897952525127238e-01 4.691416541705839549e-01 2.858835190291386663e-02
7.422831530886788709e-01 5.113260409765453263e-01 3.585676016724091697e-02
1.279972417174225274e+00 2.849928955537014974e-01 2.399906515285467334e-02
1.279972417174225274e+00 2.849928955537014974e-01 2.399906515285467334e-02
1.109213388903558473e+00 3.105745726556045083e-01 3.272655885777095430e-02
1.109213388903558473e+00 3.105745726556045083e-01 3.272655885777095430e-02
1.109213388903558473e+00 3.105745726556045083e-01 3.272655885777095430e-02
7.809112296613396342e-01 3.258572829298093110e-01 3.844710328046625075e-02
8.527046359209189408e-01 4.277319044175637019e-01 3.695353853614561507e-02
1.189461197364449330e+00 2.571285031163343948e-01 3.240125664511319531e-02
1.098412920918123481e+00 1.965376017174401135e-01 3.820615660918762896e-02
1.035439548576620350e+00 3.553834898088252259e-01 3.324426324938700716e-02
9.246333247795460730e-01 2.339260559556232966e-01 3.771366895346785902e-02
6.328959098358973856e-01 4.029177991167178785e-01 3.768724756496029393e-02
6.328959098358973856e-01 4.029177991167178785e-01 3.768724756496029393e-02
7.547796779582958138e-01 2.182554565099821819e-01 2.804514986018587577e-02
7.547796779582958138e-01 2.182554565099821819e-01 2.804514986018587577e-02
7.547796779582958138e-01 2.182554565099821819e-01 2.804514986018587577e-02
7.547796779582958138e-01 2.182554565099821819e-01 2.804514986018587577e-02
7.547796779582958138e-01 2.182554565099821819e-01 2.804514986018587577e-02
1.081088129264135445e+00 4.434639394923601818e-01 2.134495945033016914e-02
9.596193979120225537e-01 4.492829527298602965e-01 2.906644608113116007e-02
1.302527899395121258e+00 5.692332731254009515e-01 2.744375033677341584e-03
1.219385496578549777e+00 4.854326806613595835e-01 9.383497108490769512e-03
8.058501196983054449e-01 3.817376853312197116e-01 3.987764940947350484e-02
8.058501196983054449e-01 3.817376853312197116e-01 3.987764940947350484e-02
8.058501196983054449e-01 3.817376853312197116e-01 3.987764940947350484e-02
5.406712372838463621e-01 4.225460241610238810e-01 3.487985195943438949e-02
1.351763121165275305e-01 7.070461787858319802e-01 3.340329548761741818e-02
1.351763121165275305e-01 7.070461787858319802e-01 3.340329548761741818e-02
8.516677539116557227e-03 9.708066949174178895e-01 2.804394820239708083e-02
8.516677539116557227e-03 9.708066949174178895e-01 2.804394820239708083e-02
-1.961074893301814615e-01 6.782310305546086493e-01 1.184157192260265438e-02
-1.961074893301814615e-01 6.782310305546086493e-01 1.184157192260265438e-02
-1.961074893301814615e-01 6.782310305546086493e-01 1.184157192260265438e-02
-8.578050550193196122e-02 7.093504582294785088e-01 2.087773090954267441e-02
-1.294416331440988444e-01 9.925896226257239219e-01 2.910194113597062635e-02
3.227376694229833198e-02 8.340861793992848661e-01 3.325336623415150322e-02
1.636509366618552341e-01 3.092582849329728045e-01 4.383323602289572116e-03
7.096022607582089803e-01 8.618064058990690390e-02 1.164020006014631660e-02
7.096022607582089803e-01 8.618064058990690390e-02 1.164020006014631660e-02
7.321537931325166060e-01 -9.603340644547156413e-02 2.565918279893304645e-03
9.820536375255864980e-01 2.868695076265199706e-01 3.899422347779842729e-02
9.820536375255864980e-01 2.868695076265199706e-01 3.899422347779842729e-02
8.368400498889961847e-01 4.131650334700779359e-01 3.836824963675746630e-02
1.678540780525938914e-01 5.900531534523567601e-01 2.682698181979928723e-02
1.678540780525938914e-01 5.900531534523567601e-01 2.682698181979928723e-02
1.678540780525938914e-01 5.900531534523567601e-01 2.682698181979928723e-02
1.678540780525938914e-01 5.900531534523567601e-01 2.682698181979928723e-02
8.762686709174293265e-01 4.862145379691772407e-01 3.069713992216230661e-02
1.181376586334295098e+00 -2.201472017033567763e-02 2.764214577529273964e-02
1.351904153995620028e+00 -1.159044810054507130e-01 2.664809834056320811e-02
1.454406696020417167e+00 -2.567012619591052536e-04 3.322345498967532729e-02
1.566146760531394122e+00 -7.478895415321074047e-02 3.128797420551688441e-02
1.442647672866442798e+00 3.155439984977105594e-02 3.293564835646638211e-02
9.042749114553541023e-01 3.969545583935368271e-01 3.676657856317001177e-02
9.042749114553541023e-01 3.969545583935368271e-01 3.676657856317001177e-02
9.042749114553541023e-01 3.969545583935368271e-01 3.676657856317001177e-02
9.042749114553541023e-01 3.969545583935368271e-01 3.676657856317001177e-02
1.140161263463719044e+00 1.964230220926574677e-01 3.753459310798972631e-02
1.140161263463719044e+00 1.964230220926574677e-01 3.753459310798972631e-02
1.084502926498721154e+00 3.344396779696247601e-01 3.215764915644540173e-02
1.084502926498721154e+00 3.344396779696247601e-01 3.215764915644540173e-02
6.261378730407611837e-01 3.779240155444569815e-01 3.573246099508748524e-02
7.649181393251232031e-01 2.179391631004622132e-01 2.866023074326647796e-02
5.938691637538562329e-01 4.673461525427666241e-01 3.925027292579864879e-02
3.871871211007040237e-01 7.972287068171073354e-01 2.763035997383206030e-02
3.871871211007040237e-01 7.972287068171073354e-01 2.763035997383206030e-02
2.636621094442156421e-01 4.866367695862804932e-01 2.324663322530848286e-02
4.498267893922410776e-01 2.626427260803772534e-01 1.307956768673621331e-02
5.379737909442134924e-01 1.521245175529080673e-01 8.685800299317258943e-03
9.761766043534743087e-01 5.052341057297511373e-01 2.191178195989101907e-02
1.015261704824847122e+00 4.425403202161770633e-01 2.599859672113392917e-02
1.015261704824847122e+00 4.425403202161770633e-01 2.599859672113392917e-02
1.015261704824847122e+00 4.425403202161770633e-01 2.599859672113392917e-02
1.082196678707549875e+00 4.032249118746242811e-01 2.554523289638153949e-02
1.082196678707549875e+00 4.032249118746242811e-01 2.554523289638153949e-02
1.082219345248365272e+00 1.470045876660460160e-01 3.697044206137542477e-02
2.627338470874929222e-01 5.752035856611119602e-01 3.151496144245047315e-02
8.106083897378604242e-01 6.579413630207797681e-01 1.659283391528800292e-02
8.308119582732481634e-01 5.352382065048802984e-01 2.852708279013830769e-02
