2.489132485845457765e-01 1.481402749648903505e-01 1.720547556788137302e-03
1.564191544758038177e-01 2.971328418877342004e-02 1.372253011075485237e-04
3.963474048898986135e-01 3.209094362393947186e-01 2.185269438331704020e-02
4.512246302191308955e-01 7.222129252818604295e-01 5.721393731636829211e-02
2.044075990769140816e-01 7.163880665763545652e-01 6.948813293860142681e-02
2.044075990769140816e-01 7.163880665763545652e-01 6.948813293860142681e-02
-1.976588174461914593e-01 8.169098853505377678e-01 5.182783155894683108e-02
-1.976588174461914593e-01 8.169098853505377678e-01 5.182783155894683108e-02
2.330091930460043148e-02 1.035650416128690354e+00 4.974552207770269879e-02
2.330091930460043148e-02 1.035650416128690354e+00 4.974552207770269879e-02
2.330091930460043148e-02 1.035650416128690354e+00 4.974552207770269879e-02
2.330091930460043148e-02 1.035650416128690354e+00 4.974552207770269879e-02
2.330091930460043148e-02 1.035650416128690354e+00 4.974552207770269879e-02
2.330091930460043148e-02 1.035650416128690354e+00 4.974552207770269879e-02
2.330091930460043148e-02 1.035650416128690354e+00 4.974552207770269879e-02
3.925368655780975269e-01 6.770020764391233570e-01 6.658065929712760067e-02
3.925368655780975269e-01 6.770020764391233570e-01 6.658065929712760067e-02
7.314665099507415835e-01 4.903272898627482057e-01 5.750689268395477866e-02
6.298111634322262065e-01 8.514369115831735835e-01 1.601998720608561674e-02
4.715139792553488252e-01 6.274205700251084261e-01 6.514005217229805467e-02
8.990730718960493473e-02 1.089742663334893669e+00 3.102325435990201455e-02
8.990730718960493473e-02 1.089742663334893669e+00 3.102325435990201455e-02
3.708523771159685234e-01 7.164252794315906225e-01 6.503097585292577643e-02
3.708523771159685234e-01 7.164252794315906225e-01 6.503097585292577643e-02
3.708523771159685234e-01 7.164252794315906225e-01 6.503097585292577643e-02
3.708523771159685234e-01 7.164252794315906225e-01 6.503097585292577643e-02
5.028269148131861987e-01 5.387146857725477744e-01 6.411551842229303022e-02
5.028269148131861987e-01 5.387146857725477744e-01 6.411551842229303022e-02
5.028269148131861987e-01 5.387146857725477744e-01 6.411551842229303022e-02
6.306034176939669944e-01 4.444398308081513038e-01 5.954489021844710378e-02
6.306034176939669944e-01 4.444398308081513038e-01 5.954489021844710378e-02
7.595978632443471934e-01 7.979634103361393782e-02 1.499273477078203083e-02
1.285396123214897379e+00 9.698692747393826419e-02 3.917128685402559984e-02
1.285396123214897379e+00 9.698692747393826419e-02 3.917128685402559984e-02
1.285396123214897379e+00 9.698692747393826419e-02 3.917128685402559984e-02
1.599826992620223765e+00 -1.646786646667116050e-01 2.523288179815594973e-02
1.599826992620223765e+00 -1.646786646667116050e-01 2.523288179815594973e-02
8.896866804090685088e-01 -4.429946607563375882e-02 9.268078791553486726e-03
6.840742093638931820e-01 1.402697695603386530e-01 1.769014339221364543e-02
6.840742093638931820e-01 1.402697695603386530e-01 1.769014339221364543e-02
6.840742093638931820e-01 1.402697695603386530e-01 1.769014339221364543e-02
6.840742093638931820e-01 1.402697695603386530e-01 1.769014339221364543e-02
6.379306973483520604e-01 1.049089572814110305e-01 1.093783636305462048e-02
6.312534446492381601e-01 -1.842439953605353176e-01 3.209819754888544293e-04
1.262481083160471140e+00 -4.517296575572413153e-02 2.791565672279965396e-02
1.262481083160471140e+00 -4.517296575572413153e-02 2.791565672279965396e-02
1.262481083160471140e+00 -4.517296575572413153e-02 2.791565672279965396e-02
1.262481083160471140e+00 -4.517296575572413153e-02 2.791565672279965396e-02
1.262481083160471140e+00 -4.517296575572413153e-02 2.791565672279965396e-02
1.283364254120638925e+00 -2.258709160644082614e-01 1.008347776050976148e-02
1.687865800546960227e+00 -5.272205591128842350e-01 3.713762059964122869e-03
1.687865800546960227e+00 -5.272205591128842350e-01 3.713762059964122869e-03
1.759549792980673599e+00 -3.013454781973912144e-01 1.839257500057584968e-02
1.782749158540884782e+00 3.210873050853657595e-02 1.480062825769420422e-02
1.264414095795808102e+00 1.373807819157807641e-01 4.022657323321605222e-02
1.511073252576063286e+00 1.039226480638781314e-01 2.739541707666712234e-02
1.511073252576063286e+00 1.039226480638781314e-01 2.739541707666712234e-02
1.511073252576063286e+00 1.039226480638781314e-01 2.739541707666712234e-02
1.473774117209792678e+00 2.576610612535799039e-01 1.687247270739519744e-02
9.937404440784403103e-01 3.741460744687281625e-01 4.644590650830957707e-02
6.572184482301115516e-01 4.064989501211628276e-01 5.679270746535982489e-02
6.572184482301115516e-01 4.064989501211628276e-01 5.679270746535982489e-02
6.572184482301115516e-01 4.064989501211628276e-01 5.679270746535982489e-02
6.572184482301115516e-01 4.064989501211628276e-01 5.679270746535982489e-02
6.572184482301115516e-01 4.064989501211628276e-01 5.679270746535982489e-02
1.103277659792153864e+00 3.354186084554422465e-01 4.060124298697709300e-02
1.304233108582595335e+00 1.549988335205420564e-01 3.799436739785649886e-02
1.304233108582595335e+00 1.549988335205420564e-01 3.799436739785649886e-02
1.362021700152470594e+00 -4.276148639576961563e-01 2.108338973292551120e-03
1.095091006221470931e+00 2.279814601594604140e-02 2.829811975592641179e-02
1.095091006221470931e+00 2.279814601594604140e-02 2.829811975592641179e-02
1.213874596709805687e+00 5.382377769839481740e-02 3.670189089798715082e-02
1.061767674955268248e+00 5.410019081971186861e-01 1.884323189802112122e-02
1.061767674955268248e+00 5.410019081971186861e-01 1.884323189802112122e-02
1.187130364810563776e+00 4.154491049555276705e-01 2.319256574110416247e-02
1.034046020720967185e+00 5.620604245020122125e-01 1.862847439130662502e-02
1.314482664477361284e+00 -1.237207458828349926e-01 2.131523267619472861e-02
1.048266119840464805e+00 3.712076421184923314e-01 4.196218641570439306e-02
7.910773861336592994e-01 4.772398625328510002e-01 5.416938779550418276e-02
7.378113371454592118e-01 6.075357209603022834e-01 4.301828820221521854e-02
7.378113371454592118e-01 6.075357209603022834e-01 4.301828820221521854e-02
6.881079650251852309e-01 6.023734876851857267e-01 4.943978454973784603e-02
6.504753088863364230e-01 4.568360143471298929e-01 6.048464455723288197e-02
6.504753088863364230e-01 4.568360143471298929e-01 6.048464455723288197e-02
6.504753088863364230e-01 4.568360143471298929e-01 6.048464455723288197e-02
6.208394823881607794e-01 4.273959126643264161e-01 5.772890828547975334e-02
6.208394823881607794e-01 4.273959126643264161e-01 5.772890828547975334e-02
1.131327009989987697e+00 -4.486511390886693817e-02 2.155449994143495210e-02
1.131327009989987697e+00 -4.486511390886693817e-02 2.155449994143495210e-02
1.131327009989987697e+00 -4.486511390886693817e-02 2.155449994143495210e-02
1.298120698267287265e+00 -2.872592879244786346e-01 6.383350306989996233e-03
1.745126376177732030e+00 -2.297987928471447727e-01 2.210252690597934444e-02
1.469029301339307425e+00 -7.130419335092619271e-03 3.274137561072174019e-02
1.469029301339307425e+00 -7.130419335092619271e-03 3.274137561072174019e-02
1.759541833720201787e+00 1.628298800265082918e-02 1.717808953929874857e-02
1.270399081087416615e+00 4.424211834922187059e-02 3.674226592832845889e-02
1.437152854988707595e+00 -3.464541709459581509e-02 3.226381980325536414e-02
1.059297208186085415e+00 5.450134744761175876e-02 3.058220255328360920e-02
1.006270456077929643e+00 -5.237336979155687855e-02 1.394680340785827213e-02
1.333418393409874447e+00 2.050944126524921474e-02 3.546304233236707848e-02
