2.489132485845457765e-01 1.481402749648903505e-01 2.056525916297551309e-03
2.489132485845457765e-01 1.481402749648903505e-01 2.056525916297551309e-03
3.589175493793921312e-01 2.806995334498276207e-01 1.825656449482462168e-02
4.779116906521172492e-01 1.426500270586657237e-01 7.995269226668207802e-03
4.779116906521172492e-01 1.426500270586657237e-01 7.995269226668207802e-03
5.950546846446415072e-01 2.447150615902001225e-01 3.273313682549001957e-02
3.428483238800586475e-01 4.739216688555308865e-01 6.796878571954033388e-02
3.428483238800586475e-01 4.739216688555308865e-01 6.796878571954033388e-02
4.048878729315688041e-01 6.738461348786006777e-01 1.035752832831376424e-01
7.129507186688930354e-01 4.975865547409792367e-01 7.987797166288056194e-02
1.053832012447266209e+00 2.021580283861860172e-01 5.071938369068687558e-02
1.053832012447266209e+00 2.021580283861860172e-01 5.071938369068687558e-02
6.812628067232849860e-01 4.726723238616754585e-01 8.307731473286844581e-02
8.223921953248070071e-01 4.816317236245294398e-01 6.741941130440201602e-02
4.630484687077389139e-01 2.528181915485880338e-01 2.204697407556671998e-02
8.286285299423955530e-01 5.308347701447151401e-01 5.892576828669857103e-02
2.042671668577378252e-01 7.123985484000991963e-01 1.175571151771850481e-01
4.706148060090915020e-01 7.549999206929102202e-01 7.533562629195217353e-02
4.706148060090915020e-01 7.549999206929102202e-01 7.533562629195217353e-02
4.706148060090915020e-01 7.549999206929102202e-01 7.533562629195217353e-02
4.706148060090915020e-01 7.549999206929102202e-01 7.533562629195217353e-02
4.706148060090915020e-01 7.549999206929102202e-01 7.533562629195217353e-02
3.738310142794131208e-01 4.190489674096539163e-01 5.449044685950117650e-02
3.738310142794131208e-01 4.190489674096539163e-01 5.449044685950117650e-02
4.542479850712885514e-01 6.550747425862074591e-01 9.901951796479488421e-02
3.836743589474117533e-01 5.495433972014971413e-01 9.443587049324826677e-02
3.836743589474117533e-01 5.495433972014971413e-01 9.443587049324826677e-02
3.836743589474117533e-01 5.495433972014971413e-01 9.443587049324826677e-02
1.142148388501617040e-01 7.174639128484081585e-01 1.154469281181498275e-01
-3.726025959481860106e-01 9.780432339701057298e-01 1.285978536058332289e-01
-3.726025959481860106e-01 9.780432339701057298e-01 1.285978536058332289e-01
-3.726025959481860106e-01 9.780432339701057298e-01 1.285978536058332289e-01
1.390666321539433259e-01 1.205092407763203921e+00 1.446490300647837977e-02
1.390666321539433259e-01 1.205092407763203921e+00 1.446490300647837977e-02
-1.451027416344914389e-01 1.020899288240499914e+00 1.271029365486606444e-01
-8.005265834911483303e-02 7.650242336294914569e-01 1.058992150695333839e-01
-8.005265834911483303e-02 7.650242336294914569e-01 1.058992150695333839e-01
-1.119092878898405724e-01 9.591301658001285535e-01 1.339114673303636038e-01
-5.117790856247623754e-01 1.284799732798541871e+00 1.110181543778353125e-01
-5.117790856247623754e-01 1.284799732798541871e+00 1.110181543778353125e-01
-3.228504425810753142e-01 1.204619920388615650e+00 1.014869834488474759e-01
-3.626966731035631275e-01 9.924374208734909608e-01 1.335531416001609351e-01
-3.626966731035631275e-01 9.924374208734909608e-01 1.335531416001609351e-01
-3.626966731035631275e-01 9.924374208734909608e-01 1.335531416001609351e-01
-4.594555217798530489e-01 1.205942852201029591e+00 1.281833718909263509e-01
-4.594555217798530489e-01 1.205942852201029591e+00 1.281833718909263509e-01
-6.564338677568630764e-01 1.003762634758425643e+00 7.681195909958114798e-02
-7.028900114875058502e-01 1.252848275609427908e+00 1.368859430204444894e-01
-7.028900114875058502e-01 1.252848275609427908e+00 1.368859430204444894e-01
-7.028900114875058502e-01 1.252848275609427908e+00 1.368859430204444894e-01
-7.028900114875058502e-01 1.252848275609427908e+00 1.368859430204444894e-01
-7.028900114875058502e-01 1.252848275609427908e+00 1.368859430204444894e-01
-7.028900114875058502e-01 1.252848275609427908e+00 1.368859430204444894e-01
-9.622460973836041154e-01 1.440259633242929160e+00 1.212239450076499914e-01
-9.622460973836041154e-01 1.440259633242929160e+00 1.212239450076499914e-01
-9.622460973836041154e-01 1.440259633242929160e+00 1.212239450076499914e-01
-6.373525572660826422e-01 1.238802230834918694e+00 1.377918186942368173e-01
-6.373525572660826422e-01 1.238802230834918694e+00 1.377918186942368173e-01
-7.986013793009506534e-01 1.374268469031376005e+00 1.250099366070460960e-01
-4.536259847779550713e-01 1.326010240510959060e+00 8.118347342048065629e-02
-4.536259847779550713e-01 1.326010240510959060e+00 8.118347342048065629e-02
-2.891996485311691956e-01 9.201942908726942205e-01 1.243086144254327563e-01
-2.891996485311691956e-01 9.201942908726942205e-01 1.243086144254327563e-01
-2.891996485311691956e-01 9.201942908726942205e-01 1.243086144254327563e-01
-2.891996485311691956e-01 9.201942908726942205e-01 1.243086144254327563e-01
-2.891996485311691956e-01 9.201942908726942205e-01 1.243086144254327563e-01
2.557209789471059924e-02 9.150826771454916297e-01 1.229538758283819783e-01
-7.265792160499832952e-02 7.669372878079885325e-01 1.078063605498581073e-01
-1.093749777547637081e-01 1.121245504521896308e+00 8.389394896282498237e-02
2.060523471055818179e-01 8.873193770057897778e-01 9.429756909429713729e-02
2.421041961389243102e-01 9.432654888120743930e-01 6.664519331343440878e-02
2.421041961389243102e-01 9.432654888120743930e-01 6.664519331343440878e-02
2.421041961389243102e-01 9.432654888120743930e-01 6.664519331343440878e-02
2.421041961389243102e-01 9.432654888120743930e-01 6.664519331343440878e-02
-6.026551145404923648e-02 9.987684278687679607e-01 1.175059308964147842e-01
-6.026551145404923648e-02 9.987684278687679607e-01 1.175059308964147842e-01
-3.208623479047380544e-01 1.071955190044009409e+00 1.392953716534282849e-01
-4.316777028341749478e-01 1.180501300643139739e+00 1.309973877937789244e-01
-4.316777028341749478e-01 1.180501300643139739e+00 1.309973877937789244e-01
-4.316777028341749478e-01 1.180501300643139739e+00 1.309973877937789244e-01
-4.316777028341749478e-01 1.180501300643139739e+00 1.309973877937789244e-01
-4.316777028341749478e-01 1.180501300643139739e+00 1.309973877937789244e-01
-3.255246955120314478e-01 1.384202607676997099e+00 3.380985418985228003e-02
-2.223600478452754658e-01 1.474376018726261117e+00 7.524950178785815014e-03
-2.223600478452754658e-01 1.474376018726261117e+00 7.524950178785815014e-03
-1.415771848541768074e-01 1.206750107883735712e+00 5.762743306748002031e-02
-2.514044452012237363e-01 1.261213437187210351e+00 6.124058797049968667e-02
-8.983409249492898541e-01 9.785615578672216541e-01 2.244261924335751862e-02
-1.042342906695209681e+00 1.375050024023727557e+00 1.142430952632838004e-01
-1.042342906695209681e+00 1.375050024023727557e+00 1.142430952632838004e-01
-9.927515080864108832e-01 1.573247263469314650e+00 8.856456132397033665e-02
-1.303835654868317873e+00 1.535078426925068351e+00 9.811238491910931336e-02
-1.459960824691972636e+00 1.681421087259826974e+00 8.799663723283228378e-02
-1.459960824691972636e+00 1.681421087259826974e+00 8.799663723283228378e-02
-1.459960824691972636e+00 1.681421087259826974e+00 8.799663723283228378e-02
-1.002347805757459742e+00 1.383812605419977526e+00 1.207943320290079670e-01
-1.002347805757459742e+00 1.383812605419977526e+00 1.207943320290079670e-01
-1.002347805757459742e+00 1.383812605419977526e+00 1.207943320290079670e-01
-1.103634981553103467e+00 1.421609825136462391e+00 1.122048007953198867e-01
-1.103634981553103467e+00 1.421609825136462391e+00 1.122048007953198867e-01
