2.489132485845457765e-01 1.481402749648903505e-01 1.398467452006835199e-03
2.489132485845457765e-01 1.481402749648903505e-01 1.398467452006835199e-03
2.393502487871490003e-01 2.442974023708404663e-01 3.672232397580322064e-03
-3.687993073955830869e-02 6.365255895955987953e-01 1.767901082768904772e-02
2.931355475487298912e-01 3.637727552757120120e-01 1.284920285898851280e-02
2.931355475487298912e-01 3.637727552757120120e-01 1.284920285898851280e-02
3.928396219685343915e-01 3.504352088551226929e-01 1.738452770930457372e-02
1.353569281998728280e-01 6.429358331614830613e-01 2.891347584898275661e-02
-8.777925651640733351e-03 9.392261675286770473e-01 3.041498557235137665e-02
-8.777925651640733351e-03 9.392261675286770473e-01 3.041498557235137665e-02
-6.798854388779324021e-02 9.480649654042352381e-01 3.074797931938768811e-02
-6.798854388779324021e-02 9.480649654042352381e-01 3.074797931938768811e-02
-6.798854388779324021e-02 9.480649654042352381e-01 3.074797931938768811e-02
-1.606779103213596682e-01 9.980310732692542208e-01 2.951645159881936820e-02
-3.684916311036081638e-01 1.073118160365604812e+00 2.663316569940169312e-02
-3.684916311036081638e-01 1.073118160365604812e+00 2.663316569940169312e-02
-3.684916311036081638e-01 1.073118160365604812e+00 2.663316569940169312e-02
-3.684916311036081638e-01 1.073118160365604812e+00 2.663316569940169312e-02
-6.089938660369147438e-01 8.221927819156618078e-01 4.236275751388848126e-03
-4.573983259581723138e-01 1.055876152223166109e+00 2.366112633238100574e-02
-4.573983259581723138e-01 1.055876152223166109e+00 2.366112633238100574e-02
-4.573983259581723138e-01 1.055876152223166109e+00 2.366112633238100574e-02
-4.573983259581723138e-01 1.055876152223166109e+00 2.366112633238100574e-02
-9.809088662469350739e-02 8.646247679623576543e-01 3.051059339472448825e-02
-2.622281973397496690e-01 8.463064056224237630e-01 2.147844316346076907e-02
-2.622281973397496690e-01 8.463064056224237630e-01 2.147844316346076907e-02
-2.622281973397496690e-01 8.463064056224237630e-01 2.147844316346076907e-02
-2.622281973397496690e-01 8.463064056224237630e-01 2.147844316346076907e-02
-5.619669603616845865e-01 1.126196934728504129e+00 2.203744984248794461e-02
-5.619669603616845865e-01 1.126196934728504129e+00 2.203744984248794461e-02
-5.619669603616845865e-01 1.126196934728504129e+00 2.203744984248794461e-02
-1.055107107682425660e+00 1.410178315413945782e+00 1.327404580073957355e-02
-1.139071105075599721e+00 1.412340656568285002e+00 1.083820513035698395e-02
-1.139071105075599721e+00 1.412340656568285002e+00 1.083820513035698395e-02
-1.041766733238042475e+00 1.653551639884335733e+00 1.043797405647923018e-02
-5.315951754308246846e-01 1.170220200120285048e+00 2.360009492166998540e-02
-2.960349428504460700e-02 1.024744076403503623e+00 2.518315678057079371e-02
-2.960349428504460700e-02 1.024744076403503623e+00 2.518315678057079371e-02
2.594883081100338162e-01 1.238078683867783303e+00 1.659061365495582670e-03
7.355001066267525811e-01 5.629364239457258501e-01 2.913505446834480442e-02
7.355001066267525811e-01 5.629364239457258501e-01 2.913505446834480442e-02
8.042359933291030050e-01 4.617467132672082308e-01 3.370426444550409656e-02
8.087366049332810336e-01 5.133323255540868102e-01 2.941196900990668966e-02
8.856006088949280874e-01 2.775915762728214942e-01 3.564296064620696425e-02
1.101885290383101124e+00 6.722437763140232114e-01 3.022176681603371950e-03
7.385930315740705243e-01 6.162443983886664034e-01 2.366639220743618766e-02
7.385930315740705243e-01 6.162443983886664034e-01 2.366639220743618766e-02
7.385930315740705243e-01 6.162443983886664034e-01 2.366639220743618766e-02
7.385930315740705243e-01 6.162443983886664034e-01 2.366639220743618766e-02
8.863938146256136186e-01 4.808034676540861030e-01 2.775299763091985256e-02
1.165571824848479654e+00 -1.313565438949675368e-01 1.439870416697859937e-02
1.165571824848479654e+00 -1.313565438949675368e-01 1.439870416697859937e-02
1.195539331049419340e+00 3.319755769333409545e-01 2.204234561121399399e-02
1.008275263568609414e+00 6.176059360587282665e-02 2.463621574424804811e-02
1.020333525816963904e+00 2.997348189578615263e-01 3.392220511372708719e-02
1.020333525816963904e+00 2.997348189578615263e-01 3.392220511372708719e-02
9.617141887664404365e-01 3.414234692636389790e-01 3.415356390597700659e-02
9.617141887664404365e-01 3.414234692636389790e-01 3.415356390597700659e-02
8.005939720972493623e-01 7.159051397228345381e-01 1.065613649794722000e-02
8.197694081424434787e-01 7.162266680569173705e-01 9.743343295479179114e-03
7.971405968155806931e-01 6.095316209745649250e-01 2.060780541515811262e-02
5.817081118935383266e-01 5.822205774948286949e-01 3.493326798547765483e-02
5.817081118935383266e-01 5.822205774948286949e-01 3.493326798547765483e-02
4.100740911215350337e-01 1.682247353869533724e-01 4.888354178858957295e-03
4.100740911215350337e-01 1.682247353869533724e-01 4.888354178858957295e-03
4.100740911215350337e-01 1.682247353869533724e-01 4.888354178858957295e-03
7.728364469566335604e-01 3.877765355616517029e-01 3.696758170596734644e-02
7.728364469566335604e-01 3.877765355616517029e-01 3.696758170596734644e-02
1.088509555200166457e+00 4.381888166392559070e-01 1.892321939893144150e-02
1.088509555200166457e+00 4.381888166392559070e-01 1.892321939893144150e-02
1.088509555200166457e+00 4.381888166392559070e-01 1.892321939893144150e-02
1.088509555200166457e+00 4.381888166392559070e-01 1.892321939893144150e-02
1.041788184879713697e+00 5.090125199250910004e-01 1.520049059781601077e-02
1.041788184879713697e+00 5.090125199250910004e-01 1.520049059781601077e-02
1.061935559900708981e+00 2.746837562803898236e-01 3.350838407330731378e-02
1.061935559900708981e+00 2.746837562803898236e-01 3.350838407330731378e-02
1.061935559900708981e+00 2.746837562803898236e-01 3.350838407330731378e-02
1.061935559900708981e+00 2.746837562803898236e-01 3.350838407330731378e-02
1.061935559900708981e+00 2.746837562803898236e-01 3.350838407330731378e-02
1.107888716602399404e+00 3.219275793160524257e-01 2.833608221322083190e-02
1.107888716602399404e+00 3.219275793160524257e-01 2.833608221322083190e-02
1.107888716602399404e+00 3.219275793160524257e-01 2.833608221322083190e-02
1.107888716602399404e+00 3.219275793160524257e-01 2.833608221322083190e-02
1.110473868001001119e+00 -1.770085899328588397e-03 2.367431091215571604e-02
1.083230206367025383e+00 2.671126814563667407e-01 3.305514383827186375e-02
1.391160729148861019e+00 5.494690746029762263e-02 2.978839615526185369e-02
1.448746259784420287e+00 2.594307996643204633e-02 2.870535574603831977e-02
1.448746259784420287e+00 2.594307996643204633e-02 2.870535574603831977e-02
1.448746259784420287e+00 2.594307996643204633e-02 2.870535574603831977e-02
1.548888568727260440e+00 -2.101161615611899236e-01 2.290910676655074155e-02
1.548888568727260440e+00 -2.101161615611899236e-01 2.290910676655074155e-02
1.548888568727260440e+00 -2.101161615611899236e-01 2.290910676655074155e-02
1.548888568727260440e+00 -2.101161615611899236e-01 2.290910676655074155e-02
1.007953295693042595e+00 1.498373925118898220e-02 2.005389997596375082e-02
1.007953295693042595e+00 1.498373925118898220e-02 2.005389997596375082e-02
1.283965939672082612e+00 -8.034263270832418813e-04 2.972600163661524159e-02
1.283965939672082612e+00 -8.034263270832418813e-04 2.972600163661524159e-02
1.392099503734446131e+00 -1.092806116419483414e-01 2.560320913537307216e-02
1.392099503734446131e+00 -1.092806116419483414e-01 2.560320913537307216e-02
1.179128632749153471e+00 -1.124445178853486493e-01 1.670058416795145231e-02
