2.489132485845457765e-01 1.481402749648903505e-01 2.641398792424611702e-03
2.955712444016991847e-01 2.143583891027747712e-01 9.106921299702148975e-03
2.955712444016991847e-01 2.143583891027747712e-01 9.106921299702148975e-03
2.955712444016991847e-01 2.143583891027747712e-01 9.106921299702148975e-03
-4.176039900078933331e-01 7.913462733054339449e-01 9.520786827234958838e-02
-4.176039900078933331e-01 7.913462733054339449e-01 9.520786827234958838e-02
-4.176039900078933331e-01 7.913462733054339449e-01 9.520786827234958838e-02
-3.038578524335722730e-01 1.018698913419674890e+00 2.136054618700986008e-01
-2.940854554001071097e-02 9.134651722830615661e-01 1.969576256971685424e-01
-2.940854554001071097e-02 9.134651722830615661e-01 1.969576256971685424e-01
5.466644375368059916e-02 8.600476399627796642e-01 1.956483973781518448e-01
5.466644375368059916e-02 8.600476399627796642e-01 1.956483973781518448e-01
5.466644375368059916e-02 8.600476399627796642e-01 1.956483973781518448e-01
5.466644375368059916e-02 8.600476399627796642e-01 1.956483973781518448e-01
5.466644375368059916e-02 8.600476399627796642e-01 1.956483973781518448e-01
-2.830408165097301199e-01 9.504269828263607334e-01 2.185921220921773211e-01
-2.830408165097301199e-01 9.504269828263607334e-01 2.185921220921773211e-01
-2.513053202250291052e-01 1.004193906364106326e+00 2.106661341660564235e-01
9.380549971465307335e-02 6.938679438468824401e-01 1.843859937186247966e-01
9.380549971465307335e-02 6.938679438468824401e-01 1.843859937186247966e-01
-2.043121590893537398e-01 1.050475969809135712e+00 1.768609853142236732e-01
3.577137156246068539e-02 7.685903926658003149e-01 2.040885916914918219e-01
3.857597417225452213e-02 9.523058010558040909e-01 1.537569699837398884e-01
1.695961489911859410e-01 7.754209317183893280e-01 1.924523841188428841e-01
1.419490455500210246e-01 6.158771107761094044e-01 1.524877761057656655e-01
2.357738552958657807e-01 3.885082582715271848e-01 4.576074515730933073e-02
2.357738552958657807e-01 3.885082582715271848e-01 4.576074515730933073e-02
-1.870962607680995704e-01 7.639689830783901181e-01 1.572070892733539726e-01
-1.870962607680995704e-01 7.639689830783901181e-01 1.572070892733539726e-01
1.005585269749215971e-01 5.922837501533364524e-01 1.276405939533559186e-01
3.440152197618616126e-01 7.408147116710763758e-01 1.566904635229134646e-01
5.096045954540368017e-02 9.918958055898768889e-01 1.231203533167274100e-01
-2.514483793441149584e-01 1.036836994217752883e+00 1.975734361641586501e-01
-4.837735906109331685e-01 8.963891671785410020e-01 1.415448753595351661e-01
-4.837735906109331685e-01 8.963891671785410020e-01 1.415448753595351661e-01
8.075587156638253106e-02 1.098015857244010407e+00 5.162665027222951286e-02
8.075587156638253106e-02 1.098015857244010407e+00 5.162665027222951286e-02
8.075587156638253106e-02 1.098015857244010407e+00 5.162665027222951286e-02
8.075587156638253106e-02 1.098015857244010407e+00 5.162665027222951286e-02
-7.354900188277488371e-03 7.897043380916042299e-01 2.070257133503231317e-01
6.577620582628704304e-02 6.473505645685415644e-01 1.538717717861116940e-01
-3.473065858211803192e-02 1.082519310208591934e+00 9.482155069368673750e-02
-3.473065858211803192e-02 1.082519310208591934e+00 9.482155069368673750e-02
-3.473065858211803192e-02 1.082519310208591934e+00 9.482155069368673750e-02
-3.473065858211803192e-02 1.082519310208591934e+00 9.482155069368673750e-02
-5.000549946119943190e-01 9.224164953974121062e-01 1.526084063918523859e-01
-5.000549946119943190e-01 9.224164953974121062e-01 1.526084063918523859e-01
-5.000549946119943190e-01 9.224164953974121062e-01 1.526084063918523859e-01
-5.000549946119943190e-01 9.224164953974121062e-01 1.526084063918523859e-01
-5.000549946119943190e-01 9.224164953974121062e-01 1.526084063918523859e-01
-5.000549946119943190e-01 9.224164953974121062e-01 1.526084063918523859e-01
-5.000549946119943190e-01 9.224164953974121062e-01 1.526084063918523859e-01
-1.253445330752222531e-01 9.284311598812013955e-01 2.122132538427613513e-01
-1.253445330752222531e-01 9.284311598812013955e-01 2.122132538427613513e-01
-3.493412126665683126e-01 9.985655419233000485e-01 2.180384011759223806e-01
-8.562445403653171638e-01 1.334366019619460220e+00 1.569901821217467852e-01
-7.243389029562411485e-01 1.048531573970349129e+00 1.452753397430411597e-01
-7.645023685176706163e-01 1.428462453629406159e+00 9.258818122945029760e-02
-7.645023685176706163e-01 1.428462453629406159e+00 9.258818122945029760e-02
-7.645023685176706163e-01 1.428462453629406159e+00 9.258818122945029760e-02
-7.645023685176706163e-01 1.428462453629406159e+00 9.258818122945029760e-02
-7.645023685176706163e-01 1.428462453629406159e+00 9.258818122945029760e-02
-9.163922650460297747e-01 1.237986421939931247e+00 1.597136171709297725e-01
-9.163922650460297747e-01 1.237986421939931247e+00 1.597136171709297725e-01
-9.163922650460297747e-01 1.237986421939931247e+00 1.597136171709297725e-01
-9.163922650460297747e-01 1.237986421939931247e+00 1.597136171709297725e-01
-1.091420319261967808e+00 1.112982522169965849e+00 5.503917128629647049e-02
-1.091420319261967808e+00 1.112982522169965849e+00 5.503917128629647049e-02
-8.316737602805499563e-01 1.023155957354848544e+00 9.122303173301822554e-02
-6.603049075659760403e-01 7.862193412239097956e-01 2.958978371886916009e-02
-3.692898132885667484e-01 9.067704323436074354e-01 1.879011715004612615e-01
-2.038391664756112887e-01 9.163223216448984632e-01 2.189057818363129015e-01
-4.635156180673808413e-01 1.209118087771194228e+00 1.534643907879645885e-01
-4.627825357508325577e-01 1.205713480644865720e+00 1.554850689642902906e-01
-9.580305825754720228e-02 9.033520705885729196e-01 2.133070411576093450e-01
-9.580305825754720228e-02 9.033520705885729196e-01 2.133070411576093450e-01
-2.615295132886383267e-01 9.082699168006338475e-01 2.128398623279061930e-01
2.314431040192765909e-01 8.301352550326921431e-01 1.538541342898584463e-01
2.314431040192765909e-01 8.301352550326921431e-01 1.538541342898584463e-01
4.045487398214289709e-01 8.972902251399706985e-01 5.785528782517900676e-02
7.618683214267729653e-04 6.056274932765168817e-01 1.081786890423939024e-01
-1.911134201893498752e-01 8.162037498940480917e-01 1.884406231941648246e-01
-1.911134201893498752e-01 8.162037498940480917e-01 1.884406231941648246e-01
-1.911134201893498752e-01 8.162037498940480917e-01 1.884406231941648246e-01
-1.911134201893498752e-01 8.162037498940480917e-01 1.884406231941648246e-01
-1.911134201893498752e-01 8.162037498940480917e-01 1.884406231941648246e-01
-1.911134201893498752e-01 8.162037498940480917e-01 1.884406231941648246e-01
-2.255986171719344957e-01 7.246221236259524634e-01 1.167005805051743450e-01
-1.826603342592539037e-01 1.247128737344723071e+00 4.715721113739396175e-02
7.984909485032001819e-02 8.541982081896228873e-01 1.912372636936338632e-01
7.984909485032001819e-02 8.541982081896228873e-01 1.912372636936338632e-01
-4.232011359674714424e-03 8.360636963584362480e-01 2.108774694822347917e-01
-4.232011359674714424e-03 8.360636963584362480e-01 2.108774694822347917e-01
2.579046209360147390e-01 5.909689830673946487e-01 1.593698601611321375e-01
2.579046209360147390e-01 5.909689830673946487e-01 1.593698601611321375e-01
-6.270330567250165243e-02 1.017471637162177700e+00 1.489504215857153091e-01
-1.254824281713063927e-01 7.249345975503957984e-01 1.504564200428705756e-01
8.032156925531561131e-02 6.429227760307301143e-01 1.546805080334646143e-01
8.032156925531561131e-02 6.429227760307301143e-01 1.546805080334646143e-01
8.032156925531561131e-02 6.429227760307301143e-01 1.546805080334646143e-01
