2.489132485845457765e-01 1.481402749648903505e-01 2.114136621708441206e-03
-1.178929179273670580e-01 5.024243169885889149e-01 1.513323901464218649e-02
1.482285446053419053e-01 5.032915520660888875e-01 4.877424602975278384e-02
1.215610190580529437e-02 4.619231109132815316e-01 1.998308482993105262e-02
1.201940596568433495e-01 3.042328714743787743e-01 6.714784591866071461e-03
4.275264684074324695e-01 1.508043119876564808e-01 6.895455313530486283e-03
7.309424912692066290e-01 6.748508305694596032e-01 4.172625042692054004e-02
7.889437859254763152e-01 4.795126634410801225e-01 6.894053217445579584e-02
8.447722269712740761e-01 -1.293544710341288928e-01 2.660968786416606415e-03
9.458868940388424074e-01 -6.073858101319706826e-02 9.390894123238492652e-03
1.031849851807457696e+00 -5.076314587500879716e-02 1.403311015174367113e-02
1.031195746425295656e+00 1.303684928257003994e-01 4.065996886877307204e-02
1.294632420328611033e+00 1.357718585841568848e-01 3.674499432149932326e-02
8.137614909467022484e-01 1.759786394980420443e-01 3.728638365054499221e-02
8.362631973691562193e-01 6.664842219715023663e-01 2.728044891664929694e-02
6.029667180102412649e-01 4.246907574450915490e-01 7.774238794269798525e-02
6.029667180102412649e-01 4.246907574450915490e-01 7.774238794269798525e-02
7.541074516224680613e-01 4.201879812956742510e-01 7.470395633109190581e-02
6.915892221338776347e-01 1.733784658004147994e-01 2.692234423524907799e-02
4.704437334231016399e-01 2.853127080925464965e-01 3.011495379014769019e-02
1.147757688512487939e-01 4.300149282737337764e-01 2.418620901085078920e-02
4.819443531726182173e-02 5.507798637325233004e-01 4.828086124870898527e-02
4.819443531726182173e-02 5.507798637325233004e-01 4.828086124870898527e-02
1.723690685207483198e-01 7.140313456688043292e-01 1.170241208258112342e-01
5.423100323528999844e-01 2.267887545333309163e-01 2.458358949883868161e-02
1.663790175541878247e-01 6.764854055330549176e-01 1.093864640872611455e-01
1.663790175541878247e-01 6.764854055330549176e-01 1.093864640872611455e-01
2.060169543455835361e-01 8.378860523719354747e-01 1.068467972778717190e-01
5.870493740779192393e-03 5.208960760652249222e-01 3.277808885860006988e-02
3.760493107105969401e-01 5.951434830091704153e-01 1.019312953082415207e-01
3.142871057128109324e-01 3.939376916549292562e-01 3.947257643670078198e-02
4.400079189023472503e-01 6.744549819939402724e-01 9.634745298714408879e-02
4.400079189023472503e-01 6.744549819939402724e-01 9.634745298714408879e-02
3.952189382263802120e-01 8.176432658465780934e-01 7.087453965669020250e-02
3.952189382263802120e-01 8.176432658465780934e-01 7.087453965669020250e-02
3.952189382263802120e-01 8.176432658465780934e-01 7.087453965669020250e-02
5.953594807095314856e-01 4.731085398466181036e-01 8.494405874341647011e-02
2.596704643446948180e-01 4.812106850436904670e-01 5.873792991641616640e-02
2.596704643446948180e-01 4.812106850436904670e-01 5.873792991641616640e-02
9.664252565431202813e-02 2.371811385433462427e-01 2.414339853897528362e-03
3.024261986229087040e-01 4.691153734729355262e-01 6.103127942010752593e-02
3.024261986229087040e-01 4.691153734729355262e-01 6.103127942010752593e-02
-2.036976109905879739e-01 6.977947203304588619e-01 5.451780258040653249e-02
-2.975949990103990972e-01 7.820768724706821384e-01 6.781143464354894013e-02
4.394522166133779661e-01 5.423544789552079415e-01 9.453609057684926598e-02
2.242992297114652644e-01 6.674360891436588172e-01 1.107172020061317486e-01
7.661429181015912970e-01 4.343877371066377502e-01 7.399901833346950175e-02
7.661429181015912970e-01 4.343877371066377502e-01 7.399901833346950175e-02
7.661429181015912970e-01 4.343877371066377502e-01 7.399901833346950175e-02
6.382643123736776447e-01 2.615475994114060398e-01 4.162301014585882697e-02
6.382643123736776447e-01 2.615475994114060398e-01 4.162301014585882697e-02
3.180782473491988727e-01 3.849579632402395091e-01 3.748620240538856618e-02
4.830530206490055711e-01 4.466709547138862924e-01 7.570088937755330150e-02
4.830530206490055711e-01 4.466709547138862924e-01 7.570088937755330150e-02
4.830530206490055711e-01 4.466709547138862924e-01 7.570088937755330150e-02
4.830530206490055711e-01 4.466709547138862924e-01 7.570088937755330150e-02
4.830530206490055711e-01 4.466709547138862924e-01 7.570088937755330150e-02
3.722323124066136413e-01 5.318061019838279391e-01 8.887806772377385145e-02
7.017344066104278522e-01 8.682797418233978437e-01 1.120197854928059455e-02
7.017344066104278522e-01 8.682797418233978437e-01 1.120197854928059455e-02
7.192455958239059033e-01 6.534196421996195658e-01 4.874259318621836090e-02
7.026387184186854151e-01 5.341596609631855674e-01 7.489477821989606876e-02
8.018712503613598663e-01 6.480131545229091961e-01 3.589829877940139274e-02
8.018712503613598663e-01 6.480131545229091961e-01 3.589829877940139274e-02
8.518791604301402254e-01 6.806774148555370108e-01 2.282926436329574954e-02
8.518791604301402254e-01 6.806774148555370108e-01 2.282926436329574954e-02
6.400927222628424174e-01 4.467717334339632029e-01 8.125794290151104604e-02
6.206212097808455619e-01 3.649324536523769202e-01 6.587367088801565629e-02
6.206212097808455619e-01 3.649324536523769202e-01 6.587367088801565629e-02
6.863730810256507553e-01 1.787813347825048804e-01 2.755502264372971036e-02
1.105600738229655988e+00 3.632538319250586678e-01 4.038503964611785818e-02
1.105600738229655988e+00 3.632538319250586678e-01 4.038503964611785818e-02
1.105600738229655988e+00 3.632538319250586678e-01 4.038503964611785818e-02
1.244770331341458647e+00 3.617055442320800118e-01 2.440380556014723479e-02
1.084077497220362396e+00 4.784375912350605775e-01 2.684752669032241384e-02
1.084077497220362396e+00 4.784375912350605775e-01 2.684752669032241384e-02
1.084077497220362396e+00 4.784375912350605775e-01 2.684752669032241384e-02
9.863241109387875794e-01 1.913732790590090271e-01 4.842507635090803619e-02
9.863241109387875794e-01 1.913732790590090271e-01 4.842507635090803619e-02
9.863241109387875794e-01 1.913732790590090271e-01 4.842507635090803619e-02
9.863241109387875794e-01 1.913732790590090271e-01 4.842507635090803619e-02
4.926985897655613011e-01 4.085910096410756420e-01 6.614543731410073291e-02
4.926985897655613011e-01 4.085910096410756420e-01 6.614543731410073291e-02
7.038216620577644189e-01 2.443791522194984356e-01 4.353733045221178100e-02
7.774623000297161690e-01 3.571855556692830058e-01 6.917826031465837411e-02
8.155798392777431349e-01 5.419211493563077520e-01 5.542194877787946089e-02
9.432321055058638937e-01 5.147357884875397582e-01 3.997899177143598992e-02
6.527653807196087676e-01 6.512599864698048746e-01 6.179245284028778845e-02
1.045559824139794536e-01 5.734808422466989297e-01 6.600289968474799818e-02
4.487568482262186964e-01 5.768728596288620336e-01 9.870417055421693009e-02
4.487568482262186964e-01 5.768728596288620336e-01 9.870417055421693009e-02
1.919340368687068588e-01 6.040698081380873052e-01 9.093250306103613234e-02
1.919340368687068588e-01 6.040698081380873052e-01 9.093250306103613234e-02
1.066332140396476363e-01 5.543804379656859238e-01 5.942549730471614888e-02
1.066332140396476363e-01 5.543804379656859238e-01 5.942549730471614888e-02
6.444456016662833409e-02 5.171719092446662724e-01 4.018472531672954290e-02
1.048507410844496113e-01 7.245510664352776686e-01 1.161762702424048305e-01
5.338538142132910336e-01 6.503556872440190428e-01 8.453622417778586251e-02
4.493413672580838236e-01 5.816666172523546896e-01 9.902606735206173627e-02
7.282781393435951989e-01 5.339776315433529819e-01 7.105633362331674474e-02
