2.489132485845457765e-01 1.481402749648903505e-01 1.739462933901049372e-03
-1.690417628462295152e-01 5.612326670629910197e-01 1.132612803691121148e-02
5.199609175971647845e-02 4.151441814187002421e-01 9.660205228234457209e-03
9.204119724735804198e-02 3.588852684649909697e-01 6.975110552289453397e-03
9.204119724735804198e-02 3.588852684649909697e-01 6.975110552289453397e-03
3.277601596252612826e-01 6.798596789074468072e-02 1.092542866679416984e-03
4.103354036007584860e-01 1.433880847703498107e-01 4.784592876231834324e-03
7.775534470430747191e-01 1.771511272319216679e-01 2.875493197614650137e-02
1.063369387868610794e+00 1.831857429478095656e-01 4.001364991043150632e-02
1.063369387868610794e+00 1.831857429478095656e-01 4.001364991043150632e-02
1.063369387868610794e+00 1.831857429478095656e-01 4.001364991043150632e-02
1.063369387868610794e+00 1.831857429478095656e-01 4.001364991043150632e-02
1.063369387868610794e+00 1.831857429478095656e-01 4.001364991043150632e-02
1.063369387868610794e+00 1.831857429478095656e-01 4.001364991043150632e-02
1.063369387868610794e+00 1.831857429478095656e-01 4.001364991043150632e-02
1.018252235362006264e+00 2.189977460175599189e-01 4.203473332644312721e-02
1.018252235362006264e+00 2.189977460175599189e-01 4.203473332644312721e-02
1.003232835293389025e+00 4.614373468255215660e-01 2.925440971415126448e-02
7.400279664571756122e-01 3.234306173460391176e-01 4.688661344468141728e-02
7.400279664571756122e-01 3.234306173460391176e-01 4.688661344468141728e-02
7.400279664571756122e-01 3.234306173460391176e-01 4.688661344468141728e-02
7.400279664571756122e-01 3.234306173460391176e-01 4.688661344468141728e-02
7.400279664571756122e-01 3.234306173460391176e-01 4.688661344468141728e-02
8.137104057314078487e-01 4.527573948716688834e-01 4.797475061909024091e-02
8.137104057314078487e-01 4.527573948716688834e-01 4.797475061909024091e-02
8.137104057314078487e-01 4.527573948716688834e-01 4.797475061909024091e-02
6.423372834940563880e-01 7.219088444888726031e-01 3.052524401557761211e-02
6.423372834940563880e-01 7.219088444888726031e-01 3.052524401557761211e-02
2.638661093680821912e-01 8.623840421305033477e-01 5.223317860890615977e-02
2.638661093680821912e-01 8.623840421305033477e-01 5.223317860890615977e-02
5.568550348301684050e-01 8.671128422785956413e-01 1.768679105011268515e-02
5.568550348301684050e-01 8.671128422785956413e-01 1.768679105011268515e-02
5.568550348301684050e-01 8.671128422785956413e-01 1.768679105011268515e-02
5.605092115025110955e-01 7.273161455122649777e-01 3.926478491042543345e-02
4.724046497316400361e-01 3.841251602764282902e-01 3.886980303027739309e-02
4.724046497316400361e-01 3.841251602764282902e-01 3.886980303027739309e-02
4.724046497316400361e-01 3.841251602764282902e-01 3.886980303027739309e-02
1.030409157387649932e+00 3.656912540466060180e-01 3.723788328229390293e-02
1.030409157387649932e+00 3.656912540466060180e-01 3.723788328229390293e-02
9.147693459658260418e-01 4.188196266484274233e-01 4.243728027699908423e-02
9.147693459658260418e-01 4.188196266484274233e-01 4.243728027699908423e-02
9.147693459658260418e-01 4.188196266484274233e-01 4.243728027699908423e-02
8.029010404646693688e-01 2.765415736699037286e-01 4.387114390709349887e-02
6.469907800109475637e-01 3.558529520889462394e-01 4.683305487799011707e-02
7.854908084120559852e-01 5.166625346102946548e-01 4.446891250044461563e-02
7.854908084120559852e-01 5.166625346102946548e-01 4.446891250044461563e-02
7.854908084120559852e-01 5.166625346102946548e-01 4.446891250044461563e-02
9.149136621649024415e-01 3.359521602444460742e-01 4.672791975129896719e-02
1.146627079394167747e+00 1.042922332283621745e-01 3.544107345105319135e-02
1.146627079394167747e+00 1.042922332283621745e-01 3.544107345105319135e-02
1.498909903443071068e+00 6.797888049865827287e-02 2.398859492215417097e-02
1.498909903443071068e+00 6.797888049865827287e-02 2.398859492215417097e-02
1.498909903443071068e+00 6.797888049865827287e-02 2.398859492215417097e-02
1.265330867389673930e+00 9.772136805413882132e-02 3.390208991276213307e-02
1.265330867389673930e+00 9.772136805413882132e-02 3.390208991276213307e-02
1.265330867389673930e+00 9.772136805413882132e-02 3.390208991276213307e-02
1.265330867389673930e+00 9.772136805413882132e-02 3.390208991276213307e-02
1.234148320731360382e+00 -2.008135328255510332e-01 9.957711525653625828e-03
1.234148320731360382e+00 -2.008135328255510332e-01 9.957711525653625828e-03
1.340951666848524848e+00 -3.337136421161818189e-03 2.950046880167106478e-02
1.340951666848524848e+00 -3.337136421161818189e-03 2.950046880167106478e-02
1.340951666848524848e+00 -3.337136421161818189e-03 2.950046880167106478e-02
1.340951666848524848e+00 -3.337136421161818189e-03 2.950046880167106478e-02
1.174040734478663417e+00 -2.656891347955574467e-01 4.438397744185504194e-03
1.174040734478663417e+00 -2.656891347955574467e-01 4.438397744185504194e-03
1.657184529620246760e+00 -6.236858430758291938e-01 1.214815422168637020e-03
1.657184529620246760e+00 -6.236858430758291938e-01 1.214815422168637020e-03
1.657184529620246760e+00 -6.236858430758291938e-01 1.214815422168637020e-03
1.697824190668703048e+00 -2.097506028713350124e-01 1.933972673636029718e-02
1.744170615930036528e+00 -4.249201922692864009e-01 9.165570491503330711e-03
1.744170615930036528e+00 -4.249201922692864009e-01 9.165570491503330711e-03
1.744170615930036528e+00 -4.249201922692864009e-01 9.165570491503330711e-03
1.600939417406462617e+00 -2.823013643062092237e-01 1.483684269632409673e-02
1.422392642747810854e+00 -2.337341985851398851e-01 1.371739450420056579e-02
1.422392642747810854e+00 -2.337341985851398851e-01 1.371739450420056579e-02
1.454462598928278005e+00 1.685197723299169947e-01 2.049190938676555621e-02
1.143172873542318779e+00 9.289289062549238585e-02 3.461100700692153892e-02
5.124219855668494805e-01 1.560425005457893866e-01 9.445165879735512027e-03
1.095579297233830296e+00 -6.861986803439351634e-02 1.608008240661696481e-02
1.652099062446820588e+00 -1.971363545347170620e-01 2.003431825038613084e-02
1.178637326335668423e+00 -3.069096751486271035e-01 2.986928249826892486e-03
1.672335725771670667e+00 -5.475686655795279911e-01 2.880663649657404148e-03
1.672335725771670667e+00 -5.475686655795279911e-01 2.880663649657404148e-03
1.820089450223736138e+00 -2.545817264967087379e-02 1.166416528660608500e-02
1.436807923152680910e+00 -3.743480540907364040e-01 5.205617295148763125e-03
1.436807923152680910e+00 -3.743480540907364040e-01 5.205617295148763125e-03
1.436807923152680910e+00 -3.743480540907364040e-01 5.205617295148763125e-03
9.342046030802469980e-01 2.507268227015448381e-01 4.408839054307993333e-02
9.342046030802469980e-01 2.507268227015448381e-01 4.408839054307993333e-02
9.342046030802469980e-01 2.507268227015448381e-01 4.408839054307993333e-02
8.357917569125815627e-01 3.846979347653128878e-01 4.959005443874822672e-02
8.357917569125815627e-01 3.846979347653128878e-01 4.959005443874822672e-02
8.357917569125815627e-01 3.846979347653128878e-01 4.959005443874822672e-02
1.079540080975637917e+00 1.336522806238245042e-01 3.693386693315768576e-02
1.223635667875032640e+00 3.931190490587565534e-01 1.754354798804469776e-02
1.026044821205901680e+00 2.146993052670036484e-01 4.176776254285195777e-02
1.026044821205901680e+00 2.146993052670036484e-01 4.176776254285195777e-02
1.026044821205901680e+00 2.146993052670036484e-01 4.176776254285195777e-02
1.026044821205901680e+00 2.146993052670036484e-01 4.176776254285195777e-02
7.595159511316158518e-01 4.147247556737406748e-01 5.240753638245764651e-02
