2.489132485845457765e-01 1.481402749648903505e-01 2.803613687238254524e-03
2.489132485845457765e-01 1.481402749648903505e-01 2.803613687238254524e-03
3.973943824017939219e-01 2.006188102334105772e-01 1.425194067543783007e-02
9.935224049405438906e-02 3.830928693364005211e-01 2.412692577437531433e-02
-1.236989325799588146e-01 5.503418226551018977e-01 4.411853835197068752e-02
-2.221592721116079638e-01 6.376630230661731735e-01 6.183281474490474189e-02
-2.221592721116079638e-01 6.376630230661731735e-01 6.183281474490474189e-02
-3.087251913414742477e-01 6.562213727451454703e-01 4.905586237908838437e-02
-5.204236216020694528e-01 9.201694931385646647e-01 1.388957777946908112e-01
-5.204236216020694528e-01 9.201694931385646647e-01 1.388957777946908112e-01
-5.204236216020694528e-01 9.201694931385646647e-01 1.388957777946908112e-01
-5.204236216020694528e-01 9.201694931385646647e-01 1.388957777946908112e-01
-7.527204333833618088e-01 1.019518163224949703e+00 1.108419131284377329e-01
-7.527204333833618088e-01 1.019518163224949703e+00 1.108419131284377329e-01
-7.527204333833618088e-01 1.019518163224949703e+00 1.108419131284377329e-01
-1.173553222166541676e+00 1.305345211201748512e+00 1.008764459666743607e-01
-1.101227800030093018e+00 1.410907884014523272e+00 1.375662785750961237e-01
-1.101227800030093018e+00 1.410907884014523272e+00 1.375662785750961237e-01
-1.101227800030093018e+00 1.410907884014523272e+00 1.375662785750961237e-01
-1.101227800030093018e+00 1.410907884014523272e+00 1.375662785750961237e-01
-1.101227800030093018e+00 1.410907884014523272e+00 1.375662785750961237e-01
-1.176953101078571207e+00 1.570671462991080292e+00 9.742581944448688858e-02
-1.176953101078571207e+00 1.570671462991080292e+00 9.742581944448688858e-02
-1.176953101078571207e+00 1.570671462991080292e+00 9.742581944448688858e-02
-9.201597252537420113e-01 1.396742517302374198e+00 1.461324550063655969e-01
-1.207014279742319784e+00 1.487440880320583192e+00 1.191223830720032906e-01
-1.071396748520900388e+00 1.570327709184267562e+00 8.601520945979249100e-02
-1.071396748520900388e+00 1.570327709184267562e+00 8.601520945979249100e-02
-1.071396748520900388e+00 1.570327709184267562e+00 8.601520945979249100e-02
-1.071396748520900388e+00 1.570327709184267562e+00 8.601520945979249100e-02
-1.134801326787312270e+00 1.781200787854877676e+00 1.993477859976839489e-02
-1.134801326787312270e+00 1.781200787854877676e+00 1.993477859976839489e-02
-1.372767098703800315e+00 1.675283876885274692e+00 7.354660247061953204e-02
-1.340720995279687910e+00 1.411793823315822705e+00 8.589281162398766656e-02
-1.501060832925863897e+00 1.417087834830735193e+00 4.848103861216183919e-02
-1.501060832925863897e+00 1.417087834830735193e+00 4.848103861216183919e-02
-1.211710490940278273e+00 1.286574562417869050e+00 8.205451579361514036e-02
-1.211710490940278273e+00 1.286574562417869050e+00 8.205451579361514036e-02
-8.644344561546528638e-01 1.504474972941853395e+00 8.208236441262117822e-02
-9.765523533610465101e-01 1.614472478447694037e+00 5.112362940205299189e-02
-9.765523533610465101e-01 1.614472478447694037e+00 5.112362940205299189e-02
-1.064564387966170811e+00 1.003860282024494843e+00 2.065326538492064448e-02
-1.064564387966170811e+00 1.003860282024494843e+00 2.065326538492064448e-02
-6.398746680581095525e-01 9.359665289929557375e-01 1.023682865842342055e-01
-1.872349964251800447e-01 1.078717796074913249e+00 1.561810724071228396e-01
-1.872349964251800447e-01 1.078717796074913249e+00 1.561810724071228396e-01
-1.872349964251800447e-01 1.078717796074913249e+00 1.561810724071228396e-01
-1.872349964251800447e-01 1.078717796074913249e+00 1.561810724071228396e-01
-5.025757149184828521e-01 1.017034529352679462e+00 2.001065552968551708e-01
-5.025757149184828521e-01 1.017034529352679462e+00 2.001065552968551708e-01
-5.025757149184828521e-01 1.017034529352679462e+00 2.001065552968551708e-01
-5.857225703230563019e-01 7.880776124036972252e-01 4.108410704459457968e-02
-1.055281971119286677e+00 8.233238948762898746e-01 2.173106769347554149e-03
-1.055281971119286677e+00 8.233238948762898746e-01 2.173106769347554149e-03
-1.055281971119286677e+00 8.233238948762898746e-01 2.173106769347554149e-03
-9.880866893207144175e-01 1.122174696844888020e+00 8.174165812732299419e-02
-9.880866893207144175e-01 1.122174696844888020e+00 8.174165812732299419e-02
-9.880866893207144175e-01 1.122174696844888020e+00 8.174165812732299419e-02
-9.880866893207144175e-01 1.122174696844888020e+00 8.174165812732299419e-02
-9.510097350422970219e-01 1.469429192445625532e+00 1.168274624466512229e-01
-8.159592855875131834e-01 1.361525502918749186e+00 1.506373691672251158e-01
-7.138093261034141879e-01 1.086496154751186438e+00 1.644010896866648364e-01
-7.138093261034141879e-01 1.086496154751186438e+00 1.644010896866648364e-01
-7.138093261034141879e-01 1.086496154751186438e+00 1.644010896866648364e-01
-2.890084850308117237e-01 1.202188217892458999e+00 1.072249794865446776e-01
6.911753155313016261e-02 9.506403858933270001e-01 1.419829431899289063e-01
6.911753155313016261e-02 9.506403858933270001e-01 1.419829431899289063e-01
6.911753155313016261e-02 9.506403858933270001e-01 1.419829431899289063e-01
6.396108258315112705e-02 9.570538696277691715e-01 1.399025480064669813e-01
-1.181423392953394325e-02 6.933406007958107242e-01 1.627242141826120980e-01
-1.181423392953394325e-02 6.933406007958107242e-01 1.627242141826120980e-01
-1.181423392953394325e-02 6.933406007958107242e-01 1.627242141826120980e-01
1.952905377601751868e-01 6.164110950297966296e-01 1.629882335030256035e-01
1.952905377601751868e-01 6.164110950297966296e-01 1.629882335030256035e-01
1.612223601298250208e-01 6.996305834165913451e-01 1.906064859617786211e-01
-8.508033585953453382e-02 6.735444631399668536e-01 1.272042913222877214e-01
1.877674460846035787e-01 6.205432079279561419e-01 1.638760135531460160e-01
1.877674460846035787e-01 6.205432079279561419e-01 1.638760135531460160e-01
1.877674460846035787e-01 6.205432079279561419e-01 1.638760135531460160e-01
3.490807394346608916e-01 6.932214510268902563e-01 1.647926663295077587e-01
2.667255756341249118e-01 6.093775236885277113e-01 1.676374222697485372e-01
3.946374169862887360e-01 6.745341940480339415e-01 1.572029679907810118e-01
5.114084186424612266e-01 3.636850041856656834e-01 8.554080860405061104e-02
5.114084186424612266e-01 3.636850041856656834e-01 8.554080860405061104e-02
9.876145309631383373e-01 3.947618290584448686e-01 6.841222864092848244e-02
9.876145309631383373e-01 3.947618290584448686e-01 6.841222864092848244e-02
9.876145309631383373e-01 3.947618290584448686e-01 6.841222864092848244e-02
9.190521344873620047e-01 4.192409564943210265e-01 7.856909656495818239e-02
9.963324150457304462e-01 4.406483379846276582e-01 5.791476032779815236e-02
9.963324150457304462e-01 4.406483379846276582e-01 5.791476032779815236e-02
1.159903193493541762e+00 3.450202203359593600e-01 4.452353486925561543e-02
1.159903193493541762e+00 3.450202203359593600e-01 4.452353486925561543e-02
3.893064727102045763e-01 4.279494338253478913e-01 9.696906814550328157e-02
1.724705223569776569e-01 7.264343638011929727e-01 1.936900238290216736e-01
4.124056234945464028e-02 9.506136177911570506e-01 1.530427717642256769e-01
4.124056234945464028e-02 9.506136177911570506e-01 1.530427717642256769e-01
-2.520744056840662495e-01 7.723630170770401371e-01 1.388514037103672771e-01
-3.020894658545629219e-01 1.076454716404443346e+00 1.950025668236966825e-01
-3.311296489498297690e-01 9.615412845805000330e-01 2.173229558993048094e-01
-4.239328938633916133e-01 9.258975724698228493e-01 1.791973646996742053e-01
