2.489132485845457765e-01 1.481402749648903505e-01 1.495085060122152429e-03
2.451525666555393612e-01 6.406077900207731712e-01 3.411908056556470226e-02
-4.890881657241302749e-02 5.375054380345809513e-01 9.101952132685244695e-03
-4.890881657241302749e-02 5.375054380345809513e-01 9.101952132685244695e-03
-4.467874230682844505e-01 7.545012935812633881e-01 5.705249602296997777e-03
-4.467874230682844505e-01 7.545012935812633881e-01 5.705249602296997777e-03
-4.467874230682844505e-01 7.545012935812633881e-01 5.705249602296997777e-03
-1.132297664813172733e-01 1.112666417006253461e+00 2.141672504823326217e-02
-2.375723944644630159e-01 1.165184741411035452e+00 2.205101910869335796e-02
-2.375723944644630159e-01 1.165184741411035452e+00 2.205101910869335796e-02
-2.375723944644630159e-01 1.165184741411035452e+00 2.205101910869335796e-02
-3.434035084837753771e-01 1.313598055258330843e+00 1.456214548606127139e-02
3.869887466557614397e-02 9.365438800905039329e-01 2.939671360585341744e-02
3.869887466557614397e-02 9.365438800905039329e-01 2.939671360585341744e-02
3.869887466557614397e-02 9.365438800905039329e-01 2.939671360585341744e-02
3.869887466557614397e-02 9.365438800905039329e-01 2.939671360585341744e-02
3.869887466557614397e-02 9.365438800905039329e-01 2.939671360585341744e-02
-3.087273883741226688e-01 9.369948516674763139e-01 2.468883152163123609e-02
-1.171657540043836154e-01 7.858403676242544655e-01 2.522412153398492091e-02
-1.171657540043836154e-01 7.858403676242544655e-01 2.522412153398492091e-02
-1.171657540043836154e-01 7.858403676242544655e-01 2.522412153398492091e-02
-9.530363438526016917e-02 6.241563176338330576e-01 1.308473902696179886e-02
-9.530363438526016917e-02 6.241563176338330576e-01 1.308473902696179886e-02
-6.636694572715823304e-01 1.053092429319850032e+00 1.334062480708635666e-02
-4.985579841498974374e-01 1.342988973383197671e+00 1.771520464804607689e-02
-4.985579841498974374e-01 1.342988973383197671e+00 1.771520464804607689e-02
-5.571785921191549917e-01 1.371781476982135040e+00 1.745522891094864262e-02
-3.698726881416285472e-01 1.431240512224135841e+00 7.643580492486147862e-03
-5.311962432950286805e-01 1.376735444003619913e+00 1.642628427727765850e-02
-8.866992783529292765e-01 1.243941105289711802e+00 1.337964145578874643e-02
-8.866992783529292765e-01 1.243941105289711802e+00 1.337964145578874643e-02
-8.866992783529292765e-01 1.243941105289711802e+00 1.337964145578874643e-02
-5.982146315759155897e-01 1.474511899637282131e+00 1.207189475331262203e-02
-3.849003867501055165e-01 1.090952757473829804e+00 2.668479923962977993e-02
-7.159254061887083687e-01 1.291825161219906537e+00 2.074799099100110150e-02
-1.057198018806525974e+00 1.129200364860634576e+00 3.130750619252040991e-03
-8.003744084113513235e-01 1.267854030175589397e+00 1.781640265238280604e-02
-8.003744084113513235e-01 1.267854030175589397e+00 1.781640265238280604e-02
-8.003744084113513235e-01 1.267854030175589397e+00 1.781640265238280604e-02
-8.003744084113513235e-01 1.267854030175589397e+00 1.781640265238280604e-02
-8.003744084113513235e-01 1.267854030175589397e+00 1.781640265238280604e-02
-8.003744084113513235e-01 1.267854030175589397e+00 1.781640265238280604e-02
-8.003744084113513235e-01 1.267854030175589397e+00 1.781640265238280604e-02
-8.003744084113513235e-01 1.267854030175589397e+00 1.781640265238280604e-02
-7.431775743035722304e-01 1.288861117719369620e+00 2.009572300205147988e-02
-7.948515951134378366e-01 1.627964308442546360e+00 8.637969842163971054e-03
-1.052572691650896397e+00 1.848485635411657224e+00 4.560138381048605034e-03
-9.624833393918887925e-01 1.096478261484922445e+00 4.256468154688768102e-03
-9.624833393918887925e-01 1.096478261484922445e+00 4.256468154688768102e-03
-3.414872423548810376e-01 9.941325504084971287e-01 2.595337667151928138e-02
-3.414872423548810376e-01 9.941325504084971287e-01 2.595337667151928138e-02
-3.414872423548810376e-01 9.941325504084971287e-01 2.595337667151928138e-02
-3.591428453142646027e-01 8.949312563445968038e-01 1.909365139706490147e-02
-3.227184447266110423e-01 1.093732966192440870e+00 2.732575488667593477e-02
-5.849840495898162018e-01 9.051861735698657485e-01 8.216103318000505043e-03
-3.221476667294428387e-01 1.328122170289161241e+00 1.268104390812093210e-02
-3.221476667294428387e-01 1.328122170289161241e+00 1.268104390812093210e-02
3.223909490348401130e-01 1.077247023211310051e+00 5.375277655567635253e-03
3.961054756631743334e-02 9.920181480370585669e-01 2.507345641620883914e-02
3.961054756631743334e-02 9.920181480370585669e-01 2.507345641620883914e-02
3.961054756631743334e-02 9.920181480370585669e-01 2.507345641620883914e-02
3.961054756631743334e-02 9.920181480370585669e-01 2.507345641620883914e-02
8.040407837940327651e-02 8.659505636722732991e-01 3.232161493850418954e-02
4.021112762915603489e-01 5.369858570532650699e-01 3.493265774278879465e-02
4.021112762915603489e-01 5.369858570532650699e-01 3.493265774278879465e-02
4.021112762915603489e-01 5.369858570532650699e-01 3.493265774278879465e-02
4.911876793413298969e-01 5.545994324230629768e-01 3.684348788294902061e-02
9.266924135617449210e-01 6.608058948629117468e-01 7.456220219902653761e-03
9.266924135617449210e-01 6.608058948629117468e-01 7.456220219902653761e-03
9.266924135617449210e-01 6.608058948629117468e-01 7.456220219902653761e-03
9.266924135617449210e-01 6.608058948629117468e-01 7.456220219902653761e-03
6.375868085043802092e-01 6.595952678855414586e-01 2.382737695885716114e-02
5.849491908602699741e-01 7.392016367026663648e-01 1.903729937954718246e-02
5.849491908602699741e-01 7.392016367026663648e-01 1.903729937954718246e-02
6.751468193577078170e-01 4.922791013057676857e-01 3.561682239167967418e-02
6.751468193577078170e-01 4.922791013057676857e-01 3.561682239167967418e-02
4.245701916081132121e-01 6.249148781354041393e-01 3.607493643707996439e-02
-1.284714323301303085e-01 8.262856385716037533e-01 2.736233952348244430e-02
-1.284714323301303085e-01 8.262856385716037533e-01 2.736233952348244430e-02
-3.663308757158677542e-01 1.091691094313072652e+00 2.698497736075882239e-02
-3.663308757158677542e-01 1.091691094313072652e+00 2.698497736075882239e-02
-3.993062303358481668e-01 1.127157114717724173e+00 2.627639607529042368e-02
-3.993062303358481668e-01 1.127157114717724173e+00 2.627639607529042368e-02
-3.390692825575332692e-01 9.206137367641868963e-01 2.205359788703483218e-02
-3.390692825575332692e-01 9.206137367641868963e-01 2.205359788703483218e-02
-4.897621660585336767e-01 9.634008518547553246e-01 1.657972089848668701e-02
-3.321678915912945618e-01 1.247269827063075098e+00 1.918131643265015909e-02
-3.997214797873619441e-01 1.174615641341632433e+00 2.505792452358100372e-02
-3.997214797873619441e-01 1.174615641341632433e+00 2.505792452358100372e-02
-3.997214797873619441e-01 1.174615641341632433e+00 2.505792452358100372e-02
-3.997214797873619441e-01 1.174615641341632433e+00 2.505792452358100372e-02
-5.185270785408524485e-01 1.010729247185073953e+00 1.815601440370848141e-02
-4.558658642485707846e-01 1.060354127887293885e+00 2.386320185382127812e-02
-1.857347171261539143e-01 7.842408431259667578e-01 2.093249032091609382e-02
3.430864815481463048e-02 5.719187188976546654e-01 1.631988896968175617e-02
3.430864815481463048e-02 5.719187188976546654e-01 1.631988896968175617e-02
-2.553714498294200608e-01 9.903589208370676689e-01 2.872441791739863137e-02
2.151006962096413400e-02 8.330672694321462624e-01 3.295568393902761906e-02
2.151006962096413400e-02 8.330672694321462624e-01 3.295568393902761906e-02
2.151006962096413400e-02 8.330672694321462624e-01 3.295568393902761906e-02
