2.489132485845457765e-01 1.481402749648903505e-01 2.196467412074033440e-03
2.489132485845457765e-01 1.481402749648903505e-01 2.196467412074033440e-03
2.489132485845457765e-01 1.481402749648903505e-01 2.196467412074033440e-03
4.836186241981249578e-01 -1.720371972710427189e-02 1.195949486157362601e-03
4.836186241981249578e-01 -1.720371972710427189e-02 1.195949486157362601e-03
9.203851680062162810e-01 7.466490908853545827e-02 2.756345324990841852e-02
9.203851680062162810e-01 7.466490908853545827e-02 2.756345324990841852e-02
7.473235242577239701e-01 1.734573250502688402e-01 3.339271773251793751e-02
7.473235242577239701e-01 1.734573250502688402e-01 3.339271773251793751e-02
7.473235242577239701e-01 1.734573250502688402e-01 3.339271773251793751e-02
7.473235242577239701e-01 1.734573250502688402e-01 3.339271773251793751e-02
7.921418485805133969e-01 5.030734739418190049e-01 6.439818860478152551e-02
1.283772374098509195e+00 2.921863842232240716e-01 2.702148179641697748e-02
1.283772374098509195e+00 2.921863842232240716e-01 2.702148179641697748e-02
1.024051386168842726e+00 4.992219665164746578e-01 2.947754975718947304e-02
1.024051386168842726e+00 4.992219665164746578e-01 2.947754975718947304e-02
9.373244477781800255e-01 3.148019257170171503e-01 6.086784323893541099e-02
1.996777909180196264e-01 5.366613942806728321e-01 6.924961374983064355e-02
3.746005683273955222e-01 3.513373686393046480e-01 3.657736170023672545e-02
1.097849864954713262e+00 2.130442061171158030e-01 4.936867617746623638e-02
1.097849864954713262e+00 2.130442061171158030e-01 4.936867617746623638e-02
1.021345356324362408e+00 3.987559231900251744e-01 4.558368835007688830e-02
1.042549083988876690e+00 2.680031376959238210e-01 5.334020115295209918e-02
1.042549083988876690e+00 2.680031376959238210e-01 5.334020115295209918e-02
1.042549083988876690e+00 2.680031376959238210e-01 5.334020115295209918e-02
1.197321310169310760e+00 2.954355685067336368e-01 3.611286188671806313e-02
1.197321310169310760e+00 2.954355685067336368e-01 3.611286188671806313e-02
8.825231653693177414e-01 2.404890852079948349e-01 5.544157211969252819e-02
8.825231653693177414e-01 2.404890852079948349e-01 5.544157211969252819e-02
1.041418234826666067e+00 3.402810911750291933e-01 4.977542073903485492e-02
1.041418234826666067e+00 3.402810911750291933e-01 4.977542073903485492e-02
8.181191269453804704e-01 2.440143243035083342e-01 5.363027747417220548e-02
1.167678729854285002e+00 3.454260076371926114e-01 3.373813201822919300e-02
6.220261826234665392e-01 4.756047574093088537e-01 8.483718387629247959e-02
3.386670390262140895e-01 7.630761322871479901e-01 9.695251205479556156e-02
3.089667866836836585e-01 6.416803240278616816e-01 1.082304724488052372e-01
-1.704388228792595994e-01 9.332371742610126031e-01 1.380828513406879843e-01
-1.704388228792595994e-01 9.332371742610126031e-01 1.380828513406879843e-01
-3.041256394171110156e-01 1.292359245858299754e+00 6.461194295229852336e-02
-3.041256394171110156e-01 1.292359245858299754e+00 6.461194295229852336e-02
-3.041256394171110156e-01 1.292359245858299754e+00 6.461194295229852336e-02
5.499893168173242142e-02 8.825794753919535829e-01 1.238450305322811584e-01
2.114344901475913585e-01 9.983214455524309638e-01 5.245049820553377568e-02
2.114344901475913585e-01 9.983214455524309638e-01 5.245049820553377568e-02
-1.032789993946456319e-02 7.518083470517010758e-01 1.119568546586572760e-01
-1.032789993946456319e-02 7.518083470517010758e-01 1.119568546586572760e-01
-1.032789993946456319e-02 7.518083470517010758e-01 1.119568546586572760e-01
1.530705548210811451e-01 9.127295101652583842e-01 9.635493618101832747e-02
-4.799722238711559563e-02 7.952123531145439683e-01 1.201325093803224664e-01
-4.799722238711559563e-02 7.952123531145439683e-01 1.201325093803224664e-01
-4.711688647357717974e-01 9.902314305587539556e-01 1.139755945383006258e-01
-4.477935569022062912e-01 1.181960941796328601e+00 1.385997639773385304e-01
-5.927654189491793346e-02 8.248795090892501181e-01 1.263828816579584680e-01
-5.927654189491793346e-02 8.248795090892501181e-01 1.263828816579584680e-01
-2.417653790089309140e-01 1.072324931929369063e+00 1.330930461212441462e-01
7.228868547915140441e-02 8.801396874237900070e-01 1.215830766938158780e-01
7.228868547915140441e-02 8.801396874237900070e-01 1.215830766938158780e-01
7.228868547915140441e-02 8.801396874237900070e-01 1.215830766938158780e-01
2.713553110530459445e-01 7.629000495770474899e-01 1.090751355390812138e-01
3.327017531294914066e-01 7.890493160039924181e-01 9.181192398940328514e-02
5.533097873967144364e-01 6.600878827832677986e-01 7.752484022416446241e-02
3.981479858089487789e-01 2.143946851159461153e-01 1.230942124193885705e-02
7.518066039697346437e-03 3.999264891357009466e-01 1.027524461795834704e-02
1.617854433163957995e-02 6.204086367459678009e-01 6.773672685972831342e-02
1.617854433163957995e-02 6.204086367459678009e-01 6.773672685972831342e-02
1.592447443098752857e-01 5.402716679271174494e-01 6.381247906405788928e-02
1.592447443098752857e-01 5.402716679271174494e-01 6.381247906405788928e-02
1.592447443098752857e-01 5.402716679271174494e-01 6.381247906405788928e-02
1.592447443098752857e-01 5.402716679271174494e-01 6.381247906405788928e-02
1.592447443098752857e-01 5.402716679271174494e-01 6.381247906405788928e-02
4.207920027448336375e-01 4.186324321434140017e-01 6.224115978408082533e-02
7.009126431178298589e-01 5.652776608254058699e-01 6.920862209676253984e-02
7.009126431178298589e-01 5.652776608254058699e-01 6.920862209676253984e-02
7.009126431178298589e-01 5.652776608254058699e-01 6.920862209676253984e-02
9.013987532063564290e-01 3.989224950770862144e-01 6.134458627443761802e-02
6.606472337644360149e-01 4.787132138515482471e-01 8.256111143504159255e-02
6.606472337644360149e-01 4.787132138515482471e-01 8.256111143504159255e-02
6.606472337644360149e-01 4.787132138515482471e-01 8.256111143504159255e-02
6.606472337644360149e-01 4.787132138515482471e-01 8.256111143504159255e-02
6.606472337644360149e-01 4.787132138515482471e-01 8.256111143504159255e-02
8.759017124380257258e-01 3.062517795546730315e-01 6.337433644915366204e-02
8.759017124380257258e-01 3.062517795546730315e-01 6.337433644915366204e-02
8.759017124380257258e-01 3.062517795546730315e-01 6.337433644915366204e-02
8.759017124380257258e-01 3.062517795546730315e-01 6.337433644915366204e-02
8.864297885797393084e-01 3.361742212952864572e-01 6.452658872188840600e-02
9.763365089318558621e-01 1.006331253947492232e-01 3.559669684100129350e-02
6.592328300111606199e-01 6.559292888183917425e-01 5.755651888373768815e-02
6.536377056753969184e-01 7.878904969026871985e-01 2.755853287118503400e-02
7.984110393620829083e-01 4.953298560583119237e-01 6.456609616544396746e-02
7.984110393620829083e-01 4.953298560583119237e-01 6.456609616544396746e-02
7.984110393620829083e-01 4.953298560583119237e-01 6.456609616544396746e-02
7.984110393620829083e-01 4.953298560583119237e-01 6.456609616544396746e-02
5.727780936505424414e-01 3.562501865323433603e-01 6.139211669678042854e-02
8.085800126655002806e-01 6.573079842879328005e-01 3.115651096202549583e-02
8.085800126655002806e-01 6.573079842879328005e-01 3.115651096202549583e-02
8.085800126655002806e-01 6.573079842879328005e-01 3.115651096202549583e-02
8.085800126655002806e-01 6.573079842879328005e-01 3.115651096202549583e-02
1.125056971090953040e-01 5.911745435089359457e-01 7.433532661342306946e-02
1.125056971090953040e-01 5.911745435089359457e-01 7.433532661342306946e-02
1.125056971090953040e-01 5.911745435089359457e-01 7.433532661342306946e-02
