2.489132485845457765e-01 1.481402749648903505e-01 2.761529742622964405e-03
2.376591598129485228e-01 1.757047779287090605e-01 3.860514847368635982e-03
2.376591598129485228e-01 1.757047779287090605e-01 3.860514847368635982e-03
2.533328536255932129e-01 4.851157229432907503e-01 1.001842445187834524e-01
2.533328536255932129e-01 4.851157229432907503e-01 1.001842445187834524e-01
2.533328536255932129e-01 4.851157229432907503e-01 1.001842445187834524e-01
2.533328536255932129e-01 4.851157229432907503e-01 1.001842445187834524e-01
2.297036866728646709e-02 8.028031726019967396e-01 2.087608508916898864e-01
2.297036866728646709e-02 8.028031726019967396e-01 2.087608508916898864e-01
2.297036866728646709e-02 8.028031726019967396e-01 2.087608508916898864e-01
2.297036866728646709e-02 8.028031726019967396e-01 2.087608508916898864e-01
2.297036866728646709e-02 8.028031726019967396e-01 2.087608508916898864e-01
2.297036866728646709e-02 8.028031726019967396e-01 2.087608508916898864e-01
2.297036866728646709e-02 8.028031726019967396e-01 2.087608508916898864e-01
2.297036866728646709e-02 8.028031726019967396e-01 2.087608508916898864e-01
5.765421236282231715e-02 9.834878273256086878e-01 1.253744355075295802e-01
1.845965142718949126e-01 1.002433368954875670e+00 6.833844345576720047e-02
1.845965142718949126e-01 1.002433368954875670e+00 6.833844345576720047e-02
1.845965142718949126e-01 1.002433368954875670e+00 6.833844345576720047e-02
1.845965142718949126e-01 1.002433368954875670e+00 6.833844345576720047e-02
-3.886563969039124045e-01 8.828152796983259609e-01 1.672092255461517241e-01
-5.068443593795901592e-01 9.587334922887565947e-01 1.729547656295779834e-01
-5.068443593795901592e-01 9.587334922887565947e-01 1.729547656295779834e-01
-5.068443593795901592e-01 9.587334922887565947e-01 1.729547656295779834e-01
-6.198250291486647745e-01 9.564413244266907199e-01 1.279966447118839334e-01
-6.648696315337919716e-01 1.286413027146907861e+00 1.659822435329047496e-01
-6.648696315337919716e-01 1.286413027146907861e+00 1.659822435329047496e-01
-6.648696315337919716e-01 1.286413027146907861e+00 1.659822435329047496e-01
-6.648696315337919716e-01 1.286413027146907861e+00 1.659822435329047496e-01
-6.648696315337919716e-01 1.286413027146907861e+00 1.659822435329047496e-01
-6.648696315337919716e-01 1.286413027146907861e+00 1.659822435329047496e-01
-7.215315072146489817e-01 1.508960171267452521e+00 4.973890396289273874e-02
-7.872554516007133074e-01 1.446157131518936323e+00 9.815966028343114935e-02
-7.872554516007133074e-01 1.446157131518936323e+00 9.815966028343114935e-02
-7.576063013928330259e-01 1.235446892364296056e+00 1.925525783429843651e-01
-7.271554914304246831e-01 1.346521544306671814e+00 1.446379351589350548e-01
-5.606297021958546178e-01 1.142416273270769000e+00 2.095522160013185420e-01
-1.097102840691759340e+00 1.042062869490649968e+00 2.799314778157325351e-02
-1.097102840691759340e+00 1.042062869490649968e+00 2.799314778157325351e-02
-7.383139704407472026e-01 1.019362683522910817e+00 1.221995413890088200e-01
-7.383139704407472026e-01 1.019362683522910817e+00 1.221995413890088200e-01
-9.520255819173104594e-01 1.369629091548572486e+00 1.616880568571505139e-01
-1.569211740457285398e+00 1.561584024320444408e+00 7.523876429696760293e-02
-1.358316950883625251e+00 1.434752030393671829e+00 9.834115463842613147e-02
-1.358316950883625251e+00 1.434752030393671829e+00 9.834115463842613147e-02
-1.358316950883625251e+00 1.434752030393671829e+00 9.834115463842613147e-02
-7.798101241416048879e-01 1.463288892806399399e+00 8.627052232284211641e-02
-7.798101241416048879e-01 1.463288892806399399e+00 8.627052232284211641e-02
-6.884806872703493896e-01 1.456558143752513690e+00 6.787846931083224566e-02
-8.148744349843076717e-01 1.248775945195351733e+00 1.870542684631552599e-01
-9.571644661991345338e-01 1.235327007754848383e+00 1.539275372788397878e-01
-5.487610492754975144e-01 1.260758669484295158e+00 1.524842024252819062e-01
-6.649182012266405817e-01 1.306664031061679498e+00 1.541346869551804277e-01
-6.649182012266405817e-01 1.306664031061679498e+00 1.541346869551804277e-01
-6.649182012266405817e-01 1.306664031061679498e+00 1.541346869551804277e-01
-6.649182012266405817e-01 1.306664031061679498e+00 1.541346869551804277e-01
-6.649182012266405817e-01 1.306664031061679498e+00 1.541346869551804277e-01
-6.649182012266405817e-01 1.306664031061679498e+00 1.541346869551804277e-01
-6.649182012266405817e-01 1.306664031061679498e+00 1.541346869551804277e-01
-6.649182012266405817e-01 1.306664031061679498e+00 1.541346869551804277e-01
-8.846543101060562186e-01 1.229932687458578089e+00 1.725323695925628509e-01
-5.884619970737492434e-01 1.453660019781629398e+00 4.703848819601919723e-02
-8.353062053155098088e-01 1.324471645127282882e+00 1.719120035617383024e-01
-8.353062053155098088e-01 1.324471645127282882e+00 1.719120035617383024e-01
-8.353062053155098088e-01 1.324471645127282882e+00 1.719120035617383024e-01
-9.169281110757581121e-01 1.762207315025850818e+00 8.220671407883971965e-03
-1.406028107072037292e+00 2.109164723888136805e+00 1.212666976850194532e-03
-1.581455192155452494e+00 1.889227720440673108e+00 3.207432224618597671e-02
-1.710736748913145089e+00 1.504299928233370220e+00 3.661438550059836761e-02
-1.768757893787667346e+00 1.904048356495190442e+00 3.766028691105639814e-02
-2.014108754466059192e+00 1.924000785456435159e+00 3.287044388528435196e-02
-2.014108754466059192e+00 1.924000785456435159e+00 3.287044388528435196e-02
-2.014108754466059192e+00 1.924000785456435159e+00 3.287044388528435196e-02
-2.014108754466059192e+00 1.924000785456435159e+00 3.287044388528435196e-02
-1.954748264770608923e+00 1.732758982054187991e+00 3.495509074195524146e-02
-1.954748264770608923e+00 1.732758982054187991e+00 3.495509074195524146e-02
-1.312908458302165071e+00 1.434854318817693652e+00 1.095632686399678757e-01
-1.312908458302165071e+00 1.434854318817693652e+00 1.095632686399678757e-01
-1.084769011346408352e+00 1.207950418403866966e+00 9.867068859935473890e-02
-1.084769011346408352e+00 1.207950418403866966e+00 9.867068859935473890e-02
-1.084769011346408352e+00 1.207950418403866966e+00 9.867068859935473890e-02
-8.639147368317254827e-01 1.157050369298912029e+00 1.525215860321806338e-01
-8.823635446226357759e-01 1.349051536894917636e+00 1.661333314293547136e-01
-2.570856577063207471e-01 9.144820459455726969e-01 2.166383590588182029e-01
-2.570856577063207471e-01 9.144820459455726969e-01 2.166383590588182029e-01
-2.570856577063207471e-01 9.144820459455726969e-01 2.166383590588182029e-01
-2.570856577063207471e-01 9.144820459455726969e-01 2.166383590588182029e-01
-2.570856577063207471e-01 9.144820459455726969e-01 2.166383590588182029e-01
2.375193454269880489e-02 8.326810605399531662e-01 2.077741902533416229e-01
-9.358282839839165979e-02 1.168580394939205735e+00 6.370498444568713226e-02
-9.358282839839165979e-02 1.168580394939205735e+00 6.370498444568713226e-02
8.295987863674378349e-02 8.289156926773972867e-01 1.975748677944352549e-01
8.295987863674378349e-02 8.289156926773972867e-01 1.975748677944352549e-01
3.161900085335536126e-01 6.577473508931623858e-01 1.767378814206549409e-01
3.326543499721599795e-01 5.097162247316443517e-01 1.305951728059808470e-01
2.035006917754291211e-01 5.859214566664199264e-01 1.484784360787369251e-01
2.035006917754291211e-01 5.859214566664199264e-01 1.484784360787369251e-01
2.035006917754291211e-01 5.859214566664199264e-01 1.484784360787369251e-01
3.468477865905520430e-01 5.111244553903218080e-01 1.336111945617600993e-01
3.468477865905520430e-01 5.111244553903218080e-01 1.336111945617600993e-01
