2.489132485845457765e-01 1.481402749648903505e-01 3.842596298881115809e-03
5.141742493688310489e-01 1.637040833159421338e-01 2.265088032585366867e-02
5.141742493688310489e-01 1.637040833159421338e-01 2.265088032585366867e-02
3.693477821326642818e-01 2.559247243558195328e-01 3.568937500602037405e-02
6.575009958614578265e-01 3.276889118785475397e-01 1.355158097156063668e-01
6.575009958614578265e-01 3.276889118785475397e-01 1.355158097156063668e-01
6.575009958614578265e-01 3.276889118785475397e-01 1.355158097156063668e-01
9.036090820813781344e-01 2.255507991759224673e-01 9.811761069677962799e-02
9.036090820813781344e-01 2.255507991759224673e-01 9.811761069677962799e-02
1.319032879646925061e+00 1.224468837401318233e-01 5.267548342333731870e-02
1.319032879646925061e+00 1.224468837401318233e-01 5.267548342333731870e-02
1.456687355104050452e+00 1.502957188389416610e-01 3.737460698678301413e-02
1.456687355104050452e+00 1.502957188389416610e-01 3.737460698678301413e-02
1.330078721673660036e+00 1.831908964600094947e-01 5.331852768189118685e-02
9.698793360408066722e-01 8.435873409117571053e-02 4.262795620489974457e-02
1.032708283855891862e+00 1.414780938015518796e-01 6.789585125131523957e-02
1.032708283855891862e+00 1.414780938015518796e-01 6.789585125131523957e-02
1.267900071871379097e+00 2.000470693817060219e-01 6.233300700727642529e-02
1.267900071871379097e+00 2.000470693817060219e-01 6.233300700727642529e-02
1.205015803043405498e+00 2.894542863543008715e-01 6.667722945704702975e-02
1.205015803043405498e+00 2.894542863543008715e-01 6.667722945704702975e-02
1.205015803043405498e+00 2.894542863543008715e-01 6.667722945704702975e-02
1.205015803043405498e+00 2.894542863543008715e-01 6.667722945704702975e-02
1.205015803043405498e+00 2.894542863543008715e-01 6.667722945704702975e-02
1.211034247754731119e+00 2.028961293661838416e-01 7.086904837088914277e-02
1.211034247754731119e+00 2.028961293661838416e-01 7.086904837088914277e-02
1.211034247754731119e+00 2.028961293661838416e-01 7.086904837088914277e-02
1.235238482843345365e+00 1.096043252367680104e-01 5.669653298453524587e-02
1.235238482843345365e+00 1.096043252367680104e-01 5.669653298453524587e-02
9.417207997244414486e-01 3.600168339598727729e-01 1.207895587575532198e-01
7.043709721162485504e-01 5.985011753502083032e-01 1.112249168980452563e-01
8.452836853421362706e-01 2.039212126196907060e-01 8.410835015537852788e-02
8.452836853421362706e-01 2.039212126196907060e-01 8.410835015537852788e-02
7.781939120412669775e-01 4.485210976434382824e-01 1.527151980840909529e-01
7.781939120412669775e-01 4.485210976434382824e-01 1.527151980840909529e-01
7.781939120412669775e-01 4.485210976434382824e-01 1.527151980840909529e-01
6.762594280348392939e-01 6.020800807275884514e-01 1.205695488613510169e-01
6.762594280348392939e-01 6.020800807275884514e-01 1.205695488613510169e-01
4.577898964202475329e-01 3.629330660767047245e-01 1.233476348737730099e-01
4.577898964202475329e-01 3.629330660767047245e-01 1.233476348737730099e-01
-1.009166473188223834e-01 6.825675430738398219e-01 1.998915453817221299e-01
-1.657514851539194922e-02 1.058923531471021029e+00 4.785429253961216017e-02
1.127866238091837087e-01 8.981494685075793738e-01 1.232192081181603255e-01
3.241076965130680609e-02 6.852510552344376338e-01 2.428372635316832229e-01
3.241076965130680609e-02 6.852510552344376338e-01 2.428372635316832229e-01
3.241076965130680609e-02 6.852510552344376338e-01 2.428372635316832229e-01
3.241076965130680609e-02 6.852510552344376338e-01 2.428372635316832229e-01
3.241076965130680609e-02 6.852510552344376338e-01 2.428372635316832229e-01
-3.822920180753908714e-01 1.002850930918439909e+00 1.718333050565206133e-01
-1.009960472541052146e-01 5.167961606113073980e-01 6.716975827458304682e-02
2.444787735188694300e-01 2.859347318288710804e-01 2.826985827309687685e-02
6.134456299681875224e-01 1.775080986251880710e-01 3.961236908932285611e-02
6.134456299681875224e-01 1.775080986251880710e-01 3.961236908932285611e-02
2.976890466422346115e-01 2.614795429620015432e-01 2.726828723182998446e-02
2.976890466422346115e-01 2.614795429620015432e-01 2.726828723182998446e-02
4.564717121419445967e-01 2.000527839614476000e-01 2.725781555728785249e-02
7.030774805270271210e-01 3.145533602406602736e-01 1.322221762958760705e-01
7.030774805270271210e-01 3.145533602406602736e-01 1.322221762958760705e-01
7.030774805270271210e-01 3.145533602406602736e-01 1.322221762958760705e-01
7.030774805270271210e-01 3.145533602406602736e-01 1.322221762958760705e-01
7.030774805270271210e-01 3.145533602406602736e-01 1.322221762958760705e-01
8.363050113724261880e-01 3.798098807980706537e-01 1.446551607208233226e-01
8.363050113724261880e-01 3.798098807980706537e-01 1.446551607208233226e-01
8.363050113724261880e-01 3.798098807980706537e-01 1.446551607208233226e-01
8.363050113724261880e-01 3.798098807980706537e-01 1.446551607208233226e-01
1.412086463984699947e+00 -3.786782979865682686e-02 2.609181631883568386e-02
1.412086463984699947e+00 -3.786782979865682686e-02 2.609181631883568386e-02
1.412086463984699947e+00 -3.786782979865682686e-02 2.609181631883568386e-02
1.181570516868195586e+00 4.069658760462813718e-01 4.462732991681636618e-02
1.324230555643034712e+00 1.484562598799623601e-01 5.387775898793980417e-02
1.324230555643034712e+00 1.484562598799623601e-01 5.387775898793980417e-02
1.324230555643034712e+00 1.484562598799623601e-01 5.387775898793980417e-02
1.324230555643034712e+00 1.484562598799623601e-01 5.387775898793980417e-02
1.287643649223423781e+00 1.735966628396621303e-01 5.929985966448141077e-02
1.287643649223423781e+00 1.735966628396621303e-01 5.929985966448141077e-02
1.303941988543984021e+00 1.470575887373418711e-01 5.612141896199271396e-02
1.303941988543984021e+00 1.470575887373418711e-01 5.612141896199271396e-02
1.830951340312374498e+00 7.799515590286494604e-02 8.853059755341169748e-03
1.830951340312374498e+00 7.799515590286494604e-02 8.853059755341169748e-03
1.830951340312374498e+00 7.799515590286494604e-02 8.853059755341169748e-03
1.830951340312374498e+00 7.799515590286494604e-02 8.853059755341169748e-03
1.830951340312374498e+00 7.799515590286494604e-02 8.853059755341169748e-03
1.830951340312374498e+00 7.799515590286494604e-02 8.853059755341169748e-03
1.830951340312374498e+00 7.799515590286494604e-02 8.853059755341169748e-03
1.523014521689091794e+00 -1.498888554210320856e-01 1.218147421377017980e-02
1.074045216206220177e+00 -4.846448712480327936e-02 1.470366694579880625e-02
1.284894655866467339e+00 -9.972136508039053382e-02 1.419095618107555669e-02
1.235403966633967565e+00 1.725962856164179882e-01 6.579986370880322455e-02
1.235403966633967565e+00 1.725962856164179882e-01 6.579986370880322455e-02
1.751865918333924910e+00 2.373544474661508918e-01 5.080142906664668855e-03
1.560350795087294573e+00 -8.934832656896651848e-03 2.561592516269260711e-02
1.560350795087294573e+00 -8.934832656896651848e-03 2.561592516269260711e-02
1.860309656294139247e+00 1.631692892885097945e-01 4.364951453102408618e-03
1.597332555608696358e+00 6.035930204701211998e-02 2.536906551542358543e-02
1.028714909356655216e+00 1.478388853352421289e-02 2.557179062159438410e-02
1.588844491830728956e+00 -1.654388799751003170e-01 1.110081358685220676e-02
1.588844491830728956e+00 -1.654388799751003170e-01 1.110081358685220676e-02
1.588844491830728956e+00 -1.654388799751003170e-01 1.110081358685220676e-02
1.855077262066991306e+00 -2.292901914978293376e-01 6.523146788490190306e-03
1.726949739146107277e+00 -4.084753818062872299e-02 1.639727245423636473e-02
