2.489132485845457765e-01 1.481402749648903505e-01 1.770575586855396670e-03
3.387939070879736336e-01 3.904665843376033951e-01 2.825872197991170440e-02
2.796937156586686846e-01 4.294223569933361961e-01 2.944618348601652988e-02
-5.831490119920296200e-02 5.041015526117577084e-01 1.213140348525931431e-02
5.782231245445659251e-01 7.335707829345987641e-01 3.633852935677386181e-02
7.382482683241218258e-01 4.253645166956805390e-01 5.472713382529056925e-02
7.382482683241218258e-01 4.253645166956805390e-01 5.472713382529056925e-02
7.382482683241218258e-01 4.253645166956805390e-01 5.472713382529056925e-02
7.382482683241218258e-01 4.253645166956805390e-01 5.472713382529056925e-02
7.382482683241218258e-01 4.253645166956805390e-01 5.472713382529056925e-02
7.751521611354943442e-01 4.579551730448631619e-01 5.187661565403883790e-02
4.741734541326029229e-01 4.671128565114847642e-01 5.358453674039095893e-02
6.769090846004179873e-01 6.491748596225764834e-01 3.861024241140158242e-02
6.769090846004179873e-01 6.491748596225764834e-01 3.861024241140158242e-02
6.752606458608764184e-01 8.442022254439175422e-01 1.137606433597020475e-02
1.947107037155760834e-01 8.353883745321324383e-01 6.373414625480781914e-02
1.425379231763131971e-01 6.349741695574508960e-01 5.450035053269995655e-02
4.781429834851775307e-01 3.940212109830900644e-01 4.200433834574195807e-02
-3.062915398714471382e-01 7.529067373406250763e-01 2.670498327266765740e-02
-3.062915398714471382e-01 7.529067373406250763e-01 2.670498327266765740e-02
-4.915819349230869939e-01 1.082227742383087055e+00 6.609627828614021705e-02
-4.915819349230869939e-01 1.082227742383087055e+00 6.609627828614021705e-02
-4.915819349230869939e-01 1.082227742383087055e+00 6.609627828614021705e-02
-4.915819349230869939e-01 1.082227742383087055e+00 6.609627828614021705e-02
-5.333710895784935513e-01 1.341085689548296989e+00 5.434564482242958822e-02
-5.045281527628202589e-01 1.385409327069559104e+00 4.243442471076482730e-02
-6.460302282074215086e-01 1.216032803272019791e+00 6.764215869813851312e-02
-6.460302282074215086e-01 1.216032803272019791e+00 6.764215869813851312e-02
-8.262687896313194447e-01 9.957245606831562901e-01 1.441113303149949704e-02
-8.262687896313194447e-01 9.957245606831562901e-01 1.441113303149949704e-02
-1.009492093257989609e+00 1.312038569864140136e+00 4.510572629087541280e-02
-1.009492093257989609e+00 1.312038569864140136e+00 4.510572629087541280e-02
-1.139244815470732641e+00 1.909713058917299700e+00 1.336741498155408388e-02
-9.571542148291983798e-01 1.310125731862498366e+00 5.086491646623333973e-02
-7.063451771517039735e-01 1.413468262401776254e+00 5.735401570847267760e-02
-4.316223158397216042e-01 1.500765137176956143e+00 1.511292964206672508e-02
-7.566309085437765702e-01 1.379007934836305349e+00 6.425023111443192714e-02
-7.127730351069357928e-01 1.061201506918650450e+00 3.664278156434350869e-02
-7.081197111889522278e-01 7.442013977106350930e-01 2.362159858162665889e-03
-7.081197111889522278e-01 7.442013977106350930e-01 2.362159858162665889e-03
-5.771258894855217925e-01 6.594442536503362096e-01 2.258494994459912635e-03
-5.771258894855217925e-01 6.594442536503362096e-01 2.258494994459912635e-03
-6.939763472724082005e-01 5.687210502043370530e-01 2.251886144577880085e-04
-6.939763472724082005e-01 5.687210502043370530e-01 2.251886144577880085e-04
-5.578829766748063523e-01 7.933650139893234643e-01 1.083488921657529622e-02
-1.127160194625626000e-01 7.256286832992396851e-01 4.411275739812704072e-02
-1.117006903307214416e-01 6.508425948336907796e-01 2.927459382926497419e-02
-3.365789867311909378e-02 5.591197231522135880e-01 2.134529135773759537e-02
-3.566248854995491824e-01 7.580342652876335130e-01 2.237083275880638947e-02
-3.113906336516518158e-01 1.013606261738605685e+00 7.109528679475407564e-02
-5.900688732153451799e-01 1.108428083628263394e+00 6.041107723488745723e-02
-2.138149338539001576e-01 9.369973900286929780e-01 6.980121440922022746e-02
-2.710194054464899471e-01 7.799806591631773811e-01 3.594395196712599910e-02
-2.710194054464899471e-01 7.799806591631773811e-01 3.594395196712599910e-02
-2.710194054464899471e-01 7.799806591631773811e-01 3.594395196712599910e-02
-1.627847827813666548e-04 7.128719505146944302e-01 5.451662376454462916e-02
-1.579212847883246229e-01 6.230603953736719713e-01 1.993900733523734647e-02
-1.532773681930450493e-01 8.481774981564560445e-01 6.299909021004307386e-02
-5.503111891389985688e-01 8.012471538052776676e-01 1.213305217972021621e-02
-5.503111891389985688e-01 8.012471538052776676e-01 1.213305217972021621e-02
-5.503111891389985688e-01 8.012471538052776676e-01 1.213305217972021621e-02
-2.368894807443491790e-01 8.164004091126504381e-01 4.769726776286477288e-02
-2.368894807443491790e-01 8.164004091126504381e-01 4.769726776286477288e-02
-2.039608803111488400e-01 8.371503490389006208e-01 5.580091786189775305e-02
-5.261628699834058898e-02 1.117370394598123262e+00 4.256069517196586771e-02
2.016921369595188751e-01 8.787273856634389979e-01 5.680569241064266361e-02
2.016921369595188751e-01 8.787273856634389979e-01 5.680569241064266361e-02
2.016921369595188751e-01 8.787273856634389979e-01 5.680569241064266361e-02
8.097595386031264386e-02 1.010664688405626954e+00 4.713262629498028711e-02
8.097595386031264386e-02 1.010664688405626954e+00 4.713262629498028711e-02
-2.881152692915984193e-01 1.140586246393234138e+00 6.499493001712274010e-02
1.144170821530857141e-01 9.751342868157164556e-01 4.987719501651335929e-02
1.144170821530857141e-01 9.751342868157164556e-01 4.987719501651335929e-02
-1.625298886274065269e-01 7.179730123581004042e-01 3.651323113784400026e-02
1.096655298864284700e-01 6.722748708321507616e-01 5.798558193614217204e-02
1.096655298864284700e-01 6.722748708321507616e-01 5.798558193614217204e-02
1.096655298864284700e-01 6.722748708321507616e-01 5.798558193614217204e-02
1.096655298864284700e-01 6.722748708321507616e-01 5.798558193614217204e-02
-2.332916477533630850e-02 8.628198154304064227e-01 7.142717004966027405e-02
-2.332916477533630850e-02 8.628198154304064227e-01 7.142717004966027405e-02
-2.332916477533630850e-02 8.628198154304064227e-01 7.142717004966027405e-02
6.851585707251289792e-02 6.835239428670418782e-01 5.609339113020921086e-02
1.185519596541539655e-01 9.535895712840372074e-01 5.346391920075406479e-02
1.185519596541539655e-01 9.535895712840372074e-01 5.346391920075406479e-02
6.385499804487912434e-02 7.818747872619763450e-01 6.896369579882412337e-02
6.385499804487912434e-02 7.818747872619763450e-01 6.896369579882412337e-02
6.385499804487912434e-02 7.818747872619763450e-01 6.896369579882412337e-02
3.860418797262862300e-01 6.059995869723860951e-01 6.409151441475485766e-02
3.860418797262862300e-01 6.059995869723860951e-01 6.409151441475485766e-02
3.860418797262862300e-01 6.059995869723860951e-01 6.409151441475485766e-02
3.860418797262862300e-01 6.059995869723860951e-01 6.409151441475485766e-02
3.860418797262862300e-01 6.059995869723860951e-01 6.409151441475485766e-02
3.860418797262862300e-01 6.059995869723860951e-01 6.409151441475485766e-02
4.989907625069344155e-01 3.914840476470111130e-01 4.335493402328374768e-02
4.989907625069344155e-01 3.914840476470111130e-01 4.335493402328374768e-02
4.989907625069344155e-01 3.914840476470111130e-01 4.335493402328374768e-02
4.989907625069344155e-01 3.914840476470111130e-01 4.335493402328374768e-02
4.989907625069344155e-01 3.914840476470111130e-01 4.335493402328374768e-02
4.989907625069344155e-01 3.914840476470111130e-01 4.335493402328374768e-02
4.989907625069344155e-01 3.914840476470111130e-01 4.335493402328374768e-02
