2.489132485845457765e-01 1.481402749648903505e-01 1.692016968633358043e-01
5.309698452748788933e-01 -8.949937535539170819e-02 1.605644898006756971e-01
5.309698452748788933e-01 -8.949937535539170819e-02 1.605644898006756971e-01
4.183663604680274983e-01 -1.420163453855663449e-03 2.579404080792914167e-01
4.183663604680274983e-01 -1.420163453855663449e-03 2.579404080792914167e-01
3.075104623041990393e-01 5.619328584130767190e-02 1.695447087978831091e-01
3.075104623041990393e-01 5.619328584130767190e-02 1.695447087978831091e-01
2.705789880868788022e-01 2.088490060659535519e-01 3.311138614958126225e-01
4.673931173416996376e-01 1.259405498324022155e-01 3.416270420316684375e-01
4.673931173416996376e-01 1.259405498324022155e-01 3.416270420316684375e-01
4.673931173416996376e-01 1.259405498324022155e-01 3.416270420316684375e-01
4.673931173416996376e-01 1.259405498324022155e-01 3.416270420316684375e-01
4.673931173416996376e-01 1.259405498324022155e-01 3.416270420316684375e-01
4.673931173416996376e-01 1.259405498324022155e-01 3.416270420316684375e-01
4.829387486841331123e-01 1.663797036855633737e-01 2.971724247548322428e-01
4.829387486841331123e-01 1.663797036855633737e-01 2.971724247548322428e-01
4.829387486841331123e-01 1.663797036855633737e-01 2.971724247548322428e-01
2.706200854523684862e-01 1.459058129325741249e-01 2.196547478148337673e-01
2.706200854523684862e-01 1.459058129325741249e-01 2.196547478148337673e-01
2.706200854523684862e-01 1.459058129325741249e-01 2.196547478148337673e-01
2.706200854523684862e-01 1.459058129325741249e-01 2.196547478148337673e-01
2.706200854523684862e-01 1.459058129325741249e-01 2.196547478148337673e-01
2.706200854523684862e-01 1.459058129325741249e-01 2.196547478148337673e-01
2.706200854523684862e-01 1.459058129325741249e-01 2.196547478148337673e-01
4.146015148413465523e-01 3.074517829137617397e-01 4.361338464914858992e-01
4.146015148413465523e-01 3.074517829137617397e-01 4.361338464914858992e-01
4.146015148413465523e-01 3.074517829137617397e-01 4.361338464914858992e-01
2.983648495708218218e-01 3.461168707510634546e-01 6.309291680020475690e-01
2.983648495708218218e-01 3.461168707510634546e-01 6.309291680020475690e-01
2.983648495708218218e-01 3.461168707510634546e-01 6.309291680020475690e-01
2.983648495708218218e-01 3.461168707510634546e-01 6.309291680020475690e-01
2.983648495708218218e-01 3.461168707510634546e-01 6.309291680020475690e-01
2.983648495708218218e-01 3.461168707510634546e-01 6.309291680020475690e-01
2.983648495708218218e-01 3.461168707510634546e-01 6.309291680020475690e-01
2.983648495708218218e-01 3.461168707510634546e-01 6.309291680020475690e-01
2.983648495708218218e-01 3.461168707510634546e-01 6.309291680020475690e-01
2.420674488298139027e-01 3.471577699212011758e-01 4.954001232609169247e-01
1.616641298174704422e-01 7.730740286690456209e-01 3.561857439940258607e-01
1.616641298174704422e-01 7.730740286690456209e-01 3.561857439940258607e-01
1.616641298174704422e-01 7.730740286690456209e-01 3.561857439940258607e-01
1.616641298174704422e-01 7.730740286690456209e-01 3.561857439940258607e-01
2.925920188700589231e-01 5.604504306081105058e-01 5.033470189639583925e-01
2.925920188700589231e-01 5.604504306081105058e-01 5.033470189639583925e-01
2.925920188700589231e-01 5.604504306081105058e-01 5.033470189639583925e-01
2.925920188700589231e-01 5.604504306081105058e-01 5.033470189639583925e-01
2.925920188700589231e-01 5.604504306081105058e-01 5.033470189639583925e-01
3.472637668752022178e-01 6.591031690369119067e-01 1.611838312751483482e-01
3.472637668752022178e-01 6.591031690369119067e-01 1.611838312751483482e-01
3.472637668752022178e-01 6.591031690369119067e-01 1.611838312751483482e-01
1.811613002205885448e-01 6.746580347789445931e-01 4.794008228328215937e-01
1.811613002205885448e-01 6.746580347789445931e-01 4.794008228328215937e-01
1.811613002205885448e-01 6.746580347789445931e-01 4.794008228328215937e-01
4.504745538814824979e-02 7.393164106686485049e-01 2.025787261498940561e-01
5.649434789988855982e-02 5.307063917594152525e-01 1.129544334733304789e-01
5.231980796852734317e-01 1.933237429541878605e-02 2.121369290596067936e-01
5.231980796852734317e-01 1.933237429541878605e-02 2.121369290596067936e-01
5.231980796852734317e-01 1.933237429541878605e-02 2.121369290596067936e-01
5.231980796852734317e-01 1.933237429541878605e-02 2.121369290596067936e-01
5.231980796852734317e-01 1.933237429541878605e-02 2.121369290596067936e-01
5.231980796852734317e-01 1.933237429541878605e-02 2.121369290596067936e-01
5.231980796852734317e-01 1.933237429541878605e-02 2.121369290596067936e-01
5.410424862039074911e-01 3.141914670348899818e-01 6.810422349999113723e-02
5.410424862039074911e-01 3.141914670348899818e-01 6.810422349999113723e-02
5.410424862039074911e-01 3.141914670348899818e-01 6.810422349999113723e-02
5.167683044808932813e-01 1.725697471806756367e-01 2.004391026133185150e-01
5.859242641738944268e-01 1.406778662018828840e-01 7.497104666015322327e-02
5.859242641738944268e-01 1.406778662018828840e-01 7.497104666015322327e-02
1.948315566522949571e-01 1.052129064508694201e-01 4.413023674756541559e-02
1.948315566522949571e-01 1.052129064508694201e-01 4.413023674756541559e-02
6.124881974718038302e-01 -4.262844078798770919e-01 1.850288752394224287e-02
6.124881974718038302e-01 -4.262844078798770919e-01 1.850288752394224287e-02
3.671649169829910297e-01 -1.409512236424620979e-01 5.583597963820063903e-02
3.671649169829910297e-01 -1.409512236424620979e-01 5.583597963820063903e-02
3.671649169829910297e-01 -1.409512236424620979e-01 5.583597963820063903e-02
3.671649169829910297e-01 -1.409512236424620979e-01 5.583597963820063903e-02
3.671649169829910297e-01 -1.409512236424620979e-01 5.583597963820063903e-02
3.671649169829910297e-01 -1.409512236424620979e-01 5.583597963820063903e-02
3.671649169829910297e-01 -1.409512236424620979e-01 5.583597963820063903e-02
5.214205564852669728e-01 -9.161493368961171058e-02 1.658115618563912874e-01
5.214205564852669728e-01 -9.161493368961171058e-02 1.658115618563912874e-01
5.214205564852669728e-01 -9.161493368961171058e-02 1.658115618563912874e-01
6.036627022859606395e-01 -1.369255030419177233e-01 8.398026213020780284e-02
6.036627022859606395e-01 -1.369255030419177233e-01 8.398026213020780284e-02
6.036627022859606395e-01 -1.369255030419177233e-01 8.398026213020780284e-02
6.036627022859606395e-01 -1.369255030419177233e-01 8.398026213020780284e-02
6.036627022859606395e-01 -1.369255030419177233e-01 8.398026213020780284e-02
6.036627022859606395e-01 -1.369255030419177233e-01 8.398026213020780284e-02
6.036627022859606395e-01 -1.369255030419177233e-01 8.398026213020780284e-02
4.181196693334231496e-01 -2.788705730547293427e-01 2.283804467631764604e-02
4.181196693334231496e-01 -2.788705730547293427e-01 2.283804467631764604e-02
4.181196693334231496e-01 -2.788705730547293427e-01 2.283804467631764604e-02
6.413379858285908064e-01 -1.650417821812427688e-01 5.296217106556337650e-02
6.413379858285908064e-01 -1.650417821812427688e-01 5.296217106556337650e-02
3.454713684786724359e-01 -9.639828287166775367e-02 6.675176695952596273e-02
3.454713684786724359e-01 -9.639828287166775367e-02 6.675176695952596273e-02
5.949882899531424574e-01 1.817334721229562633e-01 5.097312624035943429e-02
5.949882899531424574e-01 1.817334721229562633e-01 5.097312624035943429e-02
5.949882899531424574e-01 1.817334721229562633e-01 5.097312624035943429e-02
5.949882899531424574e-01 1.817334721229562633e-01 5.097312624035943429e-02
5.949882899531424574e-01 1.817334721229562633e-01 5.097312624035943429e-02
