2.489132485845457765e-01 1.481402749648903505e-01 1.440173940365406524e-03
2.489132485845457765e-01 1.481402749648903505e-01 1.440173940365406524e-03
2.489132485845457765e-01 1.481402749648903505e-01 1.440173940365406524e-03
2.489132485845457765e-01 1.481402749648903505e-01 1.440173940365406524e-03
2.489132485845457765e-01 1.481402749648903505e-01 1.440173940365406524e-03
2.846305263776890415e-01 1.296079121706041337e-01 1.510021275574231032e-03
2.846305263776890415e-01 1.296079121706041337e-01 1.510021275574231032e-03
1.618190017472283804e-01 5.040828807751114304e-01 1.798704639006562869e-02
1.618190017472283804e-01 5.040828807751114304e-01 1.798704639006562869e-02
1.926934869336363321e-01 7.397781139440255949e-01 3.501810012146235052e-02
-1.521833665442449968e-01 8.900645895630459048e-01 2.949409853391798952e-02
-1.521833665442449968e-01 8.900645895630459048e-01 2.949409853391798952e-02
2.185137548091861392e-01 8.587833171750189898e-01 2.880612942782525068e-02
2.185137548091861392e-01 8.587833171750189898e-01 2.880612942782525068e-02
4.765811227832000840e-02 1.116017802554855942e+00 1.362780967657828933e-02
7.133308239002801587e-02 1.126732611477048174e+00 1.170694195987925443e-02
-9.343424849482688532e-02 1.005390260770222755e+00 2.853168958133367114e-02
-2.008050451131511149e-01 1.105625471610276245e+00 2.492001598520468889e-02
-2.008050451131511149e-01 1.105625471610276245e+00 2.492001598520468889e-02
-2.366086022977968717e-01 1.027531198053956318e+00 2.888793030430599970e-02
-2.366086022977968717e-01 1.027531198053956318e+00 2.888793030430599970e-02
-1.809240434324223545e-01 6.296000547679752035e-01 9.308839382331089707e-03
8.353939193640530503e-02 9.947172679450416721e-01 2.288919391307324067e-02
5.304143476022333825e-01 7.514408536952412732e-01 2.231998760544329566e-02
5.304143476022333825e-01 7.514408536952412732e-01 2.231998760544329566e-02
4.066382288581703586e-01 3.207192792043704888e-01 1.582024036320083676e-02
4.159077862726415220e-01 4.740943281566216694e-01 3.134509624426918412e-02
4.159077862726415220e-01 4.740943281566216694e-01 3.134509624426918412e-02
4.159077862726415220e-01 4.740943281566216694e-01 3.134509624426918412e-02
4.159077862726415220e-01 4.740943281566216694e-01 3.134509624426918412e-02
6.661845712610090509e-01 3.822961089808589175e-01 3.625139381545310763e-02
6.661845712610090509e-01 3.822961089808589175e-01 3.625139381545310763e-02
7.392270281153158207e-01 2.713050188904648219e-01 3.168218132356718370e-02
8.352905349301845694e-01 2.129918176705404009e-01 3.157413305825659822e-02
1.124656407555515436e+00 1.141221034256418992e-01 3.497029242340154304e-02
1.124656407555515436e+00 1.141221034256418992e-01 3.497029242340154304e-02
1.124656407555515436e+00 1.141221034256418992e-01 3.497029242340154304e-02
1.468900426895147771e+00 -2.602784647851009991e-02 3.181776365759540065e-02
1.468900426895147771e+00 -2.602784647851009991e-02 3.181776365759540065e-02
1.731923164701732354e+00 1.344634260697781802e-01 8.287476280618910271e-03
1.604410079984133430e+00 1.461103085582468319e-01 1.364025064737024381e-02
1.604410079984133430e+00 1.461103085582468319e-01 1.364025064737024381e-02
1.604410079984133430e+00 1.461103085582468319e-01 1.364025064737024381e-02
1.177671891814470184e+00 -3.735739600671177385e-01 2.392233868803903506e-03
1.647095830432358632e+00 -2.414495090183121084e-01 2.694081611991338415e-02
1.647095830432358632e+00 -2.414495090183121084e-01 2.694081611991338415e-02
1.647095830432358632e+00 -2.414495090183121084e-01 2.694081611991338415e-02
2.028673829541915108e+00 -5.075652929779311817e-01 1.946872375848601039e-02
1.916639124229241986e+00 -3.757179660082002326e-01 2.381786072829826517e-02
1.524795000433601944e+00 6.857126362990345614e-02 2.478238374204598526e-02
1.389186164734604212e+00 -5.519325373409385282e-02 3.182992219537724571e-02
1.389186164734604212e+00 -5.519325373409385282e-02 3.182992219537724571e-02
1.367240952556346700e+00 -3.198841808938712727e-02 3.246683801234619138e-02
1.190618413861967539e+00 2.963592471802438677e-01 2.602144865967337059e-02
1.257499657900455592e+00 3.009074607846944915e-01 2.120398198116653712e-02
1.323434694403820222e+00 2.186666796251054423e-01 2.461905530245143275e-02
1.635726958627052419e+00 -1.288276146759743113e-01 2.930455581906852083e-02
1.635726958627052419e+00 -1.288276146759743113e-01 2.930455581906852083e-02
1.635726958627052419e+00 -1.288276146759743113e-01 2.930455581906852083e-02
1.635726958627052419e+00 -1.288276146759743113e-01 2.930455581906852083e-02
1.665654261058880037e+00 -1.924831746663867582e-01 2.868771528921711111e-02
2.075887983417881166e+00 -5.910600049861227667e-01 1.582733887692653815e-02
2.075887983417881166e+00 -5.910600049861227667e-01 1.582733887692653815e-02
2.075887983417881166e+00 -5.910600049861227667e-01 1.582733887692653815e-02
1.982735179041715368e+00 -5.989924226989107314e-01 1.281869911751015029e-02
2.364316957194603219e+00 -6.244944954319272545e-01 1.674349798749182397e-02
2.364316957194603219e+00 -6.244944954319272545e-01 1.674349798749182397e-02
2.364316957194603219e+00 -6.244944954319272545e-01 1.674349798749182397e-02
2.364316957194603219e+00 -6.244944954319272545e-01 1.674349798749182397e-02
2.189833322780172953e+00 -3.946708768726292504e-01 1.824118035092762644e-02
2.189833322780172953e+00 -3.946708768726292504e-01 1.824118035092762644e-02
2.189833322780172953e+00 -3.946708768726292504e-01 1.824118035092762644e-02
1.472591550325467402e+00 -2.434603485430031355e-01 2.125067050658349319e-02
1.875380068174551829e+00 -5.145580304608553535e-01 1.516433934654961950e-02
1.494863137425024080e+00 -3.152242663381790155e-01 1.597266401448101808e-02
1.494863137425024080e+00 -3.152242663381790155e-01 1.597266401448101808e-02
1.476289435270542238e+00 -3.249488139823992761e-01 1.432523008294794148e-02
1.534589505935567866e+00 -3.361341549614853541e-01 1.595836078017941542e-02
1.534589505935567866e+00 -3.361341549614853541e-01 1.595836078017941542e-02
1.783328680103246855e+00 -2.618194347837060620e-01 2.678295845408610112e-02
1.783328680103246855e+00 -2.618194347837060620e-01 2.678295845408610112e-02
2.439562281698413493e+00 -5.973320726554881555e-01 1.544473896199457033e-02
1.818551171692275314e+00 -3.657683367796502605e-01 2.334967639922398697e-02
1.818551171692275314e+00 -3.657683367796502605e-01 2.334967639922398697e-02
1.818551171692275314e+00 -3.657683367796502605e-01 2.334967639922398697e-02
2.026201791477559855e+00 -5.914218968711559832e-01 1.455304510798721522e-02
2.026201791477559855e+00 -5.914218968711559832e-01 1.455304510798721522e-02
2.026201791477559855e+00 -5.914218968711559832e-01 1.455304510798721522e-02
1.929784767643938581e+00 -4.620986814242072915e-01 2.012942018837934194e-02
1.929784767643938581e+00 -4.620986814242072915e-01 2.012942018837934194e-02
1.929784767643938581e+00 -4.620986814242072915e-01 2.012942018837934194e-02
2.359279440835805097e+00 -4.873397128953938506e-01 1.527391134738413647e-02
2.012718620306215289e+00 -5.166945386382381100e-01 1.871770715599083146e-02
2.288403470834702080e+00 -6.078749381536935337e-01 1.746716205985032397e-02
2.213096169807824865e+00 -5.127636390476809636e-01 1.944198785284974654e-02
2.213096169807824865e+00 -5.127636390476809636e-01 1.944198785284974654e-02
2.213096169807824865e+00 -5.127636390476809636e-01 1.944198785284974654e-02
1.998410223483620740e+00 -5.696058161979106194e-01 1.517582885545524542e-02
1.677926786537812021e+00 -5.168616604956761673e-01 8.267412171718663619e-03
1.677926786537812021e+00 -5.168616604956761673e-01 8.267412171718663619e-03
