2.489132485845457765e-01 1.481402749648903505e-01 3.780875393139828365e-03
6.514634714206704591e-02 5.079826412997701102e-01 1.182781707384322339e-01
6.514634714206704591e-02 5.079826412997701102e-01 1.182781707384322339e-01
6.514634714206704591e-02 5.079826412997701102e-01 1.182781707384322339e-01
6.514634714206704591e-02 5.079826412997701102e-01 1.182781707384322339e-01
5.199789119463192610e-02 4.364778944881820277e-01 6.075659354307865606e-02
5.199789119463192610e-02 4.364778944881820277e-01 6.075659354307865606e-02
2.446882223343333496e-01 4.562410421705053176e-01 1.378041083662386035e-01
2.012783219853241379e-01 6.676481998826890862e-01 2.494631205315188671e-01
2.012783219853241379e-01 6.676481998826890862e-01 2.494631205315188671e-01
2.012783219853241379e-01 6.676481998826890862e-01 2.494631205315188671e-01
-2.549932188704466252e-01 8.536686592623859982e-01 2.233535455171653250e-01
-2.549932188704466252e-01 8.536686592623859982e-01 2.233535455171653250e-01
-2.549932188704466252e-01 8.536686592623859982e-01 2.233535455171653250e-01
-4.754811859307997435e-02 6.562923649527263592e-01 2.014944756943173043e-01
-4.754811859307997435e-02 6.562923649527263592e-01 2.014944756943173043e-01
-4.754811859307997435e-02 6.562923649527263592e-01 2.014944756943173043e-01
-1.248583469029889981e-01 8.897957060942223162e-01 2.075507153203077493e-01
-1.248583469029889981e-01 8.897957060942223162e-01 2.075507153203077493e-01
-1.248583469029889981e-01 8.897957060942223162e-01 2.075507153203077493e-01
-1.248583469029889981e-01 8.897957060942223162e-01 2.075507153203077493e-01
-1.248583469029889981e-01 8.897957060942223162e-01 2.075507153203077493e-01
2.278702735443417227e-01 6.396461632691194943e-01 2.481454208360677760e-01
2.278702735443417227e-01 6.396461632691194943e-01 2.481454208360677760e-01
2.278702735443417227e-01 6.396461632691194943e-01 2.481454208360677760e-01
2.278702735443417227e-01 6.396461632691194943e-01 2.481454208360677760e-01
2.278702735443417227e-01 6.396461632691194943e-01 2.481454208360677760e-01
2.278702735443417227e-01 6.396461632691194943e-01 2.481454208360677760e-01
2.000683265288969448e-01 7.576036738941340776e-01 2.104447961634004216e-01
1.642320598627032280e-01 9.226209442825354934e-01 8.526245282232904066e-02
4.322061554121870985e-01 9.298913923424954042e-01 2.037083987269584090e-02
4.322061554121870985e-01 9.298913923424954042e-01 2.037083987269584090e-02
-4.389856119639734544e-02 1.125321434949837496e+00 2.506487922815911137e-02
-8.003856947729420801e-02 1.048259781178963790e+00 6.881279563283186629e-02
-8.003856947729420801e-02 1.048259781178963790e+00 6.881279563283186629e-02
3.799762435245139514e-02 8.831464185886521712e-01 1.652919409408719620e-01
-1.897340285956472528e-01 8.810847907154722991e-01 2.206678211388173050e-01
-2.800692656877199482e-01 8.039797356791587024e-01 2.057262698851318461e-01
-2.462942675089809796e-01 7.696222181918785932e-01 2.006973319401684774e-01
-2.462942675089809796e-01 7.696222181918785932e-01 2.006973319401684774e-01
1.984457843238627284e-01 8.814999171387655208e-01 1.053739106392939245e-01
1.984457843238627284e-01 8.814999171387655208e-01 1.053739106392939245e-01
6.717519871601712600e-03 8.054059209237148798e-01 2.332329741234873133e-01
6.717519871601712600e-03 8.054059209237148798e-01 2.332329741234873133e-01
6.717519871601712600e-03 8.054059209237148798e-01 2.332329741234873133e-01
2.573998268124634281e-01 7.216548747609026204e-01 2.151423201094457283e-01
2.573998268124634281e-01 7.216548747609026204e-01 2.151423201094457283e-01
2.573998268124634281e-01 7.216548747609026204e-01 2.151423201094457283e-01
2.573998268124634281e-01 7.216548747609026204e-01 2.151423201094457283e-01
1.578804702656054493e-01 3.788983994317186021e-01 5.362681981749146259e-02
5.648048629971635926e-01 1.368672611518103877e-01 1.990878419853538486e-02
5.648048629971635926e-01 1.368672611518103877e-01 1.990878419853538486e-02
5.648048629971635926e-01 1.368672611518103877e-01 1.990878419853538486e-02
5.648048629971635926e-01 1.368672611518103877e-01 1.990878419853538486e-02
6.937702555420057760e-01 2.473082729173463612e-01 8.891540245369444762e-02
8.818611602368126023e-01 3.702297770769454321e-01 1.371786892201873609e-01
8.818611602368126023e-01 3.702297770769454321e-01 1.371786892201873609e-01
8.818611602368126023e-01 3.702297770769454321e-01 1.371786892201873609e-01
4.506623389100919974e-01 1.482820095674343142e-01 1.319973801243131545e-02
3.089780705106370817e-01 2.580117280438917748e-01 2.724081825474017685e-02
5.010226232885381936e-01 1.674697614347512853e-01 2.190973018808129932e-02
5.010226232885381936e-01 1.674697614347512853e-01 2.190973018808129932e-02
5.010226232885381936e-01 1.674697614347512853e-01 2.190973018808129932e-02
5.010226232885381936e-01 1.674697614347512853e-01 2.190973018808129932e-02
9.008239954532224480e-01 2.400126234604514908e-01 1.047234619583593401e-01
9.008239954532224480e-01 2.400126234604514908e-01 1.047234619583593401e-01
9.008239954532224480e-01 2.400126234604514908e-01 1.047234619583593401e-01
6.923385967640263150e-01 4.144007036030769586e-01 1.745705721173800573e-01
1.083414247139500297e+00 4.645542804786205737e-01 5.280178987227588522e-02
1.083414247139500297e+00 4.645542804786205737e-01 5.280178987227588522e-02
8.954571610960213590e-01 4.236805800234761943e-01 1.250648486429309647e-01
8.954571610960213590e-01 4.236805800234761943e-01 1.250648486429309647e-01
8.954571610960213590e-01 4.236805800234761943e-01 1.250648486429309647e-01
8.954571610960213590e-01 4.236805800234761943e-01 1.250648486429309647e-01
8.954571610960213590e-01 4.236805800234761943e-01 1.250648486429309647e-01
8.610532361941067858e-01 5.771873635828035365e-01 6.913095975913338687e-02
8.610532361941067858e-01 5.771873635828035365e-01 6.913095975913338687e-02
8.610532361941067858e-01 5.771873635828035365e-01 6.913095975913338687e-02
3.678815695196108737e-01 3.854755417262564210e-01 1.161829496698946890e-01
3.678815695196108737e-01 3.854755417262564210e-01 1.161829496698946890e-01
2.481088687863492459e-01 5.206822158558630509e-01 1.944219291411905803e-01
2.481088687863492459e-01 5.206822158558630509e-01 1.944219291411905803e-01
2.481088687863492459e-01 5.206822158558630509e-01 1.944219291411905803e-01
1.051872241738883718e-01 7.435465333936231991e-01 2.439973931102206450e-01
1.051872241738883718e-01 7.435465333936231991e-01 2.439973931102206450e-01
5.903665802223673209e-01 4.901821343876853754e-01 1.984925563732436726e-01
5.903665802223673209e-01 4.901821343876853754e-01 1.984925563732436726e-01
5.903665802223673209e-01 4.901821343876853754e-01 1.984925563732436726e-01
5.903665802223673209e-01 4.901821343876853754e-01 1.984925563732436726e-01
5.903665802223673209e-01 4.901821343876853754e-01 1.984925563732436726e-01
5.903665802223673209e-01 4.901821343876853754e-01 1.984925563732436726e-01
5.903665802223673209e-01 4.901821343876853754e-01 1.984925563732436726e-01
5.212782563059163987e-01 3.940836866203544786e-01 1.599731429529771265e-01
5.212782563059163987e-01 3.940836866203544786e-01 1.599731429529771265e-01
1.032483615869031368e+00 9.571154469977283252e-02 5.092474710498898216e-02
1.032483615869031368e+00 9.571154469977283252e-02 5.092474710498898216e-02
1.345290471215818240e+00 -1.849561099687562216e-01 6.244477297260709117e-03
1.615501928443238810e+00 -9.031384560558862462e-02 1.820311586637271550e-02
1.615501928443238810e+00 -9.031384560558862462e-02 1.820311586637271550e-02
1.615501928443238810e+00 -9.031384560558862462e-02 1.820311586637271550e-02
