2.489132485845457765e-01 1.481402749648903505e-01 3.826737297114437848e-03
2.489132485845457765e-01 1.481402749648903505e-01 3.826737297114437848e-03
2.489132485845457765e-01 1.481402749648903505e-01 3.826737297114437848e-03
-1.615427960616062641e-01 6.055236020943831621e-01 1.104124541724827435e-01
-1.615427960616062641e-01 6.055236020943831621e-01 1.104124541724827435e-01
9.239430370253837177e-02 4.683745158158539312e-01 9.566461236909923338e-02
9.239430370253837177e-02 4.683745158158539312e-01 9.566461236909923338e-02
9.239430370253837177e-02 4.683745158158539312e-01 9.566461236909923338e-02
9.239430370253837177e-02 4.683745158158539312e-01 9.566461236909923338e-02
-1.477344749114653244e-01 8.382168257229782871e-01 2.333787115047423200e-01
-1.477344749114653244e-01 8.382168257229782871e-01 2.333787115047423200e-01
-2.700610361053831787e-02 7.495210735211097486e-01 2.483870638159050570e-01
-1.074937855353153698e-01 8.328829384338677366e-01 2.342106577888517505e-01
-5.804930623185557831e-02 8.462187334157541541e-01 2.220484361626234304e-01
-6.006270627433902831e-01 8.128730549382032766e-01 8.245048423607270749e-02
-6.006270627433902831e-01 8.128730549382032766e-01 8.245048423607270749e-02
-6.643454169730931280e-01 1.073518187872973817e+00 1.366087325445568268e-01
-6.643454169730931280e-01 1.073518187872973817e+00 1.366087325445568268e-01
-3.613060944545398168e-01 8.743467366393038454e-01 2.014392003385509222e-01
-3.613060944545398168e-01 8.743467366393038454e-01 2.014392003385509222e-01
-3.613060944545398168e-01 8.743467366393038454e-01 2.014392003385509222e-01
-8.058997023250508152e-02 7.749357466425702556e-01 2.442171149342124981e-01
-8.058997023250508152e-02 7.749357466425702556e-01 2.442171149342124981e-01
-8.058997023250508152e-02 7.749357466425702556e-01 2.442171149342124981e-01
-8.058997023250508152e-02 7.749357466425702556e-01 2.442171149342124981e-01
-1.703978229623586693e-01 7.767414354166456425e-01 2.276142813696846456e-01
-1.293699738939144139e-01 8.736308329087378866e-01 2.176581310078354314e-01
1.580908508305864935e-01 7.763378010809103280e-01 2.123071263658174168e-01
3.566799426009671370e-01 4.771910674560059240e-01 1.910829199603335526e-01
3.566799426009671370e-01 4.771910674560059240e-01 1.910829199603335526e-01
3.566799426009671370e-01 4.771910674560059240e-01 1.910829199603335526e-01
3.566799426009671370e-01 4.771910674560059240e-01 1.910829199603335526e-01
3.566799426009671370e-01 4.771910674560059240e-01 1.910829199603335526e-01
6.498506220008531953e-02 6.334128381387594819e-01 2.242114739309205573e-01
6.498506220008531953e-02 6.334128381387594819e-01 2.242114739309205573e-01
6.498506220008531953e-02 6.334128381387594819e-01 2.242114739309205573e-01
6.498506220008531953e-02 6.334128381387594819e-01 2.242114739309205573e-01
6.498506220008531953e-02 6.334128381387594819e-01 2.242114739309205573e-01
1.356290953796923660e-01 9.688710782523167753e-01 6.257526328460887022e-02
1.356290953796923660e-01 9.688710782523167753e-01 6.257526328460887022e-02
-3.793674740787975619e-01 1.083454945187345864e+00 1.166934417346554009e-01
-3.793674740787975619e-01 1.083454945187345864e+00 1.166934417346554009e-01
-2.389905612810871993e-01 7.396118972879206499e-01 1.836016607960829217e-01
-2.389905612810871993e-01 7.396118972879206499e-01 1.836016607960829217e-01
-2.389905612810871993e-01 7.396118972879206499e-01 1.836016607960829217e-01
-5.008792305956377700e-02 8.093871929752201044e-01 2.388352138464553409e-01
8.838721388142370405e-02 6.773211951883262305e-01 2.495475674173787684e-01
8.838721388142370405e-02 6.773211951883262305e-01 2.495475674173787684e-01
8.838721388142370405e-02 6.773211951883262305e-01 2.495475674173787684e-01
8.838721388142370405e-02 6.773211951883262305e-01 2.495475674173787684e-01
4.566345605537622809e-01 5.124750889234220841e-01 2.213391808957028972e-01
1.950097686976408062e-01 4.650621081695576753e-01 1.293666121440013583e-01
4.943389162258798319e-01 3.912399176903531006e-01 1.562515281291807501e-01
7.176694311771513179e-01 2.968283830642781673e-01 1.274173190593405058e-01
7.176694311771513179e-01 2.968283830642781673e-01 1.274173190593405058e-01
7.176694311771513179e-01 2.968283830642781673e-01 1.274173190593405058e-01
9.314527787649350410e-01 1.631952055508197330e-01 7.536082173037754461e-02
6.278442184733055154e-01 2.655695774197414094e-01 9.190226677944078604e-02
6.278442184733055154e-01 2.655695774197414094e-01 9.190226677944078604e-02
6.278442184733055154e-01 2.655695774197414094e-01 9.190226677944078604e-02
4.142134638596315921e-01 6.672057012603529458e-01 1.942162911111062207e-01
4.142134638596315921e-01 6.672057012603529458e-01 1.942162911111062207e-01
4.142134638596315921e-01 6.672057012603529458e-01 1.942162911111062207e-01
4.142134638596315921e-01 6.672057012603529458e-01 1.942162911111062207e-01
4.142134638596315921e-01 6.672057012603529458e-01 1.942162911111062207e-01
4.142134638596315921e-01 6.672057012603529458e-01 1.942162911111062207e-01
6.800725541871808222e-01 4.714645637121243071e-01 1.846374350003404385e-01
6.823248483611993320e-01 3.397903459819510141e-01 1.496552590194196453e-01
8.523726861375310326e-01 2.924946637991334142e-01 1.319192792923838675e-01
8.523726861375310326e-01 2.924946637991334142e-01 1.319192792923838675e-01
3.532458456704236083e-01 5.013575935189149568e-01 2.075364732272030610e-01
3.532458456704236083e-01 5.013575935189149568e-01 2.075364732272030610e-01
1.029487762366005921e-01 7.145981135153496311e-01 2.524016514882103657e-01
4.754389818787038008e-02 7.125492218155672353e-01 2.517425103433751921e-01
4.754389818787038008e-02 7.125492218155672353e-01 2.517425103433751921e-01
4.754389818787038008e-02 7.125492218155672353e-01 2.517425103433751921e-01
1.264329160414148501e-01 7.634132053141383656e-01 2.305033046777953953e-01
1.264329160414148501e-01 7.634132053141383656e-01 2.305033046777953953e-01
-4.062998317991490804e-01 6.701519126344466226e-01 6.609888475793676554e-02
-4.009804417859707537e-01 8.197211630174230379e-01 1.663579708103148924e-01
-4.009804417859707537e-01 8.197211630174230379e-01 1.663579708103148924e-01
-4.009804417859707537e-01 8.197211630174230379e-01 1.663579708103148924e-01
-4.009804417859707537e-01 8.197211630174230379e-01 1.663579708103148924e-01
-6.738828963041121334e-03 6.805579517509869891e-01 2.312121695783329600e-01
-6.738828963041121334e-03 6.805579517509869891e-01 2.312121695783329600e-01
-6.738828963041121334e-03 6.805579517509869891e-01 2.312121695783329600e-01
-6.738828963041121334e-03 6.805579517509869891e-01 2.312121695783329600e-01
-1.154298106942341501e-01 9.414272929364362330e-01 1.647334816837068561e-01
-1.154298106942341501e-01 9.414272929364362330e-01 1.647334816837068561e-01
-1.154298106942341501e-01 9.414272929364362330e-01 1.647334816837068561e-01
4.069865977361804554e-01 9.191254935221424560e-01 2.746696582829535882e-02
4.069865977361804554e-01 9.191254935221424560e-01 2.746696582829535882e-02
4.069865977361804554e-01 9.191254935221424560e-01 2.746696582829535882e-02
2.084446013457452729e-01 7.387418882029067602e-01 2.219667526574338745e-01
2.084446013457452729e-01 7.387418882029067602e-01 2.219667526574338745e-01
2.084446013457452729e-01 7.387418882029067602e-01 2.219667526574338745e-01
2.084446013457452729e-01 7.387418882029067602e-01 2.219667526574338745e-01
2.084446013457452729e-01 7.387418882029067602e-01 2.219667526574338745e-01
-1.829351829935412233e-01 9.648889669809238567e-01 1.637379906004717556e-01
-4.997440669003123670e-01 1.093782803243737556e+00 1.284602686022940643e-01
