2.489132485845457765e-01 1.481402749648903505e-01 1.765897906086723443e-03
2.489132485845457765e-01 1.481402749648903505e-01 1.765897906086723443e-03
8.291573470090621845e-01 3.259888848887539381e-01 5.370484822659564450e-02
1.349625234665481566e+00 2.181786851269638117e-01 3.005281743263984312e-02
8.712477794028009592e-01 4.049909132702320669e-01 5.245353970646973729e-02
8.712477794028009592e-01 4.049909132702320669e-01 5.245353970646973729e-02
9.657391551317403566e-01 2.172837915264515252e-01 4.755469083806408703e-02
9.657391551317403566e-01 2.172837915264515252e-01 4.755469083806408703e-02
5.510048477716092963e-01 3.483569699420776544e-01 4.139872982514839622e-02
2.597877178446458268e-01 8.214585589183968084e-01 6.073335899891950385e-02
3.034442758867584300e-01 7.187247850188618337e-01 6.755720138409808395e-02
3.034442758867584300e-01 7.187247850188618337e-01 6.755720138409808395e-02
3.034442758867584300e-01 7.187247850188618337e-01 6.755720138409808395e-02
3.034442758867584300e-01 7.187247850188618337e-01 6.755720138409808395e-02
2.749901577405989284e-01 6.819162052220429926e-01 6.823333131537993868e-02
2.749901577405989284e-01 6.819162052220429926e-01 6.823333131537993868e-02
2.749901577405989284e-01 6.819162052220429926e-01 6.823333131537993868e-02
2.808468407451308879e-01 5.448787081811572452e-01 5.197221232523875634e-02
5.478313410721458165e-01 6.516476641673951686e-01 5.556580869674896533e-02
5.478313410721458165e-01 6.516476641673951686e-01 5.556580869674896533e-02
5.478313410721458165e-01 6.516476641673951686e-01 5.556580869674896533e-02
7.838305282721178546e-01 3.942409230839818424e-01 5.664413696278146337e-02
7.065961142377490400e-01 4.436426483535639287e-01 5.892491545813251935e-02
7.065961142377490400e-01 4.436426483535639287e-01 5.892491545813251935e-02
1.223317917487301232e+00 4.110286815442085184e-01 1.929895293321971794e-02
1.223317917487301232e+00 4.110286815442085184e-01 1.929895293321971794e-02
1.543120056246755301e+00 2.160784348200895100e-01 1.508823825481775925e-02
1.846499789553006421e+00 -3.871444890370261405e-01 1.739054536419238836e-02
1.846499789553006421e+00 -3.871444890370261405e-01 1.739054536419238836e-02
2.277375034746823346e+00 -6.737541216275810818e-01 8.877151488181836761e-03
2.277375034746823346e+00 -6.737541216275810818e-01 8.877151488181836761e-03
2.277375034746823346e+00 -6.737541216275810818e-01 8.877151488181836761e-03
2.482657243327728303e+00 -4.785903740827670561e-01 8.502354316975390541e-03
2.130899897574110025e+00 -3.589145535495261718e-01 1.629251924694760309e-02
2.130899897574110025e+00 -3.589145535495261718e-01 1.629251924694760309e-02
2.130899897574110025e+00 -3.589145535495261718e-01 1.629251924694760309e-02
2.130899897574110025e+00 -3.589145535495261718e-01 1.629251924694760309e-02
2.003544056640652382e+00 -2.350232194424515808e-01 1.799371653319889117e-02
2.022635923609137354e+00 -2.480320941314809180e-01 1.762715605495304705e-02
2.022635923609137354e+00 -2.480320941314809180e-01 1.762715605495304705e-02
2.022635923609137354e+00 -2.480320941314809180e-01 1.762715605495304705e-02
2.022635923609137354e+00 -2.480320941314809180e-01 1.762715605495304705e-02
2.022635923609137354e+00 -2.480320941314809180e-01 1.762715605495304705e-02
2.258049750746133899e+00 -2.300801836198372030e-01 7.401679887747709095e-03
2.178113779107141212e+00 -2.083330099616944042e-01 9.381334945754819798e-03
2.107865204750931643e+00 -3.550988288468369669e-01 1.689464956301217624e-02
2.078390973028508615e+00 -3.298833496394958376e-01 1.746368301661342312e-02
1.373970556842722957e+00 -2.432455881611405024e-01 1.389772545602431693e-02
1.373970556842722957e+00 -2.432455881611405024e-01 1.389772545602431693e-02
1.373970556842722957e+00 -2.432455881611405024e-01 1.389772545602431693e-02
1.373970556842722957e+00 -2.432455881611405024e-01 1.389772545602431693e-02
1.559184777138603817e+00 -2.756838642343396595e-01 1.833813708110973092e-02
1.317073898277249633e+00 8.490749102795430714e-02 3.946644063795190505e-02
1.453472232849822188e+00 -1.236909319720106148e-01 2.883626005419598001e-02
1.453472232849822188e+00 -1.236909319720106148e-01 2.883626005419598001e-02
1.453472232849822188e+00 -1.236909319720106148e-01 2.883626005419598001e-02
1.539546060785217829e+00 -2.585758856113223869e-01 1.919785138589493595e-02
1.539546060785217829e+00 -2.585758856113223869e-01 1.919785138589493595e-02
2.013974545607536637e+00 -1.448700730537262893e-01 1.342436099458868548e-02
2.013974545607536637e+00 -1.448700730537262893e-01 1.342436099458868548e-02
2.013974545607536637e+00 -1.448700730537262893e-01 1.342436099458868548e-02
2.013974545607536637e+00 -1.448700730537262893e-01 1.342436099458868548e-02
2.013974545607536637e+00 -1.448700730537262893e-01 1.342436099458868548e-02
2.071603078787935370e+00 -3.435083741895065268e-01 1.777427361270811357e-02
2.071603078787935370e+00 -3.435083741895065268e-01 1.777427361270811357e-02
1.773473787771027155e+00 -4.343842777344136263e-01 1.240064265417156406e-02
1.773473787771027155e+00 -4.343842777344136263e-01 1.240064265417156406e-02
1.773473787771027155e+00 -4.343842777344136263e-01 1.240064265417156406e-02
1.773473787771027155e+00 -4.343842777344136263e-01 1.240064265417156406e-02
2.081986846134147306e+00 -3.473313338276378115e-01 1.752633540562589104e-02
2.108345313856260006e+00 -3.359633003619333924e-01 1.664057756134600455e-02
2.108345313856260006e+00 -3.359633003619333924e-01 1.664057756134600455e-02
1.851521691040557416e+00 -9.711559555113055686e-02 1.925095695193433307e-02
1.851521691040557416e+00 -9.711559555113055686e-02 1.925095695193433307e-02
1.940752606140885961e+00 -2.032471353489543608e-01 1.960848735225042758e-02
1.940752606140885961e+00 -2.032471353489543608e-01 1.960848735225042758e-02
2.083650612916927436e+00 -2.565948963676099592e-01 1.540086834388855637e-02
2.083887238712425205e+00 -4.911323910498148204e-01 1.467327845230154484e-02
1.939175786353027675e+00 -2.004762397669027085e-01 1.958309670412620648e-02
1.846694699238082604e+00 -3.055441250334101078e-01 2.171999637680463446e-02
1.580922533575396027e+00 -1.981626568466068328e-01 2.561629590842666795e-02
1.580922533575396027e+00 -1.981626568466068328e-01 2.561629590842666795e-02
1.580922533575396027e+00 -1.981626568466068328e-01 2.561629590842666795e-02
1.649930679851649318e+00 -1.122804405456743343e-01 2.894152746684171273e-02
1.806680292269567945e+00 -6.064135885290763972e-02 1.965742479904928827e-02
1.695438719661796156e+00 -2.169057651189413571e-01 2.560718629971350108e-02
1.695438719661796156e+00 -2.169057651189413571e-01 2.560718629971350108e-02
1.097866739954005855e+00 -3.984474222342637706e-02 2.214689604481063362e-02
1.097866739954005855e+00 -3.984474222342637706e-02 2.214689604481063362e-02
1.097866739954005855e+00 -3.984474222342637706e-02 2.214689604481063362e-02
1.237238820607374779e+00 -8.209319979552570645e-03 3.335072711144201202e-02
1.340039911922236371e+00 -1.012048216530029715e-01 2.732261087067835992e-02
1.346204095293976444e+00 -3.028662123037209608e-01 8.038151251322052035e-03
1.346204095293976444e+00 -3.028662123037209608e-01 8.038151251322052035e-03
1.230649996093479803e+00 -1.468808259150265194e-01 1.686908694647380400e-02
1.230649996093479803e+00 -1.468808259150265194e-01 1.686908694647380400e-02
1.230649996093479803e+00 -1.468808259150265194e-01 1.686908694647380400e-02
1.230649996093479803e+00 -1.468808259150265194e-01 1.686908694647380400e-02
1.230649996093479803e+00 -1.468808259150265194e-01 1.686908694647380400e-02
1.230649996093479803e+00 -1.468808259150265194e-01 1.686908694647380400e-02
