2.489132485845457765e-01 1.481402749648903505e-01 1.510601461909668155e-03
3.934272572520147171e-01 3.881403891329465727e-02 1.252010043132895925e-03
3.934272572520147171e-01 3.881403891329465727e-02 1.252010043132895925e-03
7.699429334057199537e-01 2.209344613236665644e-01 3.176530741861514906e-02
7.699429334057199537e-01 2.209344613236665644e-01 3.176530741861514906e-02
1.152704460303995315e+00 5.214326863662002154e-01 8.824301380246837162e-03
1.152704460303995315e+00 5.214326863662002154e-01 8.824301380246837162e-03
1.152704460303995315e+00 5.214326863662002154e-01 8.824301380246837162e-03
1.158545588158075068e+00 3.484772629207439909e-01 2.518259492491296131e-02
1.158545588158075068e+00 3.484772629207439909e-01 2.518259492491296131e-02
6.404174972931211407e-01 2.098438687226180099e-01 2.130512737639363510e-02
6.404174972931211407e-01 2.098438687226180099e-01 2.130512737639363510e-02
6.404174972931211407e-01 2.098438687226180099e-01 2.130512737639363510e-02
4.161649387708171721e-01 4.427724160621491212e-01 3.025625214552466261e-02
4.161649387708171721e-01 4.427724160621491212e-01 3.025625214552466261e-02
4.742999978313531262e-01 7.980477586308534210e-01 2.173134333816871891e-02
3.970693589013197800e-01 7.846835643750391664e-01 2.776236889033940891e-02
9.549342639493701990e-02 9.248038093827832817e-01 2.869332786248565345e-02
4.089260691303473472e-01 9.506515292073027812e-01 1.069337417238873551e-02
4.327032745381373946e-01 1.141174251966060371e+00 1.533536757639225936e-03
3.191310330388388850e-01 2.682030573167304421e-01 7.753205055261279920e-03
6.577247442817826251e-01 2.473411127612694382e-01 2.677540211696179812e-02
6.577247442817826251e-01 2.473411127612694382e-01 2.677540211696179812e-02
8.875403666267959180e-01 2.146789477825192527e-01 3.782907616061320644e-02
4.860806075384069835e-01 4.331025095307827755e-01 3.391033594515070054e-02
5.286735535388885632e-01 7.352595964302710563e-01 2.522294823350612267e-02
5.544679676697986670e-01 3.591770698730613609e-01 3.143931150362695714e-02
8.073956308746836896e-01 7.940087297884854678e-01 5.431910269849498513e-03
8.073956308746836896e-01 7.940087297884854678e-01 5.431910269849498513e-03
7.259594484153883975e-01 7.619902397640279101e-01 1.075271947004360906e-02
8.813250511370006590e-01 2.153072987501499780e-01 3.759828016302717291e-02
8.813250511370006590e-01 2.153072987501499780e-01 3.759828016302717291e-02
7.649600413246321340e-01 1.909204265382552779e-01 2.815542847696940118e-02
7.649600413246321340e-01 1.909204265382552779e-01 2.815542847696940118e-02
7.649600413246321340e-01 1.909204265382552779e-01 2.815542847696940118e-02
7.649600413246321340e-01 1.909204265382552779e-01 2.815542847696940118e-02
8.988449737272632412e-01 2.949909491676434570e-01 4.120314475238844726e-02
1.109988474515269719e+00 4.672225920206264926e-01 1.578662649271733373e-02
9.056547521807228884e-01 7.054771476877885750e-02 2.441355401657630333e-02
6.197966900408787838e-01 4.790287894203284491e-01 4.043281483245022428e-02
6.197966900408787838e-01 4.790287894203284491e-01 4.043281483245022428e-02
8.131764323280599172e-01 6.533606872906672081e-01 1.578678115241504559e-02
8.131764323280599172e-01 6.533606872906672081e-01 1.578678115241504559e-02
8.131764323280599172e-01 6.533606872906672081e-01 1.578678115241504559e-02
8.131764323280599172e-01 6.533606872906672081e-01 1.578678115241504559e-02
8.131764323280599172e-01 6.533606872906672081e-01 1.578678115241504559e-02
9.475594879030088125e-01 4.015601253554081929e-01 3.411566279363303228e-02
9.475594879030088125e-01 4.015601253554081929e-01 3.411566279363303228e-02
9.611276026725080746e-01 3.809027372794097643e-01 3.522721203990537842e-02
3.686602183889909901e-01 2.036552079723994990e-01 5.903907331007468735e-03
5.263538450641932487e-01 3.755420124131015891e-01 3.116269356370305818e-02
5.263538450641932487e-01 3.755420124131015891e-01 3.116269356370305818e-02
5.263538450641932487e-01 3.755420124131015891e-01 3.116269356370305818e-02
5.263538450641932487e-01 3.755420124131015891e-01 3.116269356370305818e-02
5.263538450641932487e-01 3.755420124131015891e-01 3.116269356370305818e-02
6.402651377117887233e-01 3.306393199798164373e-01 3.425303756373990899e-02
9.626726788786076350e-01 -1.681383796200587866e-01 6.079109885995370027e-03
9.626726788786076350e-01 -1.681383796200587866e-01 6.079109885995370027e-03
1.252614322477391573e+00 -9.741348781699410431e-04 3.674752156969382511e-02
1.252614322477391573e+00 -9.741348781699410431e-04 3.674752156969382511e-02
1.252614322477391573e+00 -9.741348781699410431e-04 3.674752156969382511e-02
1.252614322477391573e+00 -9.741348781699410431e-04 3.674752156969382511e-02
1.274773873787945044e+00 2.171876616574496821e-01 3.077611601190578805e-02
1.253178939556169658e+00 2.181543811063002547e-01 3.212848958297651741e-02
1.021920068705061357e+00 2.325142680067293077e-01 4.085976383255507383e-02
5.602055498612810158e-01 1.418009736209605576e-01 9.868211007406023708e-03
5.602055498612810158e-01 1.418009736209605576e-01 9.868211007406023708e-03
8.133610879532339188e-01 5.247744704085183232e-02 1.618301696253554925e-02
8.133610879532339188e-01 5.247744704085183232e-02 1.618301696253554925e-02
8.133610879532339188e-01 5.247744704085183232e-02 1.618301696253554925e-02
1.241441617590478330e+00 -5.042770856679437697e-02 3.239859394919264446e-02
1.241441617590478330e+00 -5.042770856679437697e-02 3.239859394919264446e-02
1.241441617590478330e+00 -5.042770856679437697e-02 3.239859394919264446e-02
1.476334026447596148e+00 -4.117116104660029086e-02 3.658413232864454051e-02
1.583876798052787249e+00 -2.670911965918043585e-01 2.840077976920143271e-02
1.775051599285537129e+00 -1.320139409057753677e-01 2.800445561982750631e-02
1.209154390770293519e+00 1.000134068503640838e-01 3.971245333832963686e-02
1.187908754997980321e+00 1.981226708128813740e-02 3.594828212405704049e-02
1.492715532818499780e+00 -1.331966639652018558e-01 3.491021426636993497e-02
1.643904108421446519e+00 -2.770873851147730993e-01 2.971181233628155879e-02
1.779523833321691839e+00 -1.866159780828044179e-01 3.064214407260656275e-02
1.418729153127260112e+00 -2.752967127957818283e-01 1.921497723558147561e-02
1.418729153127260112e+00 -2.752967127957818283e-01 1.921497723558147561e-02
1.396698511965196454e+00 -3.640446772998991998e-01 1.008797097350754013e-02
1.450125082177771363e+00 -2.599094068149205849e-01 2.255615583301986624e-02
1.155877912245097949e+00 -1.930293035874316998e-01 1.259838382997367952e-02
1.338567816015668654e+00 -5.159880921285744382e-01 1.753267725864600607e-03
1.691805884694826290e+00 -5.178955265332265689e-01 1.091031147310910290e-02
1.691805884694826290e+00 -5.178955265332265689e-01 1.091031147310910290e-02
1.691805884694826290e+00 -5.178955265332265689e-01 1.091031147310910290e-02
1.691805884694826290e+00 -5.178955265332265689e-01 1.091031147310910290e-02
2.106235911521763260e+00 -7.804468294527399097e-01 7.987560743972598257e-03
2.106235911521763260e+00 -7.804468294527399097e-01 7.987560743972598257e-03
2.106235911521763260e+00 -7.804468294527399097e-01 7.987560743972598257e-03
2.454550408698581432e+00 -8.524433853096422542e-01 1.289032940621432852e-02
2.454550408698581432e+00 -8.524433853096422542e-01 1.289032940621432852e-02
2.454550408698581432e+00 -8.524433853096422542e-01 1.289032940621432852e-02
2.454550408698581432e+00 -8.524433853096422542e-01 1.289032940621432852e-02
2.872388708668455415e+00 -1.263799288054027636e+00 3.431245667048772423e-03
3.139955710694589008e+00 -9.782230607983735116e-01 7.317772728989721184e-03
