2.489132485845457765e-01 1.481402749648903505e-01 2.327910719803183079e-03
5.947929167913663662e-01 -5.850014788625074180e-02 1.733378412436697904e-03
7.148742287005596108e-01 2.632605890556714845e-02 1.019929028816684083e-02
7.148742287005596108e-01 2.632605890556714845e-02 1.019929028816684083e-02
5.440695704926091780e-01 2.478496777873828716e-01 3.391766099168325166e-02
3.979932113590846088e-01 2.356815437257997470e-01 1.650778961516402230e-02
3.952483533444670627e-01 2.968879050355163196e-01 2.806343082929347796e-02
6.845779763709159971e-01 4.720892149775438584e-01 8.928413422416342504e-02
4.738551947762551508e-01 6.449888339542969584e-01 1.003406550193857716e-01
4.738551947762551508e-01 6.449888339542969584e-01 1.003406550193857716e-01
4.738551947762551508e-01 6.449888339542969584e-01 1.003406550193857716e-01
2.667475849381507613e-01 4.264360261552294085e-01 4.542779790902062159e-02
2.667475849381507613e-01 4.264360261552294085e-01 4.542779790902062159e-02
2.667475849381507613e-01 4.264360261552294085e-01 4.542779790902062159e-02
1.052938776574764979e-01 7.285544365619336382e-01 1.189715071775504507e-01
1.052938776574764979e-01 7.285544365619336382e-01 1.189715071775504507e-01
1.052938776574764979e-01 7.285544365619336382e-01 1.189715071775504507e-01
1.052938776574764979e-01 7.285544365619336382e-01 1.189715071775504507e-01
5.321461642878271281e-01 3.503963112545815384e-01 6.116184475339485338e-02
4.892927150842810713e-01 4.004125851567537087e-01 7.074241083010586462e-02
4.892927150842810713e-01 4.004125851567537087e-01 7.074241083010586462e-02
4.892927150842810713e-01 4.004125851567537087e-01 7.074241083010586462e-02
4.892927150842810713e-01 4.004125851567537087e-01 7.074241083010586462e-02
4.892927150842810713e-01 4.004125851567537087e-01 7.074241083010586462e-02
4.892927150842810713e-01 4.004125851567537087e-01 7.074241083010586462e-02
6.413575449103314785e-01 1.979138125000338422e-01 3.302501494057397818e-02
6.413575449103314785e-01 1.979138125000338422e-01 3.302501494057397818e-02
3.492770886489688920e-01 3.595299223110482445e-01 3.803405406233577313e-02
5.612466869207555220e-01 4.136637464887228388e-01 8.213473253079001113e-02
5.612466869207555220e-01 4.136637464887228388e-01 8.213473253079001113e-02
5.612466869207555220e-01 4.136637464887228388e-01 8.213473253079001113e-02
5.612466869207555220e-01 4.136637464887228388e-01 8.213473253079001113e-02
5.612466869207555220e-01 4.136637464887228388e-01 8.213473253079001113e-02
5.612466869207555220e-01 4.136637464887228388e-01 8.213473253079001113e-02
7.442134603170305063e-01 4.519808856801285080e-01 8.438550145948106596e-02
7.442134603170305063e-01 4.519808856801285080e-01 8.438550145948106596e-02
9.474197779764871319e-01 3.750273458525157366e-01 6.651255874675765511e-02
8.714680601600321985e-01 2.965648494890510412e-01 7.234185948467335148e-02
9.254075638515439906e-01 2.825332130665479946e-01 7.000456599277637970e-02
1.257544892404480530e+00 2.014994354930043363e-01 4.589748448621758237e-02
8.825957496742459218e-01 -3.182850556776353756e-02 1.281021983930732272e-02
7.570387127463323873e-01 4.178198127880895785e-02 1.450016449446862692e-02
7.570387127463323873e-01 4.178198127880895785e-02 1.450016449446862692e-02
6.762001161979993569e-01 3.334687168093316556e-01 7.201104407563452270e-02
6.762001161979993569e-01 3.334687168093316556e-01 7.201104407563452270e-02
8.370264074121371856e-01 8.268906572592946702e-01 6.544501599688905616e-03
8.370264074121371856e-01 8.268906572592946702e-01 6.544501599688905616e-03
8.370264074121371856e-01 8.268906572592946702e-01 6.544501599688905616e-03
8.370264074121371856e-01 8.268906572592946702e-01 6.544501599688905616e-03
8.370264074121371856e-01 8.268906572592946702e-01 6.544501599688905616e-03
8.370264074121371856e-01 8.268906572592946702e-01 6.544501599688905616e-03
9.687660415858033724e-01 7.367376416236082193e-01 6.643043914788914275e-03
5.541047880695730843e-01 4.477225608022722958e-01 8.924567862275976926e-02
-2.545055798981502582e-01 9.670952145246149989e-01 1.347624647714249779e-01
-3.714899232297956821e-01 9.802480188470088507e-01 1.234149191619064306e-01
-2.906543513993842254e-01 1.052775164132313090e+00 1.373047834532469258e-01
-4.908560155780377077e-01 1.100980783145165454e+00 1.341741420080069802e-01
-3.395396135494018752e-01 8.267052818632028011e-01 7.184070066428943635e-02
-3.395396135494018752e-01 8.267052818632028011e-01 7.184070066428943635e-02
-6.006504693055612076e-01 9.370358408887019541e-01 5.455265298792327799e-02
-6.006504693055612076e-01 9.370358408887019541e-01 5.455265298792327799e-02
-6.006504693055612076e-01 9.370358408887019541e-01 5.455265298792327799e-02
-6.006504693055612076e-01 9.370358408887019541e-01 5.455265298792327799e-02
-2.131644493722774647e-01 1.224744800175367132e+00 6.841042596495020001e-02
-4.853587912302955720e-01 1.016990605744735321e+00 1.133087841479844260e-01
-5.227296738597213555e-01 1.167188567841230151e+00 1.371745918183912283e-01
-1.418039270989550071e-01 1.201616448381937152e+00 6.058493502168540296e-02
1.724998211261563053e-01 1.056862513906549506e+00 4.270316375355459604e-02
7.941429273480242468e-02 8.406981135585367415e-01 1.269251839506476132e-01
7.941429273480242468e-02 8.406981135585367415e-01 1.269251839506476132e-01
1.944325010449843849e-01 4.688709016980243116e-01 4.714374617243923676e-02
1.944325010449843849e-01 4.688709016980243116e-01 4.714374617243923676e-02
1.944325010449843849e-01 4.688709016980243116e-01 4.714374617243923676e-02
3.631985982475386399e-01 4.026460440411825936e-01 5.304689449640563603e-02
3.631985982475386399e-01 4.026460440411825936e-01 5.304689449640563603e-02
3.631985982475386399e-01 4.026460440411825936e-01 5.304689449640563603e-02
3.631985982475386399e-01 4.026460440411825936e-01 5.304689449640563603e-02
4.035947603701734998e-01 6.648624690459543629e-01 1.075401045892906970e-01
2.303747275644695558e-01 5.821827403604885598e-01 9.284205789912020057e-02
-8.350672197588726586e-04 7.874949972636486883e-01 1.226473558607158454e-01
-8.350672197588726586e-04 7.874949972636486883e-01 1.226473558607158454e-01
7.555992106206610437e-02 8.223329600931520433e-01 1.280455707525307574e-01
-1.762652327535949581e-01 1.155071805274608732e+00 8.759059841460237195e-02
-4.775626716294067986e-01 7.131907956995884312e-01 1.518244484203151896e-02
-4.775626716294067986e-01 7.131907956995884312e-01 1.518244484203151896e-02
-4.672946594322979763e-01 6.713424083152847999e-01 1.031606814580475137e-02
-4.672946594322979763e-01 6.713424083152847999e-01 1.031606814580475137e-02
-1.443796677205112511e-01 5.310515505201244268e-01 1.680645556869824614e-02
-1.443796677205112511e-01 5.310515505201244268e-01 1.680645556869824614e-02
2.960653777015618826e-01 3.829444295421676747e-01 3.704995046931022079e-02
4.991939957207726097e-01 5.507632213323958581e-01 1.022975545001518910e-01
4.339945241961185030e-01 6.260497100742757892e-01 1.070060798013543479e-01
4.339945241961185030e-01 6.260497100742757892e-01 1.070060798013543479e-01
4.339945241961185030e-01 6.260497100742757892e-01 1.070060798013543479e-01
5.613946701860211830e-01 4.289715923915270457e-01 8.571395777114958203e-02
5.613946701860211830e-01 4.289715923915270457e-01 8.571395777114958203e-02
7.653006059448149712e-01 7.736731497291692294e-01 1.776133607372388373e-02
7.653006059448149712e-01 7.736731497291692294e-01 1.776133607372388373e-02
6.789911592365786008e-01 6.965740071187482840e-01 4.735834408720844546e-02
5.712152857919957638e-01 6.490395499490925202e-01 8.219143240973493525e-02
