2.489132485845457765e-01 1.481402749648903505e-01 4.207442361719404902e-03
2.489132485845457765e-01 1.481402749648903505e-01 4.207442361719404902e-03
3.010203994474883737e-01 3.951761722404958377e-01 1.123088895660066672e-01
3.010203994474883737e-01 3.951761722404958377e-01 1.123088895660066672e-01
1.489661175057133691e-01 5.568869110740382045e-01 1.983764863731346528e-01
1.489661175057133691e-01 5.568869110740382045e-01 1.983764863731346528e-01
1.489661175057133691e-01 5.568869110740382045e-01 1.983764863731346528e-01
1.489661175057133691e-01 5.568869110740382045e-01 1.983764863731346528e-01
1.489661175057133691e-01 5.568869110740382045e-01 1.983764863731346528e-01
-2.953099805224720931e-01 9.152600717071758263e-01 2.054397091838238154e-01
-1.132609165535936324e-01 8.504733310780531186e-01 2.266408313005508490e-01
-4.503837933748675026e-02 8.310048925107376139e-01 2.281577923391588103e-01
-5.900576106740310633e-01 1.138562723569630508e+00 1.117723043121365001e-01
-5.983381868498104383e-01 1.204294577624703155e+00 7.802263920995830548e-02
-4.454813024775184926e-01 1.243081412273406405e+00 3.804746752043032532e-02
-4.454813024775184926e-01 1.243081412273406405e+00 3.804746752043032532e-02
-4.271588268161029545e-01 9.646029739611370335e-01 1.821381876809662903e-01
-4.271588268161029545e-01 9.646029739611370335e-01 1.821381876809662903e-01
-4.271588268161029545e-01 9.646029739611370335e-01 1.821381876809662903e-01
-2.495207978758794132e-01 1.086424791048158589e+00 8.683202483860762155e-02
-2.495207978758794132e-01 1.086424791048158589e+00 8.683202483860762155e-02
-3.005405320971860084e-02 8.837521316815564187e-01 1.878406913040961690e-01
-2.777092661302623666e-01 8.065017399531198006e-01 1.999120589236425272e-01
-2.017258934025728534e-02 9.961719211048836176e-01 8.880274557761506926e-02
-9.259464587118437784e-02 1.060084482577363207e+00 6.496625529757694972e-02
-6.378725586805874537e-01 8.679698448721065995e-01 8.782478628646885055e-02
-6.378725586805874537e-01 8.679698448721065995e-01 8.782478628646885055e-02
-9.599838781736369508e-01 1.321648725797035739e+00 5.263796855736405794e-02
-9.599838781736369508e-01 1.321648725797035739e+00 5.263796855736405794e-02
-9.599838781736369508e-01 1.321648725797035739e+00 5.263796855736405794e-02
-9.377039434710867649e-01 1.405564091593005216e+00 2.928956236944092045e-02
-9.377039434710867649e-01 1.405564091593005216e+00 2.928956236944092045e-02
-8.131358043906646849e-01 1.126907216474665629e+00 1.026147070253959764e-01
-8.131358043906646849e-01 1.126907216474665629e+00 1.026147070253959764e-01
-8.131358043906646849e-01 1.126907216474665629e+00 1.026147070253959764e-01
-5.317473675207842199e-01 8.860148117775644705e-01 1.378152143295039989e-01
-1.044329611546192194e+00 1.117573446064254794e+00 5.393953193542451452e-02
-1.044329611546192194e+00 1.117573446064254794e+00 5.393953193542451452e-02
-1.176055194508363266e+00 1.493077535367669073e+00 1.948565937521324828e-02
-1.381646944886300021e+00 1.363540378504073836e+00 2.565547511373169817e-02
-1.381646944886300021e+00 1.363540378504073836e+00 2.565547511373169817e-02
-1.381646944886300021e+00 1.363540378504073836e+00 2.565547511373169817e-02
-1.513279061994444286e+00 1.682093515487420587e+00 5.287167504859373660e-03
-1.859180618839069377e+00 1.481767243027304781e+00 4.137588932522839533e-03
-1.859180618839069377e+00 1.481767243027304781e+00 4.137588932522839533e-03
-2.039652214683703058e+00 1.612654758821418177e+00 2.229351971047185445e-03
-2.039652214683703058e+00 1.612654758821418177e+00 2.229351971047185445e-03
-2.039652214683703058e+00 1.612654758821418177e+00 2.229351971047185445e-03
-2.039652214683703058e+00 1.612654758821418177e+00 2.229351971047185445e-03
-2.039652214683703058e+00 1.612654758821418177e+00 2.229351971047185445e-03
-2.039652214683703058e+00 1.612654758821418177e+00 2.229351971047185445e-03
-2.039652214683703058e+00 1.612654758821418177e+00 2.229351971047185445e-03
-2.039652214683703058e+00 1.612654758821418177e+00 2.229351971047185445e-03
-2.304657633203847311e+00 1.795721187187060863e+00 6.886735828287754739e-04
-2.304657633203847311e+00 1.795721187187060863e+00 6.886735828287754739e-04
-2.304657633203847311e+00 1.795721187187060863e+00 6.886735828287754739e-04
-2.304657633203847311e+00 1.795721187187060863e+00 6.886735828287754739e-04
-2.321730378665567418e+00 1.689100926906252687e+00 5.399187579167143234e-04
-2.321730378665567418e+00 1.689100926906252687e+00 5.399187579167143234e-04
-2.306395651768964328e+00 1.677697665587842835e+00 5.724401281990300740e-04
-2.306395651768964328e+00 1.677697665587842835e+00 5.724401281990300740e-04
-2.306395651768964328e+00 1.677697665587842835e+00 5.724401281990300740e-04
-2.306395651768964328e+00 1.677697665587842835e+00 5.724401281990300740e-04
-2.306395651768964328e+00 1.677697665587842835e+00 5.724401281990300740e-04
-2.244544689370818524e+00 1.850381271831030405e+00 7.778886140103277334e-04
-2.244544689370818524e+00 1.850381271831030405e+00 7.778886140103277334e-04
-2.244544689370818524e+00 1.850381271831030405e+00 7.778886140103277334e-04
-2.244544689370818524e+00 1.850381271831030405e+00 7.778886140103277334e-04
-1.925090460609893750e+00 1.673894562385971341e+00 3.475361254735194905e-03
-1.925090460609893750e+00 1.673894562385971341e+00 3.475361254735194905e-03
-1.875916223321186793e+00 1.454313586392650848e+00 3.366523917659569164e-03
-1.875916223321186793e+00 1.454313586392650848e+00 3.366523917659569164e-03
-1.588860226614009052e+00 1.215173609267145904e+00 4.730284796879771769e-03
-1.588860226614009052e+00 1.215173609267145904e+00 4.730284796879771769e-03
-1.588860226614009052e+00 1.215173609267145904e+00 4.730284796879771769e-03
-1.950918104144793164e+00 1.706554508181437280e+00 2.956215000680633385e-03
-1.950918104144793164e+00 1.706554508181437280e+00 2.956215000680633385e-03
-1.950918104144793164e+00 1.706554508181437280e+00 2.956215000680633385e-03
-1.992568369409401630e+00 1.352508738498674479e+00 6.772746673020010443e-04
-2.264620577475264795e+00 1.713271173100239686e+00 8.056224265987503358e-04
-1.983758833066217697e+00 1.434842996338115295e+00 1.462060073935887413e-03
-1.983758833066217697e+00 1.434842996338115295e+00 1.462060073935887413e-03
-1.983758833066217697e+00 1.434842996338115295e+00 1.462060073935887413e-03
-1.983758833066217697e+00 1.434842996338115295e+00 1.462060073935887413e-03
-1.573220267062910516e+00 1.272614816992518660e+00 8.005589327720481416e-03
-1.151632873484446096e+00 1.017489187847705701e+00 1.723351096791866932e-02
-9.040326239074402137e-01 9.071828085931707975e-01 3.076101811105465961e-02
-7.198533754071905211e-01 9.769668917218370385e-01 1.057609576561688441e-01
-7.198533754071905211e-01 9.769668917218370385e-01 1.057609576561688441e-01
-6.688978724863993142e-01 1.075059855346512272e+00 1.306006179702167147e-01
-6.934564422619451385e-01 9.405521345529872512e-01 1.012291258481456124e-01
-6.880619967326377928e-01 1.075084678396448723e+00 1.275965087578021795e-01
-6.880619967326377928e-01 1.075084678396448723e+00 1.275965087578021795e-01
-6.880619967326377928e-01 1.075084678396448723e+00 1.275965087578021795e-01
-6.043648317661842739e-01 1.242227502135554440e+00 5.979839825256737240e-02
-6.539356314597573050e-01 9.983541810135142525e-01 1.322887111859248066e-01
-5.305783437444873130e-01 8.284587379566459298e-01 1.075087230406674005e-01
-5.305783437444873130e-01 8.284587379566459298e-01 1.075087230406674005e-01
-5.305783437444873130e-01 8.284587379566459298e-01 1.075087230406674005e-01
-8.002523900799030088e-01 1.079803792453865707e+00 1.046636415771702994e-01
