2.489132485845457765e-01 1.481402749648903505e-01 2.370599098930698412e-03
2.489132485845457765e-01 1.481402749648903505e-01 2.370599098930698412e-03
2.489132485845457765e-01 1.481402749648903505e-01 2.370599098930698412e-03
2.489132485845457765e-01 1.481402749648903505e-01 2.370599098930698412e-03
5.084421846549471713e-01 3.698469840705392864e-01 6.617447625858412230e-02
5.084421846549471713e-01 3.698469840705392864e-01 6.617447625858412230e-02
5.084421846549471713e-01 3.698469840705392864e-01 6.617447625858412230e-02
1.320680631806833705e-01 5.378048518465297079e-01 6.020025628961006570e-02
1.320680631806833705e-01 5.378048518465297079e-01 6.020025628961006570e-02
1.320680631806833705e-01 5.378048518465297079e-01 6.020025628961006570e-02
4.222041467131339154e-02 6.519089253647443183e-01 8.557440916288838739e-02
4.222041467131339154e-02 6.519089253647443183e-01 8.557440916288838739e-02
4.222041467131339154e-02 6.519089253647443183e-01 8.557440916288838739e-02
2.136528716957825647e-01 8.500175493984682973e-01 1.052033360010182078e-01
2.672713329597108389e-01 8.447888997534835909e-01 9.503882531326109107e-02
-1.984213604937131725e-01 7.678725759138501639e-01 7.943653112343655731e-02
-1.984213604937131725e-01 7.678725759138501639e-01 7.943653112343655731e-02
-1.984213604937131725e-01 7.678725759138501639e-01 7.943653112343655731e-02
-3.345471736970480614e-01 9.340530321339738373e-01 1.131521277818277604e-01
-3.345471736970480614e-01 9.340530321339738373e-01 1.131521277818277604e-01
-6.166862294180186499e-01 1.144956834266366297e+00 1.217564015597690230e-01
-6.166862294180186499e-01 1.144956834266366297e+00 1.217564015597690230e-01
-6.166862294180186499e-01 1.144956834266366297e+00 1.217564015597690230e-01
-8.332684467178781418e-01 9.337617379300620080e-01 1.531835626987321751e-02
-6.474762915501770522e-01 9.932065075490101869e-01 6.234491273324951205e-02
-4.484410751762885616e-01 1.133340081328084503e+00 1.343808636391826683e-01
-6.888845830942686987e-01 1.264374189746523713e+00 1.279090615659893015e-01
-6.367450101844804866e-01 1.442209208628034478e+00 7.591521002120048267e-02
-6.367450101844804866e-01 1.442209208628034478e+00 7.591521002120048267e-02
-6.367450101844804866e-01 1.442209208628034478e+00 7.591521002120048267e-02
-5.629298561710872617e-01 1.133515198167689420e+00 1.272127921256613614e-01
-2.591444322150076029e-01 1.183806043774189076e+00 9.496928521325646855e-02
-2.591444322150076029e-01 1.183806043774189076e+00 9.496928521325646855e-02
-2.591444322150076029e-01 1.183806043774189076e+00 9.496928521325646855e-02
-1.985485017375683281e-01 8.960449224722004669e-01 1.248623770361750041e-01
1.066596127339026756e-01 5.213448884449097820e-01 4.971705138257889039e-02
1.483425709541853765e-02 8.660734995774252987e-01 1.304954732531891093e-01
1.483425709541853765e-02 8.660734995774252987e-01 1.304954732531891093e-01
1.483425709541853765e-02 8.660734995774252987e-01 1.304954732531891093e-01
9.134303331322429775e-02 9.321647343354541038e-01 1.063706848855945353e-01
9.134303331322429775e-02 9.321647343354541038e-01 1.063706848855945353e-01
4.065659941135538191e-01 4.528463517319898934e-01 7.811489168899803104e-02
4.065659941135538191e-01 4.528463517319898934e-01 7.811489168899803104e-02
3.948087787180164510e-01 2.451219476377278494e-01 1.828054842043807388e-02
3.948087787180164510e-01 2.451219476377278494e-01 1.828054842043807388e-02
3.948087787180164510e-01 2.451219476377278494e-01 1.828054842043807388e-02
3.948087787180164510e-01 2.451219476377278494e-01 1.828054842043807388e-02
7.974278256704281365e-01 3.173817703183804406e-01 7.890113910350009252e-02
7.974278256704281365e-01 3.173817703183804406e-01 7.890113910350009252e-02
7.974278256704281365e-01 3.173817703183804406e-01 7.890113910350009252e-02
7.974278256704281365e-01 3.173817703183804406e-01 7.890113910350009252e-02
6.780111130115895612e-01 1.718987539138096265e-01 3.252427669497279239e-02
6.780111130115895612e-01 1.718987539138096265e-01 3.252427669497279239e-02
4.953134361796529550e-02 6.675748265310412766e-01 9.297457451993945687e-02
4.908829761732822483e-01 5.757563643706496981e-01 1.067517538863122367e-01
4.908829761732822483e-01 5.757563643706496981e-01 1.067517538863122367e-01
6.637715058517343891e-01 7.461880442744838193e-01 3.897887931294947289e-02
6.637715058517343891e-01 7.461880442744838193e-01 3.897887931294947289e-02
6.908312484200094250e-01 5.142937505443078150e-01 8.973040067091228589e-02
6.133216740555675894e-01 3.268078716344365309e-01 6.697338674616447329e-02
6.133216740555675894e-01 3.268078716344365309e-01 6.697338674616447329e-02
5.519335843332467961e-01 6.987723368722278394e-01 7.577228730229998432e-02
5.765964382764553475e-01 5.940460950205967983e-01 9.553342204162901252e-02
5.765964382764553475e-01 5.940460950205967983e-01 9.553342204162901252e-02
5.765964382764553475e-01 5.940460950205967983e-01 9.553342204162901252e-02
5.765964382764553475e-01 5.940460950205967983e-01 9.553342204162901252e-02
3.299420516250686219e-01 8.021465949203507861e-01 9.422853691826323097e-02
2.259987415120735255e-01 7.111215297048286699e-01 1.215892213383502202e-01
5.557691403790726570e-01 6.469287412634399104e-01 8.876932786614713522e-02
4.390802092922603261e-01 2.686923949271921574e-01 2.754292897107880889e-02
7.661602179450810457e-01 2.847274230077255774e-01 7.105820215179781130e-02
7.217179571024269213e-01 2.812447560171773553e-01 6.637192148181969564e-02
5.443577414067618525e-01 4.366805370333692315e-01 8.948071365881836436e-02
8.597537441193496832e-01 4.003648563906549440e-01 7.937095839910632278e-02
7.751404426818472304e-01 5.278735790695985308e-01 7.361658526311490314e-02
3.915086586331232854e-01 6.645259871683935060e-01 1.117215125700397882e-01
3.915086586331232854e-01 6.645259871683935060e-01 1.117215125700397882e-01
3.915086586331232854e-01 6.645259871683935060e-01 1.117215125700397882e-01
4.507868312228557883e-01 5.224059767746509486e-01 1.017165115731146763e-01
6.066079190757474038e-01 6.981180604912849974e-01 6.400843541741016440e-02
2.767080904230890259e-01 1.000849884997885297e+00 3.998902857670662281e-02
8.404961792437832813e-01 6.451585071959782258e-01 3.336606389661280619e-02
8.404961792437832813e-01 6.451585071959782258e-01 3.336606389661280619e-02
1.007986110619383702e+00 2.002189103392146841e-01 6.552349588618777698e-02
1.211986002459595424e+00 1.077633001052574341e-01 5.456405279008448572e-02
1.211986002459595424e+00 1.077633001052574341e-01 5.456405279008448572e-02
1.211986002459595424e+00 1.077633001052574341e-01 5.456405279008448572e-02
1.297132954389352832e+00 1.935194068395276190e-01 4.630432594918170580e-02
1.297132954389352832e+00 1.935194068395276190e-01 4.630432594918170580e-02
9.178787977508440221e-01 6.602693080010637594e-01 1.998162733438459820e-02
5.807190783910669563e-01 5.228943663431904199e-01 1.007352481744212686e-01
5.807190783910669563e-01 5.228943663431904199e-01 1.007352481744212686e-01
5.356196908930958012e-01 4.869094622140932027e-01 9.887377489032310451e-02
5.145144560584534732e-01 3.254599755132012162e-01 5.316699672069955668e-02
7.263123425857826998e-01 3.623023215902005933e-01 8.421451347894602646e-02
7.263123425857826998e-01 3.623023215902005933e-01 8.421451347894602646e-02
7.736573854570786279e-01 2.879613553454286601e-01 7.230098363786657822e-02
6.182524618465021771e-01 6.821762561205255704e-01 6.615343633483682095e-02
7.050809210430802887e-01 2.755725033972628579e-01 6.314921398990878953e-02
7.050809210430802887e-01 2.755725033972628579e-01 6.314921398990878953e-02
