2.489132485845457765e-01 1.481402749648903505e-01 1.954970584465473300e-03
4.683215346026855519e-01 2.006032822060002108e-01 1.371222464313143381e-02
7.924603616212031465e-01 2.036693616909052706e-01 4.373801252850380988e-02
7.924603616212031465e-01 2.036693616909052706e-01 4.373801252850380988e-02
7.321689943264706457e-01 1.001253779311586101e-01 2.047049526401001698e-02
7.321689943264706457e-01 1.001253779311586101e-01 2.047049526401001698e-02
7.166333077142966745e-01 8.668239304983499371e-02 1.737305459264084501e-02
7.975720873674397859e-01 4.467362945367668592e-02 1.782108060324473844e-02
7.975720873674397859e-01 4.467362945367668592e-02 1.782108060324473844e-02
8.307488918668434197e-01 2.028220064885238316e-01 4.683986858106060913e-02
8.307488918668434197e-01 2.028220064885238316e-01 4.683986858106060913e-02
1.026065614334718878e+00 9.362340297131986622e-02 4.399586772612338464e-02
1.026065614334718878e+00 9.362340297131986622e-02 4.399586772612338464e-02
1.026065614334718878e+00 9.362340297131986622e-02 4.399586772612338464e-02
1.026065614334718878e+00 9.362340297131986622e-02 4.399586772612338464e-02
1.026065614334718878e+00 9.362340297131986622e-02 4.399586772612338464e-02
1.026065614334718878e+00 9.362340297131986622e-02 4.399586772612338464e-02
1.103699388585615448e+00 5.141647028694211752e-01 1.686528266730362088e-02
1.103699388585615448e+00 5.141647028694211752e-01 1.686528266730362088e-02
5.394013449680024053e-01 2.364317090872321003e-01 2.469375860628393940e-02
5.394013449680024053e-01 2.364317090872321003e-01 2.469375860628393940e-02
5.009392088118331809e-01 4.733629963026889098e-01 6.313888765901827516e-02
5.009392088118331809e-01 4.733629963026889098e-01 6.313888765901827516e-02
5.775120311231022319e-01 7.646311699240271320e-01 3.372450495479263621e-02
5.775120311231022319e-01 7.646311699240271320e-01 3.372450495479263621e-02
6.998352576913448031e-01 5.499196986685286337e-01 5.680201283451153521e-02
6.998352576913448031e-01 5.499196986685286337e-01 5.680201283451153521e-02
6.998352576913448031e-01 5.499196986685286337e-01 5.680201283451153521e-02
8.165500098556544017e-01 1.486638635285195131e-01 3.618412503231799998e-02
8.228525048221340121e-01 1.878337718462539940e-01 4.365614680793089564e-02
8.006937567315468574e-01 4.418872455438127012e-01 5.972371754917873976e-02
8.006937567315468574e-01 4.418872455438127012e-01 5.972371754917873976e-02
8.006937567315468574e-01 4.418872455438127012e-01 5.972371754917873976e-02
4.385042204906093866e-01 3.657880949506994717e-01 3.783767178062647646e-02
3.806222952190629893e-01 4.515389087522471701e-01 4.833590086024908833e-02
3.806222952190629893e-01 4.515389087522471701e-01 4.833590086024908833e-02
3.806222952190629893e-01 4.515389087522471701e-01 4.833590086024908833e-02
1.033113049403855954e-01 5.819213767651680858e-01 4.116773745067819207e-02
1.033113049403855954e-01 5.819213767651680858e-01 4.116773745067819207e-02
-6.807962485224564042e-02 6.239309634231171575e-01 2.841063844051780821e-02
-4.025821764989223617e-03 6.756169260707104440e-01 4.665103444151035006e-02
-1.527021775614938182e-01 6.887845133843432111e-01 3.041978943219325604e-02
-7.953523330297380955e-02 7.231420363380278715e-01 4.652071730124236054e-02
-7.953523330297380955e-02 7.231420363380278715e-01 4.652071730124236054e-02
-3.335415066398293021e-02 6.931149499821219750e-01 4.642533908782092017e-02
-3.335415066398293021e-02 6.931149499821219750e-01 4.642533908782092017e-02
2.493568292182676144e-02 5.646093125023841086e-01 2.824169843215977582e-02
-1.835731433635048870e-01 9.250010875384311326e-01 6.727361348355252735e-02
-1.835731433635048870e-01 9.250010875384311326e-01 6.727361348355252735e-02
-9.613598589717338438e-02 8.396583382617387459e-01 6.488649360035725344e-02
-9.613598589717338438e-02 8.396583382617387459e-01 6.488649360035725344e-02
-3.066474921494460326e-01 9.435892951567408371e-01 5.868121034642632960e-02
-3.066474921494460326e-01 9.435892951567408371e-01 5.868121034642632960e-02
-3.066474921494460326e-01 9.435892951567408371e-01 5.868121034642632960e-02
-4.622557700420578675e-01 1.134984802271649995e+00 6.412143036740669544e-02
-6.500082052499005503e-01 1.209205888635113801e+00 5.711916837131469915e-02
-4.610908029974251088e-01 1.310111213675041464e+00 4.857457819728905335e-02
-4.610908029974251088e-01 1.310111213675041464e+00 4.857457819728905335e-02
-4.578342407129107339e-01 1.192311708491472722e+00 6.311923499266047788e-02
-4.578342407129107339e-01 1.192311708491472722e+00 6.311923499266047788e-02
-4.578342407129107339e-01 1.192311708491472722e+00 6.311923499266047788e-02
-3.613769967956706464e-01 1.157881448179418404e+00 6.328010849976206664e-02
-3.613769967956706464e-01 1.157881448179418404e+00 6.328010849976206664e-02
-3.593792263308366874e-01 1.063264632663296183e+00 6.614848611873251627e-02
-2.529605793392735169e-01 8.585123465146595745e-01 5.060504621381167745e-02
3.276534863773096218e-01 5.142392638153172602e-01 5.457679261167661805e-02
2.871725430541455792e-01 6.202351771712506512e-01 6.730359473720365360e-02
2.822433337587373359e-01 7.876275906352674383e-01 6.502247880184877649e-02
2.822433337587373359e-01 7.876275906352674383e-01 6.502247880184877649e-02
2.822433337587373359e-01 7.876275906352674383e-01 6.502247880184877649e-02
2.822433337587373359e-01 7.876275906352674383e-01 6.502247880184877649e-02
2.073158324624292670e-01 8.520051139312861954e-01 6.270405632950953878e-02
2.073158324624292670e-01 8.520051139312861954e-01 6.270405632950953878e-02
2.073158324624292670e-01 8.520051139312861954e-01 6.270405632950953878e-02
2.073158324624292670e-01 8.520051139312861954e-01 6.270405632950953878e-02
2.073158324624292670e-01 8.520051139312861954e-01 6.270405632950953878e-02
-3.096994959580838813e-01 1.142263761913864695e+00 6.253616656198776602e-02
-3.428596944722845929e-01 8.375590616328693061e-01 3.498247842722058271e-02
5.325094451823875197e-02 7.066400284135858634e-01 5.952669956847387450e-02
1.242037577135602922e-01 9.678024685675010730e-01 5.109655554643779268e-02
3.242123354464657714e-01 6.524339917171153580e-01 7.084738367360904343e-02
7.416337360363967068e-01 3.862203698969384758e-01 6.341648705949790021e-02
6.305401280484170812e-01 2.882871120683485611e-01 4.366511950465477854e-02
2.701600835575767579e-01 3.139352126176787050e-01 1.317774787385178961e-02
2.701600835575767579e-01 3.139352126176787050e-01 1.317774787385178961e-02
5.835627318927592011e-01 1.515397121373224243e-01 1.592214009082355136e-02
5.835627318927592011e-01 1.515397121373224243e-01 1.592214009082355136e-02
3.856204026002675311e-01 4.389642155815828839e-01 4.640032811078211722e-02
6.618472180722588805e-01 7.240264977922119538e-01 3.085669103306225985e-02
6.851553087100088479e-01 2.683184518018109088e-01 4.537125599570593359e-02
6.851553087100088479e-01 2.683184518018109088e-01 4.537125599570593359e-02
7.057976951494210338e-01 3.690220969373262938e-01 6.163994752140238703e-02
7.057976951494210338e-01 3.690220969373262938e-01 6.163994752140238703e-02
7.057976951494210338e-01 3.690220969373262938e-01 6.163994752140238703e-02
7.057976951494210338e-01 3.690220969373262938e-01 6.163994752140238703e-02
5.694677150848254099e-01 3.690228649891700297e-01 5.252823410652166652e-02
9.889998663715169336e-01 2.127185455628170796e-01 5.548761108637143696e-02
9.889998663715169336e-01 2.127185455628170796e-01 5.548761108637143696e-02
8.034090130631337257e-01 2.975921358695003960e-01 5.820716437446767089e-02
4.963908667185588097e-01 5.444634253719905503e-01 6.866970950626442860e-02
