2.489132485845457765e-01 1.481402749648903505e-01 1.993475520397641840e-03
2.489132485845457765e-01 1.481402749648903505e-01 1.993475520397641840e-03
2.939534770804929087e-01 3.382145820649533063e-01 1.864609393374516352e-02
6.202774763956124815e-01 2.477737362927263931e-01 3.728366165384918579e-02
1.028152246153607896e+00 3.488421826880360732e-01 5.617212268305642880e-02
7.966947140186536602e-01 1.937397534392895915e-01 4.628251988368559111e-02
8.311926161766327592e-01 5.110115884256489771e-01 5.367910469132543272e-02
7.058413963974565775e-01 5.670794786243565921e-01 5.913285443309040934e-02
1.093985512921715531e+00 3.756527880026178656e-01 4.427020812388517135e-02
9.239859645453414316e-01 5.656021460490436858e-01 3.139037018495933334e-02
1.261091922617746608e+00 5.366175574026237349e-01 6.816669186744036060e-03
1.261091922617746608e+00 5.366175574026237349e-01 6.816669186744036060e-03
1.434412840991160287e+00 2.607397384184773070e-01 2.307829748446904583e-02
1.124983761612490030e+00 -6.195683985030098206e-02 3.095023347166330971e-02
1.138372902220672778e+00 7.057504173997464214e-02 5.336019339564818803e-02
1.138372902220672778e+00 7.057504173997464214e-02 5.336019339564818803e-02
1.268926732265594604e+00 7.344810662002304591e-02 5.586712708767052615e-02
9.933992280215135917e-01 -9.595116031908168530e-02 1.520327509932540427e-02
9.933992280215135917e-01 -9.595116031908168530e-02 1.520327509932540427e-02
1.457450236909857200e+00 2.139329322640364794e-01 2.723346746235629293e-02
1.312314277187687228e+00 3.143606633335048195e-01 2.813355062725511613e-02
1.312314277187687228e+00 3.143606633335048195e-01 2.813355062725511613e-02
1.390441234533973169e+00 2.729844760479530619e-01 2.585365120847693196e-02
1.358092581337360105e+00 1.759393653401138402e-01 4.355529085643156800e-02
1.358092581337360105e+00 1.759393653401138402e-01 4.355529085643156800e-02
1.358092581337360105e+00 1.759393653401138402e-01 4.355529085643156800e-02
1.242198165890268768e+00 2.194430547605700776e-01 5.027794603576049570e-02
1.242198165890268768e+00 2.194430547605700776e-01 5.027794603576049570e-02
1.231868856170985627e+00 1.876162198817848958e-01 5.448860288897019316e-02
1.660178483612666955e+00 1.235900298668962116e-01 1.936582675087430636e-02
1.236578533935775104e+00 1.840644027937272664e-01 5.439895871581743036e-02
1.170222943001454130e+00 9.552013121133594298e-02 5.698467104057136634e-02
1.170222943001454130e+00 9.552013121133594298e-02 5.698467104057136634e-02
1.170222943001454130e+00 9.552013121133594298e-02 5.698467104057136634e-02
1.505086225984087145e+00 -1.871973030093007084e-01 3.857679371026245807e-02
1.169202504839444323e+00 2.521230039514973931e-01 5.375048884933621152e-02
1.287765745864690281e+00 -2.943379547079255643e-02 4.801385507093515470e-02
1.287765745864690281e+00 -2.943379547079255643e-02 4.801385507093515470e-02
1.287765745864690281e+00 -2.943379547079255643e-02 4.801385507093515470e-02
1.287765745864690281e+00 -2.943379547079255643e-02 4.801385507093515470e-02
1.287765745864690281e+00 -2.943379547079255643e-02 4.801385507093515470e-02
1.287765745864690281e+00 -2.943379547079255643e-02 4.801385507093515470e-02
1.491409250629511574e+00 8.871697279372736666e-02 4.042642116645005224e-02
1.367331374997759585e+00 1.879717088425321425e-01 4.092968231705885335e-02
1.451364512321364764e+00 1.979121141901963310e-01 3.016263248305461192e-02
1.411280303546333492e+00 -2.156827908698878971e-01 2.909869501534805350e-02
1.411280303546333492e+00 -2.156827908698878971e-01 2.909869501534805350e-02
1.628433783472154950e+00 -1.352246887261354669e-02 3.818973453321009709e-02
1.624429365792579461e+00 -2.271120934223742338e-01 3.846136210341563610e-02
1.624429365792579461e+00 -2.271120934223742338e-01 3.846136210341563610e-02
1.844774195856333066e+00 -1.403481951595614285e-01 3.112279586402053391e-02
1.844774195856333066e+00 -1.403481951595614285e-01 3.112279586402053391e-02
1.871307700135557361e+00 -2.984004814833253194e-01 3.472453210933450912e-02
1.891009368255775813e+00 -5.297841566760874699e-01 1.733879059921243290e-02
2.451826464237368164e+00 -6.525990318128096490e-01 1.769660212708506000e-02
2.201446157540639437e+00 -4.990845890199554491e-01 2.430870460822529694e-02
2.201446157540639437e+00 -4.990845890199554491e-01 2.430870460822529694e-02
2.582301767690012628e+00 -8.385026826133776812e-01 1.214436692009420241e-02
2.840883229133582599e+00 -9.419771963976530937e-01 9.366857778087994343e-03
2.840883229133582599e+00 -9.419771963976530937e-01 9.366857778087994343e-03
2.919042939645926982e+00 -7.115351267644590694e-01 5.785707125161965170e-03
2.919042939645926982e+00 -7.115351267644590694e-01 5.785707125161965170e-03
2.871052113488180790e+00 -9.076517130470453942e-01 9.525081392235961938e-03
2.871052113488180790e+00 -9.076517130470453942e-01 9.525081392235961938e-03
2.871052113488180790e+00 -9.076517130470453942e-01 9.525081392235961938e-03
3.005495880309142720e+00 -1.187672065764110885e+00 4.328462656541417521e-03
2.973313593501476504e+00 -1.053408479385088636e+00 7.057035282336640743e-03
2.973313593501476504e+00 -1.053408479385088636e+00 7.057035282336640743e-03
2.651683414898159619e+00 -8.716745330651251011e-01 1.127716379414514698e-02
2.651683414898159619e+00 -8.716745330651251011e-01 1.127716379414514698e-02
2.651683414898159619e+00 -8.716745330651251011e-01 1.127716379414514698e-02
2.651683414898159619e+00 -8.716745330651251011e-01 1.127716379414514698e-02
2.651683414898159619e+00 -8.716745330651251011e-01 1.127716379414514698e-02
2.430765855296393774e+00 -1.029552799436099342e+00 2.595536241700160170e-03
2.430765855296393774e+00 -1.029552799436099342e+00 2.595536241700160170e-03
2.599013900575633862e+00 -1.360299865819400100e+00 1.360717871306493213e-04
2.524364238779421843e+00 -1.152207594877057595e+00 1.178757136983629196e-03
2.524364238779421843e+00 -1.152207594877057595e+00 1.178757136983629196e-03
2.524364238779421843e+00 -1.152207594877057595e+00 1.178757136983629196e-03
2.524364238779421843e+00 -1.152207594877057595e+00 1.178757136983629196e-03
2.589245245261237560e+00 -1.127328484579866563e+00 2.059603383686295971e-03
2.589245245261237560e+00 -1.127328484579866563e+00 2.059603383686295971e-03
2.657403023461834657e+00 -1.247673732258798074e+00 8.309527458866827494e-04
2.694082355404508800e+00 -8.902820263207258389e-01 1.080015667806338495e-02
2.660173802808335708e+00 -7.985507548821011437e-01 1.297365296193283765e-02
2.660173802808335708e+00 -7.985507548821011437e-01 1.297365296193283765e-02
2.660173802808335708e+00 -7.985507548821011437e-01 1.297365296193283765e-02
2.888789783678137102e+00 -9.227609169227601882e-01 9.228123352569129675e-03
2.888789783678137102e+00 -9.227609169227601882e-01 9.228123352569129675e-03
2.888789783678137102e+00 -9.227609169227601882e-01 9.228123352569129675e-03
2.888789783678137102e+00 -9.227609169227601882e-01 9.228123352569129675e-03
3.062864831915720565e+00 -7.315556860992092902e-01 3.209824503530582691e-03
3.062864831915720565e+00 -7.315556860992092902e-01 3.209824503530582691e-03
3.062864831915720565e+00 -7.315556860992092902e-01 3.209824503530582691e-03
3.062864831915720565e+00 -7.315556860992092902e-01 3.209824503530582691e-03
3.025763838364944558e+00 -6.518842310962926767e-01 2.357728299016900123e-03
2.825488364140567032e+00 -6.586843386363250286e-01 6.847622873955087376e-03
2.729638109882040364e+00 -8.025814857295066052e-01 1.198495617828815307e-02
2.729638109882040364e+00 -8.025814857295066052e-01 1.198495617828815307e-02
2.578894986838792924e+00 -5.727175143135708746e-01 1.247589866293286748e-02
