2.489132485845457765e-01 1.481402749648903505e-01 2.416127376923469551e-03
3.286816862504784442e-01 3.273748245879891661e-01 2.876347176309882597e-02
3.286816862504784442e-01 3.273748245879891661e-01 2.876347176309882597e-02
5.297610610872499626e-01 2.985766554146832008e-01 4.991317678012475306e-02
8.937304254092055533e-01 6.572796433743748334e-01 2.668753874247862048e-02
8.937304254092055533e-01 6.572796433743748334e-01 2.668753874247862048e-02
8.937304254092055533e-01 6.572796433743748334e-01 2.668753874247862048e-02
8.937304254092055533e-01 6.572796433743748334e-01 2.668753874247862048e-02
9.901199235702977663e-01 1.077054945109583439e-01 5.429788709441988465e-02
9.901199235702977663e-01 1.077054945109583439e-01 5.429788709441988465e-02
9.901199235702977663e-01 1.077054945109583439e-01 5.429788709441988465e-02
1.262124971435748089e+00 -2.086616915065421241e-01 1.524176824789069337e-02
1.246149879370078040e+00 -6.279690620811437252e-02 3.823436577674612508e-02
1.634439906000887843e+00 2.627420186274302960e-01 9.177014206076465619e-03
1.582984140455999000e+00 1.482964364597057771e-01 2.574915867909472258e-02
1.556324983172252985e+00 1.810366785002013867e-01 2.439244961608019041e-02
1.556324983172252985e+00 1.810366785002013867e-01 2.439244961608019041e-02
1.556324983172252985e+00 1.810366785002013867e-01 2.439244961608019041e-02
1.392939048839522798e+00 -2.145691972975456996e-01 2.209175876210713735e-02
8.858544298867008226e-01 -1.539133552658785153e-01 4.067375739286150337e-03
8.858544298867008226e-01 -1.539133552658785153e-01 4.067375739286150337e-03
1.284457811636689151e+00 -2.760027956838336793e-01 9.152206497302275284e-03
1.284457811636689151e+00 -2.760027956838336793e-01 9.152206497302275284e-03
1.375024825171429432e+00 -1.969535954266672939e-01 2.364268624051575618e-02
1.937251860383700564e+00 -4.098528160944595600e-01 1.925767697597269290e-02
2.202306993647881850e+00 -2.796289726715200930e-01 1.309518468169527591e-02
2.202306993647881850e+00 -2.796289726715200930e-01 1.309518468169527591e-02
2.202306993647881850e+00 -2.796289726715200930e-01 1.309518468169527591e-02
2.202306993647881850e+00 -2.796289726715200930e-01 1.309518468169527591e-02
2.202306993647881850e+00 -2.796289726715200930e-01 1.309518468169527591e-02
1.996958123122940965e+00 -1.314351114667926257e-01 1.673240740020725051e-02
1.996958123122940965e+00 -1.314351114667926257e-01 1.673240740020725051e-02
1.872237659347971483e+00 -2.172935769430233144e-01 2.807317682384832119e-02
1.872237659347971483e+00 -2.172935769430233144e-01 2.807317682384832119e-02
1.872237659347971483e+00 -2.172935769430233144e-01 2.807317682384832119e-02
1.824432069522487820e+00 -2.194618472835230261e-01 2.995276946865679801e-02
1.824432069522487820e+00 -2.194618472835230261e-01 2.995276946865679801e-02
1.519218158208389458e+00 -2.821131010781890436e-01 1.963426571825268099e-02
1.519218158208389458e+00 -2.821131010781890436e-01 1.963426571825268099e-02
1.502051943288896130e+00 -4.429032468523670385e-01 4.690975766832189767e-03
1.673383100872147144e+00 4.470549510827526163e-02 2.841785483502351148e-02
1.767540872127471907e+00 2.073945807848675549e-01 6.305292790850414338e-03
1.932608717721236102e+00 -1.746092499379240381e-01 2.355642929971301508e-02
1.908251989886410538e+00 2.373842359481916353e-01 1.616572479006305255e-03
2.070441886390392838e+00 -5.631038108439689882e-02 7.869327614049726610e-03
2.070441886390392838e+00 -5.631038108439689882e-02 7.869327614049726610e-03
2.070441886390392838e+00 -5.631038108439689882e-02 7.869327614049726610e-03
2.070441886390392838e+00 -5.631038108439689882e-02 7.869327614049726610e-03
2.070441886390392838e+00 -5.631038108439689882e-02 7.869327614049726610e-03
2.070441886390392838e+00 -5.631038108439689882e-02 7.869327614049726610e-03
2.070441886390392838e+00 -5.631038108439689882e-02 7.869327614049726610e-03
2.062716844557062501e+00 -5.740005152308681469e-01 1.013590152502594384e-02
1.583968772804281055e+00 -3.876243392707626745e-01 1.101649814065841504e-02
1.583968772804281055e+00 -3.876243392707626745e-01 1.101649814065841504e-02
1.583968772804281055e+00 -3.876243392707626745e-01 1.101649814065841504e-02
1.902036350947089893e+00 -8.208275055881866233e-01 4.368365306578337725e-04
1.939214106738024856e+00 -8.379794832917487613e-01 4.381689383183487029e-04
2.680956717909392051e+00 -7.627314907016123913e-01 5.933912787457732221e-03
2.680956717909392051e+00 -7.627314907016123913e-01 5.933912787457732221e-03
2.680956717909392051e+00 -7.627314907016123913e-01 5.933912787457732221e-03
2.680956717909392051e+00 -7.627314907016123913e-01 5.933912787457732221e-03
2.023325108114935933e+00 -5.550407763912891257e-01 1.057919575907746539e-02
2.009630001807520827e+00 -3.766669418440086181e-01 2.106615557022862087e-02
2.009630001807520827e+00 -3.766669418440086181e-01 2.106615557022862087e-02
2.009630001807520827e+00 -3.766669418440086181e-01 2.106615557022862087e-02
1.965724301723988043e+00 -5.351234755327989312e-01 1.069976617731604671e-02
1.965724301723988043e+00 -5.351234755327989312e-01 1.069976617731604671e-02
1.867187100748536555e+00 -5.408298758757414948e-01 8.015017936231175200e-03
2.150590634638664067e+00 -5.285850541793898349e-01 1.373185000856209231e-02
1.730610952727253071e+00 -2.376419480608776835e-01 3.081685201579802830e-02
1.606636068758742875e+00 -3.471451395603262768e-01 1.592865413345612852e-02
2.059466012593777151e+00 -1.521798692363988403e-01 1.415766282589246521e-02
2.059466012593777151e+00 -1.521798692363988403e-01 1.415766282589246521e-02
2.059466012593777151e+00 -1.521798692363988403e-01 1.415766282589246521e-02
2.059466012593777151e+00 -1.521798692363988403e-01 1.415766282589246521e-02
2.059466012593777151e+00 -1.521798692363988403e-01 1.415766282589246521e-02
2.059466012593777151e+00 -1.521798692363988403e-01 1.415766282589246521e-02
1.927503998023835763e+00 -3.226769212876360315e-01 2.431440063187371298e-02
1.927503998023835763e+00 -3.226769212876360315e-01 2.431440063187371298e-02
1.927503998023835763e+00 -3.226769212876360315e-01 2.431440063187371298e-02
1.367612596644570466e+00 -4.784837697465360584e-02 4.665493147851103306e-02
1.238935289629672365e+00 -4.612747148012810022e-02 4.090537635139322031e-02
1.238733521938981452e+00 -1.318915308009686316e-01 2.510598491840162691e-02
1.238733521938981452e+00 -1.318915308009686316e-01 2.510598491840162691e-02
1.661542623094921289e+00 9.376321971226900254e-02 2.420286462164130542e-02
1.941808849735932263e+00 -1.998606761065420401e-01 2.403957013684579133e-02
1.941808849735932263e+00 -1.998606761065420401e-01 2.403957013684579133e-02
1.941808849735932263e+00 -1.998606761065420401e-01 2.403957013684579133e-02
1.987375082434347018e+00 -8.659232866609758994e-02 1.428252138318047634e-02
1.987375082434347018e+00 -8.659232866609758994e-02 1.428252138318047634e-02
1.565206922882793839e+00 -4.218419835090269077e-01 7.648700327119673827e-03
1.565206922882793839e+00 -4.218419835090269077e-01 7.648700327119673827e-03
1.511891188096675442e+00 -3.187703712068953310e-01 1.492366279244111867e-02
1.215096389094980189e+00 -1.995316291607272807e-01 1.373706569277049691e-02
1.215096389094980189e+00 -1.995316291607272807e-01 1.373706569277049691e-02
9.756736866924675677e-01 1.480343873134390698e-01 6.250383484591362504e-02
9.756736866924675677e-01 1.480343873134390698e-01 6.250383484591362504e-02
9.756736866924675677e-01 1.480343873134390698e-01 6.250383484591362504e-02
9.756736866924675677e-01 1.480343873134390698e-01 6.250383484591362504e-02
6.342022986450746025e-01 4.977362733725808619e-01 1.048607010568947673e-01
