2.489132485845457765e-01 1.481402749648903505e-01 1.658651922688570866e-03
1.870861933094408180e-01 5.240590055452309937e-01 2.369533254272177328e-02
1.870861933094408180e-01 5.240590055452309937e-01 2.369533254272177328e-02
1.870861933094408180e-01 5.240590055452309937e-01 2.369533254272177328e-02
8.803490422198771703e-02 5.828633675335105346e-01 2.164482459642754972e-02
3.056370999056735038e-01 7.289868858157165787e-01 3.971010859921497022e-02
3.056370999056735038e-01 7.289868858157165787e-01 3.971010859921497022e-02
5.385511153061977030e-01 6.840303548085143737e-01 3.579568575323174850e-02
5.385511153061977030e-01 6.840303548085143737e-01 3.579568575323174850e-02
5.385511153061977030e-01 6.840303548085143737e-01 3.579568575323174850e-02
6.156437382637787170e-01 4.562779998198241982e-01 4.925838498860411752e-02
6.156437382637787170e-01 4.562779998198241982e-01 4.925838498860411752e-02
7.673892070068240034e-01 5.579300578995979309e-01 3.718815399900530366e-02
7.673892070068240034e-01 5.579300578995979309e-01 3.718815399900530366e-02
7.673892070068240034e-01 5.579300578995979309e-01 3.718815399900530366e-02
7.673892070068240034e-01 5.579300578995979309e-01 3.718815399900530366e-02
6.096438880764991630e-01 6.828873799793019339e-01 3.130196940491619673e-02
6.096438880764991630e-01 6.828873799793019339e-01 3.130196940491619673e-02
5.286555829152262964e-01 6.289785871933805117e-01 4.231818176955454841e-02
5.286555829152262964e-01 6.289785871933805117e-01 4.231818176955454841e-02
5.286555829152262964e-01 6.289785871933805117e-01 4.231818176955454841e-02
5.286555829152262964e-01 6.289785871933805117e-01 4.231818176955454841e-02
1.541348204976051850e+00 1.473237189127992175e-01 2.827414526872052553e-02
1.604713273932014683e+00 -1.664395075478534158e-01 5.331528154509004164e-02
1.654785790527883105e+00 -9.717370739859458595e-02 4.974732116440207241e-02
1.380576281119710202e+00 -1.199102855778350352e-01 4.857657504633570988e-02
1.380576281119710202e+00 -1.199102855778350352e-01 4.857657504633570988e-02
1.626310270047061968e+00 -2.760874096477313744e-01 4.577931697891721857e-02
1.626310270047061968e+00 -2.760874096477313744e-01 4.577931697891721857e-02
1.626310270047061968e+00 -2.760874096477313744e-01 4.577931697891721857e-02
1.626310270047061968e+00 -2.760874096477313744e-01 4.577931697891721857e-02
1.626310270047061968e+00 -2.760874096477313744e-01 4.577931697891721857e-02
1.744130996463168159e+00 -4.753170481408578452e-01 2.706576979190805990e-02
1.821065727302800141e+00 -5.562155791366656388e-01 2.183857311503085638e-02
1.821065727302800141e+00 -5.562155791366656388e-01 2.183857311503085638e-02
1.819872754336089971e+00 -4.934831193785031989e-01 3.020142072508891565e-02
1.819872754336089971e+00 -4.934831193785031989e-01 3.020142072508891565e-02
1.530677286633165934e+00 -1.165331065443326319e-01 5.441353129563359509e-02
1.530677286633165934e+00 -1.165331065443326319e-01 5.441353129563359509e-02
1.530677286633165934e+00 -1.165331065443326319e-01 5.441353129563359509e-02
1.530677286633165934e+00 -1.165331065443326319e-01 5.441353129563359509e-02
1.530677286633165934e+00 -1.165331065443326319e-01 5.441353129563359509e-02
1.530677286633165934e+00 -1.165331065443326319e-01 5.441353129563359509e-02
2.057290249292397899e+00 -1.854277113105560482e-01 2.430467771411857353e-02
2.252085748707889135e+00 -2.657051076615333240e-01 1.710145591878954943e-02
1.830683384411396109e+00 -2.805225555605134757e-01 4.945572528676127344e-02
1.857382014913986579e+00 -2.615355143887144185e-01 4.815450376489584933e-02
1.857382014913986579e+00 -2.615355143887144185e-01 4.815450376489584933e-02
1.857382014913986579e+00 -2.615355143887144185e-01 4.815450376489584933e-02
1.857382014913986579e+00 -2.615355143887144185e-01 4.815450376489584933e-02
1.857382014913986579e+00 -2.615355143887144185e-01 4.815450376489584933e-02
2.002752259462730944e+00 -4.584493063644052846e-01 4.310628231317372577e-02
2.080610611999095028e+00 -3.668666513596465784e-01 4.108585185398028194e-02
1.825838105303939418e+00 -3.429300437160713866e-01 4.750277654031920260e-02
2.524667759187868565e+00 -8.423270981644963573e-01 2.559154928496134088e-02
2.524667759187868565e+00 -8.423270981644963573e-01 2.559154928496134088e-02
2.524667759187868565e+00 -8.423270981644963573e-01 2.559154928496134088e-02
2.524667759187868565e+00 -8.423270981644963573e-01 2.559154928496134088e-02
2.524667759187868565e+00 -8.423270981644963573e-01 2.559154928496134088e-02
2.526350610645098804e+00 -9.228170445395026400e-01 1.926927997459038783e-02
2.255670226728610839e+00 -6.667548755616181655e-01 3.291874765818265935e-02
2.255670226728610839e+00 -6.667548755616181655e-01 3.291874765818265935e-02
2.405097415956400031e+00 -4.172886683879688530e-01 2.034265699419225346e-02
2.405097415956400031e+00 -4.172886683879688530e-01 2.034265699419225346e-02
2.694240187801208997e+00 -6.619370101144914642e-01 1.991590496801204715e-02
2.694240187801208997e+00 -6.619370101144914642e-01 1.991590496801204715e-02
2.694240187801208997e+00 -6.619370101144914642e-01 1.991590496801204715e-02
2.694240187801208997e+00 -6.619370101144914642e-01 1.991590496801204715e-02
2.694240187801208997e+00 -6.619370101144914642e-01 1.991590496801204715e-02
2.694240187801208997e+00 -6.619370101144914642e-01 1.991590496801204715e-02
2.694240187801208997e+00 -6.619370101144914642e-01 1.991590496801204715e-02
2.694240187801208997e+00 -6.619370101144914642e-01 1.991590496801204715e-02
2.380993849650471894e+00 -7.986122229403950223e-01 2.518000573909177572e-02
2.380993849650471894e+00 -7.986122229403950223e-01 2.518000573909177572e-02
2.380993849650471894e+00 -7.986122229403950223e-01 2.518000573909177572e-02
2.380993849650471894e+00 -7.986122229403950223e-01 2.518000573909177572e-02
2.546005442855260092e+00 -7.268336874377787638e-01 2.990121348048810704e-02
2.546005442855260092e+00 -7.268336874377787638e-01 2.990121348048810704e-02
2.546005442855260092e+00 -7.268336874377787638e-01 2.990121348048810704e-02
2.546005442855260092e+00 -7.268336874377787638e-01 2.990121348048810704e-02
2.546005442855260092e+00 -7.268336874377787638e-01 2.990121348048810704e-02
2.416730521775968921e+00 -4.348386358587987277e-01 2.110506653745339994e-02
2.263340372729750527e+00 -6.888096780980790257e-01 3.122624963142311624e-02
2.263340372729750527e+00 -6.888096780980790257e-01 3.122624963142311624e-02
2.109903723562919886e+00 -5.757926686535805860e-01 3.650233203974374147e-02
2.109903723562919886e+00 -5.757926686535805860e-01 3.650233203974374147e-02
2.003189643317665691e+00 -3.016607958773254161e-01 4.181863114542232890e-02
1.935414420528680290e+00 -5.224673830101457250e-01 3.408385876077064947e-02
1.824693007732421490e+00 -5.289361536983072654e-01 2.569605034666506277e-02
1.749043393198340457e+00 -1.963455039170791672e-01 5.048568979196597223e-02
1.897095394358857989e+00 -8.991474347208705531e-02 2.705016749382364513e-02
1.897095394358857989e+00 -8.991474347208705531e-02 2.705016749382364513e-02
1.643913599618044730e+00 -5.154795821251502153e-01 1.477816355594488949e-02
1.839916424603908807e+00 -4.762418348772032850e-01 3.396878019815603028e-02
2.151820667675395704e+00 -3.226951113557138262e-01 3.171623133482904394e-02
2.151820667675395704e+00 -3.226951113557138262e-01 3.171623133482904394e-02
2.111589811006686634e+00 -7.305784431809585477e-01 1.930472692184977829e-02
2.111589811006686634e+00 -7.305784431809585477e-01 1.930472692184977829e-02
2.111589811006686634e+00 -7.305784431809585477e-01 1.930472692184977829e-02
2.561010845948009873e+00 -7.406807276734100887e-01 2.946041687092849568e-02
