2.489132485845457765e-01 1.481402749648903505e-01 2.000806200905167875e-03
2.489132485845457765e-01 1.481402749648903505e-01 2.000806200905167875e-03
2.489132485845457765e-01 1.481402749648903505e-01 2.000806200905167875e-03
-7.370333558665137508e-02 2.436054713409169237e-01 4.694760057889007469e-04
-7.370333558665137508e-02 2.436054713409169237e-01 4.694760057889007469e-04
-7.370333558665137508e-02 2.436054713409169237e-01 4.694760057889007469e-04
-7.370333558665137508e-02 2.436054713409169237e-01 4.694760057889007469e-04
1.571790920593276741e-01 4.093338449829121428e-01 1.685882682941798605e-02
-9.673329532751900883e-02 6.748789179329994781e-01 3.408573634015622106e-02
3.055406930710050650e-01 7.762213574661549487e-01 6.885812927920312299e-02
3.055406930710050650e-01 7.762213574661549487e-01 6.885812927920312299e-02
3.055406930710050650e-01 7.762213574661549487e-01 6.885812927920312299e-02
1.519022871780796591e-01 4.884907494283292073e-01 2.929007638997384311e-02
5.692208920111900827e-01 5.786806851676751240e-01 7.324492052447727219e-02
5.692208920111900827e-01 5.786806851676751240e-01 7.324492052447727219e-02
5.692208920111900827e-01 5.786806851676751240e-01 7.324492052447727219e-02
8.455323026936331088e-01 2.244395224163658331e-01 5.905356722297273181e-02
9.997766063601217779e-01 1.118406909466274357e-01 5.284331488690739709e-02
9.997766063601217779e-01 1.118406909466274357e-01 5.284331488690739709e-02
9.997766063601217779e-01 1.118406909466274357e-01 5.284331488690739709e-02
1.333450002833675985e+00 1.567515217415432205e-01 5.296863266422396910e-02
1.172276358171360888e+00 2.980878550390662629e-01 5.155036188688854465e-02
1.051178028236125384e+00 2.287537252088032713e-01 6.719050686754592105e-02
1.083420750176877112e+00 3.984245698706962990e-01 4.539114115802211913e-02
7.361663272771875599e-01 2.215142165883598468e-01 4.677772547838398437e-02
8.584672860548838713e-01 4.168428174525721230e-01 6.827580691515813816e-02
1.019345582406492756e+00 1.803185826857013896e-01 6.418198557132988313e-02
1.019345582406492756e+00 1.803185826857013896e-01 6.418198557132988313e-02
1.019345582406492756e+00 1.803185826857013896e-01 6.418198557132988313e-02
1.019345582406492756e+00 1.803185826857013896e-01 6.418198557132988313e-02
1.019345582406492756e+00 1.803185826857013896e-01 6.418198557132988313e-02
8.490451290952519825e-01 3.374286548338526481e-01 7.168148943523479366e-02
8.490451290952519825e-01 3.374286548338526481e-01 7.168148943523479366e-02
4.511457138033330150e-01 4.691677039292975193e-01 6.356488657095121786e-02
7.671975888926023668e-01 7.250958927514389307e-02 2.136175764547004405e-02
7.671975888926023668e-01 7.250958927514389307e-02 2.136175764547004405e-02
7.671975888926023668e-01 7.250958927514389307e-02 2.136175764547004405e-02
7.671975888926023668e-01 7.250958927514389307e-02 2.136175764547004405e-02
-8.253557957715218496e-02 5.586616243109538971e-01 1.641944552136897009e-02
-8.253557957715218496e-02 5.586616243109538971e-01 1.641944552136897009e-02
-8.253557957715218496e-02 5.586616243109538971e-01 1.641944552136897009e-02
-5.071541107529441844e-02 6.007721437427064881e-01 2.603985532639159148e-02
-5.071541107529441844e-02 6.007721437427064881e-01 2.603985532639159148e-02
2.482252902577771619e-02 9.724970603489666576e-01 6.154969148077309854e-02
3.419978860428461998e-01 7.101329104221801858e-01 7.396033268532520299e-02
-3.694711841318265577e-02 9.359245873628475598e-01 6.918216892155146236e-02
2.039757574778809646e-02 1.036644202822694982e+00 5.008615649603446324e-02
2.039757574778809646e-02 1.036644202822694982e+00 5.008615649603446324e-02
2.039757574778809646e-02 1.036644202822694982e+00 5.008615649603446324e-02
-1.080430440464448111e-01 6.752916432062461283e-01 3.272951939405020771e-02
-2.587435023661620592e-01 7.734464718250366744e-01 3.205858654613124442e-02
4.513986056746573938e-01 5.858438342520152498e-01 7.600674037979206210e-02
1.990191115867150362e-01 5.072214499620195660e-01 3.902660320101541958e-02
1.070333457601293059e+00 1.593583662825566183e-01 6.382920174775494337e-02
1.378181040735995122e+00 2.222168368183757847e-01 3.861956347121586058e-02
1.378181040735995122e+00 2.222168368183757847e-01 3.861956347121586058e-02
1.368034178299975423e+00 5.157081991414655953e-01 4.686645522290456244e-03
6.264563696346791000e-01 7.852316469107512020e-01 2.848378748530674617e-02
3.527764092202101964e-01 5.303893150008427426e-01 6.374658005919575654e-02
4.675383111929700686e-01 4.344499373968070399e-01 5.882919722924371403e-02
4.675383111929700686e-01 4.344499373968070399e-01 5.882919722924371403e-02
3.071350748297472788e-01 7.563701476728310613e-01 7.130674187934217534e-02
3.833495890469661993e-01 3.753357783074953158e-01 3.539743624336955802e-02
7.149405940505182411e-01 6.465494545207888244e-01 4.539773206016661788e-02
7.709394926068997567e-01 2.878578791889048749e-01 6.327505083632418981e-02
1.306868617544999500e-01 6.123083110502587356e-01 5.194465850910221644e-02
1.306868617544999500e-01 6.123083110502587356e-01 5.194465850910221644e-02
4.143604077187973411e-02 7.321107084662158426e-01 6.294377473334257511e-02
4.143604077187973411e-02 7.321107084662158426e-01 6.294377473334257511e-02
-3.115781531262175608e-01 8.047621064348799980e-01 3.116172539512124251e-02
-4.105160348055039155e-01 9.919426020266067789e-01 5.058987498553947637e-02
-6.384551233163779926e-01 1.443883887394261434e+00 3.499965360497547806e-02
-9.942684567360557946e-01 1.582623247479732154e+00 3.381404456353243743e-02
-1.335811201517562719e+00 1.368766519336414911e+00 9.503631854007479549e-03
-1.400700028812602804e+00 1.583263671896022906e+00 2.078250536280426553e-02
-1.420601925142212174e+00 1.795646357074909716e+00 2.339519678921899229e-02
-1.420601925142212174e+00 1.795646357074909716e+00 2.339519678921899229e-02
-1.415806235161336080e+00 1.884160270121418401e+00 1.865026420154128339e-02
-1.240565423455852967e+00 1.811907763693021645e+00 1.999873581960440877e-02
-1.240565423455852967e+00 1.811907763693021645e+00 1.999873581960440877e-02
-1.709657997718944777e+00 1.854578228125411288e+00 1.645839619175925791e-02
-2.114303180927369574e+00 2.190316446346811219e+00 8.870185504925914496e-03
-1.867207876636735264e+00 2.218277038181576177e+00 7.780534837883924110e-03
-1.867207876636735264e+00 2.218277038181576177e+00 7.780534837883924110e-03
-2.055137823273331499e+00 1.949836415586891469e+00 7.482679080435819356e-03
-2.055137823273331499e+00 1.949836415586891469e+00 7.482679080435819356e-03
-2.118635586731484999e+00 1.823803223238921634e+00 2.761553170258581897e-03
-2.118635586731484999e+00 1.823803223238921634e+00 2.761553170258581897e-03
-2.118635586731484999e+00 1.823803223238921634e+00 2.761553170258581897e-03
-1.932007524480357397e+00 1.976588880302201590e+00 1.167643443029134365e-02
-1.552536004298114225e+00 2.025101828204402210e+00 1.228447368635056033e-02
-1.773919971658453276e+00 2.209659234691143226e+00 6.879055182882109001e-03
-1.981974488535165113e+00 2.041107384409434733e+00 1.115585994844712180e-02
-2.015508066437132761e+00 2.167808134904370743e+00 9.901662395514723713e-03
-2.015508066437132761e+00 2.167808134904370743e+00 9.901662395514723713e-03
-2.015508066437132761e+00 2.167808134904370743e+00 9.901662395514723713e-03
-1.824201026012927773e+00 2.252258476038619950e+00 5.930020713032695644e-03
-1.855258645034903786e+00 2.158682518221865188e+00 9.946697150446685495e-03
-2.082163646248730071e+00 2.007578530545876205e+00 8.148775628844565425e-03
-2.082163646248730071e+00 2.007578530545876205e+00 8.148775628844565425e-03
