2.489132485845457765e-01 1.481402749648903505e-01 3.289261359811612283e-03
2.489132485845457765e-01 1.481402749648903505e-01 3.289261359811612283e-03
5.506922520009871480e-02 2.744075125851845876e-01 4.763484310090727522e-03
-3.226304359426085400e-03 5.076184403006003265e-01 5.103706953199511204e-02
-3.226304359426085400e-03 5.076184403006003265e-01 5.103706953199511204e-02
-2.452064852490480618e-01 5.951161205947277377e-01 3.315816316835899086e-02
-2.452064852490480618e-01 5.951161205947277377e-01 3.315816316835899086e-02
-3.995918280607062556e-01 8.642147218707558753e-01 1.264148827067947678e-01
-3.995918280607062556e-01 8.642147218707558753e-01 1.264148827067947678e-01
-3.995918280607062556e-01 8.642147218707558753e-01 1.264148827067947678e-01
-3.995918280607062556e-01 8.642147218707558753e-01 1.264148827067947678e-01
-3.379301485157701346e-01 1.100995077716516723e+00 1.745084660910647678e-01
-1.425611505702451265e-01 9.770150151671097571e-01 1.925090265852898996e-01
-1.425611505702451265e-01 9.770150151671097571e-01 1.925090265852898996e-01
-6.782278117254827987e-02 1.132244517784287918e+00 7.516372572681229158e-02
-1.503586411209449913e-01 7.038339895985414874e-01 1.184359948918930899e-01
-2.165490785880918034e-01 5.250112910257066501e-01 1.844115020213889233e-02
-2.165490785880918034e-01 5.250112910257066501e-01 1.844115020213889233e-02
-4.811119362996241211e-01 5.703253752577439606e-01 4.770364356062455589e-03
-4.811119362996241211e-01 5.703253752577439606e-01 4.770364356062455589e-03
-4.811119362996241211e-01 5.703253752577439606e-01 4.770364356062455589e-03
-3.170619245963630095e-01 7.791162093361979624e-01 1.045911495379030082e-01
-3.689724825244054540e-01 6.925108806723897503e-01 4.291061803610536629e-02
-8.093670172042720656e-01 9.354210713893820195e-01 3.410227416155937885e-02
-8.093670172042720656e-01 9.354210713893820195e-01 3.410227416155937885e-02
-8.093670172042720656e-01 9.354210713893820195e-01 3.410227416155937885e-02
-5.246894786112283882e-01 7.742763755439412421e-01 3.908352136921241365e-02
-2.834332837806380900e-01 6.842964022728572626e-01 6.136589216332694052e-02
-2.834332837806380900e-01 6.842964022728572626e-01 6.136589216332694052e-02
-2.834332837806380900e-01 6.842964022728572626e-01 6.136589216332694052e-02
-1.175107753682506639e-01 7.777128621964680688e-01 1.770577461651850204e-01
-1.175107753682506639e-01 7.777128621964680688e-01 1.770577461651850204e-01
-1.175107753682506639e-01 7.777128621964680688e-01 1.770577461651850204e-01
-1.175107753682506639e-01 7.777128621964680688e-01 1.770577461651850204e-01
-9.167068190620517032e-02 7.729264873718931783e-01 1.823417539935856257e-01
-9.167068190620517032e-02 7.729264873718931783e-01 1.823417539935856257e-01
-9.167068190620517032e-02 7.729264873718931783e-01 1.823417539935856257e-01
-9.167068190620517032e-02 7.729264873718931783e-01 1.823417539935856257e-01
2.663244808701616118e-02 5.318466649161676107e-01 7.133117667732349898e-02
2.663244808701616118e-02 5.318466649161676107e-01 7.133117667732349898e-02
1.539271713270404240e-01 7.310134933257322887e-01 2.072287564775517621e-01
1.539271713270404240e-01 7.310134933257322887e-01 2.072287564775517621e-01
1.539271713270404240e-01 7.310134933257322887e-01 2.072287564775517621e-01
2.647358380607597872e-01 7.265336478177226720e-01 1.964649569876860680e-01
3.459953333496862404e-02 5.784444237555854684e-01 1.021647494353888908e-01
5.713464421423634920e-02 8.951825125773928971e-01 1.822107862501822217e-01
-4.554318145877532531e-02 9.703688705119782876e-01 1.714462456531879453e-01
1.707676171005890753e-01 8.838373764836359170e-01 1.505540276223835405e-01
4.849029997991479157e-01 6.882834451141827126e-01 1.478351858069336111e-01
4.849029997991479157e-01 6.882834451141827126e-01 1.478351858069336111e-01
5.996522860617962136e-01 4.956376173226119120e-01 1.698689720282952342e-01
5.996522860617962136e-01 4.956376173226119120e-01 1.698689720282952342e-01
5.996522860617962136e-01 4.956376173226119120e-01 1.698689720282952342e-01
1.106835024034443560e+00 5.003852974638821616e-01 3.736788021263454107e-02
1.425225843572294426e+00 3.605208123104841622e-02 6.349811517634473823e-02
1.425225843572294426e+00 3.605208123104841622e-02 6.349811517634473823e-02
1.425225843572294426e+00 3.605208123104841622e-02 6.349811517634473823e-02
1.464707658693237491e+00 -5.537160127403255305e-02 5.278006289901791825e-02
1.605785342386313097e+00 -7.405973978522395473e-02 4.563513073773840800e-02
1.636481878860036820e+00 -4.905323934011308062e-01 2.988595916546603077e-03
1.780209679928266731e+00 -1.973878925892280645e-01 3.095645551375620849e-02
1.615815205836092838e+00 1.724327020772480346e-01 2.421423858432268650e-02
1.580831060358486528e+00 2.769307827001755706e-01 1.398363283949125360e-02
1.772124127861952170e+00 5.854247261732509200e-02 2.103725459791943447e-02
1.772124127861952170e+00 5.854247261732509200e-02 2.103725459791943447e-02
1.959971206273783073e+00 -2.231221866013197719e-01 2.236516717980415250e-02
1.959971206273783073e+00 -2.231221866013197719e-01 2.236516717980415250e-02
1.877720501239304784e+00 -1.180224013301587882e-01 2.541379133925181222e-02
1.877720501239304784e+00 -1.180224013301587882e-01 2.541379133925181222e-02
2.228559846068888017e+00 -2.050024393534599088e-01 7.992641238562584599e-03
2.228559846068888017e+00 -2.050024393534599088e-01 7.992641238562584599e-03
2.729923229067302337e+00 -8.454897755299997097e-01 1.503227892773250718e-03
2.438793063459399502e+00 -8.180520287960790782e-01 1.353621775830304895e-03
2.839980773660663260e+00 -9.577952273650605086e-01 7.423842744994236381e-04
2.839980773660663260e+00 -9.577952273650605086e-01 7.423842744994236381e-04
3.107684477285760138e+00 -8.242864816238063552e-01 7.637037177325330366e-04
3.107684477285760138e+00 -8.242864816238063552e-01 7.637037177325330366e-04
2.743077322745417934e+00 -7.800119468465023242e-01 2.042130998390814973e-03
2.743077322745417934e+00 -7.800119468465023242e-01 2.042130998390814973e-03
2.762578190469014761e+00 -5.935393096102570265e-01 2.352438940321756322e-03
2.762578190469014761e+00 -5.935393096102570265e-01 2.352438940321756322e-03
2.762087590301016693e+00 -5.481318939956759673e-01 2.119116971444699737e-03
2.697106003876233338e+00 -6.021349511581268743e-01 3.037651576005945785e-03
2.697106003876233338e+00 -6.021349511581268743e-01 3.037651576005945785e-03
2.556814391491152083e+00 -5.864923399595730613e-01 4.566246185026918633e-03
1.974620560818776127e+00 -5.752779977898527797e-01 4.206970417151041121e-03
2.249455195243987404e+00 -5.880658342436662078e-01 6.026345482957710074e-03
2.249455195243987404e+00 -5.880658342436662078e-01 6.026345482957710074e-03
2.249455195243987404e+00 -5.880658342436662078e-01 6.026345482957710074e-03
2.210832761929016232e+00 -2.790762222607374721e-01 1.113032721562272169e-02
2.210832761929016232e+00 -2.790762222607374721e-01 1.113032721562272169e-02
1.807587447505909717e+00 -5.137197965336697258e-01 4.599654045280791165e-03
1.807587447505909717e+00 -5.137197965336697258e-01 4.599654045280791165e-03
1.664282337894278374e+00 -3.444509337471374222e-01 1.419462268374721212e-02
1.772267840920444204e+00 -1.041520771641165077e-01 3.340462958747690558e-02
1.772267840920444204e+00 -1.041520771641165077e-01 3.340462958747690558e-02
1.662051257875444943e+00 -6.435513215266895626e-02 4.186930515434222205e-02
1.212596829568743262e+00 1.902911220498608447e-02 6.318731533640588316e-02
4.466989538485350852e-01 2.439005764906773122e-01 3.665739588376303038e-02
4.466989538485350852e-01 2.439005764906773122e-01 3.665739588376303038e-02
