2.489132485845457765e-01 1.481402749648903505e-01 4.545369944559515298e-03
-8.346358193503616851e-02 3.922055355746955629e-01 1.676465653346398757e-02
-3.033855608432375339e-01 7.353555693835698293e-01 1.365815683443453998e-01
-8.406539794792144971e-02 8.757291989244524455e-01 2.056215083054078185e-01
-8.406539794792144971e-02 8.757291989244524455e-01 2.056215083054078185e-01
-8.406539794792144971e-02 8.757291989244524455e-01 2.056215083054078185e-01
-2.513125300708858312e-01 7.568858593227598686e-01 1.751310500937092729e-01
-2.513125300708858312e-01 7.568858593227598686e-01 1.751310500937092729e-01
-1.465133460625231421e-01 9.294719705797076514e-01 1.796216139208347551e-01
-1.447292132998612146e-02 7.507180679022977809e-01 2.485207174768405414e-01
-1.199987287851794621e-01 6.061315387560310963e-01 1.219731221500873902e-01
-5.594209681986218596e-01 8.666073472187094673e-01 1.058073044257303863e-01
-5.594209681986218596e-01 8.666073472187094673e-01 1.058073044257303863e-01
-5.594209681986218596e-01 8.666073472187094673e-01 1.058073044257303863e-01
-5.594209681986218596e-01 8.666073472187094673e-01 1.058073044257303863e-01
-5.594209681986218596e-01 8.666073472187094673e-01 1.058073044257303863e-01
-5.594209681986218596e-01 8.666073472187094673e-01 1.058073044257303863e-01
-9.554939998194438289e-01 1.078896350761996414e+00 5.702629778462379312e-02
-9.554939998194438289e-01 1.078896350761996414e+00 5.702629778462379312e-02
-7.885610569447123464e-01 8.648806705239977521e-01 3.562518430273171194e-02
-6.283710966478018856e-01 8.895708556191903593e-01 9.109577650845411545e-02
-6.753459452963850307e-01 7.959437911225522022e-01 3.778149921768873126e-02
-6.753459452963850307e-01 7.959437911225522022e-01 3.778149921768873126e-02
-6.898088964573362292e-01 9.514311148342552427e-01 9.508699649799599862e-02
-6.898088964573362292e-01 9.514311148342552427e-01 9.508699649799599862e-02
-4.525819009314704933e-01 8.407022029526003415e-01 1.356092491551445234e-01
-9.454208260178559309e-01 1.298198744608566102e+00 5.389897654123053383e-02
-1.062571520799716840e+00 1.202040448004215722e+00 5.238371774516391299e-02
-7.154247107894033952e-01 1.007051264942337321e+00 1.036488998476574747e-01
-7.154247107894033952e-01 1.007051264942337321e+00 1.036488998476574747e-01
-3.134055967067194137e-01 7.248926978715870550e-01 1.245982554499206890e-01
-3.134055967067194137e-01 7.248926978715870550e-01 1.245982554499206890e-01
-3.134055967067194137e-01 7.248926978715870550e-01 1.245982554499206890e-01
-3.134055967067194137e-01 7.248926978715870550e-01 1.245982554499206890e-01
-2.766897912751332123e-01 8.576070287998664998e-01 2.045136931047268625e-01
-2.766897912751332123e-01 8.576070287998664998e-01 2.045136931047268625e-01
-1.971898550219918222e-01 6.627453174450202988e-01 1.318059857581679595e-01
1.169309046357998039e-01 5.116357896962711038e-01 1.487242995219671682e-01
1.169309046357998039e-01 5.116357896962711038e-01 1.487242995219671682e-01
6.454751928215354262e-01 4.072344069921375875e-01 2.200208527741444320e-01
6.083685203335144065e-01 2.148158388959902632e-01 7.722932178710797957e-02
6.083685203335144065e-01 2.148158388959902632e-01 7.722932178710797957e-02
1.093270335020276041e-01 9.268163194066980637e-01 1.012294955831330168e-01
9.314132416622531441e-01 3.666003107709758790e-01 1.624930501232079161e-01
9.163459187035672970e-01 4.724260896708844526e-01 1.183845027817733569e-01
9.163459187035672970e-01 4.724260896708844526e-01 1.183845027817733569e-01
9.163459187035672970e-01 4.724260896708844526e-01 1.183845027817733569e-01
9.163459187035672970e-01 4.724260896708844526e-01 1.183845027817733569e-01
1.194982245877768579e+00 3.349085336874386143e-01 8.123988007776766773e-02
1.157585405201077888e+00 4.518050639371151700e-01 4.531015446325578622e-02
7.629187233599592499e-01 4.369300365263683039e-01 1.989421240779944422e-01
8.529893760673178393e-01 2.642042116400638574e-01 1.613844869428670281e-01
1.014221335017656989e+00 4.147679996884282017e-02 5.541891353603829729e-02
9.851599274258132644e-01 4.316875545127061287e-01 1.130941388240934015e-01
9.851599274258132644e-01 4.316875545127061287e-01 1.130941388240934015e-01
1.194130772552965514e+00 2.409556816515161792e-01 1.092030175001298259e-01
1.495461155950047916e+00 -7.723117733494042070e-02 4.310439413807287679e-02
1.730388177701617902e+00 -5.592025528945575308e-02 3.276460819463802854e-02
1.730388177701617902e+00 -5.592025528945575308e-02 3.276460819463802854e-02
1.730388177701617902e+00 -5.592025528945575308e-02 3.276460819463802854e-02
1.730388177701617902e+00 -5.592025528945575308e-02 3.276460819463802854e-02
1.531148574868939516e+00 -1.410924539232131236e-01 3.022875253684308844e-02
1.437570021257313702e+00 1.476488997032750494e-01 6.462791831416447863e-02
1.507246753101247227e+00 3.273303995920288090e-01 1.615878125496512593e-02
1.791766864369494172e+00 1.529686708129857353e-01 1.118178468622569796e-02
2.132223500024753804e+00 -6.896149803390258515e-02 5.814527169707520496e-03
2.132223500024753804e+00 -6.896149803390258515e-02 5.814527169707520496e-03
1.936683366526375627e+00 2.011193438763111130e-01 2.306706279555821148e-03
1.655433152861939927e+00 1.582646995845323201e-01 2.429576315186010582e-02
1.383469158158203483e+00 2.977528069684672873e-01 4.253497932807592807e-02
1.383469158158203483e+00 2.977528069684672873e-01 4.253497932807592807e-02
1.383469158158203483e+00 2.977528069684672873e-01 4.253497932807592807e-02
1.383469158158203483e+00 2.977528069684672873e-01 4.253497932807592807e-02
1.383469158158203483e+00 2.977528069684672873e-01 4.253497932807592807e-02
1.365125271036129684e+00 -3.694515728216479777e-02 5.224793764062045376e-02
1.365125271036129684e+00 -3.694515728216479777e-02 5.224793764062045376e-02
1.177127182521553905e+00 -1.203335366777565502e-01 1.796770372533749646e-02
1.177127182521553905e+00 -1.203335366777565502e-01 1.796770372533749646e-02
1.545700053820324715e+00 -2.814051715145454158e-01 8.965195729782680922e-03
1.601640287008975205e+00 -8.424342895965036826e-02 3.935474479344081011e-02
1.601640287008975205e+00 -8.424342895965036826e-02 3.935474479344081011e-02
1.601640287008975205e+00 -8.424342895965036826e-02 3.935474479344081011e-02
1.512114015572969095e+00 9.386702808591690372e-03 5.594415818435666266e-02
1.512114015572969095e+00 9.386702808591690372e-03 5.594415818435666266e-02
1.512114015572969095e+00 9.386702808591690372e-03 5.594415818435666266e-02
1.512114015572969095e+00 9.386702808591690372e-03 5.594415818435666266e-02
1.512114015572969095e+00 9.386702808591690372e-03 5.594415818435666266e-02
1.552693641573502203e+00 -5.695422279692206879e-02 4.524274993235302689e-02
1.552693641573502203e+00 -5.695422279692206879e-02 4.524274993235302689e-02
1.552693641573502203e+00 -5.695422279692206879e-02 4.524274993235302689e-02
1.739097370569525403e+00 1.039849886276323770e-01 2.115298040989935929e-02
2.101299677447493242e+00 -3.144843334516030375e-01 8.585253964313645583e-03
1.832965537775351095e+00 -5.579460414401736790e-01 5.593962019722258181e-04
1.897196047064123814e+00 -4.321656647849420052e-01 3.746989793945520054e-03
1.897196047064123814e+00 -4.321656647849420052e-01 3.746989793945520054e-03
1.878731774403987087e+00 -2.941414038975739276e-01 1.202537796269140084e-02
1.878731774403987087e+00 -2.941414038975739276e-01 1.202537796269140084e-02
1.914252840111673404e+00 -4.833183534293457595e-01 2.150116219783555598e-03
1.914252840111673404e+00 -4.833183534293457595e-01 2.150116219783555598e-03
1.840443118579377479e+00 -2.413216515647829963e-01 1.651562796570961791e-02
