2.489132485845457765e-01 1.481402749648903505e-01 1.765093554055125477e-03
2.489132485845457765e-01 1.481402749648903505e-01 1.765093554055125477e-03
5.968665047081223030e-01 3.793490463919920175e-01 4.727450313006869437e-02
5.221191929135973187e-01 3.395862439967538560e-01 3.505830195297615637e-02
8.263962931751508423e-01 2.218127128420002703e-01 5.104398565449404929e-02
1.076547423544018667e+00 1.403409103091111110e-01 6.107211993568625874e-02
1.076547423544018667e+00 1.403409103091111110e-01 6.107211993568625874e-02
9.151292819916032606e-01 3.651673911485296409e-01 5.470338262456998779e-02
9.151292819916032606e-01 3.651673911485296409e-01 5.470338262456998779e-02
9.151292819916032606e-01 3.651673911485296409e-01 5.470338262456998779e-02
1.294913235759113990e+00 3.381379220054109291e-01 2.396676053598390324e-02
1.294913235759113990e+00 3.381379220054109291e-01 2.396676053598390324e-02
1.294913235759113990e+00 3.381379220054109291e-01 2.396676053598390324e-02
1.294913235759113990e+00 3.381379220054109291e-01 2.396676053598390324e-02
1.294913235759113990e+00 3.381379220054109291e-01 2.396676053598390324e-02
1.646337581376827508e+00 -4.025434659930732240e-02 4.745798675276773765e-02
1.646337581376827508e+00 -4.025434659930732240e-02 4.745798675276773765e-02
1.646337581376827508e+00 -4.025434659930732240e-02 4.745798675276773765e-02
1.646337581376827508e+00 -4.025434659930732240e-02 4.745798675276773765e-02
1.646337581376827508e+00 -4.025434659930732240e-02 4.745798675276773765e-02
1.512227232887616735e+00 -5.331345546920814860e-01 8.742617069011741904e-03
1.670702045637407096e+00 8.926480640782274989e-03 3.697176545038004941e-02
1.934431389651359412e+00 -4.605777668085954679e-01 4.835623757260662514e-02
1.792782121498001535e+00 -2.494106726963923604e-01 5.592358110448801545e-02
1.792782121498001535e+00 -2.494106726963923604e-01 5.592358110448801545e-02
1.704998348333985003e+00 -5.089078596643143992e-01 2.487854235595746838e-02
1.720894286231481995e+00 -4.783247927655083775e-01 3.100431179058877468e-02
1.602888066613016305e+00 8.834593150735758904e-03 4.472134432215219002e-02
1.431173277719309134e+00 7.425178999249908152e-02 5.276308027773297937e-02
1.349283635821788119e+00 8.562006982803223309e-02 5.809388082348063836e-02
1.218022730266425935e+00 2.496247087529041009e-01 4.697081654497056724e-02
1.111783059134822782e+00 -1.814801272698229884e-02 4.600561618329948588e-02
9.693711309744932336e-01 2.258072984554919671e-01 6.028963987006746850e-02
9.693711309744932336e-01 2.258072984554919671e-01 6.028963987006746850e-02
9.693711309744932336e-01 2.258072984554919671e-01 6.028963987006746850e-02
9.693711309744932336e-01 2.258072984554919671e-01 6.028963987006746850e-02
9.693711309744932336e-01 2.258072984554919671e-01 6.028963987006746850e-02
9.962322325043627691e-01 2.382371411245243209e-01 6.068530529784774835e-02
9.962322325043627691e-01 2.382371411245243209e-01 6.068530529784774835e-02
9.962322325043627691e-01 2.382371411245243209e-01 6.068530529784774835e-02
1.141003642095075321e+00 -1.099415386648179838e-01 3.364255807037686008e-02
1.141003642095075321e+00 -1.099415386648179838e-01 3.364255807037686008e-02
1.157946594609221780e+00 -6.839039346431455280e-02 4.271726569781367222e-02
1.703887446299212183e+00 -1.818324108092010394e-01 5.733513558509466951e-02
1.980540845957844187e+00 -3.892596248342513054e-01 5.147712294095409258e-02
1.956934274899027937e+00 -3.399051151803667570e-01 5.118702375526416187e-02
1.956934274899027937e+00 -3.399051151803667570e-01 5.118702375526416187e-02
1.307056285098267656e+00 -2.099434365100311117e-01 3.472746865184847542e-02
1.482801124495866096e+00 -2.131425927515072927e-01 5.174311193449045859e-02
1.120500511640633023e+00 -2.297515585785970260e-01 1.420176881241605113e-02
7.431574937333673692e-01 -9.364178746943196963e-02 5.127034051398411500e-03
6.327414427487912940e-01 -1.004122447109233041e-01 2.126783639304680954e-03
1.356143527543878458e+00 1.445757033557825422e-01 4.975322284368162429e-02
9.399192960109539197e-01 4.498058229481608494e-01 4.101055977403911257e-02
9.465870283706415700e-01 8.266710602517157724e-02 4.395997540121855673e-02
9.465870283706415700e-01 8.266710602517157724e-02 4.395997540121855673e-02
9.465870283706415700e-01 8.266710602517157724e-02 4.395997540121855673e-02
1.001711817806555160e+00 3.079843165427071927e-01 5.618498547919974911e-02
9.626719094424148748e-01 1.289676550716517545e-01 5.237481889555622300e-02
1.033941734442725746e+00 1.277058156646052600e-01 5.802384088982925209e-02
1.033941734442725746e+00 1.277058156646052600e-01 5.802384088982925209e-02
1.112625332118219124e+00 2.774321556640965136e-01 5.241635769747104295e-02
1.352665342229800061e+00 4.821830971805896038e-01 5.393745057732153396e-03
1.169120324356323959e+00 3.824630704182769847e-01 2.944363124642139853e-02
1.169120324356323959e+00 3.824630704182769847e-01 2.944363124642139853e-02
1.169120324356323959e+00 3.824630704182769847e-01 2.944363124642139853e-02
1.121286275333340798e+00 2.193320451193641052e-01 5.865024093861565674e-02
1.053500338631478961e+00 1.932027684418367863e-01 6.150469079358753671e-02
1.586456416706180983e+00 1.274467141427841899e-01 2.710785044028479404e-02
1.744677706476248424e+00 -2.987490648974001628e-01 5.604749089406196177e-02
1.801021897264517779e+00 -1.965617313799161714e-01 5.187301960801270206e-02
1.858115125462757478e+00 -1.060144504443817776e-01 3.384531436865508697e-02
1.606255070886308145e+00 -2.570397057927256701e-02 4.954678161508276057e-02
1.126380436651995165e+00 1.949137309385746697e-01 6.037751555147979204e-02
1.126380436651995165e+00 1.949137309385746697e-01 6.037751555147979204e-02
1.126380436651995165e+00 1.949137309385746697e-01 6.037751555147979204e-02
1.126380436651995165e+00 1.949137309385746697e-01 6.037751555147979204e-02
1.023033438736180356e+00 1.859004097676972833e-01 6.088299677411411481e-02
1.097921714182985564e+00 2.863178129384502668e-02 5.175572035567453655e-02
1.097921714182985564e+00 2.863178129384502668e-02 5.175572035567453655e-02
1.097921714182985564e+00 2.863178129384502668e-02 5.175572035567453655e-02
9.504883082223181123e-01 3.311900051675888829e-03 3.130809001486960230e-02
7.597559128038369192e-01 1.385163497273093625e-01 3.163387145964349778e-02
1.064940218554169205e+00 1.327021117125910254e-01 6.018846905697305960e-02
1.064940218554169205e+00 1.327021117125910254e-01 6.018846905697305960e-02
7.292794068283566800e-01 7.149459891199547723e-01 1.870444308011825693e-02
4.243458978748999577e-01 6.109327756406206511e-01 4.659764660812733272e-02
4.243458978748999577e-01 6.109327756406206511e-01 4.659764660812733272e-02
6.079119815766240720e-01 4.431696796783177739e-01 5.209981659818982425e-02
1.033405617316326186e+00 2.232204459545108211e-01 6.095933431614020820e-02
1.221026008265793994e+00 4.281730092708280200e-02 6.169531867663345659e-02
1.221026008265793994e+00 4.281730092708280200e-02 6.169531867663345659e-02
1.221026008265793994e+00 4.281730092708280200e-02 6.169531867663345659e-02
5.852074223648813245e-01 5.992784419884092939e-01 4.503108550497101487e-02
5.852074223648813245e-01 5.992784419884092939e-01 4.503108550497101487e-02
5.852074223648813245e-01 5.992784419884092939e-01 4.503108550497101487e-02
7.085280805694624817e-01 8.621812743346121133e-01 6.193048180763351812e-03
5.583306282251181418e-01 4.384099889214813639e-01 4.902276599059818968e-02
5.583306282251181418e-01 4.384099889214813639e-01 4.902276599059818968e-02
5.583306282251181418e-01 4.384099889214813639e-01 4.902276599059818968e-02
