2.489132485845457765e-01 1.481402749648903505e-01 1.390322868785454358e-01
3.586900604129938941e-01 -8.735833271878251649e-02 7.010971753920737515e-02
3.586900604129938941e-01 -8.735833271878251649e-02 7.010971753920737515e-02
3.586900604129938941e-01 -8.735833271878251649e-02 7.010971753920737515e-02
3.809717753456043909e-01 -5.305324061078994791e-02 1.263591607315445453e-01
3.809717753456043909e-01 -5.305324061078994791e-02 1.263591607315445453e-01
3.809717753456043909e-01 -5.305324061078994791e-02 1.263591607315445453e-01
1.630401961801125066e-01 2.604888021266165143e-01 9.211567131651096640e-02
2.588876095871171512e-01 1.317371619984748776e-01 1.394515436561972743e-01
2.588876095871171512e-01 1.317371619984748776e-01 1.394515436561972743e-01
2.588876095871171512e-01 1.317371619984748776e-01 1.394515436561972743e-01
2.588876095871171512e-01 1.317371619984748776e-01 1.394515436561972743e-01
4.173375333756672578e-01 3.540865866153292130e-01 4.660888218519193549e-01
3.925512849729544396e-01 4.633375640389983952e-01 3.939361632182243889e-01
3.925512849729544396e-01 4.633375640389983952e-01 3.939361632182243889e-01
1.912250278384143021e-01 7.743350011012366529e-01 3.277519455102904100e-01
1.912250278384143021e-01 7.743350011012366529e-01 3.277519455102904100e-01
-2.865481522501045486e-02 9.554659904539981596e-01 9.309487784086238615e-02
-6.918773154319741991e-02 7.834090476304940154e-01 3.994029642430593080e-02
-6.918773154319741991e-02 7.834090476304940154e-01 3.994029642430593080e-02
2.240850050859510278e-01 7.688938434447633030e-01 2.933187648880554721e-01
2.240850050859510278e-01 7.688938434447633030e-01 2.933187648880554721e-01
2.240850050859510278e-01 7.688938434447633030e-01 2.933187648880554721e-01
2.240850050859510278e-01 7.688938434447633030e-01 2.933187648880554721e-01
2.240850050859510278e-01 7.688938434447633030e-01 2.933187648880554721e-01
2.240850050859510278e-01 7.688938434447633030e-01 2.933187648880554721e-01
2.240850050859510278e-01 7.688938434447633030e-01 2.933187648880554721e-01
2.240850050859510278e-01 7.688938434447633030e-01 2.933187648880554721e-01
5.444950055413347312e-02 8.464688665449398020e-01 2.086377694970554253e-01
1.878136832377228227e-01 7.310903355421827232e-01 3.940190497645829071e-01
1.878136832377228227e-01 7.310903355421827232e-01 3.940190497645829071e-01
1.878136832377228227e-01 7.310903355421827232e-01 3.940190497645829071e-01
1.878136832377228227e-01 7.310903355421827232e-01 3.940190497645829071e-01
1.878136832377228227e-01 7.310903355421827232e-01 3.940190497645829071e-01
1.878136832377228227e-01 7.310903355421827232e-01 3.940190497645829071e-01
2.073914854149367937e-01 2.874748437053698535e-01 2.245189536064685909e-01
2.073914854149367937e-01 2.874748437053698535e-01 2.245189536064685909e-01
2.073914854149367937e-01 2.874748437053698535e-01 2.245189536064685909e-01
2.073914854149367937e-01 2.874748437053698535e-01 2.245189536064685909e-01
2.073914854149367937e-01 2.874748437053698535e-01 2.245189536064685909e-01
2.073914854149367937e-01 2.874748437053698535e-01 2.245189536064685909e-01
2.510978001367218382e-01 3.549017004234872319e-02 4.769265301350135433e-02
2.510978001367218382e-01 3.549017004234872319e-02 4.769265301350135433e-02
2.510978001367218382e-01 3.549017004234872319e-02 4.769265301350135433e-02
2.510978001367218382e-01 3.549017004234872319e-02 4.769265301350135433e-02
2.510978001367218382e-01 3.549017004234872319e-02 4.769265301350135433e-02
2.510978001367218382e-01 3.549017004234872319e-02 4.769265301350135433e-02
2.510978001367218382e-01 3.549017004234872319e-02 4.769265301350135433e-02
3.596834132143715834e-01 -2.063933075474727596e-03 1.560889430986933391e-01
3.596834132143715834e-01 -2.063933075474727596e-03 1.560889430986933391e-01
3.547538572724551753e-01 5.007055583186876407e-02 2.218239159024179563e-01
4.155335649152813171e-01 6.033959789932709372e-02 3.404430775945422316e-01
4.155335649152813171e-01 6.033959789932709372e-02 3.404430775945422316e-01
4.155335649152813171e-01 6.033959789932709372e-02 3.404430775945422316e-01
4.155335649152813171e-01 6.033959789932709372e-02 3.404430775945422316e-01
4.155335649152813171e-01 6.033959789932709372e-02 3.404430775945422316e-01
4.155335649152813171e-01 6.033959789932709372e-02 3.404430775945422316e-01
4.155335649152813171e-01 6.033959789932709372e-02 3.404430775945422316e-01
5.177802135857495491e-01 2.125140645479097201e-01 2.685221477113045596e-01
4.816817935794740491e-01 1.626646935787857129e-01 3.913244385196480435e-01
3.811860588443682918e-01 9.671607251324330912e-02 3.529790993368210894e-01
3.811860588443682918e-01 9.671607251324330912e-02 3.529790993368210894e-01
4.417127249118394938e-01 1.094287408265203626e-01 4.204011669432567433e-01
4.417127249118394938e-01 1.094287408265203626e-01 4.204011669432567433e-01
2.850255667699846951e-01 2.483823717947203358e-01 4.030769502356214007e-01
2.850255667699846951e-01 2.483823717947203358e-01 4.030769502356214007e-01
2.850255667699846951e-01 2.483823717947203358e-01 4.030769502356214007e-01
4.880158518141095580e-01 4.607893002763864265e-01 1.138077999461954981e-01
2.815144765485278477e-01 3.170737612608255374e-01 5.178154849927310011e-01
2.815144765485278477e-01 3.170737612608255374e-01 5.178154849927310011e-01
2.815144765485278477e-01 3.170737612608255374e-01 5.178154849927310011e-01
2.815144765485278477e-01 3.170737612608255374e-01 5.178154849927310011e-01
2.160064021622291053e-01 2.486307623499022790e-01 1.927027787721468932e-01
2.160064021622291053e-01 2.486307623499022790e-01 1.927027787721468932e-01
8.303511057616580482e-02 4.844669568395643111e-01 1.248502152298281154e-01
8.303511057616580482e-02 4.844669568395643111e-01 1.248502152298281154e-01
8.303511057616580482e-02 4.844669568395643111e-01 1.248502152298281154e-01
8.303511057616580482e-02 4.844669568395643111e-01 1.248502152298281154e-01
3.311615538003360726e-01 6.035177194135865619e-01 3.437468391614150187e-01
3.311615538003360726e-01 6.035177194135865619e-01 3.437468391614150187e-01
3.311615538003360726e-01 6.035177194135865619e-01 3.437468391614150187e-01
1.172537605820403450e-01 6.076060397655050904e-01 3.232154482461916389e-01
1.172537605820403450e-01 6.076060397655050904e-01 3.232154482461916389e-01
3.468965668458987572e-01 5.954113817438523304e-01 3.106203036036175313e-01
3.468965668458987572e-01 5.954113817438523304e-01 3.106203036036175313e-01
3.468965668458987572e-01 5.954113817438523304e-01 3.106203036036175313e-01
3.113790781330857405e-01 5.871321071453293738e-01 4.342790534877442044e-01
3.113790781330857405e-01 5.871321071453293738e-01 4.342790534877442044e-01
3.113790781330857405e-01 5.871321071453293738e-01 4.342790534877442044e-01
3.113790781330857405e-01 5.871321071453293738e-01 4.342790534877442044e-01
3.113790781330857405e-01 5.871321071453293738e-01 4.342790534877442044e-01
3.113790781330857405e-01 5.871321071453293738e-01 4.342790534877442044e-01
3.113790781330857405e-01 5.871321071453293738e-01 4.342790534877442044e-01
2.610909838067362876e-01 4.091263772062214144e-01 5.881937063683099209e-01
2.610909838067362876e-01 4.091263772062214144e-01 5.881937063683099209e-01
2.610909838067362876e-01 4.091263772062214144e-01 5.881937063683099209e-01
2.610909838067362876e-01 4.091263772062214144e-01 5.881937063683099209e-01
1.186920932211342483e-01 7.603335197700235026e-01 3.323112168143406153e-01
1.186920932211342483e-01 7.603335197700235026e-01 3.323112168143406153e-01
1.186920932211342483e-01 7.603335197700235026e-01 3.323112168143406153e-01
