2.489132485845457765e-01 1.481402749648903505e-01 1.809297668972606986e-03
2.489132485845457765e-01 1.481402749648903505e-01 1.809297668972606986e-03
4.903922339230835092e-01 1.815531958219819830e-01 1.283750278846870936e-02
4.903922339230835092e-01 1.815531958219819830e-01 1.283750278846870936e-02
7.411833874292450552e-01 1.201053763316849848e-01 2.786647681861801826e-02
7.411833874292450552e-01 1.201053763316849848e-01 2.786647681861801826e-02
7.633707342993817369e-01 -4.508842787252077822e-02 9.715370655471967584e-03
8.135489500487218528e-01 5.196709096293411489e-01 4.059923164372702259e-02
8.135489500487218528e-01 5.196709096293411489e-01 4.059923164372702259e-02
9.743279930457373617e-01 6.479544318156628124e-01 9.912844616377284798e-03
8.607151337270469993e-01 3.987492579256521896e-01 5.394214125237797169e-02
8.607151337270469993e-01 3.987492579256521896e-01 5.394214125237797169e-02
8.607151337270469993e-01 3.987492579256521896e-01 5.394214125237797169e-02
1.077893592476813600e+00 -5.960543206038571018e-02 3.680764462636676448e-02
1.077893592476813600e+00 -5.960543206038571018e-02 3.680764462636676448e-02
1.077893592476813600e+00 -5.960543206038571018e-02 3.680764462636676448e-02
9.539758781920437691e-01 3.585039966560082947e-02 3.864671712574743040e-02
8.112799869946142328e-01 3.846780039183086419e-01 5.679202969347199592e-02
8.112799869946142328e-01 3.846780039183086419e-01 5.679202969347199592e-02
8.112799869946142328e-01 3.846780039183086419e-01 5.679202969347199592e-02
8.112799869946142328e-01 3.846780039183086419e-01 5.679202969347199592e-02
8.112799869946142328e-01 3.846780039183086419e-01 5.679202969347199592e-02
1.013780218663431931e+00 2.820913217279034102e-01 5.817603945681142086e-02
1.013780218663431931e+00 2.820913217279034102e-01 5.817603945681142086e-02
1.511795857842041624e+00 1.006192912816789575e-01 3.853555860584303994e-02
1.511795857842041624e+00 1.006192912816789575e-01 3.853555860584303994e-02
1.194903532036930116e+00 1.602471774288267425e-01 6.016589620310204556e-02
1.194903532036930116e+00 1.602471774288267425e-01 6.016589620310204556e-02
9.895489845004346030e-01 3.655072669270562624e-01 4.947186240112927402e-02
6.872561461672250793e-01 5.847514908346804763e-01 4.076837593150037242e-02
9.307571141095154488e-01 4.698537198958841477e-01 3.801241875954593230e-02
9.307571141095154488e-01 4.698537198958841477e-01 3.801241875954593230e-02
9.307571141095154488e-01 4.698537198958841477e-01 3.801241875954593230e-02
5.800622407802591418e-01 4.266436229273727343e-01 5.053039142645668336e-02
8.323447703573125800e-01 2.598422996799082951e-01 5.638760117977294206e-02
4.988895466448260430e-01 1.705186634253980649e-01 1.236970382898425203e-02
4.988895466448260430e-01 1.705186634253980649e-01 1.236970382898425203e-02
7.528492799273889258e-01 4.352090718918684709e-01 5.462426936491516366e-02
7.528492799273889258e-01 4.352090718918684709e-01 5.462426936491516366e-02
6.814480362797944446e-01 2.555512130536967685e-01 4.174195944407266268e-02
6.814480362797944446e-01 2.555512130536967685e-01 4.174195944407266268e-02
8.481588526676075990e-01 3.857866293843630334e-01 5.574653378180988161e-02
3.969546108889717706e-01 4.042794714425816394e-01 3.108907339756030244e-02
3.969546108889717706e-01 4.042794714425816394e-01 3.108907339756030244e-02
5.663424388649795915e-01 4.358009980682470697e-01 5.015806815019295539e-02
6.664062081460707665e-01 5.490383696248608558e-01 4.688147784397488776e-02
5.436982144870877720e-01 3.783640210290010186e-01 4.309129888928971142e-02
5.989790993524300999e-01 4.298333378543625072e-01 5.187055622775296054e-02
5.989790993524300999e-01 4.298333378543625072e-01 5.187055622775296054e-02
5.989790993524300999e-01 4.298333378543625072e-01 5.187055622775296054e-02
1.035625484246729844e+00 -1.129244552573561711e-01 2.338472362019383688e-02
1.136920442436323508e+00 1.254952204538300753e-01 6.301502246784886074e-02
8.051036401864640757e-01 3.392773944321415547e-01 5.812420564920899035e-02
8.051036401864640757e-01 3.392773944321415547e-01 5.812420564920899035e-02
1.125428743005128629e+00 2.175705152989338975e-01 5.857524668091838166e-02
5.395670685860251004e-01 -1.143530697867586321e-01 8.681507811523597436e-04
5.395670685860251004e-01 -1.143530697867586321e-01 8.681507811523597436e-04
5.020147396480434399e-01 -5.319622010868344658e-02 1.359508208416118939e-03
9.259769678875812149e-01 1.470607735922085241e-02 3.182783920387249194e-02
9.259769678875812149e-01 1.470607735922085241e-02 3.182783920387249194e-02
9.259769678875812149e-01 1.470607735922085241e-02 3.182783920387249194e-02
9.259769678875812149e-01 1.470607735922085241e-02 3.182783920387249194e-02
1.004430768429865006e+00 4.286526717321738622e-01 3.771085032530881176e-02
1.004430768429865006e+00 4.286526717321738622e-01 3.771085032530881176e-02
1.004430768429865006e+00 4.286526717321738622e-01 3.771085032530881176e-02
1.004430768429865006e+00 4.286526717321738622e-01 3.771085032530881176e-02
7.262400947134883822e-01 4.991852934580218171e-01 4.960281716937164215e-02
7.802222294716513185e-01 6.545280544135705370e-01 2.248339500353363496e-02
2.915427249757743811e-01 5.500360336069465284e-01 3.710530557176971306e-02
4.683378017443269314e-01 8.442729325695470521e-01 2.018416770107278949e-02
5.792206663035490699e-01 4.821819564468082242e-01 5.221291517709151370e-02
1.634417134627904056e-01 7.247481200093290887e-01 3.814088146801605794e-02
1.332467689925172505e-01 6.142038594145013963e-01 2.910231325013311332e-02
3.568911315718112931e-01 4.194530390200651437e-01 2.889205192848188705e-02
4.545685157505953145e-01 5.338988545421434750e-01 4.790158306719487918e-02
5.700757841850959684e-01 5.555608282930061259e-01 4.960448438408328331e-02
8.566376578117228524e-01 4.645340924597236576e-01 4.554903800691486454e-02
7.793815513856879873e-01 3.351488102033084449e-01 5.728669893651565370e-02
7.793815513856879873e-01 3.351488102033084449e-01 5.728669893651565370e-02
7.428462820447434556e-01 3.754824670640410922e-01 5.666268471407398533e-02
7.945998759890738894e-01 5.165659904237316358e-01 4.266301705162740127e-02
7.153323260721691224e-01 2.174636757707989476e-01 3.998092301101806301e-02
6.124141525357462701e-01 3.293429961907980985e-01 4.418268734536335424e-02
6.124141525357462701e-01 3.293429961907980985e-01 4.418268734536335424e-02
7.832939437952264328e-01 3.965666841634396533e-02 2.054583048890341532e-02
1.227006581282615638e+00 -2.452074081616681944e-01 2.236337551864142278e-02
1.227006581282615638e+00 -2.452074081616681944e-01 2.236337551864142278e-02
1.300247733734609001e+00 -2.422209215924813752e-01 3.027942431646501315e-02
1.300247733734609001e+00 -2.422209215924813752e-01 3.027942431646501315e-02
1.300247733734609001e+00 -2.422209215924813752e-01 3.027942431646501315e-02
1.300247733734609001e+00 -2.422209215924813752e-01 3.027942431646501315e-02
1.357428309257239452e+00 2.361151451643990762e-01 3.292529943443284202e-02
9.983338709855236193e-01 3.097212278735475555e-02 4.302571709930601285e-02
1.229173015145558878e+00 1.356871081868823714e-01 6.048906651817708563e-02
1.510881625643288650e+00 3.541795192635307510e-01 6.378528328329696392e-03
1.510881625643288650e+00 3.541795192635307510e-01 6.378528328329696392e-03
1.510881625643288650e+00 3.541795192635307510e-01 6.378528328329696392e-03
1.352450373757335900e+00 2.656242616846793414e-01 2.849034680171155451e-02
1.352450373757335900e+00 2.656242616846793414e-01 2.849034680171155451e-02
8.409040468101440791e-01 2.569089032959898655e-01 5.674203497453904343e-02
