2.489132485845457765e-01 1.481402749648903505e-01 2.230316620925351483e-03
8.658736963410929022e-01 -9.773333268190967371e-02 1.097554516647474866e-02
8.658736963410929022e-01 -9.773333268190967371e-02 1.097554516647474866e-02
8.862032213482812226e-01 -9.708227353308317154e-02 1.240258563388946765e-02
3.602294798265798237e-01 1.766536056868230897e-01 7.103780946466623468e-03
3.602294798265798237e-01 1.766536056868230897e-01 7.103780946466623468e-03
1.348191394190703940e-01 6.265852249256100848e-01 5.740289482102514662e-02
1.348191394190703940e-01 6.265852249256100848e-01 5.740289482102514662e-02
3.261102799058421819e-01 6.124263239930699543e-01 7.823648676286688863e-02
2.951492197849229226e-01 5.111174019957748227e-01 5.718665457630471571e-02
4.001729778775872104e-01 4.014723636961348707e-01 4.836303635674737977e-02
4.001729778775872104e-01 4.014723636961348707e-01 4.836303635674737977e-02
6.312447377367548240e-01 6.018572313971797261e-01 7.068113842622757159e-02
7.286201133125682627e-01 8.352733229134918780e-01 1.174898259608973643e-02
7.286201133125682627e-01 8.352733229134918780e-01 1.174898259608973643e-02
8.835673903299167131e-01 4.517300721117966100e-01 6.841869015970104828e-02
8.835673903299167131e-01 4.517300721117966100e-01 6.841869015970104828e-02
8.835673903299167131e-01 4.517300721117966100e-01 6.841869015970104828e-02
8.835673903299167131e-01 4.517300721117966100e-01 6.841869015970104828e-02
8.835673903299167131e-01 4.517300721117966100e-01 6.841869015970104828e-02
7.302774372419702509e-01 4.574249043158367667e-01 8.277139860102886160e-02
3.055431804263843976e-01 5.660684820948479468e-01 6.976553666165373480e-02
-4.724934386133400332e-02 9.972849273100512502e-01 6.261363389154932235e-02
2.362795982922027971e-01 8.777579574160496723e-01 5.992137954729349208e-02
1.081219422434432920e-01 8.868947019409897381e-01 6.920148303837740655e-02
5.951096534983355557e-01 3.923806418068515600e-01 7.449706559325794397e-02
5.951096534983355557e-01 3.923806418068515600e-01 7.449706559325794397e-02
5.951096534983355557e-01 3.923806418068515600e-01 7.449706559325794397e-02
7.407663103408795857e-01 -2.284413708620731120e-01 9.349442786851278704e-04
7.407663103408795857e-01 -2.284413708620731120e-01 9.349442786851278704e-04
3.394368064525296047e-01 1.395479060425150464e-01 4.077143959183440226e-03
3.394368064525296047e-01 1.395479060425150464e-01 4.077143959183440226e-03
1.973044674836804679e-01 2.003438731261174832e-01 2.810589943444204760e-03
1.973044674836804679e-01 2.003438731261174832e-01 2.810589943444204760e-03
1.268890162738308680e-01 5.642791318686629642e-01 4.291431521114294489e-02
2.325256931588158271e-01 6.113972884660575646e-01 6.823730138160731540e-02
3.769149920697896783e-01 8.751544032299262144e-01 4.268626515345000372e-02
-2.297538649462158022e-01 1.150578910141709876e+00 5.069293263601934441e-02
1.322232824920516747e-01 8.965978868178661187e-01 6.620308268145548569e-02
1.322232824920516747e-01 8.965978868178661187e-01 6.620308268145548569e-02
1.322232824920516747e-01 8.965978868178661187e-01 6.620308268145548569e-02
1.322232824920516747e-01 8.965978868178661187e-01 6.620308268145548569e-02
-3.264054714777675503e-02 9.318441821157302796e-01 6.896000900333500161e-02
3.703326888331069378e-01 5.544455137164088221e-01 7.549424747727112583e-02
3.703326888331069378e-01 5.544455137164088221e-01 7.549424747727112583e-02
3.703326888331069378e-01 5.544455137164088221e-01 7.549424747727112583e-02
3.703326888331069378e-01 5.544455137164088221e-01 7.549424747727112583e-02
5.018878945356731736e-01 8.859596153882329794e-01 2.479651359835266522e-02
5.018878945356731736e-01 8.859596153882329794e-01 2.479651359835266522e-02
-6.255515434742298098e-02 7.007447057377100830e-01 4.295022890251928155e-02
4.015285860145902941e-01 6.219765479704925104e-01 8.213931963452492102e-02
4.015285860145902941e-01 6.219765479704925104e-01 8.213931963452492102e-02
5.415375710274775711e-01 2.295015429822234720e-01 3.040690330954404219e-02
5.415375710274775711e-01 2.295015429822234720e-01 3.040690330954404219e-02
4.042912764893931143e-01 3.697222031395334674e-01 4.160516776411209844e-02
5.656106365609807618e-01 3.547283126431751699e-01 6.290243287391755755e-02
4.000222220497446912e-01 5.297604956455620462e-01 7.507678866684404373e-02
4.000222220497446912e-01 5.297604956455620462e-01 7.507678866684404373e-02
4.324607942533819638e-01 7.509407066316009516e-01 6.393021234218038140e-02
6.156113856135143614e-01 3.921761841340716814e-01 7.669373993498378173e-02
6.156113856135143614e-01 3.921761841340716814e-01 7.669373993498378173e-02
7.975744410120867434e-01 7.413376873010713020e-02 3.140348594653095959e-02
7.071535064098811718e-01 4.088517290689310801e-01 8.425820144689362412e-02
7.071535064098811718e-01 4.088517290689310801e-01 8.425820144689362412e-02
6.664172629800865222e-01 1.477101869003015766e-01 2.983291304125534199e-02
6.664172629800865222e-01 1.477101869003015766e-01 2.983291304125534199e-02
3.859493122468099502e-01 4.420524215947404523e-01 5.562785648288246648e-02
3.859493122468099502e-01 4.420524215947404523e-01 5.562785648288246648e-02
6.890331737503232468e-01 3.903438480398255250e-01 8.237963311195414806e-02
6.890331737503232468e-01 3.903438480398255250e-01 8.237963311195414806e-02
-6.725564605455058853e-02 1.063916942010029842e+00 5.320245678292882113e-02
-6.725564605455058853e-02 1.063916942010029842e+00 5.320245678292882113e-02
-1.181399307307187951e-01 1.134783813778697192e+00 4.448707652353293268e-02
-1.181399307307187951e-01 1.134783813778697192e+00 4.448707652353293268e-02
-1.181399307307187951e-01 1.134783813778697192e+00 4.448707652353293268e-02
-2.280792229172463881e-01 1.101108815198063917e+00 5.741902563318403846e-02
-2.280792229172463881e-01 1.101108815198063917e+00 5.741902563318403846e-02
-2.280792229172463881e-01 1.101108815198063917e+00 5.741902563318403846e-02
-6.124629041312310562e-01 1.384399347361631172e+00 3.812681985754017011e-02
-7.887365120894507253e-01 1.420533524778555545e+00 3.763240739113206390e-02
-5.980106199662895694e-01 1.075991679666234546e+00 3.473686928078791036e-02
-5.980106199662895694e-01 1.075991679666234546e+00 3.473686928078791036e-02
-9.270637496652076592e-01 1.228803740648460874e+00 1.983953873221339440e-02
-9.270637496652076592e-01 1.228803740648460874e+00 1.983953873221339440e-02
-9.270637496652076592e-01 1.228803740648460874e+00 1.983953873221339440e-02
-9.899697727970737660e-01 1.711972658555272364e+00 1.771806676156887500e-02
-1.246005213331550676e+00 1.820823931010257635e+00 1.605624630226017840e-02
-1.628413005258814827e+00 2.123151143649877337e+00 6.741097932224531658e-03
-1.628413005258814827e+00 2.123151143649877337e+00 6.741097932224531658e-03
-1.628413005258814827e+00 2.123151143649877337e+00 6.741097932224531658e-03
-1.628413005258814827e+00 2.123151143649877337e+00 6.741097932224531658e-03
-1.628413005258814827e+00 2.123151143649877337e+00 6.741097932224531658e-03
-1.628413005258814827e+00 2.123151143649877337e+00 6.741097932224531658e-03
-1.527145574352123170e+00 1.942258173264665988e+00 1.272455475709917232e-02
-1.527145574352123170e+00 1.942258173264665988e+00 1.272455475709917232e-02
-1.527145574352123170e+00 1.942258173264665988e+00 1.272455475709917232e-02
-1.475051520435963548e+00 1.957370738824941281e+00 1.181819234105850776e-02
-1.475051520435963548e+00 1.957370738824941281e+00 1.181819234105850776e-02
-1.475051520435963548e+00 1.957370738824941281e+00 1.181819234105850776e-02
-1.430486023392413042e+00 1.956375794229940013e+00 1.133397032227330577e-02
