2.489132485845457765e-01 1.481402749648903505e-01 1.836287069536276725e-03
2.489132485845457765e-01 1.481402749648903505e-01 1.836287069536276725e-03
2.489132485845457765e-01 1.481402749648903505e-01 1.836287069536276725e-03
2.489132485845457765e-01 1.481402749648903505e-01 1.836287069536276725e-03
4.894866908970796349e-01 1.695460383683772831e-01 1.218623992350374718e-02
4.778992460415635302e-01 1.497535909656779740e-01 9.679496311970809536e-03
4.778992460415635302e-01 1.497535909656779740e-01 9.679496311970809536e-03
4.778992460415635302e-01 1.497535909656779740e-01 9.679496311970809536e-03
4.778992460415635302e-01 1.497535909656779740e-01 9.679496311970809536e-03
3.726193613931514936e-01 7.551344103972428279e-01 3.965474971452195158e-02
3.342565964135720269e-01 9.024437109374705557e-01 2.293555833443591471e-02
3.342565964135720269e-01 9.024437109374705557e-01 2.293555833443591471e-02
3.342565964135720269e-01 9.024437109374705557e-01 2.293555833443591471e-02
3.342565964135720269e-01 9.024437109374705557e-01 2.293555833443591471e-02
1.721652310995149260e-01 9.911174727568308196e-01 2.098316972445960979e-02
-8.614115476357397938e-02 8.807479565805422794e-01 2.918718820010557380e-02
-8.614115476357397938e-02 8.807479565805422794e-01 2.918718820010557380e-02
-8.614115476357397938e-02 8.807479565805422794e-01 2.918718820010557380e-02
-8.614115476357397938e-02 8.807479565805422794e-01 2.918718820010557380e-02
-8.614115476357397938e-02 8.807479565805422794e-01 2.918718820010557380e-02
-5.642209790916112855e-01 1.004387250512815521e+00 9.459088147584998954e-03
-1.305038138522118807e-03 9.583801929722207680e-01 2.911698252821607116e-02
-1.305038138522118807e-03 9.583801929722207680e-01 2.911698252821607116e-02
-1.597994212879903786e-01 8.918281665521213819e-01 2.567528506433302757e-02
-6.096375483148591679e-01 1.043021167870924470e+00 9.145655559780299301e-03
-9.098400390476262256e-01 1.426505107197842293e+00 7.919689357823918655e-03
-5.468934908566485120e-01 1.048823273834252223e+00 1.195083654740198946e-02
-6.392480732753472727e-01 1.210694797830400793e+00 1.265948914348729443e-02
-6.392480732753472727e-01 1.210694797830400793e+00 1.265948914348729443e-02
-9.644198000933326131e-01 1.117943936379460101e+00 2.068668223657190927e-03
-4.709656198670487126e-01 1.083574680121236256e+00 1.627110233012746612e-02
-4.709656198670487126e-01 1.083574680121236256e+00 1.627110233012746612e-02
-4.838460880161772337e-01 1.219534913976404678e+00 1.605751582875134670e-02
-9.285844009705193081e-01 1.489811856986090088e+00 7.431497031343085695e-03
-5.973081743870498617e-01 1.090528745829285162e+00 1.133095335398865214e-02
-5.973081743870498617e-01 1.090528745829285162e+00 1.133095335398865214e-02
-5.973081743870498617e-01 1.090528745829285162e+00 1.133095335398865214e-02
-5.973081743870498617e-01 1.090528745829285162e+00 1.133095335398865214e-02
-5.973081743870498617e-01 1.090528745829285162e+00 1.133095335398865214e-02
-5.973081743870498617e-01 1.090528745829285162e+00 1.133095335398865214e-02
-5.973081743870498617e-01 1.090528745829285162e+00 1.133095335398865214e-02
-2.846113878923516860e-01 1.214877556029143157e+00 1.590120213428945078e-02
-3.243156458267587583e-02 1.112776866403973441e+00 1.725525439993902746e-02
-4.605528981542991729e-01 1.475744228256986146e+00 5.444944776725457562e-03
-2.389319275457706115e-01 1.255163995195274662e+00 1.238281322126838155e-02
-2.389319275457706115e-01 1.255163995195274662e+00 1.238281322126838155e-02
-2.389319275457706115e-01 1.255163995195274662e+00 1.238281322126838155e-02
-2.389319275457706115e-01 1.255163995195274662e+00 1.238281322126838155e-02
-2.389319275457706115e-01 1.255163995195274662e+00 1.238281322126838155e-02
-3.156782771489713424e-01 1.156596176550332311e+00 1.921977169430653248e-02
-2.283570628785222545e-01 1.162148347971301288e+00 1.832015378895589935e-02
-3.262049150563079980e-01 1.079411679359001397e+00 2.112579526494403823e-02
-1.315905234493817411e-01 9.300304673572681313e-01 2.773257602183506684e-02
-2.427920187123767393e-01 8.914495280838444780e-01 2.080514514881125557e-02
-4.251808360826617728e-01 1.136455529757310678e+00 1.825692271756650803e-02
-5.898480608373255496e-01 1.429101725891525287e+00 9.086765232657605107e-03
-5.898480608373255496e-01 1.429101725891525287e+00 9.086765232657605107e-03
-5.898480608373255496e-01 1.429101725891525287e+00 9.086765232657605107e-03
-1.625618956552413730e-01 1.347608540044527459e+00 5.318031719493213245e-03
-1.355197689106054093e-01 1.372191747803719108e+00 3.842475441093685593e-03
-1.355197689106054093e-01 1.372191747803719108e+00 3.842475441093685593e-03
-1.298893220095602707e-01 1.354607395500768918e+00 4.388700604857313260e-03
-1.420757117311657602e-01 1.197938743946255880e+00 1.382331335195799600e-02
-5.589477736375336736e-02 9.059611424094922150e-01 3.044362397497162032e-02
-3.311612362311145419e-01 1.126719712451332622e+00 2.016102242543276260e-02
-1.623982683354849854e-01 7.713870451596936961e-01 1.866428112960254529e-02
-3.061213168454690603e-01 1.057827815846216657e+00 2.181442812496078160e-02
-3.061213168454690603e-01 1.057827815846216657e+00 2.181442812496078160e-02
-1.745647395198420548e-01 1.104572281523791055e+00 2.126249974757792385e-02
-1.745647395198420548e-01 1.104572281523791055e+00 2.126249974757792385e-02
-1.620828064368187438e-01 1.086975468611152351e+00 2.222862018554781771e-02
-2.268353876674756853e-01 1.049806147357261077e+00 2.369977890581517407e-02
-2.268353876674756853e-01 1.049806147357261077e+00 2.369977890581517407e-02
-4.185431212951318813e-01 1.458489835345458285e+00 5.443393767183945207e-03
-1.397465767033709838e-01 1.459984614264482561e+00 1.632718746745964560e-03
-3.781648130062130742e-01 1.074367357613863261e+00 1.959153427779569689e-02
-3.781648130062130742e-01 1.074367357613863261e+00 1.959153427779569689e-02
-4.575491972229795978e-01 1.128124367631720748e+00 1.737354423469082351e-02
-4.575491972229795978e-01 1.128124367631720748e+00 1.737354423469082351e-02
-4.285669962808837941e-01 9.994663114347610566e-01 1.549653830306838183e-02
-5.390872560759959464e-01 1.027693886108947297e+00 1.147336737594172040e-02
-5.390872560759959464e-01 1.027693886108947297e+00 1.147336737594172040e-02
9.530773407928416763e-02 8.146848078058052112e-01 3.632256230430348787e-02
3.750035253072123154e-01 9.759399798784453850e-01 1.249832826578559791e-02
5.832746167786648783e-01 8.920910887101730635e-01 1.010785932378202925e-02
4.666698026043532566e-01 9.617174626738188570e-01 9.544866485954020888e-03
3.944466383333106729e-01 5.530274696270935930e-01 4.785773216747814945e-02
2.217942437928212551e-01 4.907012696063756674e-01 2.483387402570063837e-02
5.764253559312575437e-01 5.745563156192011744e-01 5.284716621678643006e-02
7.488133840362704019e-01 4.168648273628034473e-01 6.305033896732713250e-02
3.653647475695955826e-01 7.809674226272188546e-01 3.688867483486110710e-02
1.158611240451765667e-01 9.023938896775866025e-01 3.192531233085878911e-02
3.445996621991611053e-01 5.968874659217939804e-01 4.630421968939029548e-02
3.445996621991611053e-01 5.968874659217939804e-01 4.630421968939029548e-02
3.178397730637212981e-01 8.282201717837296417e-01 3.323583889616479187e-02
3.178397730637212981e-01 8.282201717837296417e-01 3.323583889616479187e-02
4.746582228941456094e-01 9.312130277925712019e-01 1.183343847554404332e-02
7.677984863826508022e-01 8.237050760885149536e-01 7.395324577996866509e-03
7.677984863826508022e-01 8.237050760885149536e-01 7.395324577996866509e-03
1.097717349000084885e+00 6.332433670851367324e-01 7.230581718227603073e-03
