2.489132485845457765e-01 1.481402749648903505e-01 4.701237264358323897e-03
2.489132485845457765e-01 1.481402749648903505e-01 4.701237264358323897e-03
4.129335437974156475e-01 9.327988915562893113e-02 6.539015308444313078e-03
4.129335437974156475e-01 9.327988915562893113e-02 6.539015308444313078e-03
3.401070439847657112e-01 3.679252449361209987e-01 1.159175610060290545e-01
3.401070439847657112e-01 3.679252449361209987e-01 1.159175610060290545e-01
3.401070439847657112e-01 3.679252449361209987e-01 1.159175610060290545e-01
7.520691908868438746e-01 5.779170393138536310e-01 1.277865574967806672e-01
7.520691908868438746e-01 5.779170393138536310e-01 1.277865574967806672e-01
7.656036512423900486e-01 4.357618744855596971e-01 2.151616121166244067e-01
8.322510589878089338e-01 3.854290237570848210e-01 2.078230666828559392e-01
6.972599932318768179e-01 3.002785294781408765e-01 1.801018498696261294e-01
6.972599932318768179e-01 3.002785294781408765e-01 1.801018498696261294e-01
6.200680229538273469e-01 3.747432058525417276e-01 2.176086102417053858e-01
6.612911789431381582e-01 5.018288949287328382e-01 2.244445576424388966e-01
1.002639962702598586e+00 3.097863880684057492e-01 1.724879054893858621e-01
7.446271579051707556e-01 4.164521597440239975e-01 2.254469084438232851e-01
7.446271579051707556e-01 4.164521597440239975e-01 2.254469084438232851e-01
7.446271579051707556e-01 4.164521597440239975e-01 2.254469084438232851e-01
7.446271579051707556e-01 4.164521597440239975e-01 2.254469084438232851e-01
7.446271579051707556e-01 4.164521597440239975e-01 2.254469084438232851e-01
7.446271579051707556e-01 4.164521597440239975e-01 2.254469084438232851e-01
7.446271579051707556e-01 4.164521597440239975e-01 2.254469084438232851e-01
5.088674623040264633e-01 3.693620456569310928e-01 1.836148400259757785e-01
5.088674623040264633e-01 3.693620456569310928e-01 1.836148400259757785e-01
8.909557242763382900e-01 3.403165968755945681e-01 1.981013413217587726e-01
8.909557242763382900e-01 3.403165968755945681e-01 1.981013413217587726e-01
8.790949942701251629e-01 3.674548862615831801e-01 1.979203525435533073e-01
8.790949942701251629e-01 3.674548862615831801e-01 1.979203525435533073e-01
8.790949942701251629e-01 3.674548862615831801e-01 1.979203525435533073e-01
8.790949942701251629e-01 3.674548862615831801e-01 1.979203525435533073e-01
8.790949942701251629e-01 3.674548862615831801e-01 1.979203525435533073e-01
8.790949942701251629e-01 3.674548862615831801e-01 1.979203525435533073e-01
8.790949942701251629e-01 3.674548862615831801e-01 1.979203525435533073e-01
8.790949942701251629e-01 3.674548862615831801e-01 1.979203525435533073e-01
9.772447921819802374e-01 2.021353737470258372e-01 1.553985672732610679e-01
9.772447921819802374e-01 2.021353737470258372e-01 1.553985672732610679e-01
9.772447921819802374e-01 2.021353737470258372e-01 1.553985672732610679e-01
9.772447921819802374e-01 2.021353737470258372e-01 1.553985672732610679e-01
9.043678574667205483e-01 2.339604950750376888e-01 1.676549825968721985e-01
8.709645543083485153e-01 3.048294993937560315e-01 1.971923202220230709e-01
8.709645543083485153e-01 3.048294993937560315e-01 1.971923202220230709e-01
8.709645543083485153e-01 3.048294993937560315e-01 1.971923202220230709e-01
8.709645543083485153e-01 3.048294993937560315e-01 1.971923202220230709e-01
8.805949134332977657e-01 4.484849646424729497e-01 1.623314382650830057e-01
6.045110376738899172e-01 7.129428133799929901e-01 8.548000471335299999e-02
6.045110376738899172e-01 7.129428133799929901e-01 8.548000471335299999e-02
6.045110376738899172e-01 7.129428133799929901e-01 8.548000471335299999e-02
2.238531772896334426e-01 7.085453792172231591e-01 2.481153306762875210e-01
4.530731451970246848e-01 5.560612204852724005e-01 2.620174084367108969e-01
4.530731451970246848e-01 5.560612204852724005e-01 2.620174084367108969e-01
5.368526465305220041e-01 3.870348048507188943e-01 2.075677536723272432e-01
4.377259778030977433e-01 5.964136029231317249e-01 2.519663950708754818e-01
4.377259778030977433e-01 5.964136029231317249e-01 2.519663950708754818e-01
4.377259778030977433e-01 5.964136029231317249e-01 2.519663950708754818e-01
7.608775541942811582e-01 5.603624248320110413e-01 1.376877846131995264e-01
5.985368268599539077e-01 5.027339642531188924e-01 2.439905036692203155e-01
5.985368268599539077e-01 5.027339642531188924e-01 2.439905036692203155e-01
5.985368268599539077e-01 5.027339642531188924e-01 2.439905036692203155e-01
5.985368268599539077e-01 5.027339642531188924e-01 2.439905036692203155e-01
5.985368268599539077e-01 5.027339642531188924e-01 2.439905036692203155e-01
7.952081299360210798e-01 5.017972524977536430e-01 1.661599189700303514e-01
7.952081299360210798e-01 5.017972524977536430e-01 1.661599189700303514e-01
7.952081299360210798e-01 5.017972524977536430e-01 1.661599189700303514e-01
8.657465669776875927e-01 3.978718277904836897e-01 1.938629395040344650e-01
6.612639449075312648e-01 4.051245903024326966e-01 2.351330542640475696e-01
4.422910094429435279e-01 6.011332023389599488e-01 2.482731575500566057e-01
5.709607437324657475e-01 5.700686485299206741e-01 2.200283176375545935e-01
5.709607437324657475e-01 5.700686485299206741e-01 2.200283176375545935e-01
5.964487504644639948e-01 4.835967619115543181e-01 2.484213000938195193e-01
4.609152245307380769e-01 6.396645546189678733e-01 2.150948129551558674e-01
5.579168656672360838e-01 4.300793030286410024e-01 2.399018705247788485e-01
5.579168656672360838e-01 4.300793030286410024e-01 2.399018705247788485e-01
5.579168656672360838e-01 4.300793030286410024e-01 2.399018705247788485e-01
5.579168656672360838e-01 4.300793030286410024e-01 2.399018705247788485e-01
5.579168656672360838e-01 4.300793030286410024e-01 2.399018705247788485e-01
5.579168656672360838e-01 4.300793030286410024e-01 2.399018705247788485e-01
2.940593456418943430e-01 6.775184158860992900e-01 2.484187084668240952e-01
2.940593456418943430e-01 6.775184158860992900e-01 2.484187084668240952e-01
2.726245079238123759e-01 6.832033840009945624e-01 2.507447876477285620e-01
2.726245079238123759e-01 6.832033840009945624e-01 2.507447876477285620e-01
8.245630308522725049e-02 9.157438616219092387e-01 1.206111078616915605e-01
8.245630308522725049e-02 9.157438616219092387e-01 1.206111078616915605e-01
8.245630308522725049e-02 9.157438616219092387e-01 1.206111078616915605e-01
8.245630308522725049e-02 9.157438616219092387e-01 1.206111078616915605e-01
4.657417974638710517e-02 5.984250481392653365e-01 1.952015878445074182e-01
-3.391366660295839774e-01 9.473862321035186884e-01 1.833360901995358672e-01
-3.455550396812296365e-01 7.858361149703947390e-01 1.485976952180274313e-01
-1.465225199303166193e-02 8.951062327610714853e-01 1.728120641083295272e-01
3.463394456328819926e-01 7.041266223257003354e-01 2.098454171902264520e-01
5.488387584100137273e-01 9.575255541974763140e-01 5.751061150185610496e-03
5.488387584100137273e-01 9.575255541974763140e-01 5.751061150185610496e-03
7.730997731793831651e-01 6.055163297444274839e-01 9.699361859112644313e-02
7.730997731793831651e-01 6.055163297444274839e-01 9.699361859112644313e-02
7.730997731793831651e-01 6.055163297444274839e-01 9.699361859112644313e-02
7.730997731793831651e-01 6.055163297444274839e-01 9.699361859112644313e-02
6.532412635621593910e-01 2.782750068948276478e-01 1.498983886274801169e-01
6.532412635621593910e-01 2.782750068948276478e-01 1.498983886274801169e-01
7.716140931731604313e-01 1.384573209997936316e-01 7.409775996622357253e-02
7.716140931731604313e-01 1.384573209997936316e-01 7.409775996622357253e-02
