2.489132485845457765e-01 1.481402749648903505e-01 2.210611641444167226e-03
2.489132485845457765e-01 1.481402749648903505e-01 2.210611641444167226e-03
4.090315930492025576e-01 -1.398085999593645656e-02 9.962863933393941319e-04
6.532748438698311455e-01 4.623943859011855340e-01 8.797338552075026352e-02
8.739860691250860292e-01 4.887054458052207395e-01 6.685859891496676033e-02
8.739860691250860292e-01 4.887054458052207395e-01 6.685859891496676033e-02
5.834889703666660266e-01 5.059825687903272140e-01 8.722297637498045708e-02
5.834889703666660266e-01 5.059825687903272140e-01 8.722297637498045708e-02
5.834889703666660266e-01 5.059825687903272140e-01 8.722297637498045708e-02
5.834889703666660266e-01 5.059825687903272140e-01 8.722297637498045708e-02
5.834889703666660266e-01 5.059825687903272140e-01 8.722297637498045708e-02
5.834889703666660266e-01 5.059825687903272140e-01 8.722297637498045708e-02
5.839714699133877751e-01 6.928716120443869642e-01 5.979946453250333666e-02
4.780848183527341977e-02 8.357657984040337551e-01 7.331037222470226933e-02
4.780848183527341977e-02 8.357657984040337551e-01 7.331037222470226933e-02
2.820261509349436535e-01 9.552651077843269389e-01 3.803744057678318941e-02
2.820261509349436535e-01 9.552651077843269389e-01 3.803744057678318941e-02
2.820261509349436535e-01 9.552651077843269389e-01 3.803744057678318941e-02
-2.219510695024204949e-01 7.000111103504060850e-01 2.205302802869666887e-02
-3.628601221350473693e-01 8.401119161653006762e-01 2.772343655493424847e-02
-3.628601221350473693e-01 8.401119161653006762e-01 2.772343655493424847e-02
-8.957846123060995147e-01 1.183296198131000176e+00 1.809287435062911439e-02
-1.307230795212365848e+00 1.489642865390063964e+00 1.378599022339292365e-02
-1.170218302350115591e+00 1.555222820820973739e+00 2.398256682340779711e-02
-9.170510163058249731e-01 1.646383384774380287e+00 2.005841455607208779e-02
-8.597380190024285218e-01 1.604504482097032003e+00 2.205619750384699498e-02
-8.597380190024285218e-01 1.604504482097032003e+00 2.205619750384699498e-02
-8.597380190024285218e-01 1.604504482097032003e+00 2.205619750384699498e-02
-8.597380190024285218e-01 1.604504482097032003e+00 2.205619750384699498e-02
-5.175332902584760530e-01 1.109003149781395026e+00 4.632264180653805630e-02
-5.175332902584760530e-01 1.109003149781395026e+00 4.632264180653805630e-02
-6.302223505700799144e-01 1.053860637192638894e+00 2.822749042339696771e-02
-3.822529023264378267e-01 1.168427986293265386e+00 5.308256471135431448e-02
-3.822529023264378267e-01 1.168427986293265386e+00 5.308256471135431448e-02
-5.181334642265558177e-01 1.232162194148523460e+00 4.856092622042414847e-02
-5.181334642265558177e-01 1.232162194148523460e+00 4.856092622042414847e-02
-5.459438970397272328e-01 1.471604366505014028e+00 2.195203817188493348e-02
-3.308054143379602907e-01 1.357311980841334531e+00 2.342415002024512971e-02
-3.308054143379602907e-01 1.357311980841334531e+00 2.342415002024512971e-02
-3.308054143379602907e-01 1.357311980841334531e+00 2.342415002024512971e-02
-6.724295875762662522e-01 1.149892607931166877e+00 3.525340195747055788e-02
-6.724295875762662522e-01 1.149892607931166877e+00 3.525340195747055788e-02
-7.800419803547573583e-01 1.292083229275545087e+00 3.714418355416786166e-02
-7.800419803547573583e-01 1.292083229275545087e+00 3.714418355416786166e-02
-7.800419803547573583e-01 1.292083229275545087e+00 3.714418355416786166e-02
-3.943050341235257439e-01 1.235719060394676161e+00 4.638033853866400935e-02
-3.943050341235257439e-01 1.235719060394676161e+00 4.638033853866400935e-02
-3.943050341235257439e-01 1.235719060394676161e+00 4.638033853866400935e-02
-3.943050341235257439e-01 1.235719060394676161e+00 4.638033853866400935e-02
-3.943050341235257439e-01 1.235719060394676161e+00 4.638033853866400935e-02
-5.372720160824198121e-01 1.202106924947871081e+00 4.878481215939829002e-02
8.455355398603092709e-03 6.403764537523042311e-01 4.121255474729174778e-02
-2.138845889213325524e-01 1.226030544123742017e+00 3.566400837091827231e-02
-2.138845889213325524e-01 1.226030544123742017e+00 3.566400837091827231e-02
-2.138845889213325524e-01 1.226030544123742017e+00 3.566400837091827231e-02
-2.138845889213325524e-01 1.226030544123742017e+00 3.566400837091827231e-02
-2.043924023324236450e-01 1.159713835593853437e+00 4.670060219125637957e-02
-5.389780048799606149e-01 1.232106508720371973e+00 4.819140187600256392e-02
-5.389780048799606149e-01 1.232106508720371973e+00 4.819140187600256392e-02
-3.759091935743457125e-01 8.965644204393007355e-01 3.511093492083016548e-02
-6.833299746966781107e-02 1.195361695443085459e+00 2.793021685171189969e-02
1.372963587544370201e-01 1.015083423125986428e+00 4.220220508795417130e-02
-1.665530617024374438e-01 8.019909446859878610e-01 4.706591705597459180e-02
1.718023061611952396e-01 7.145234257304895475e-01 7.563153503142337752e-02
5.208968714453162674e-01 8.343176192793764212e-01 3.453883324166272251e-02
5.208968714453162674e-01 8.343176192793764212e-01 3.453883324166272251e-02
6.051478182221982083e-01 8.765901712033448145e-01 1.736316035046507958e-02
6.051478182221982083e-01 8.765901712033448145e-01 1.736316035046507958e-02
6.051478182221982083e-01 8.765901712033448145e-01 1.736316035046507958e-02
6.051478182221982083e-01 8.765901712033448145e-01 1.736316035046507958e-02
6.051478182221982083e-01 8.765901712033448145e-01 1.736316035046507958e-02
7.981320593828354903e-01 5.720394336519445400e-01 5.796484197349598133e-02
6.785984219284760810e-01 5.634437974666197668e-01 7.650324032667495111e-02
6.785984219284760810e-01 5.634437974666197668e-01 7.650324032667495111e-02
6.191706920969244354e-01 8.141581484121895862e-01 2.659634885320337136e-02
6.390633692025592394e-01 6.245635511861549194e-01 6.843516427708369598e-02
6.390633692025592394e-01 6.245635511861549194e-01 6.843516427708369598e-02
6.390633692025592394e-01 6.245635511861549194e-01 6.843516427708369598e-02
5.728685623303593211e-01 2.270799041922966777e-01 3.438965788936508561e-02
5.728685623303593211e-01 2.270799041922966777e-01 3.438965788936508561e-02
5.728685623303593211e-01 2.270799041922966777e-01 3.438965788936508561e-02
1.033001550831925019e+00 3.045261177053773527e-02 5.536156273952193285e-02
1.189534494942660947e+00 3.402340426132097750e-01 5.290284499455542161e-02
1.226668252436445616e+00 2.862010251659787841e-01 5.973124039346184438e-02
1.226668252436445616e+00 2.862010251659787841e-01 5.973124039346184438e-02
1.226668252436445616e+00 2.862010251659787841e-01 5.973124039346184438e-02
1.147409499347894490e+00 1.343396602386927041e-01 8.455600112425717962e-02
1.315713319352519006e+00 4.916059981811758961e-01 9.966173395972473606e-03
1.591889077933528629e+00 1.464763917905401169e-01 3.417144207289404823e-02
1.442464742127691935e+00 1.307523545770696849e-01 6.004614783441952763e-02
1.554365182069593398e+00 7.059092625171693725e-02 5.531247839691178642e-02
1.410189329962133087e+00 -7.308448158638176928e-02 7.399482312467343947e-02
1.410189329962133087e+00 -7.308448158638176928e-02 7.399482312467343947e-02
1.240172482674690269e+00 -1.315305813436989102e-01 4.473919937613418663e-02
1.165399837498073854e+00 -9.639770189018950775e-02 4.301836576659161943e-02
1.165399837498073854e+00 -9.639770189018950775e-02 4.301836576659161943e-02
7.371143094388715733e-01 1.818544865028975110e-01 4.840953818896476246e-02
7.371143094388715733e-01 1.818544865028975110e-01 4.840953818896476246e-02
1.541913348339201573e+00 -1.377904511008381239e-01 7.144749466389854753e-02
1.356372480731496966e+00 -4.439823353193583788e-01 6.349145022446079333e-03
