2.489132485845457765e-01 1.481402749648903505e-01 2.658632784070716088e-03
2.489132485845457765e-01 1.481402749648903505e-01 2.658632784070716088e-03
2.489132485845457765e-01 1.481402749648903505e-01 2.658632784070716088e-03
6.525273076676584294e-01 3.814990266996811652e-01 1.111108249770416945e-01
6.525273076676584294e-01 3.814990266996811652e-01 1.111108249770416945e-01
5.666567163023992215e-01 5.430589737901720948e-01 1.273394240526481425e-01
5.666567163023992215e-01 5.430589737901720948e-01 1.273394240526481425e-01
5.666567163023992215e-01 5.430589737901720948e-01 1.273394240526481425e-01
4.074424325956144677e-01 7.074647483861569164e-01 1.205502320324812887e-01
3.122411724888213280e-01 6.565037259247563650e-01 1.321039355418875683e-01
6.623462122313471534e-01 4.893080255390637179e-01 1.238559141540755276e-01
6.623462122313471534e-01 4.893080255390637179e-01 1.238559141540755276e-01
5.648119347186397743e-01 3.618742200848535928e-01 9.049052204443308600e-02
-8.116675389999561396e-02 9.092120165206963867e-01 1.293415956835029523e-01
-8.116675389999561396e-02 9.092120165206963867e-01 1.293415956835029523e-01
-1.565627569738477498e-01 8.372802533671215297e-01 1.078193175118391245e-01
-3.086691216262618109e-01 1.134618061274148104e+00 1.094096468690626267e-01
-5.552018871175650183e-01 8.714469565305538179e-01 3.217747437698270652e-02
-5.904322557960992590e-01 1.220901958945769028e+00 1.061375983144989543e-01
-5.904322557960992590e-01 1.220901958945769028e+00 1.061375983144989543e-01
-6.363862295325748430e-01 1.379455907053677155e+00 8.041297648970748002e-02
-7.433874436298546495e-01 1.360985915199030671e+00 9.222620667203328126e-02
-7.433874436298546495e-01 1.360985915199030671e+00 9.222620667203328126e-02
-2.937035510408624872e-01 1.142791253059182388e+00 1.055483601794013349e-01
-1.911944783100308909e-01 1.088562993366626319e+00 1.073140448554798093e-01
1.472628263538879323e-01 7.364653003376256946e-01 1.307130403729616364e-01
1.472628263538879323e-01 7.364653003376256946e-01 1.307130403729616364e-01
1.472628263538879323e-01 7.364653003376256946e-01 1.307130403729616364e-01
1.328669354249291390e-01 7.721625260754547693e-01 1.328134918669636733e-01
1.328669354249291390e-01 7.721625260754547693e-01 1.328134918669636733e-01
1.328669354249291390e-01 7.721625260754547693e-01 1.328134918669636733e-01
1.328669354249291390e-01 7.721625260754547693e-01 1.328134918669636733e-01
1.328669354249291390e-01 7.721625260754547693e-01 1.328134918669636733e-01
1.328669354249291390e-01 7.721625260754547693e-01 1.328134918669636733e-01
1.328669354249291390e-01 7.721625260754547693e-01 1.328134918669636733e-01
5.509515137675841112e-01 6.284990040673514855e-01 1.160691414759962153e-01
5.509515137675841112e-01 6.284990040673514855e-01 1.160691414759962153e-01
5.509515137675841112e-01 6.284990040673514855e-01 1.160691414759962153e-01
5.509515137675841112e-01 6.284990040673514855e-01 1.160691414759962153e-01
3.450813560349239029e-01 2.387101064203765444e-01 1.545238458603553737e-02
3.450813560349239029e-01 2.387101064203765444e-01 1.545238458603553737e-02
3.450813560349239029e-01 2.387101064203765444e-01 1.545238458603553737e-02
4.423365757037328594e-01 2.798729550705572056e-01 3.705728230151708602e-02
1.307204978236703452e-02 4.104422399432194890e-01 1.202238658598835629e-02
2.778236230975683618e-01 5.817371170266354419e-01 1.127606682043932190e-01
3.090996606959917070e-01 5.737141326225518867e-01 1.157683781091488479e-01
3.090996606959917070e-01 5.737141326225518867e-01 1.157683781091488479e-01
3.090996606959917070e-01 5.737141326225518867e-01 1.157683781091488479e-01
3.877622097719566341e-01 7.466102359153836687e-01 1.131126845148320986e-01
3.877622097719566341e-01 7.466102359153836687e-01 1.131126845148320986e-01
6.013213656429881038e-01 6.581937234806221060e-01 9.642974819254816754e-02
6.013213656429881038e-01 6.581937234806221060e-01 9.642974819254816754e-02
9.433798534044943729e-01 1.533124267593166667e-01 8.272873432983210429e-02
9.433798534044943729e-01 1.533124267593166667e-01 8.272873432983210429e-02
9.433798534044943729e-01 1.533124267593166667e-01 8.272873432983210429e-02
9.433798534044943729e-01 1.533124267593166667e-01 8.272873432983210429e-02
1.021585063746544453e+00 1.086241331878356198e-01 7.968074573862601873e-02
1.081906294054693740e+00 3.791994884825795609e-01 7.719284458361722057e-02
1.081906294054693740e+00 3.791994884825795609e-01 7.719284458361722057e-02
8.989499756702408195e-01 2.043816423305431229e-01 9.220102316852889224e-02
8.989499756702408195e-01 2.043816423305431229e-01 9.220102316852889224e-02
5.356640135009187453e-01 4.146963508681851263e-01 1.038311343005414444e-01
5.356640135009187453e-01 4.146963508681851263e-01 1.038311343005414444e-01
4.575014158702165878e-01 5.736983245786148045e-01 1.299835666560921477e-01
3.652111473528351637e-01 5.309037479526643732e-01 1.121638353199036209e-01
3.652111473528351637e-01 5.309037479526643732e-01 1.121638353199036209e-01
8.099786417345884448e-01 2.335438432966004396e-01 8.865055966098410456e-02
1.168135738663503620e+00 3.312287716071578569e-01 7.234413541829466665e-02
1.399836960867141711e+00 3.617695454262090382e-01 2.316418576274592231e-02
1.399836960867141711e+00 3.617695454262090382e-01 2.316418576274592231e-02
1.399836960867141711e+00 3.617695454262090382e-01 2.316418576274592231e-02
1.399836960867141711e+00 3.617695454262090382e-01 2.316418576274592231e-02
1.399836960867141711e+00 3.617695454262090382e-01 2.316418576274592231e-02
1.399836960867141711e+00 3.617695454262090382e-01 2.316418576274592231e-02
9.442803867196750689e-01 7.599045730535525234e-01 9.186484787809772248e-03
7.977789832203364684e-01 6.044031913266925127e-01 6.889041532068988782e-02
4.596029715597421683e-01 3.416905026570786763e-01 6.096608538707731090e-02
-9.182743156365436032e-02 6.422110381774143173e-01 5.202062572864253609e-02
-1.669360639888043396e-01 6.583146291391388516e-01 4.201905502228533984e-02
-3.373173315064028621e-01 1.266645539367618145e+00 7.123454931376663191e-02
-3.648442934176491237e-01 9.313048094015059508e-01 9.200507336420064852e-02
-4.861480350446945042e-01 1.187705517173102354e+00 1.101060952607711974e-01
-5.044293740025761474e-01 1.034307010449918796e+00 9.249840555582672375e-02
-5.044293740025761474e-01 1.034307010449918796e+00 9.249840555582672375e-02
-5.044293740025761474e-01 1.034307010449918796e+00 9.249840555582672375e-02
-7.467077328234525968e-01 1.052836725053353684e+00 4.596080215111020967e-02
-7.467077328234525968e-01 1.052836725053353684e+00 4.596080215111020967e-02
-5.607236307679495102e-01 1.181452131951650442e+00 1.079886010104655208e-01
-5.607236307679495102e-01 1.181452131951650442e+00 1.079886010104655208e-01
-8.212511935416698661e-01 1.163816382294108998e+00 6.185200769510630636e-02
-3.664124571593564972e-01 1.288909606476532410e+00 6.858249693994696028e-02
-6.614104354709549050e-01 1.098916815308858652e+00 7.731289649758879556e-02
-3.560203302388602609e-01 6.265286081918002292e-01 1.082060415657531104e-02
-3.560203302388602609e-01 6.265286081918002292e-01 1.082060415657531104e-02
-6.560664135757989790e-01 1.026697968498657687e+00 5.679877003192972812e-02
-5.353490527444103586e-01 1.311876635065895247e+00 8.752227431031692206e-02
-6.731334930750718648e-01 1.195433770224168413e+00 9.673814831055464747e-02
-3.845685983813087461e-01 8.719604027426162141e-01 6.691074176866997070e-02
-3.439709077120958192e-01 9.411695574408356357e-01 9.967454755593273263e-02
-1.342314531731433058e-01 9.965407310369157612e-01 1.230182589759260259e-01
