2.489132485845457765e-01 1.481402749648903505e-01 2.198698130001357567e-03
2.489132485845457765e-01 1.481402749648903505e-01 2.198698130001357567e-03
2.489132485845457765e-01 1.481402749648903505e-01 2.198698130001357567e-03
2.489132485845457765e-01 1.481402749648903505e-01 2.198698130001357567e-03
2.489132485845457765e-01 1.481402749648903505e-01 2.198698130001357567e-03
1.639441990492082613e-01 4.828278202052265766e-01 3.121651783750275383e-02
1.639441990492082613e-01 4.828278202052265766e-01 3.121651783750275383e-02
4.644851808299207963e-01 7.546780153981749173e-01 6.147211779950546157e-02
4.644851808299207963e-01 7.546780153981749173e-01 6.147211779950546157e-02
1.753674865984474751e-01 6.088491734879498685e-01 6.002420415495889061e-02
1.753674865984474751e-01 6.088491734879498685e-01 6.002420415495889061e-02
1.753674865984474751e-01 6.088491734879498685e-01 6.002420415495889061e-02
3.876271978826306697e-01 6.688257270340582927e-01 8.230550175410926428e-02
5.087377845966611911e-01 2.701461807316027364e-01 3.462214758893424060e-02
6.191082748693003124e-01 4.165140068360467795e-01 8.286573848028504219e-02
8.655636324666433623e-01 3.117235468661698206e-01 8.827796259052675398e-02
9.938382021889768936e-01 2.433989166440157503e-01 8.791930940920693327e-02
1.084941924224477550e+00 1.373155204899116077e-01 8.308331424350288985e-02
1.341041882701440535e+00 -1.265868880872819957e-01 5.894566875646180260e-02
1.341041882701440535e+00 -1.265868880872819957e-01 5.894566875646180260e-02
1.622580473310974769e+00 -1.008693400951911207e-01 7.186048612343426401e-02
1.622580473310974769e+00 -1.008693400951911207e-01 7.186048612343426401e-02
1.152416050214865262e+00 -2.276270204497659044e-01 1.604258803078778897e-02
9.219875017823082608e-01 -1.535515349122169582e-01 8.765234896351168856e-03
1.189903568697162850e+00 -8.662268679778888092e-02 4.872756224079661386e-02
1.189903568697162850e+00 -8.662268679778888092e-02 4.872756224079661386e-02
1.189903568697162850e+00 -8.662268679778888092e-02 4.872756224079661386e-02
1.046978420849366875e+00 -1.768183248852335521e-01 1.444547860590103365e-02
1.381366088310782558e+00 -8.218606106193072913e-02 7.174076312453030180e-02
1.341240464959722933e+00 -1.211765951337861330e-01 6.017736214306566855e-02
1.341240464959722933e+00 -1.211765951337861330e-01 6.017736214306566855e-02
1.341240464959722933e+00 -1.211765951337861330e-01 6.017736214306566855e-02
1.531940267527477806e+00 -2.264506150347539437e-01 5.826149845355432788e-02
1.696190906230560236e+00 -3.635007112561220999e-01 4.670421980452468119e-02
1.696190906230560236e+00 -3.635007112561220999e-01 4.670421980452468119e-02
1.401020292968986336e+00 6.278542588194496732e-02 7.724455852779398002e-02
1.414492132924693335e+00 7.735861837923778406e-02 7.428152227804658836e-02
1.414492132924693335e+00 7.735861837923778406e-02 7.428152227804658836e-02
9.678010506968189874e-01 1.844148884048583126e-01 8.082550124931354996e-02
9.678010506968189874e-01 1.844148884048583126e-01 8.082550124931354996e-02
1.104895602784394804e+00 3.459087835681179390e-01 6.600214838876430901e-02
1.104895602784394804e+00 3.459087835681179390e-01 6.600214838876430901e-02
8.485835942121906506e-01 4.063539566029727435e-01 8.550315099646602079e-02
1.008765981397343747e+00 -5.010261413120076224e-02 3.252399565897700490e-02
1.031908406672403355e+00 -9.277364351195618863e-02 2.658996732030355706e-02
1.269409921825721543e+00 3.447526098227848834e-01 4.007927739967098724e-02
1.269409921825721543e+00 3.447526098227848834e-01 4.007927739967098724e-02
1.269409921825721543e+00 3.447526098227848834e-01 4.007927739967098724e-02
1.269409921825721543e+00 3.447526098227848834e-01 4.007927739967098724e-02
1.269409921825721543e+00 3.447526098227848834e-01 4.007927739967098724e-02
8.898894593092541161e-01 4.787077985927556956e-01 6.745653549765731616e-02
8.898894593092541161e-01 4.787077985927556956e-01 6.745653549765731616e-02
1.195301327785104561e+00 2.682013629471333704e-01 6.958321483852669687e-02
7.332215580227626761e-01 2.729980663638967298e-01 7.016167549897613098e-02
9.818617739360713248e-01 1.863964741628774124e-01 8.233981180492837282e-02
9.818617739360713248e-01 1.863964741628774124e-01 8.233981180492837282e-02
1.015955575570617775e+00 1.171732370557071745e-01 7.342771774333399504e-02
1.305008840259836322e+00 6.633740775636942644e-03 7.935216234243762379e-02
1.166961432115588337e+00 2.503859298587255422e-01 7.676567671665715520e-02
1.402222928834136795e+00 2.152994227829125862e-01 4.916526876998370682e-02
1.402222928834136795e+00 2.152994227829125862e-01 4.916526876998370682e-02
1.402222928834136795e+00 2.152994227829125862e-01 4.916526876998370682e-02
1.411638343974515264e+00 7.850322897314027104e-02 7.444058146772911111e-02
1.411638343974515264e+00 7.850322897314027104e-02 7.444058146772911111e-02
1.411638343974515264e+00 7.850322897314027104e-02 7.444058146772911111e-02
1.111652806087082723e+00 6.333966678368857517e-02 7.336800726416424501e-02
1.111652806087082723e+00 6.333966678368857517e-02 7.336800726416424501e-02
1.170197195344489849e+00 -4.736486140315673832e-03 6.568160028284343588e-02
1.194306632589898109e+00 -3.357433813781218190e-01 7.225003583961440642e-03
8.898115988975723312e-01 -2.511223577307494237e-01 2.285125055654759277e-03
8.898115988975723312e-01 -2.511223577307494237e-01 2.285125055654759277e-03
9.980699646782971168e-01 4.925165207011328317e-02 5.489239457822253643e-02
1.198271370688151372e+00 1.439882475754792890e-01 8.489916457754533019e-02
9.708597868375276052e-01 4.664429471051220744e-02 5.015808177608366974e-02
1.021484472130379073e+00 3.736881267673656248e-01 7.212151232544763979e-02
8.400210955255759115e-01 6.589587352352814786e-01 3.115984399413712636e-02
1.201028989116191603e+00 5.424252979192897284e-01 1.278711753141546607e-02
1.205814246540225954e+00 4.792913284261381412e-01 2.133126152871609935e-02
1.327139637658603544e+00 3.373293279826320434e-01 3.324542809941596205e-02
1.219768898393448486e+00 3.868113756949972948e-01 3.796890146076324635e-02
1.219768898393448486e+00 3.868113756949972948e-01 3.796890146076324635e-02
9.456036400203876591e-01 3.301116629284552295e-01 8.673731124280545379e-02
9.456036400203876591e-01 3.301116629284552295e-01 8.673731124280545379e-02
1.027635702821468211e+00 4.681980937021291700e-01 4.834236577409017910e-02
8.630191078249589420e-01 5.477031761829515011e-01 5.448020079719148590e-02
8.801757787328773341e-01 1.161066304154287909e-01 5.393859542337715862e-02
7.470136402424542021e-01 9.767516105518879443e-02 3.000543336497839275e-02
7.400582849532421070e-01 7.557976655051910908e-02 2.477418224725687693e-02
9.190243604385228693e-01 1.141418669073003267e-01 5.938554653764410718e-02
7.900559428481341850e-01 3.047836425112235847e-01 8.303476938834596088e-02
1.167258243508784377e+00 4.973486000138123142e-01 2.249123274647406648e-02
1.054469891402342263e+00 3.504975637103162622e-01 7.241114474080753705e-02
1.106113890900133123e+00 1.686959835089952564e-01 8.631271775426477277e-02
8.896361171471740548e-01 2.541615539209852725e-01 8.439575726155412738e-02
8.896361171471740548e-01 2.541615539209852725e-01 8.439575726155412738e-02
8.896361171471740548e-01 2.541615539209852725e-01 8.439575726155412738e-02
1.051446504043796804e+00 3.016539200943538224e-02 5.794405621416949537e-02
1.051446504043796804e+00 3.016539200943538224e-02 5.794405621416949537e-02
6.991861461626569518e-01 1.716915766565765833e-01 3.990144912291734847e-02
8.816849035204401552e-01 2.604603162140689543e-01 8.460022956217085055e-02
