2.489132485845457765e-01 1.481402749648903505e-01 2.276961638737424153e-03
2.489132485845457765e-01 1.481402749648903505e-01 2.276961638737424153e-03
3.688983275592006006e-02 2.937611520639994422e-01 2.437573663917578636e-03
3.688983275592006006e-02 2.937611520639994422e-01 2.437573663917578636e-03
-3.051055816736801540e-02 5.554515955324283993e-01 2.049274293211003281e-02
4.080053779533736047e-01 4.211798108496267457e-01 5.634083682628562850e-02
4.080053779533736047e-01 4.211798108496267457e-01 5.634083682628562850e-02
4.080053779533736047e-01 4.211798108496267457e-01 5.634083682628562850e-02
2.002154290533164627e-02 5.404653715818440451e-01 2.377074837081084163e-02
2.002154290533164627e-02 5.404653715818440451e-01 2.377074837081084163e-02
8.041293959861048335e-02 4.550444879860358616e-01 1.709308369197884078e-02
-1.927667926397240439e-02 6.918077905203094957e-01 4.748271773939290868e-02
-1.927667926397240439e-02 6.918077905203094957e-01 4.748271773939290868e-02
1.791516694879532468e-01 5.472859475795853745e-01 4.797570493344371911e-02
1.791516694879532468e-01 5.472859475795853745e-01 4.797570493344371911e-02
3.380563138206909568e-01 5.629609097616370406e-01 7.559012358954975142e-02
4.041934289784184231e-01 7.924113757025316174e-01 6.072939886453765368e-02
4.041934289784184231e-01 7.924113757025316174e-01 6.072939886453765368e-02
6.219916377140803920e-01 2.860513548718354171e-01 5.872510035717103116e-02
8.269049357654002508e-01 2.633071784650805047e-01 8.366460872597898668e-02
1.212505316293251534e+00 3.488888112699570221e-01 4.765786166588613371e-02
1.212505316293251534e+00 3.488888112699570221e-01 4.765786166588613371e-02
1.463790847347297586e+00 2.591893804839896509e-01 2.953426785887607042e-02
1.491177007635157370e+00 -2.728377499083391999e-01 4.840241223013263400e-02
1.491177007635157370e+00 -2.728377499083391999e-01 4.840241223013263400e-02
1.491177007635157370e+00 -2.728377499083391999e-01 4.840241223013263400e-02
1.491177007635157370e+00 -2.728377499083391999e-01 4.840241223013263400e-02
1.784904015338715677e+00 -9.415268784587096929e-02 5.416380473764857012e-02
1.784904015338715677e+00 -9.415268784587096929e-02 5.416380473764857012e-02
1.784904015338715677e+00 -9.415268784587096929e-02 5.416380473764857012e-02
1.784904015338715677e+00 -9.415268784587096929e-02 5.416380473764857012e-02
1.603163807751131875e+00 6.151255150131804128e-02 5.101095792997484279e-02
1.661607472412044428e+00 -1.114719797066643370e-01 7.184977708707875055e-02
1.661607472412044428e+00 -1.114719797066643370e-01 7.184977708707875055e-02
1.661607472412044428e+00 -1.114719797066643370e-01 7.184977708707875055e-02
1.596536546341954521e+00 -2.392377762729994417e-01 6.631584802775443432e-02
1.632033093406593416e+00 -1.593673445981072245e-01 7.524608985206059086e-02
1.373980281004269388e+00 -5.613730899165250698e-02 7.969801151985668464e-02
1.331394473637197651e+00 6.675887640276476076e-03 8.426211683529226393e-02
1.613634996702431712e+00 -3.816568960610481342e-01 3.871236660802843121e-02
1.786842805421067215e+00 -3.593863566867517290e-01 5.943805043223938933e-02
1.854699642796918457e+00 -6.296589448445305548e-01 1.765976105539025440e-02
1.854699642796918457e+00 -6.296589448445305548e-01 1.765976105539025440e-02
2.265574919922030084e+00 -6.007032343310793054e-01 4.580621478725897811e-02
2.265574919922030084e+00 -6.007032343310793054e-01 4.580621478725897811e-02
2.120307234913145322e+00 -3.262967401699520265e-01 4.557708519206424974e-02
2.120307234913145322e+00 -3.262967401699520265e-01 4.557708519206424974e-02
2.120307234913145322e+00 -3.262967401699520265e-01 4.557708519206424974e-02
2.005967703251914980e+00 -5.050103038477323780e-01 4.985305358836031320e-02
2.005967703251914980e+00 -5.050103038477323780e-01 4.985305358836031320e-02
1.986955191350788796e+00 -3.095826588574844829e-01 5.800613141384047128e-02
2.304196796595302299e+00 -2.987159773580876365e-01 2.078108669343853646e-02
2.304196796595302299e+00 -2.987159773580876365e-01 2.078108669343853646e-02
1.584973521131413765e+00 -7.887199329622918142e-02 7.587111294074502799e-02
1.809245936233394580e+00 -8.983734739519486090e-02 4.981714799198779658e-02
1.809245936233394580e+00 -8.983734739519486090e-02 4.981714799198779658e-02
1.809245936233394580e+00 -8.983734739519486090e-02 4.981714799198779658e-02
1.639891800254615450e+00 -3.838490611798248131e-02 6.502216617811849841e-02
1.190158446748961873e+00 7.038527593510673919e-03 7.522675498777826875e-02
1.190158446748961873e+00 7.038527593510673919e-03 7.522675498777826875e-02
1.190158446748961873e+00 7.038527593510673919e-03 7.522675498777826875e-02
1.190158446748961873e+00 7.038527593510673919e-03 7.522675498777826875e-02
1.603085088453590101e+00 -1.967236056273231615e-01 7.266335939912640929e-02
1.575087759725498637e+00 4.869610733104998146e-02 5.821546367191172966e-02
1.521137445117872300e+00 3.692043836677195295e-02 6.857840724708760827e-02
1.195640201394877256e+00 1.187032441494816418e-02 7.676878498468638068e-02
1.195640201394877256e+00 1.187032441494816418e-02 7.676878498468638068e-02
1.195640201394877256e+00 1.187032441494816418e-02 7.676878498468638068e-02
1.454634566302591692e+00 5.925058060238523605e-02 7.373472706787338737e-02
1.053823248238230592e+00 -3.398534808558723030e-02 4.594442446905076111e-02
5.666375002809878048e-01 5.109787641467011809e-01 8.907382342647514328e-02
6.556204524280975221e-01 5.826195248619401301e-01 7.663941991032563461e-02
6.556204524280975221e-01 5.826195248619401301e-01 7.663941991032563461e-02
6.556204524280975221e-01 5.826195248619401301e-01 7.663941991032563461e-02
5.709986192500858815e-01 4.945850586745978994e-01 8.882479734751869138e-02
3.231104554349968350e-01 5.093451975685819866e-01 6.292111048142498553e-02
3.231104554349968350e-01 5.093451975685819866e-01 6.292111048142498553e-02
3.231104554349968350e-01 5.093451975685819866e-01 6.292111048142498553e-02
2.810981721562120228e-01 6.179071949339379755e-01 7.682345784707188263e-02
1.990288320862550753e-01 6.062307296899377418e-01 6.388343082427276609e-02
3.518647253970046407e-01 6.021993957433067202e-01 8.197674189593323613e-02
3.518647253970046407e-01 6.021993957433067202e-01 8.197674189593323613e-02
3.830251116206038753e-01 4.225459070232877590e-01 5.246171442596456874e-02
3.830251116206038753e-01 4.225459070232877590e-01 5.246171442596456874e-02
3.830251116206038753e-01 4.225459070232877590e-01 5.246171442596456874e-02
3.830251116206038753e-01 4.225459070232877590e-01 5.246171442596456874e-02
8.418153684901226175e-01 2.909622952801796392e-01 8.883088718738889333e-02
8.841977558571000317e-01 2.295806954018453083e-01 8.401705142995161135e-02
9.482338601577225967e-01 3.872845302092307040e-01 8.025558750131310537e-02
8.256095735347810383e-01 4.567625980431431199e-01 8.170842654560618590e-02
8.256095735347810383e-01 4.567625980431431199e-01 8.170842654560618590e-02
1.078246892179549832e+00 4.491699273488461985e-01 4.463846402673618541e-02
4.016296519653519415e-01 3.922644347033871215e-01 4.819802757936012677e-02
3.443941904621528605e-01 9.699759489037597104e-01 2.762547810408203311e-02
-4.651088043763926261e-01 9.022597920624538803e-01 2.449096594434972338e-02
-6.434047071397815953e-01 9.750133034898572637e-01 1.636056853452848986e-02
-3.386693974462767209e-01 8.531091657238003556e-01 3.195083922658422532e-02
-3.386693974462767209e-01 8.531091657238003556e-01 3.195083922658422532e-02
-3.386693974462767209e-01 8.531091657238003556e-01 3.195083922658422532e-02
-3.386693974462767209e-01 8.531091657238003556e-01 3.195083922658422532e-02
