2.489132485845457765e-01 1.481402749648903505e-01 3.507207348960019767e-03
2.489132485845457765e-01 1.481402749648903505e-01 3.507207348960019767e-03
2.489132485845457765e-01 1.481402749648903505e-01 3.507207348960019767e-03
6.691231358232009319e-01 4.546640961884156340e-01 1.786491252493254411e-01
6.691231358232009319e-01 4.546640961884156340e-01 1.786491252493254411e-01
6.691231358232009319e-01 4.546640961884156340e-01 1.786491252493254411e-01
9.515476795286287315e-01 3.445567241517164536e-01 1.422388481320370768e-01
9.515476795286287315e-01 3.445567241517164536e-01 1.422388481320370768e-01
1.125080363464338484e+00 2.262733506071080425e-01 1.222560569164824890e-01
1.125080363464338484e+00 2.262733506071080425e-01 1.222560569164824890e-01
1.125080363464338484e+00 2.262733506071080425e-01 1.222560569164824890e-01
1.125080363464338484e+00 2.262733506071080425e-01 1.222560569164824890e-01
1.125080363464338484e+00 2.262733506071080425e-01 1.222560569164824890e-01
8.205612634370891278e-01 2.013289894189310147e-02 2.698935070175356721e-02
7.292763011468064160e-01 4.728069682259901374e-02 2.280497502071379690e-02
7.292763011468064160e-01 4.728069682259901374e-02 2.280497502071379690e-02
7.292763011468064160e-01 4.728069682259901374e-02 2.280497502071379690e-02
7.292763011468064160e-01 4.728069682259901374e-02 2.280497502071379690e-02
7.292763011468064160e-01 4.728069682259901374e-02 2.280497502071379690e-02
7.292763011468064160e-01 4.728069682259901374e-02 2.280497502071379690e-02
7.292763011468064160e-01 4.728069682259901374e-02 2.280497502071379690e-02
4.841281820239016209e-01 6.047962263471197142e-01 1.907424264776055589e-01
4.841281820239016209e-01 6.047962263471197142e-01 1.907424264776055589e-01
5.000757952585621613e-01 7.243017518911750718e-01 1.287470279164672216e-01
5.155286749790812806e-01 5.927813199120526289e-01 1.870259948337472666e-01
3.113161457721370651e-01 5.778053432242550302e-01 1.902333777877345256e-01
3.113161457721370651e-01 5.778053432242550302e-01 1.902333777877345256e-01
4.275835828720964127e-01 8.850819706176190627e-01 6.012675173077648011e-02
1.032470416915726719e-01 8.805395921545573490e-01 1.776290087400960449e-01
-2.149616397984413507e-02 9.918550813538427047e-01 1.499286262673480696e-01
-2.149616397984413507e-02 9.918550813538427047e-01 1.499286262673480696e-01
-4.269157456403341322e-04 1.051123453454983592e+00 1.030012904057961004e-01
4.629390745815777919e-01 9.017439889767447925e-01 4.343712855212602392e-02
4.629390745815777919e-01 9.017439889767447925e-01 4.343712855212602392e-02
6.532806388412213394e-01 8.567961148745412148e-01 2.203727574413034615e-02
6.532806388412213394e-01 8.567961148745412148e-01 2.203727574413034615e-02
5.390143883168553307e-01 5.237851132787267883e-01 1.912145011622220503e-01
5.390143883168553307e-01 5.237851132787267883e-01 1.912145011622220503e-01
4.433164390281618683e-01 5.416768562049356639e-01 1.942445429397123280e-01
5.256697125441344154e-01 2.989097734939150097e-01 8.636330025872425431e-02
1.363840658867419564e-01 6.639563384086686337e-01 1.907207854736014951e-01
2.204728144137800550e-01 6.751484206304418922e-01 2.076046811246578527e-01
2.204728144137800550e-01 6.751484206304418922e-01 2.076046811246578527e-01
2.204728144137800550e-01 6.751484206304418922e-01 2.076046811246578527e-01
2.204728144137800550e-01 6.751484206304418922e-01 2.076046811246578527e-01
2.204728144137800550e-01 6.751484206304418922e-01 2.076046811246578527e-01
-4.905335539548694168e-01 8.705240275918767479e-01 8.975038899442083773e-02
-4.396957190987813568e-01 8.760588702019699303e-01 1.117215935787973791e-01
-3.673876705409984122e-01 1.131170496682941229e+00 1.618206332300065886e-01
-4.855188552373891908e-01 1.081679610529030944e+00 1.779580964700076540e-01
-4.855188552373891908e-01 1.081679610529030944e+00 1.779580964700076540e-01
-4.855188552373891908e-01 1.081679610529030944e+00 1.779580964700076540e-01
-4.855188552373891908e-01 1.081679610529030944e+00 1.779580964700076540e-01
-4.855188552373891908e-01 1.081679610529030944e+00 1.779580964700076540e-01
-4.855188552373891908e-01 1.081679610529030944e+00 1.779580964700076540e-01
-4.855188552373891908e-01 1.081679610529030944e+00 1.779580964700076540e-01
-4.855188552373891908e-01 1.081679610529030944e+00 1.779580964700076540e-01
-4.855188552373891908e-01 1.081679610529030944e+00 1.779580964700076540e-01
-2.681900569471884488e-01 8.844129121502708468e-01 1.784730979545215701e-01
-2.951029961881476704e-01 8.645034478029830494e-01 1.598442897871963086e-01
-2.951029961881476704e-01 8.645034478029830494e-01 1.598442897871963086e-01
-2.951029961881476704e-01 8.645034478029830494e-01 1.598442897871963086e-01
-2.951029961881476704e-01 8.645034478029830494e-01 1.598442897871963086e-01
-4.269702724993590381e-01 1.076458842058474641e+00 1.831175745682953604e-01
-5.209919171817232186e-01 1.158695638177767107e+00 1.680909893699046587e-01
-5.209919171817232186e-01 1.158695638177767107e+00 1.680909893699046587e-01
-1.258331458055193530e-01 1.252924747564636565e+00 3.378041408985744259e-02
-2.855825428859941617e-01 6.542237352035977782e-01 4.464362461252854158e-02
-2.855825428859941617e-01 6.542237352035977782e-01 4.464362461252854158e-02
-2.855825428859941617e-01 6.542237352035977782e-01 4.464362461252854158e-02
-2.855825428859941617e-01 6.542237352035977782e-01 4.464362461252854158e-02
-2.855825428859941617e-01 6.542237352035977782e-01 4.464362461252854158e-02
-6.913332088261861519e-02 9.165012133247578685e-01 2.004590733271573999e-01
-1.691726090452563280e-01 8.965797749250234983e-01 2.032237834999915671e-01
-4.469732522744079284e-01 9.691749063720677126e-01 1.589714455837557827e-01
-5.037924524048023045e-01 9.396365748493653580e-01 1.236736233192894663e-01
-5.037924524048023045e-01 9.396365748493653580e-01 1.236736233192894663e-01
-7.065041503898064068e-01 8.505043821262653347e-01 2.524751225814280894e-02
-2.354724646992405468e-01 6.585069083938627221e-01 5.976497468423699888e-02
-2.354724646992405468e-01 6.585069083938627221e-01 5.976497468423699888e-02
-3.374403543774076031e-01 7.233041112927355298e-01 6.190625806188990166e-02
-3.374403543774076031e-01 7.233041112927355298e-01 6.190625806188990166e-02
-3.374403543774076031e-01 7.233041112927355298e-01 6.190625806188990166e-02
-7.331816009288910641e-02 1.014156957043701013e+00 1.525900372867617649e-01
-4.836448729384681955e-02 9.056407449851301417e-01 2.009833212514123002e-01
-4.836448729384681955e-02 9.056407449851301417e-01 2.009833212514123002e-01
3.356267262050975919e-01 5.579777954469573586e-01 1.863581686814567706e-01
1.759222557217224869e-01 5.552435712956539371e-01 1.386145560471596649e-01
1.759222557217224869e-01 5.552435712956539371e-01 1.386145560471596649e-01
1.759222557217224869e-01 5.552435712956539371e-01 1.386145560471596649e-01
2.881252359789048256e-01 3.064012441179031487e-01 3.352709293389167372e-02
4.474068199008809366e-01 7.685776942520258226e-01 1.215060576150428229e-01
3.080066105854933900e-01 5.187945405305063318e-01 1.585358511170463225e-01
3.080066105854933900e-01 5.187945405305063318e-01 1.585358511170463225e-01
3.080066105854933900e-01 5.187945405305063318e-01 1.585358511170463225e-01
3.028874874916283044e-01 8.599828089302601342e-01 1.182231538654014286e-01
3.905282312150902269e-01 9.129393016396993854e-01 5.708711465393406098e-02
2.501468436083811309e-01 4.400511431340727864e-01 8.838657011910902583e-02
2.501468436083811309e-01 4.400511431340727864e-01 8.838657011910902583e-02
2.501468436083811309e-01 4.400511431340727864e-01 8.838657011910902583e-02
