2.489132485845457765e-01 1.481402749648903505e-01 2.751768139367144050e-03
6.447365877308628423e-01 3.666881695341809300e-01 1.094936022818600169e-01
7.975619315819668653e-01 4.668494067830223915e-01 1.122289324328331478e-01
9.220451750661369239e-01 3.213814698137886783e-01 1.147252356923789685e-01
9.384335777297030390e-01 1.824865473539384886e-01 9.524152613428109315e-02
9.134746034377934087e-01 -2.413353932385384204e-02 2.762898912948448527e-02
1.044019485492953203e+00 5.391755244130352898e-02 7.039988047486595013e-02
9.702786431122757405e-01 3.161509165430732016e-01 1.107882326574891330e-01
1.208289737798007746e+00 1.865122783311145838e-01 9.511553718151342929e-02
1.208289737798007746e+00 1.865122783311145838e-01 9.511553718151342929e-02
1.208289737798007746e+00 1.865122783311145838e-01 9.511553718151342929e-02
1.399853184564020747e+00 2.744381194457877204e-01 4.064247672979577619e-02
1.399853184564020747e+00 2.744381194457877204e-01 4.064247672979577619e-02
1.227848970851410870e+00 8.331324451585003787e-02 9.328699843481071119e-02
1.259665100223694267e+00 -2.912226414539045849e-02 7.345636466916716234e-02
1.259665100223694267e+00 -2.912226414539045849e-02 7.345636466916716234e-02
1.259665100223694267e+00 -2.912226414539045849e-02 7.345636466916716234e-02
1.383192232816005118e+00 -7.092995748627775598e-02 7.366472355717171294e-02
1.287267387338177249e+00 1.191665391293116327e-01 9.141172363038381488e-02
1.287267387338177249e+00 1.191665391293116327e-01 9.141172363038381488e-02
1.287267387338177249e+00 1.191665391293116327e-01 9.141172363038381488e-02
1.287267387338177249e+00 1.191665391293116327e-01 9.141172363038381488e-02
1.287267387338177249e+00 1.191665391293116327e-01 9.141172363038381488e-02
1.287267387338177249e+00 1.191665391293116327e-01 9.141172363038381488e-02
1.487144911851112417e+00 1.585144873676643529e-01 5.256508545375605801e-02
2.042364105627394899e+00 3.677373441306755475e-02 6.809349334217568682e-03
2.042364105627394899e+00 3.677373441306755475e-02 6.809349334217568682e-03
2.042364105627394899e+00 3.677373441306755475e-02 6.809349334217568682e-03
1.657406657917673609e+00 1.572274811987522392e-01 2.555182299337424232e-02
1.063256827820859396e+00 7.074640034702349423e-02 7.842246828971075057e-02
9.379308782909391295e-01 2.291918770000120897e-01 1.064187444073104172e-01
9.379308782909391295e-01 2.291918770000120897e-01 1.064187444073104172e-01
9.379308782909391295e-01 2.291918770000120897e-01 1.064187444073104172e-01
9.379308782909391295e-01 2.291918770000120897e-01 1.064187444073104172e-01
1.135178549290236871e+00 4.481398045974924194e-01 4.450979588123883668e-02
1.121830311855498641e+00 5.330914181125129270e-01 2.560265684735438599e-02
1.121830311855498641e+00 5.330914181125129270e-01 2.560265684735438599e-02
1.121830311855498641e+00 5.330914181125129270e-01 2.560265684735438599e-02
1.121830311855498641e+00 5.330914181125129270e-01 2.560265684735438599e-02
1.049815395807499385e+00 3.549139533069937125e-01 9.086323216257342905e-02
9.097794436414621266e-01 2.925781726707628039e-01 1.143590259445566443e-01
4.347613322221469678e-01 2.453761839744421358e-01 2.802343706604515025e-02
4.347613322221469678e-01 2.453761839744421358e-01 2.802343706604515025e-02
8.097997125428153531e-01 2.592991623183451555e-01 1.009072801737296160e-01
8.097997125428153531e-01 2.592991623183451555e-01 1.009072801737296160e-01
7.130169012862228595e-01 4.810098047159864221e-01 1.220449347615637919e-01
4.914016970056869771e-01 8.106116469175796979e-01 6.506292349491794857e-02
4.914016970056869771e-01 8.106116469175796979e-01 6.506292349491794857e-02
4.914016970056869771e-01 8.106116469175796979e-01 6.506292349491794857e-02
4.914016970056869771e-01 8.106116469175796979e-01 6.506292349491794857e-02
2.042724632952128694e-01 9.933921083557352150e-01 6.162216658717484252e-02
2.388353955594833267e-01 9.784531685239746812e-01 5.956443389277761569e-02
-1.904002353059535413e-01 9.717019694143439468e-01 1.250043116204039573e-01
2.930235687848795623e-01 6.603184809541376987e-01 1.331649953602243031e-01
2.451161332691316475e-01 7.192035039731606849e-01 1.343960177971149084e-01
2.451161332691316475e-01 7.192035039731606849e-01 1.343960177971149084e-01
2.451161332691316475e-01 7.192035039731606849e-01 1.343960177971149084e-01
2.451161332691316475e-01 7.192035039731606849e-01 1.343960177971149084e-01
2.451161332691316475e-01 7.192035039731606849e-01 1.343960177971149084e-01
3.571589960550325960e-01 1.029822280924432398e+00 2.305916161100087999e-02
1.275037370186327124e-01 7.555978137110390680e-01 1.321059949263773126e-01
4.319898882837155951e-02 6.658140670300997099e-01 9.295141409351477535e-02
1.629477910942707386e-01 7.434247632224275648e-01 1.332325111491210190e-01
1.629477910942707386e-01 7.434247632224275648e-01 1.332325111491210190e-01
1.629477910942707386e-01 7.434247632224275648e-01 1.332325111491210190e-01
-1.741243573426705937e-01 8.279290584084157967e-01 9.993373162289466427e-02
-1.741243573426705937e-01 8.279290584084157967e-01 9.993373162289466427e-02
-1.741243573426705937e-01 8.279290584084157967e-01 9.993373162289466427e-02
-3.387210683265755584e-01 9.499010061060837451e-01 1.011947718569123772e-01
-5.630703740367322130e-01 1.271994074605486524e+00 9.839589005380132425e-02
-5.630703740367322130e-01 1.271994074605486524e+00 9.839589005380132425e-02
-5.630703740367322130e-01 1.271994074605486524e+00 9.839589005380132425e-02
-5.811264406099243551e-01 1.261572519498170841e+00 1.006500040823631731e-01
-9.596465255029658081e-01 1.255377054356221711e+00 5.394059904442718989e-02
-9.596465255029658081e-01 1.255377054356221711e+00 5.394059904442718989e-02
-1.151054700580246282e+00 1.624003249885207723e+00 6.115199932249836684e-02
-9.361544476346311816e-01 1.487382637968102550e+00 7.595606196423478063e-02
-7.382498298263064918e-01 1.511467729230566936e+00 5.478203549279590800e-02
-6.757351792485164488e-01 1.248654652745477822e+00 9.797492557767813193e-02
-6.757351792485164488e-01 1.248654652745477822e+00 9.797492557767813193e-02
-6.340328365766610963e-01 1.219204831960506885e+00 1.004974797424288552e-01
-6.340328365766610963e-01 1.219204831960506885e+00 1.004974797424288552e-01
-1.044435815369051168e+00 1.449777182581745150e+00 7.210310485192295005e-02
-9.396900676579835743e-01 1.363489063248764177e+00 7.716749460965567631e-02
-9.396900676579835743e-01 1.363489063248764177e+00 7.716749460965567631e-02
-9.396900676579835743e-01 1.363489063248764177e+00 7.716749460965567631e-02
-9.396900676579835743e-01 1.363489063248764177e+00 7.716749460965567631e-02
-9.396900676579835743e-01 1.363489063248764177e+00 7.716749460965567631e-02
-9.396900676579835743e-01 1.363489063248764177e+00 7.716749460965567631e-02
-9.396900676579835743e-01 1.363489063248764177e+00 7.716749460965567631e-02
-1.164439971141009611e+00 1.550977854775116738e+00 6.495173692719480307e-02
-8.981935962580180899e-01 1.260748650794795145e+00 6.662486766036321284e-02
-2.144864905229690866e-01 8.563680805228041093e-01 1.000797253600709952e-01
-6.188114189377922347e-01 9.283876701254303310e-01 3.384019341216835258e-02
-7.576898246191094977e-01 1.011814909738360413e+00 3.098670075840736018e-02
-9.062649625280544408e-01 1.522360649722228398e+00 6.892154855967147498e-02
-1.003194024308149412e+00 1.701102592654483159e+00 3.701126169047935094e-02
-8.846700944802727840e-01 1.658071249397147007e+00 3.454812353037025469e-02
-8.846700944802727840e-01 1.658071249397147007e+00 3.454812353037025469e-02
-1.256735528384119727e+00 1.442075121526442016e+00 4.203297363482296628e-02
