2.489132485845457765e-01 1.481402749648903505e-01 1.927413482488924031e-03
3.481323108566812818e-01 3.477267988184832292e-01 2.103335663328064625e-02
4.576383753403415189e-01 6.304448678895383518e-01 5.133157935711064879e-02
4.576383753403415189e-01 6.304448678895383518e-01 5.133157935711064879e-02
5.462556057029347434e-01 6.440726285638775916e-01 4.748392307622162356e-02
5.239313414893128629e-01 7.216442538140215301e-01 3.709032095558011805e-02
5.680886409659118286e-01 5.281533993031847229e-01 5.851475379848471159e-02
5.212198917071321214e-01 7.086682530391591461e-01 3.931423753247249159e-02
9.061583916847836262e-01 5.616310124104405554e-01 3.125941133716744064e-02
3.405068930823804685e-01 5.918381103452873271e-01 4.735686414572364694e-02
1.958105223041900766e-01 4.491355305023234656e-01 1.831773447653818956e-02
5.947017469759163788e-02 5.331276895110809155e-01 1.529888575368993330e-02
6.871246690499241971e-01 5.585665371254016076e-01 5.223092022907560583e-02
5.948340655579589242e-01 2.514896047039943405e-01 3.632145307114967303e-02
1.214607753283888814e+00 6.085653817730223292e-01 4.330067257689350704e-03
8.485953534744237192e-01 3.486134819447002098e-01 7.116125890694031952e-02
1.411160649487375851e+00 9.129143103874926002e-02 7.129290744933036716e-02
1.535104260722727654e+00 -2.069905396784967322e-01 8.283289945130603571e-02
1.727220151760224587e+00 -3.000776344661734707e-02 5.207544287093491403e-02
1.727220151760224587e+00 -3.000776344661734707e-02 5.207544287093491403e-02
1.727220151760224587e+00 -3.000776344661734707e-02 5.207544287093491403e-02
1.476854671392553886e+00 1.307551258654326420e-01 5.257314219556204898e-02
1.476854671392553886e+00 1.307551258654326420e-01 5.257314219556204898e-02
1.476854671392553886e+00 1.307551258654326420e-01 5.257314219556204898e-02
1.333470863747032720e+00 9.777039862001013493e-02 7.854139041412168398e-02
1.333470863747032720e+00 9.777039862001013493e-02 7.854139041412168398e-02
1.321645174377319432e+00 -5.759310142215029460e-02 8.275946107760236148e-02
1.321645174377319432e+00 -5.759310142215029460e-02 8.275946107760236148e-02
1.321645174377319432e+00 -5.759310142215029460e-02 8.275946107760236148e-02
1.057712353333494448e+00 2.835834380858320292e-01 7.105456512945859671e-02
1.057712353333494448e+00 2.835834380858320292e-01 7.105456512945859671e-02
1.057712353333494448e+00 2.835834380858320292e-01 7.105456512945859671e-02
1.057712353333494448e+00 2.835834380858320292e-01 7.105456512945859671e-02
1.057712353333494448e+00 2.835834380858320292e-01 7.105456512945859671e-02
1.241532603897550491e+00 1.293431888073230396e-01 8.079344778161756668e-02
1.254799761663720536e+00 2.598293042339366865e-01 5.394601522575453306e-02
1.254799761663720536e+00 2.598293042339366865e-01 5.394601522575453306e-02
1.382096733120914189e+00 1.083014023577556495e-01 7.137054829658248667e-02
1.509368821648627623e+00 -1.007790180298393790e-01 8.819534565039477414e-02
1.509368821648627623e+00 -1.007790180298393790e-01 8.819534565039477414e-02
1.429908383833670804e+00 -2.793165527019092487e-01 5.337928423070514156e-02
1.429908383833670804e+00 -2.793165527019092487e-01 5.337928423070514156e-02
1.315079551178386597e+00 -2.548150372289373911e-01 4.094130277929435013e-02
1.315079551178386597e+00 -2.548150372289373911e-01 4.094130277929435013e-02
1.394190103768936817e+00 -1.596892364176994428e-01 7.503729709357064015e-02
1.394190103768936817e+00 -1.596892364176994428e-01 7.503729709357064015e-02
1.394190103768936817e+00 -1.596892364176994428e-01 7.503729709357064015e-02
1.546950892501668839e+00 -1.311634697757250168e-01 8.833061917044686406e-02
1.569128836343264277e+00 -2.474106791485400636e-01 8.001344580379428362e-02
1.569128836343264277e+00 -2.474106791485400636e-01 8.001344580379428362e-02
1.569128836343264277e+00 -2.474106791485400636e-01 8.001344580379428362e-02
1.608777121057492820e+00 -3.922149967361537870e-03 6.471522895629132355e-02
2.034052554481359465e+00 -3.197783052348407429e-01 6.726901604619760222e-02
2.076503550502919015e+00 -4.374681113353000583e-01 7.728202705281535245e-02
2.149442640660859105e+00 -4.087295492427613364e-01 6.628476118099808911e-02
2.196941751975023838e+00 -3.884052468020952609e-01 5.581295984637082985e-02
2.362124055956351221e+00 -2.813955754946969590e-01 1.512841834890272727e-02
2.279627785157850806e+00 -4.518323254215531604e-01 5.508618703126653277e-02
2.006094619819890124e+00 -2.733910712178557745e-01 6.247982922485795926e-02
2.308733221144162684e+00 -5.434850981883294629e-01 6.464792364659414925e-02
2.097163561481158123e+00 -6.423493360519586526e-01 6.051599685991570360e-02
2.090522553721997578e+00 -4.630520379970817224e-01 7.757523387590047059e-02
2.090522553721997578e+00 -4.630520379970817224e-01 7.757523387590047059e-02
2.090522553721997578e+00 -4.630520379970817224e-01 7.757523387590047059e-02
2.090522553721997578e+00 -4.630520379970817224e-01 7.757523387590047059e-02
2.090522553721997578e+00 -4.630520379970817224e-01 7.757523387590047059e-02
2.090522553721997578e+00 -4.630520379970817224e-01 7.757523387590047059e-02
2.090522553721997578e+00 -4.630520379970817224e-01 7.757523387590047059e-02
1.906994092848671718e+00 -3.017654749092253397e-01 7.999255523954820757e-02
2.153732625682142743e+00 -3.617341907091186637e-01 5.729215216579289227e-02
2.153732625682142743e+00 -3.617341907091186637e-01 5.729215216579289227e-02
2.042306350722624231e+00 -5.424686020553610710e-01 7.317315611667292441e-02
2.042306350722624231e+00 -5.424686020553610710e-01 7.317315611667292441e-02
2.042306350722624231e+00 -5.424686020553610710e-01 7.317315611667292441e-02
2.042306350722624231e+00 -5.424686020553610710e-01 7.317315611667292441e-02
2.042306350722624231e+00 -5.424686020553610710e-01 7.317315611667292441e-02
2.042306350722624231e+00 -5.424686020553610710e-01 7.317315611667292441e-02
2.042306350722624231e+00 -5.424686020553610710e-01 7.317315611667292441e-02
2.042306350722624231e+00 -5.424686020553610710e-01 7.317315611667292441e-02
1.766791171790747850e+00 -5.359145615322458145e-01 4.276378750904616388e-02
1.766791171790747850e+00 -5.359145615322458145e-01 4.276378750904616388e-02
1.766791171790747850e+00 -5.359145615322458145e-01 4.276378750904616388e-02
1.766791171790747850e+00 -5.359145615322458145e-01 4.276378750904616388e-02
2.192901288445772146e+00 -8.187981276714181300e-01 3.454908064238696591e-02
2.192901288445772146e+00 -8.187981276714181300e-01 3.454908064238696591e-02
1.807648811883518114e+00 -7.302747937967808411e-01 1.262503867216393551e-02
1.903229410308544090e+00 -6.359984137830363427e-01 3.850759768345812795e-02
1.917003063384668637e+00 -5.747481273991833506e-01 5.432208236529658535e-02
1.963148877478928078e+00 -2.049980142300999453e-01 5.453518610165049296e-02
2.359631046506386109e+00 -2.634136418425350734e-01 1.327855537324180296e-02
2.359631046506386109e+00 -2.634136418425350734e-01 1.327855537324180296e-02
2.359631046506386109e+00 -2.634136418425350734e-01 1.327855537324180296e-02
2.359631046506386109e+00 -2.634136418425350734e-01 1.327855537324180296e-02
2.835854770115174617e+00 -8.934001233886477156e-01 4.188174042377767331e-02
2.835854770115174617e+00 -8.934001233886477156e-01 4.188174042377767331e-02
2.835854770115174617e+00 -8.934001233886477156e-01 4.188174042377767331e-02
2.749340919826939622e+00 -8.986381826911569171e-01 4.803915675930016393e-02
2.184484815117294865e+00 -9.562866377504702919e-01 1.248918610269586157e-02
2.213074321452616733e+00 -7.315559717822401886e-01 5.418171620364423124e-02
2.214356724497791085e+00 -3.744152763054467425e-01 5.037805060725202705e-02
