2.489132485845457765e-01 1.481402749648903505e-01 2.375075253238981797e-03
2.489132485845457765e-01 1.481402749648903505e-01 2.375075253238981797e-03
3.450376316536069021e-01 2.870523494456952429e-01 1.950195929894583263e-02
3.450376316536069021e-01 2.870523494456952429e-01 1.950195929894583263e-02
-8.042128042881291350e-03 5.485601315761403640e-01 2.185344707259540692e-02
8.330446707253093275e-02 7.959923122341354684e-01 7.486986220187898111e-02
2.346242460243138095e-01 6.787461121087345894e-01 7.980468118683715917e-02
1.021704747890319620e-01 9.080120110923832755e-01 6.741988768599738169e-02
1.021704747890319620e-01 9.080120110923832755e-01 6.741988768599738169e-02
1.021704747890319620e-01 9.080120110923832755e-01 6.741988768599738169e-02
3.211553411035084071e-01 6.293478319973931923e-01 8.326746502078030687e-02
3.207431111441892413e-01 6.242075877746204871e-01 8.286062169960529966e-02
2.049534988385188772e-01 9.322447925499391941e-01 5.297258067243483526e-02
2.049534988385188772e-01 9.322447925499391941e-01 5.297258067243483526e-02
2.049534988385188772e-01 9.322447925499391941e-01 5.297258067243483526e-02
6.548676922468226191e-01 5.912755836442868951e-01 7.571627118834522996e-02
5.389990575766174796e-01 4.361245917745528722e-01 8.263190870850126157e-02
5.389990575766174796e-01 4.361245917745528722e-01 8.263190870850126157e-02
5.389990575766174796e-01 4.361245917745528722e-01 8.263190870850126157e-02
5.389990575766174796e-01 4.361245917745528722e-01 8.263190870850126157e-02
5.389990575766174796e-01 4.361245917745528722e-01 8.263190870850126157e-02
2.935996549826633828e-01 5.791469993639325464e-01 7.402762449174536685e-02
2.935996549826633828e-01 5.791469993639325464e-01 7.402762449174536685e-02
2.935996549826633828e-01 5.791469993639325464e-01 7.402762449174536685e-02
2.935996549826633828e-01 5.791469993639325464e-01 7.402762449174536685e-02
2.935996549826633828e-01 5.791469993639325464e-01 7.402762449174536685e-02
2.935996549826633828e-01 5.791469993639325464e-01 7.402762449174536685e-02
2.935996549826633828e-01 5.791469993639325464e-01 7.402762449174536685e-02
2.935996549826633828e-01 5.791469993639325464e-01 7.402762449174536685e-02
1.566606328258307312e-01 6.966421476705610960e-01 7.375451195485573097e-02
1.566606328258307312e-01 6.966421476705610960e-01 7.375451195485573097e-02
1.566606328258307312e-01 6.966421476705610960e-01 7.375451195485573097e-02
1.566606328258307312e-01 6.966421476705610960e-01 7.375451195485573097e-02
1.566606328258307312e-01 6.966421476705610960e-01 7.375451195485573097e-02
1.566606328258307312e-01 6.966421476705610960e-01 7.375451195485573097e-02
1.566606328258307312e-01 6.966421476705610960e-01 7.375451195485573097e-02
-5.303012223359382382e-05 7.349252355960953498e-01 5.855608805262339095e-02
-5.303012223359382382e-05 7.349252355960953498e-01 5.855608805262339095e-02
3.154032142354810941e-02 5.478249807199639942e-01 2.653987273656081836e-02
3.154032142354810941e-02 5.478249807199639942e-01 2.653987273656081836e-02
4.626277578199129437e-01 2.064219871844822918e-01 1.929325236833252799e-02
4.808312633284688165e-01 2.019815654812127104e-01 2.055272602029325352e-02
5.481501106464709006e-01 1.605491882286665395e-01 2.111982260083171761e-02
5.481501106464709006e-01 1.605491882286665395e-01 2.111982260083171761e-02
5.481501106464709006e-01 1.605491882286665395e-01 2.111982260083171761e-02
5.481501106464709006e-01 1.605491882286665395e-01 2.111982260083171761e-02
5.481501106464709006e-01 1.605491882286665395e-01 2.111982260083171761e-02
5.481501106464709006e-01 1.605491882286665395e-01 2.111982260083171761e-02
9.115843235816214474e-01 5.565783673784702179e-01 4.380860967301301173e-02
1.198858619556484983e+00 6.754058073198702106e-01 2.654851197449055976e-03
1.198858619556484983e+00 6.754058073198702106e-01 2.654851197449055976e-03
1.198858619556484983e+00 6.754058073198702106e-01 2.654851197449055976e-03
5.867115860332126065e-01 8.982424935411654765e-01 1.540580846542572400e-02
5.867115860332126065e-01 8.982424935411654765e-01 1.540580846542572400e-02
5.867115860332126065e-01 8.982424935411654765e-01 1.540580846542572400e-02
4.092216890543681762e-01 9.126627952490954376e-01 3.150470605596344953e-02
-5.489808784404470732e-03 6.358289066915250309e-01 3.820430447274832109e-02
-9.127619318899070355e-02 9.484794533320433096e-01 6.695975738126694332e-02
-2.193198407961625962e-02 8.372445291265346867e-01 6.892595334822033959e-02
-1.679995232965405538e-01 8.296612308143431758e-01 5.032753442598911220e-02
-2.947177389139968851e-01 1.213651759127766905e+00 4.350138977606607393e-02
-5.701767961910328975e-01 1.166890667036224460e+00 4.264666486599277828e-02
-5.751688833842718562e-01 1.293769549165996180e+00 4.246388502785186647e-02
-7.670719167197785904e-01 1.636495839821128229e+00 1.467347841319614765e-02
-8.807083427562053535e-01 1.514313017450260590e+00 2.861159568299620481e-02
-8.807083427562053535e-01 1.514313017450260590e+00 2.861159568299620481e-02
-1.041565116239257849e+00 1.637982638453153728e+00 2.208340839484210921e-02
-1.041565116239257849e+00 1.637982638453153728e+00 2.208340839484210921e-02
-1.041565116239257849e+00 1.637982638453153728e+00 2.208340839484210921e-02
-1.041565116239257849e+00 1.637982638453153728e+00 2.208340839484210921e-02
-1.176701969797117941e+00 1.661538246729451496e+00 2.039262010832277108e-02
-1.138116058005389064e+00 1.615748057306561680e+00 2.195972150048493970e-02
-1.042825874765543226e+00 1.524342677880526020e+00 2.529568693295484311e-02
-1.028302644381583475e+00 1.739738817113312352e+00 1.494792554205855162e-02
-1.439778838113492387e+00 2.086256699179782625e+00 4.848927579183068097e-03
-1.439778838113492387e+00 2.086256699179782625e+00 4.848927579183068097e-03
-1.604847375526067266e+00 2.221355235443537524e+00 2.934677541580848429e-03
-1.604847375526067266e+00 2.221355235443537524e+00 2.934677541580848429e-03
-1.604847375526067266e+00 2.221355235443537524e+00 2.934677541580848429e-03
-1.829418624140584981e+00 2.038020321654785860e+00 6.969747402801006186e-03
-1.497734218860201416e+00 1.657920359092083684e+00 9.616724254019213755e-03
-1.497734218860201416e+00 1.657920359092083684e+00 9.616724254019213755e-03
-1.497734218860201416e+00 1.657920359092083684e+00 9.616724254019213755e-03
-1.497734218860201416e+00 1.657920359092083684e+00 9.616724254019213755e-03
-1.260953356750800003e+00 1.292936677343518248e+00 3.930909037933338554e-03
-1.260953356750800003e+00 1.292936677343518248e+00 3.930909037933338554e-03
-1.420104494352573798e+00 1.434646864176323477e+00 4.230192542051554490e-03
-1.420104494352573798e+00 1.434646864176323477e+00 4.230192542051554490e-03
-1.262382810918042608e+00 1.771187149310608167e+00 1.632274613442096650e-02
-1.262382810918042608e+00 1.771187149310608167e+00 1.632274613442096650e-02
-1.262382810918042608e+00 1.771187149310608167e+00 1.632274613442096650e-02
-1.262382810918042608e+00 1.771187149310608167e+00 1.632274613442096650e-02
-1.262382810918042608e+00 1.771187149310608167e+00 1.632274613442096650e-02
-1.463674483051275121e+00 2.011163807078509613e+00 7.908076741442176746e-03
-1.463674483051275121e+00 2.011163807078509613e+00 7.908076741442176746e-03
-1.575025154800178129e+00 1.796694179481646003e+00 1.055671985499939160e-02
-1.575025154800178129e+00 1.796694179481646003e+00 1.055671985499939160e-02
-1.575025154800178129e+00 1.796694179481646003e+00 1.055671985499939160e-02
-1.575025154800178129e+00 1.796694179481646003e+00 1.055671985499939160e-02
-1.575025154800178129e+00 1.796694179481646003e+00 1.055671985499939160e-02
