2.489132485845457765e-01 1.481402749648903505e-01 5.025823761675027312e-03
7.808080683978655401e-01 -2.979388832557808287e-02 1.310638871088052465e-02
6.015808345790710776e-01 7.813676180423029249e-02 2.018773790831776549e-02
1.066598614417241242e+00 4.299220465298894123e-01 8.770342677549924915e-02
8.970351487576715410e-01 1.552598810989642697e-01 1.271572068397850419e-01
8.970351487576715410e-01 1.552598810989642697e-01 1.271572068397850419e-01
8.970351487576715410e-01 1.552598810989642697e-01 1.271572068397850419e-01
6.991276240793327101e-01 2.284764100375164531e-01 1.325980854484965776e-01
8.721333756732253528e-01 3.749417235195184328e-01 2.009195267623732073e-01
2.464894143334641630e-01 6.312384360677170125e-01 2.716718612666254029e-01
2.464894143334641630e-01 6.312384360677170125e-01 2.716718612666254029e-01
2.464894143334641630e-01 6.312384360677170125e-01 2.716718612666254029e-01
2.464894143334641630e-01 6.312384360677170125e-01 2.716718612666254029e-01
2.464894143334641630e-01 6.312384360677170125e-01 2.716718612666254029e-01
2.464894143334641630e-01 6.312384360677170125e-01 2.716718612666254029e-01
-2.998620245874015211e-01 9.684497275407562000e-01 1.744200996795638725e-01
-2.998620245874015211e-01 9.684497275407562000e-01 1.744200996795638725e-01
-3.637132108675023012e-02 6.569089275052673038e-01 2.023667110815607073e-01
-3.637132108675023012e-02 6.569089275052673038e-01 2.023667110815607073e-01
2.538983621969185811e-01 5.370231076436942086e-01 2.384292804626682583e-01
2.538983621969185811e-01 5.370231076436942086e-01 2.384292804626682583e-01
2.538983621969185811e-01 5.370231076436942086e-01 2.384292804626682583e-01
2.908218052452496427e-01 6.812727069681324688e-01 2.472427258743226108e-01
2.908218052452496427e-01 6.812727069681324688e-01 2.472427258743226108e-01
3.920800418725303160e-01 6.283619152004648045e-01 2.491342140634499047e-01
3.920800418725303160e-01 6.283619152004648045e-01 2.491342140634499047e-01
3.920800418725303160e-01 6.283619152004648045e-01 2.491342140634499047e-01
3.920800418725303160e-01 6.283619152004648045e-01 2.491342140634499047e-01
3.920800418725303160e-01 6.283619152004648045e-01 2.491342140634499047e-01
2.947242113336085989e-01 7.640750200341128728e-01 1.748393333221158752e-01
2.739168639285191054e-01 5.031469866899241916e-01 2.195433595002397598e-01
4.015788694380929558e-01 4.738853762385199508e-01 2.424543127576261337e-01
3.046353310307510776e-01 2.677591346785279658e-01 3.980711822098381009e-02
3.046353310307510776e-01 2.677591346785279658e-01 3.980711822098381009e-02
3.444993944155396171e-01 4.733738718515708710e-01 2.228218788364208502e-01
3.444993944155396171e-01 4.733738718515708710e-01 2.228218788364208502e-01
3.444993944155396171e-01 4.733738718515708710e-01 2.228218788364208502e-01
5.633637123917265566e-01 7.391804024678414464e-01 7.788597377048811499e-02
3.794401110824637824e-01 5.476843403316153935e-01 2.705440771468893835e-01
3.794401110824637824e-01 5.476843403316153935e-01 2.705440771468893835e-01
3.794401110824637824e-01 5.476843403316153935e-01 2.705440771468893835e-01
3.794401110824637824e-01 5.476843403316153935e-01 2.705440771468893835e-01
3.794401110824637824e-01 5.476843403316153935e-01 2.705440771468893835e-01
3.794401110824637824e-01 5.476843403316153935e-01 2.705440771468893835e-01
6.522733919157914784e-01 5.729907741029466317e-01 1.770249815498257107e-01
6.522733919157914784e-01 5.729907741029466317e-01 1.770249815498257107e-01
3.648597576995749048e-01 3.145806564063102773e-01 8.620786332978189193e-02
4.946822772703531879e-01 6.613228603207961243e-01 1.774830682141718408e-01
6.593276968539758531e-01 8.264721610701895038e-01 1.614925290127627519e-02
6.593276968539758531e-01 8.264721610701895038e-01 1.614925290127627519e-02
6.593276968539758531e-01 8.264721610701895038e-01 1.614925290127627519e-02
6.593276968539758531e-01 8.264721610701895038e-01 1.614925290127627519e-02
6.593276968539758531e-01 8.264721610701895038e-01 1.614925290127627519e-02
6.593276968539758531e-01 8.264721610701895038e-01 1.614925290127627519e-02
6.057252646327688783e-01 6.930688266658120433e-01 9.573579965651667079e-02
5.471447286802154641e-01 3.046037941673720995e-01 1.476733789737932900e-01
5.157383994425025486e-01 3.038766415459380199e-01 1.348762874930201638e-01
5.157383994425025486e-01 3.038766415459380199e-01 1.348762874930201638e-01
5.157383994425025486e-01 3.038766415459380199e-01 1.348762874930201638e-01
6.042891367366995947e-01 4.419584754742589827e-01 2.524688990008330247e-01
6.695653468162785504e-01 6.006654580904678964e-01 1.440753363089782302e-01
6.695653468162785504e-01 6.006654580904678964e-01 1.440753363089782302e-01
9.139913092674530892e-01 3.968472951005164173e-01 1.751208192478895809e-01
9.139913092674530892e-01 3.968472951005164173e-01 1.751208192478895809e-01
7.129459105955627818e-01 1.642888105907726604e-01 8.555564639543108973e-02
7.129459105955627818e-01 1.642888105907726604e-01 8.555564639543108973e-02
1.240876235874111444e+00 1.204473311319928241e-01 1.261115743728490335e-01
1.240876235874111444e+00 1.204473311319928241e-01 1.261115743728490335e-01
1.240876235874111444e+00 1.204473311319928241e-01 1.261115743728490335e-01
1.240876235874111444e+00 1.204473311319928241e-01 1.261115743728490335e-01
1.056508933160788422e+00 3.885239337323624920e-01 1.166078936132674271e-01
7.598960055477297360e-01 9.000368722100221541e-02 5.080735043367492348e-02
4.990186302747995351e-01 4.543168627321958475e-01 2.520611691549923816e-01
4.990186302747995351e-01 4.543168627321958475e-01 2.520611691549923816e-01
4.990186302747995351e-01 4.543168627321958475e-01 2.520611691549923816e-01
9.837152428210464983e-01 2.508914868186676861e-01 1.821854864602860113e-01
6.856091436968629882e-01 3.219757804478705632e-01 2.051995068742651085e-01
6.856091436968629882e-01 3.219757804478705632e-01 2.051995068742651085e-01
6.856091436968629882e-01 3.219757804478705632e-01 2.051995068742651085e-01
4.415854536795457697e-01 5.387807195479192846e-01 2.689614477528490255e-01
4.415854536795457697e-01 5.387807195479192846e-01 2.689614477528490255e-01
4.879434154155248837e-01 6.557314907979553409e-01 1.860759847435315695e-01
4.879434154155248837e-01 6.557314907979553409e-01 1.860759847435315695e-01
6.286487806074551044e-01 2.778846949979599246e-01 1.527317727950099069e-01
6.286487806074551044e-01 2.778846949979599246e-01 1.527317727950099069e-01
6.286487806074551044e-01 2.778846949979599246e-01 1.527317727950099069e-01
6.286487806074551044e-01 2.778846949979599246e-01 1.527317727950099069e-01
8.200472804398972748e-01 4.558804324017586840e-01 1.829184838108966760e-01
8.200472804398972748e-01 4.558804324017586840e-01 1.829184838108966760e-01
8.200472804398972748e-01 4.558804324017586840e-01 1.829184838108966760e-01
1.041702750281883860e+00 2.550053241913886048e-01 1.718073625511884195e-01
8.498756098500226397e-01 2.703643781644954336e-01 1.946009596817634413e-01
8.498756098500226397e-01 2.703643781644954336e-01 1.946009596817634413e-01
8.498756098500226397e-01 2.703643781644954336e-01 1.946009596817634413e-01
8.498756098500226397e-01 2.703643781644954336e-01 1.946009596817634413e-01
6.687943785783393436e-01 5.402580299165404831e-01 1.954958047528712606e-01
6.687943785783393436e-01 5.402580299165404831e-01 1.954958047528712606e-01
6.687943785783393436e-01 5.402580299165404831e-01 1.954958047528712606e-01
6.687943785783393436e-01 5.402580299165404831e-01 1.954958047528712606e-01
6.687943785783393436e-01 5.402580299165404831e-01 1.954958047528712606e-01
