2.489132485845457765e-01 1.481402749648903505e-01 3.652781650544040422e-03
1.727507679830611598e-02 4.628934803007301313e-01 3.738017026246568536e-02
-3.028174768459749311e-01 6.333141831700833668e-01 3.200744637810738064e-02
-2.826305106250575072e-01 9.550922551791130033e-01 1.931985317124702006e-01
-1.395724499540406949e-01 1.037242644458095997e+00 1.585842050425218253e-01
-1.223314054052144773e-01 9.116029912310068539e-01 2.048638880207070967e-01
-1.223314054052144773e-01 9.116029912310068539e-01 2.048638880207070967e-01
-1.223314054052144773e-01 9.116029912310068539e-01 2.048638880207070967e-01
-3.792716260381998605e-01 8.557797997812282009e-01 1.192905069303744625e-01
-5.441102338384046222e-01 1.306409939652189323e+00 1.065391384757444770e-01
-4.814613503622642843e-01 1.325634511602784560e+00 8.122502267197476145e-02
-4.814613503622642843e-01 1.325634511602784560e+00 8.122502267197476145e-02
-4.814613503622642843e-01 1.325634511602784560e+00 8.122502267197476145e-02
-4.814613503622642843e-01 1.325634511602784560e+00 8.122502267197476145e-02
-4.814613503622642843e-01 1.325634511602784560e+00 8.122502267197476145e-02
-7.592779456345071232e-01 1.319841046937187734e+00 1.305596295825512954e-01
-4.637842909441465822e-01 1.063596511353309682e+00 1.767075198297766991e-01
-5.624746611607167601e-01 1.074005330202658648e+00 1.575592222190519143e-01
-1.909044699752704410e-01 9.558704139874434347e-01 1.999911721732042513e-01
-1.207955728305897536e-01 7.708150762952106216e-01 1.681882089552271531e-01
-1.207955728305897536e-01 7.708150762952106216e-01 1.681882089552271531e-01
1.573797264831009735e-01 7.393929318417138408e-01 2.123621097089153642e-01
2.232612125610805298e-01 5.796386487357065853e-01 1.720611229714488488e-01
2.990556344016064294e-01 6.624183907956603390e-01 2.090139566862639076e-01
2.990556344016064294e-01 6.624183907956603390e-01 2.090139566862639076e-01
-1.780776274389778147e-02 1.049834352207789978e+00 1.099144610670614308e-01
6.400212963482400375e-02 7.872773709094262884e-01 2.121263245057664892e-01
6.400212963482400375e-02 7.872773709094262884e-01 2.121263245057664892e-01
-2.076911526513166573e-01 8.839977305475543723e-01 1.922914384732763438e-01
-2.840479182545267989e-01 8.038455362830396744e-01 1.252918054163300876e-01
-2.840479182545267989e-01 8.038455362830396744e-01 1.252918054163300876e-01
-2.840479182545267989e-01 8.038455362830396744e-01 1.252918054163300876e-01
-2.840479182545267989e-01 8.038455362830396744e-01 1.252918054163300876e-01
1.532071227793099788e-01 4.289853458421681309e-01 5.508568758252821440e-02
1.532071227793099788e-01 4.289853458421681309e-01 5.508568758252821440e-02
1.532071227793099788e-01 4.289853458421681309e-01 5.508568758252821440e-02
6.180637814595703050e-01 4.668751751161218655e-01 1.861221024208912223e-01
8.447594882264976013e-01 3.206139443913189613e-01 1.585587307209385399e-01
8.447594882264976013e-01 3.206139443913189613e-01 1.585587307209385399e-01
8.447594882264976013e-01 3.206139443913189613e-01 1.585587307209385399e-01
8.447594882264976013e-01 3.206139443913189613e-01 1.585587307209385399e-01
8.447594882264976013e-01 3.206139443913189613e-01 1.585587307209385399e-01
8.923721100079560209e-01 2.630727246600603753e-01 1.459584455366430278e-01
3.313714855527551961e-01 4.207273283916165840e-01 1.053013876692744516e-01
5.629203370177862098e-01 5.148309738480886244e-01 1.918907821926971458e-01
5.629203370177862098e-01 5.148309738480886244e-01 1.918907821926971458e-01
7.639169947455228815e-01 4.606552333134616983e-01 1.631115250878801826e-01
9.103255700664234507e-01 5.123608744597916154e-01 9.187080989429195765e-02
6.708264258210067110e-01 3.026152944174185233e-01 1.320551351330877810e-01
1.111035597951736786e+00 3.433349231156068715e-01 9.913349039196758805e-02
1.111035597951736786e+00 3.433349231156068715e-01 9.913349039196758805e-02
8.673549176016159823e-01 6.309577403728463540e-01 5.049107344072367720e-02
1.124843320431751614e+00 3.609710188444629764e-01 8.812852864637939210e-02
5.333907510342512648e-01 3.968028868552724853e-01 1.520800994628631331e-01
7.389958682043169524e-01 2.001377339991259052e-01 9.091584126595494975e-02
1.239007028870549032e+00 1.450905945975093370e-01 1.103301561756911131e-01
1.239007028870549032e+00 1.450905945975093370e-01 1.103301561756911131e-01
1.054975514537457304e+00 3.694982613319286457e-01 1.067834593688122141e-01
9.026228854671335400e-01 1.284089149398426055e-01 8.985068358438677572e-02
9.026228854671335400e-01 1.284089149398426055e-01 8.985068358438677572e-02
1.011132545587240861e+00 2.467969992677470636e-01 1.396731850322257551e-01
1.011132545587240861e+00 2.467969992677470636e-01 1.396731850322257551e-01
7.613747347527712872e-01 3.234657084383572023e-01 1.568622535600062429e-01
1.061896763572655056e+00 3.783250498095575010e-01 1.011145943794947571e-01
8.750136583337744245e-01 2.969793046306032913e-01 1.536955094081087214e-01
7.489508687199226689e-01 4.739736494408510747e-01 1.633296557428914608e-01
1.088529689587669713e+00 4.120300759901975862e-01 7.868912445088324659e-02
1.595154295910851561e+00 7.594757981808331060e-02 5.293265606401414969e-02
1.358494606968377649e+00 2.210383393186333423e-01 7.009605430460821851e-02
1.004271354157814544e+00 1.496932854927623957e-01 1.157832597607539316e-01
1.004271354157814544e+00 1.496932854927623957e-01 1.157832597607539316e-01
1.004271354157814544e+00 1.496932854927623957e-01 1.157832597607539316e-01
1.004271354157814544e+00 1.496932854927623957e-01 1.157832597607539316e-01
1.004271354157814544e+00 1.496932854927623957e-01 1.157832597607539316e-01
1.004271354157814544e+00 1.496932854927623957e-01 1.157832597607539316e-01
1.004271354157814544e+00 1.496932854927623957e-01 1.157832597607539316e-01
1.004271354157814544e+00 1.496932854927623957e-01 1.157832597607539316e-01
7.822511049603274591e-01 2.075209685987111086e-01 1.052009463098475539e-01
7.238394007604662672e-01 2.650647172532104578e-01 1.234203028722174467e-01
7.238394007604662672e-01 2.650647172532104578e-01 1.234203028722174467e-01
7.238394007604662672e-01 2.650647172532104578e-01 1.234203028722174467e-01
5.702571295788523287e-01 2.445779048949164314e-01 7.196759337621094765e-02
6.275289402338704026e-01 7.083145464482492049e-01 8.816507261910880300e-02
6.275289402338704026e-01 7.083145464482492049e-01 8.816507261910880300e-02
6.275289402338704026e-01 7.083145464482492049e-01 8.816507261910880300e-02
6.275289402338704026e-01 7.083145464482492049e-01 8.816507261910880300e-02
5.745118342068027406e-01 6.048322484892969531e-01 1.668079310397315163e-01
5.745118342068027406e-01 6.048322484892969531e-01 1.668079310397315163e-01
1.050357215248895582e+00 2.932687672035572124e-01 1.305610969118588816e-01
1.050357215248895582e+00 2.932687672035572124e-01 1.305610969118588816e-01
8.976604782698127671e-01 1.735622235179828943e-01 1.110838507820193638e-01
8.976604782698127671e-01 1.735622235179828943e-01 1.110838507820193638e-01
7.677709519815762995e-01 1.973673130140673193e-01 9.631799897138344779e-02
7.677709519815762995e-01 1.973673130140673193e-01 9.631799897138344779e-02
1.277250774090186392e+00 9.188054186899030640e-02 1.044698367666818534e-01
1.277250774090186392e+00 9.188054186899030640e-02 1.044698367666818534e-01
1.465235717045264119e+00 6.884376266679634315e-02 7.901071267306983281e-02
1.114016025678546962e+00 1.164868235673902769e-02 7.387904715367517305e-02
1.114016025678546962e+00 1.164868235673902769e-02 7.387904715367517305e-02
1.114016025678546962e+00 1.164868235673902769e-02 7.387904715367517305e-02
