2.489132485845457765e-01 1.481402749648903505e-01 2.280021120379401457e-03
6.199076901727131883e-01 3.386737022445450718e-01 7.362915166346917228e-02
9.522578562462016283e-01 2.778698929522412375e-01 9.755366128875694876e-02
9.522578562462016283e-01 2.778698929522412375e-01 9.755366128875694876e-02
9.522578562462016283e-01 2.778698929522412375e-01 9.755366128875694876e-02
9.041973251943353773e-01 4.222134104591965809e-01 8.480454177444619879e-02
9.069043448482777547e-01 2.087385096348285951e-01 8.715528871544124534e-02
9.069043448482777547e-01 2.087385096348285951e-01 8.715528871544124534e-02
1.223418395329332276e+00 -9.280371880023696729e-02 5.931853202738572584e-02
1.223418395329332276e+00 -9.280371880023696729e-02 5.931853202738572584e-02
1.316396751304079960e+00 1.155728991804718664e-01 8.989375275371111473e-02
1.316396751304079960e+00 1.155728991804718664e-01 8.989375275371111473e-02
1.316396751304079960e+00 1.155728991804718664e-01 8.989375275371111473e-02
1.502136827402962060e+00 1.869407069520455100e-01 4.513047939833769728e-02
1.507026882023848380e+00 3.130576104274385152e-01 1.843600530177233118e-02
1.507026882023848380e+00 3.130576104274385152e-01 1.843600530177233118e-02
6.533546701650707611e-01 6.720728078723219312e-01 5.869443741293387667e-02
4.821044703293798084e-01 7.392910835155767080e-01 6.589561531608653655e-02
3.291372563381066429e-01 4.939610252798703471e-01 6.141639038257700606e-02
3.291372563381066429e-01 4.939610252798703471e-01 6.141639038257700606e-02
7.072362637247895378e-01 7.618187672196655713e-01 2.840684352952880035e-02
7.802719226362824223e-01 2.253053833038639597e-01 7.207296801837578815e-02
7.802719226362824223e-01 2.253053833038639597e-01 7.207296801837578815e-02
6.212750483980959970e-01 5.918350647633325856e-01 8.267605600823264844e-02
6.212750483980959970e-01 5.918350647633325856e-01 8.267605600823264844e-02
6.735548330377996162e-01 6.662334385931435454e-01 5.712944490128710889e-02
6.735548330377996162e-01 6.662334385931435454e-01 5.712944490128710889e-02
6.735548330377996162e-01 6.662334385931435454e-01 5.712944490128710889e-02
6.735548330377996162e-01 6.662334385931435454e-01 5.712944490128710889e-02
6.090343898001220335e-01 2.705276481820600987e-01 5.393846890091198720e-02
4.804169763723012410e-01 7.684636430911967464e-01 5.874392202996936430e-02
4.804169763723012410e-01 7.684636430911967464e-01 5.874392202996936430e-02
-8.510775148933819034e-02 7.876606370973183724e-01 5.532765912255841606e-02
-1.741911748728983689e-01 7.833544290443221758e-01 4.175568629043567570e-02
-3.751539995793388149e-01 9.258203713284569591e-01 3.810467731538731001e-02
-3.548842839541524463e-01 1.012250980236475195e+00 5.114442437125363283e-02
-2.482716317209411883e-01 9.583582655894833380e-01 5.703581499746728650e-02
-3.852830242302099917e-01 9.300370794947909747e-01 3.745814631648531484e-02
-2.685514784677860978e-01 1.055710723869066836e+00 5.840659325330820051e-02
-2.685514784677860978e-01 1.055710723869066836e+00 5.840659325330820051e-02
-2.685514784677860978e-01 1.055710723869066836e+00 5.840659325330820051e-02
-4.311401004497475431e-02 1.044101807184100172e+00 5.433065618102618510e-02
-4.311401004497475431e-02 1.044101807184100172e+00 5.433065618102618510e-02
-8.189027843127813511e-02 6.269957284640141904e-01 2.608570525748549543e-02
-8.189027843127813511e-02 6.269957284640141904e-01 2.608570525748549543e-02
2.757534272451170887e-01 5.551479996096614355e-01 6.623686345126209019e-02
2.757534272451170887e-01 5.551479996096614355e-01 6.623686345126209019e-02
1.170421635404933491e-02 6.850301966954142063e-01 5.090073622429724248e-02
1.170421635404933491e-02 6.850301966954142063e-01 5.090073622429724248e-02
1.170421635404933491e-02 6.850301966954142063e-01 5.090073622429724248e-02
-3.130576526045914659e-02 6.772541677394718906e-01 4.266769657322982273e-02
-2.008333256050126858e-01 6.953308713764814186e-01 2.309661561003185579e-02
-2.008333256050126858e-01 6.953308713764814186e-01 2.309661561003185579e-02
-8.106479953170687980e-02 9.195612171039324600e-01 6.772849469644723341e-02
-8.106479953170687980e-02 9.195612171039324600e-01 6.772849469644723341e-02
-8.106479953170687980e-02 9.195612171039324600e-01 6.772849469644723341e-02
-8.106479953170687980e-02 9.195612171039324600e-01 6.772849469644723341e-02
-8.106479953170687980e-02 9.195612171039324600e-01 6.772849469644723341e-02
3.889874898918611879e-02 6.534280168726184224e-01 4.872506069801185030e-02
1.189965409129291191e-01 6.643972206378672141e-01 6.349226594369217214e-02
7.752547110353341653e-01 5.708783356337225889e-01 6.699476417686098251e-02
6.953346937242907977e-01 6.733586367484258872e-01 5.176765919199012578e-02
6.301715290513043577e-01 9.281448738773979690e-01 9.983385346513527075e-03
2.723867665679747252e-01 7.428673445774698347e-01 8.154916169840266404e-02
2.723867665679747252e-01 7.428673445774698347e-01 8.154916169840266404e-02
2.723867665679747252e-01 7.428673445774698347e-01 8.154916169840266404e-02
2.723867665679747252e-01 7.428673445774698347e-01 8.154916169840266404e-02
2.260543799996805325e-01 8.657400174925156122e-01 6.609679396124257256e-02
-2.637389935810283692e-01 9.599591259382281860e-01 5.564647056353255739e-02
-3.895134265193036516e-01 8.986759716057846070e-01 3.222126697017536900e-02
-3.895134265193036516e-01 8.986759716057846070e-01 3.222126697017536900e-02
-3.895134265193036516e-01 8.986759716057846070e-01 3.222126697017536900e-02
-3.637753412020973687e-01 9.246787748052234246e-01 3.937167956346803582e-02
-3.637753412020973687e-01 9.246787748052234246e-01 3.937167956346803582e-02
-3.637753412020973687e-01 9.246787748052234246e-01 3.937167956346803582e-02
-3.637753412020973687e-01 9.246787748052234246e-01 3.937167956346803582e-02
-3.637753412020973687e-01 9.246787748052234246e-01 3.937167956346803582e-02
-3.637753412020973687e-01 9.246787748052234246e-01 3.937167956346803582e-02
-3.637753412020973687e-01 9.246787748052234246e-01 3.937167956346803582e-02
-3.637753412020973687e-01 9.246787748052234246e-01 3.937167956346803582e-02
-3.637753412020973687e-01 9.246787748052234246e-01 3.937167956346803582e-02
-3.637753412020973687e-01 9.246787748052234246e-01 3.937167956346803582e-02
-3.637753412020973687e-01 9.246787748052234246e-01 3.937167956346803582e-02
-3.637753412020973687e-01 9.246787748052234246e-01 3.937167956346803582e-02
-5.691370569585738615e-01 9.465658342932739000e-01 1.926635119914349090e-02
-5.691370569585738615e-01 9.465658342932739000e-01 1.926635119914349090e-02
-1.061643802877760390e+00 1.145599504149633407e+00 4.982796163003174600e-03
-1.061643802877760390e+00 1.145599504149633407e+00 4.982796163003174600e-03
-8.247703171516905796e-01 1.341627177676735894e+00 3.291720525707252792e-02
-8.247703171516905796e-01 1.341627177676735894e+00 3.291720525707252792e-02
-8.247703171516905796e-01 1.341627177676735894e+00 3.291720525707252792e-02
-8.247703171516905796e-01 1.341627177676735894e+00 3.291720525707252792e-02
-8.247703171516905796e-01 1.341627177676735894e+00 3.291720525707252792e-02
-9.034578365236787256e-01 1.245494383965264795e+00 2.103726542939250016e-02
-9.034578365236787256e-01 1.245494383965264795e+00 2.103726542939250016e-02
-4.500949117156222146e-01 1.542691908287600278e+00 8.691528380085050687e-03
-4.500949117156222146e-01 1.542691908287600278e+00 8.691528380085050687e-03
-4.500949117156222146e-01 1.542691908287600278e+00 8.691528380085050687e-03
-7.715565387478429127e-01 1.413170294254895820e+00 3.378994602196395969e-02
-3.407273199308289424e-01 1.184240718826620631e+00 4.880822031046715831e-02
