2.489132485845457765e-01 1.481402749648903505e-01 1.896149802032522829e-03
2.489132485845457765e-01 1.481402749648903505e-01 1.896149802032522829e-03
2.489132485845457765e-01 1.481402749648903505e-01 1.896149802032522829e-03
2.489132485845457765e-01 1.481402749648903505e-01 1.896149802032522829e-03
2.489132485845457765e-01 1.481402749648903505e-01 1.896149802032522829e-03
1.318126473819616895e-01 5.215085404639392408e-01 2.022614797931171493e-02
5.407109307215826610e-02 7.584363751477254389e-01 3.376195628804685989e-02
5.407109307215826610e-02 7.584363751477254389e-01 3.376195628804685989e-02
5.407109307215826610e-02 7.584363751477254389e-01 3.376195628804685989e-02
-1.923018559005411354e-02 1.191706476665284509e+00 1.042083469413132742e-02
-3.807815889491206196e-02 1.334430842231203007e+00 3.464514881012464940e-03
-3.807815889491206196e-02 1.334430842231203007e+00 3.464514881012464940e-03
-1.789503624202509746e-01 1.362077398503170222e+00 4.897859272615238610e-03
-2.550882192604895238e-01 1.149425205384985382e+00 1.866606395459437240e-02
-3.977095026558536972e-01 1.314330432185053965e+00 1.129798983091591207e-02
3.901479646161126746e-02 1.103731440021070265e+00 1.555775954913336985e-02
2.770437786995172957e-01 2.913619271556671109e-01 9.493655618369256990e-03
3.861737991175395179e-01 6.742159638847367020e-01 4.918775086446076916e-02
3.861737991175395179e-01 6.742159638847367020e-01 4.918775086446076916e-02
3.861737991175395179e-01 6.742159638847367020e-01 4.918775086446076916e-02
4.495799005979653207e-01 4.156484385486465816e-01 4.258191967666416500e-02
4.495799005979653207e-01 4.156484385486465816e-01 4.258191967666416500e-02
8.305629051147975783e-01 1.524641353136474975e-01 5.311812618699846000e-02
8.305629051147975783e-01 1.524641353136474975e-01 5.311812618699846000e-02
7.498048885130753627e-01 4.015453647206967958e-01 6.972824688992165787e-02
5.780069300638517316e-01 3.881882875348670048e-01 5.514229223073804920e-02
6.491313744162978683e-01 4.889871774313553354e-01 6.365399242096102250e-02
8.622491635466873472e-01 5.327490372753350689e-01 4.476966632292264658e-02
8.622491635466873472e-01 5.327490372753350689e-01 4.476966632292264658e-02
4.562111044036102347e-01 3.276003148192986325e-01 3.033885826446052272e-02
3.654164137870904439e-01 5.514828856514846223e-01 4.767239335803744038e-02
6.177579869904753496e-01 8.636922116168272989e-01 1.186300076618435929e-02
9.473095286536932225e-01 5.909299623355369624e-01 2.443964967822714884e-02
9.474068178900433290e-01 8.012477666140007670e-01 3.508190161521968983e-03
1.127811160356335218e+00 4.537619498784737915e-01 3.109715324897463495e-02
1.025871472705803589e+00 7.720289711324690440e-02 6.895385246462769346e-02
1.048091998356425636e+00 1.875031400535514259e-01 8.306024110172073593e-02
1.048091998356425636e+00 1.875031400535514259e-01 8.306024110172073593e-02
6.385153596260357833e-01 6.578949759641188333e-01 4.112626600945479272e-02
7.070078644689717917e-01 4.526043933235464056e-01 6.650920994436095024e-02
5.643420705122439429e-01 5.270774624541886277e-01 6.009215346695968851e-02
6.840965522347608463e-01 3.777369475261965204e-01 6.540924510571607953e-02
6.840965522347608463e-01 3.777369475261965204e-01 6.540924510571607953e-02
4.436395569267579386e-01 6.099408486439250598e-01 5.360880897437542841e-02
6.795231614056792546e-01 6.079810834458443392e-01 4.684918654488049589e-02
6.795231614056792546e-01 6.079810834458443392e-01 4.684918654488049589e-02
6.795231614056792546e-01 6.079810834458443392e-01 4.684918654488049589e-02
6.795231614056792546e-01 6.079810834458443392e-01 4.684918654488049589e-02
6.320617402546662156e-01 5.963348438765996296e-01 5.200499805363415634e-02
6.320617402546662156e-01 5.963348438765996296e-01 5.200499805363415634e-02
6.320617402546662156e-01 5.963348438765996296e-01 5.200499805363415634e-02
4.760364510698923413e-01 3.335351012465325171e-01 3.376949781540259515e-02
5.498860770896777383e-01 4.977405237261084969e-01 5.983922638984803116e-02
5.498860770896777383e-01 4.977405237261084969e-01 5.983922638984803116e-02
5.498860770896777383e-01 4.977405237261084969e-01 5.983922638984803116e-02
5.498860770896777383e-01 4.977405237261084969e-01 5.983922638984803116e-02
5.498860770896777383e-01 4.977405237261084969e-01 5.983922638984803116e-02
5.498860770896777383e-01 4.977405237261084969e-01 5.983922638984803116e-02
8.309215417753843536e-01 1.869900861510940815e-01 5.970692990560502733e-02
8.309215417753843536e-01 1.869900861510940815e-01 5.970692990560502733e-02
1.224673178297070786e+00 -8.889575690486362092e-02 6.540089131138665524e-02
1.429532315656990793e+00 3.390500554336405015e-02 8.639117480510881408e-02
1.333539981060564150e+00 -1.804104477706710008e-01 6.157745415920942017e-02
1.333539981060564150e+00 -1.804104477706710008e-01 6.157745415920942017e-02
1.333539981060564150e+00 -1.804104477706710008e-01 6.157745415920942017e-02
1.333539981060564150e+00 -1.804104477706710008e-01 6.157745415920942017e-02
1.333539981060564150e+00 -1.804104477706710008e-01 6.157745415920942017e-02
1.305120009054092423e+00 3.252548470496799404e-02 9.060478007290671820e-02
1.410823131330048108e+00 2.016636011425836372e-01 5.115587775121475250e-02
1.410823131330048108e+00 2.016636011425836372e-01 5.115587775121475250e-02
1.410823131330048108e+00 2.016636011425836372e-01 5.115587775121475250e-02
1.187158101636824670e+00 3.616466103651282404e-01 4.398793582021961329e-02
1.110799123932604937e+00 3.655171534361861263e-01 5.318969795831077207e-02
1.110799123932604937e+00 3.655171534361861263e-01 5.318969795831077207e-02
7.981994088585502301e-01 5.505316401236881596e-01 4.752806827357562713e-02
1.045809724357469106e+00 2.947227429069728677e-01 7.466482778170653589e-02
9.585286149724862037e-01 1.080350816205391806e-01 6.453788384318050186e-02
2.806494840344575525e-01 3.241287101982762153e-01 1.250860565568386908e-02
5.152704355427519811e-01 5.558998286982015369e-01 5.763392115571273205e-02
5.049490250560556559e-01 4.565353685335523659e-01 5.394506314520890883e-02
5.049490250560556559e-01 4.565353685335523659e-01 5.394506314520890883e-02
5.049490250560556559e-01 4.565353685335523659e-01 5.394506314520890883e-02
9.932303948411627115e-01 2.830490535310313804e-01 7.838571119367648832e-02
1.249077356516888671e+00 2.757060983688581213e-01 5.637278476421241080e-02
6.715206095136052600e-01 3.296867535534930282e-01 5.950410105211818845e-02
6.715206095136052600e-01 3.296867535534930282e-01 5.950410105211818845e-02
6.715206095136052600e-01 3.296867535534930282e-01 5.950410105211818845e-02
6.715206095136052600e-01 3.296867535534930282e-01 5.950410105211818845e-02
8.233435420366086444e-01 3.040294152710648623e-02 2.789491044500535741e-02
8.233435420366086444e-01 3.040294152710648623e-02 2.789491044500535741e-02
8.233435420366086444e-01 3.040294152710648623e-02 2.789491044500535741e-02
8.233435420366086444e-01 3.040294152710648623e-02 2.789491044500535741e-02
7.792642278901380504e-01 2.560205208615753958e-01 6.349916263271303263e-02
7.792642278901380504e-01 2.560205208615753958e-01 6.349916263271303263e-02
7.792642278901380504e-01 2.560205208615753958e-01 6.349916263271303263e-02
8.264612703163582985e-01 4.783883861614429689e-01 5.896114982781147651e-02
8.264612703163582985e-01 4.783883861614429689e-01 5.896114982781147651e-02
8.264612703163582985e-01 4.783883861614429689e-01 5.896114982781147651e-02
7.114673780441850282e-01 6.887434198402888619e-01 2.927564345653793990e-02
7.114673780441850282e-01 6.887434198402888619e-01 2.927564345653793990e-02
