2.489132485845457765e-01 1.481402749648903505e-01 1.611177529222029836e-01
2.489132485845457765e-01 1.481402749648903505e-01 1.611177529222029836e-01
2.912827551262390235e-01 5.523944594994548152e-02 1.366335503333525325e-01
2.912827551262390235e-01 5.523944594994548152e-02 1.366335503333525325e-01
2.912827551262390235e-01 5.523944594994548152e-02 1.366335503333525325e-01
2.912827551262390235e-01 5.523944594994548152e-02 1.366335503333525325e-01
2.912827551262390235e-01 5.523944594994548152e-02 1.366335503333525325e-01
2.912827551262390235e-01 5.523944594994548152e-02 1.366335503333525325e-01
2.912827551262390235e-01 5.523944594994548152e-02 1.366335503333525325e-01
8.414039991808580643e-01 -3.659061502892415607e-01 4.854849714384971374e-04
7.849305554724872458e-01 -7.098633377534174782e-01 3.995397522479814329e-04
6.924921545880746709e-01 -6.773889326060897886e-01 9.999666361056609026e-04
6.924921545880746709e-01 -6.773889326060897886e-01 9.999666361056609026e-04
5.198477231234865936e-01 -5.077835806972196275e-01 4.273391871175875011e-03
5.198477231234865936e-01 -5.077835806972196275e-01 4.273391871175875011e-03
5.760920839214904721e-01 -4.786697864910168798e-01 8.351642963022889998e-03
4.354763945767788913e-01 -4.515094942188138116e-01 3.263627777327094900e-03
4.354763945767788913e-01 -4.515094942188138116e-01 3.263627777327094900e-03
4.354763945767788913e-01 -4.515094942188138116e-01 3.263627777327094900e-03
4.354763945767788913e-01 -4.515094942188138116e-01 3.263627777327094900e-03
4.354763945767788913e-01 -4.515094942188138116e-01 3.263627777327094900e-03
4.514991792936651205e-01 -1.097814266053949717e-01 1.394976768287017610e-01
4.514991792936651205e-01 -1.097814266053949717e-01 1.394976768287017610e-01
4.514991792936651205e-01 -1.097814266053949717e-01 1.394976768287017610e-01
4.514991792936651205e-01 -1.097814266053949717e-01 1.394976768287017610e-01
5.781723563266497612e-01 -6.200018183468536392e-02 9.225427098125155156e-02
5.781723563266497612e-01 -6.200018183468536392e-02 9.225427098125155156e-02
5.781723563266497612e-01 -6.200018183468536392e-02 9.225427098125155156e-02
5.781723563266497612e-01 -6.200018183468536392e-02 9.225427098125155156e-02
3.422948786972149215e-01 7.789443128209833089e-02 2.674614251543145915e-01
3.422948786972149215e-01 7.789443128209833089e-02 2.674614251543145915e-01
3.422948786972149215e-01 7.789443128209833089e-02 2.674614251543145915e-01
3.422948786972149215e-01 7.789443128209833089e-02 2.674614251543145915e-01
4.241598212987197636e-01 6.303233941851585365e-02 3.237471817769070892e-01
2.114947316981889147e-01 3.417361106654506209e-01 3.265477569701586424e-01
2.114947316981889147e-01 3.417361106654506209e-01 3.265477569701586424e-01
3.839524760459314123e-01 4.376441720715991135e-01 4.046519050629347469e-01
3.839524760459314123e-01 4.376441720715991135e-01 4.046519050629347469e-01
3.839524760459314123e-01 4.376441720715991135e-01 4.046519050629347469e-01
3.839524760459314123e-01 4.376441720715991135e-01 4.046519050629347469e-01
3.839524760459314123e-01 4.376441720715991135e-01 4.046519050629347469e-01
4.779567878134554082e-01 -6.737504058686494268e-02 1.785629498551110361e-01
4.779567878134554082e-01 -6.737504058686494268e-02 1.785629498551110361e-01
4.779567878134554082e-01 -6.737504058686494268e-02 1.785629498551110361e-01
4.779567878134554082e-01 -6.737504058686494268e-02 1.785629498551110361e-01
4.779567878134554082e-01 -6.737504058686494268e-02 1.785629498551110361e-01
3.418378944584560819e-01 1.957636470158814479e-01 4.642493151511999372e-01
3.497850137396575909e-01 2.071926444584525906e-01 4.908112314369401652e-01
3.497850137396575909e-01 2.071926444584525906e-01 4.908112314369401652e-01
3.857333168654219491e-01 9.911301325842097887e-02 3.620803546039215726e-01
3.857333168654219491e-01 9.911301325842097887e-02 3.620803546039215726e-01
3.857333168654219491e-01 9.911301325842097887e-02 3.620803546039215726e-01
3.857333168654219491e-01 9.911301325842097887e-02 3.620803546039215726e-01
3.857333168654219491e-01 9.911301325842097887e-02 3.620803546039215726e-01
3.857333168654219491e-01 9.911301325842097887e-02 3.620803546039215726e-01
3.857333168654219491e-01 9.911301325842097887e-02 3.620803546039215726e-01
3.857333168654219491e-01 9.911301325842097887e-02 3.620803546039215726e-01
3.857333168654219491e-01 9.911301325842097887e-02 3.620803546039215726e-01
4.132066572394682558e-01 8.452490689084485309e-02 3.508432787557298482e-01
4.132066572394682558e-01 8.452490689084485309e-02 3.508432787557298482e-01
4.132066572394682558e-01 8.452490689084485309e-02 3.508432787557298482e-01
4.132066572394682558e-01 8.452490689084485309e-02 3.508432787557298482e-01
2.771106638096532127e-01 3.611691189088770404e-01 5.722657606015768561e-01
2.771106638096532127e-01 3.611691189088770404e-01 5.722657606015768561e-01
2.771106638096532127e-01 3.611691189088770404e-01 5.722657606015768561e-01
2.771106638096532127e-01 3.611691189088770404e-01 5.722657606015768561e-01
1.673419261602010488e-01 7.341715977233909118e-01 3.503963225001358039e-01
3.269669595598665435e-01 8.038614155370510383e-01 7.581706276384317378e-02
4.269518134229113859e-01 4.582575993687016958e-01 2.218787776354053387e-01
4.365600863514114693e-01 1.536413869923292097e-01 3.861647412854797290e-01
5.685762478248425067e-01 -6.957960282980207856e-03 1.076400934919077429e-01
4.929450338475478421e-01 -1.862967075475734646e-01 9.013091843012625837e-02
4.039219913858138056e-01 1.643947486791086376e-02 2.574579727374566307e-01
3.096530339208357074e-01 1.299900386727398938e-01 2.830242358536225744e-01
3.096530339208357074e-01 1.299900386727398938e-01 2.830242358536225744e-01
3.096530339208357074e-01 1.299900386727398938e-01 2.830242358536225744e-01
3.096530339208357074e-01 1.299900386727398938e-01 2.830242358536225744e-01
3.096530339208357074e-01 1.299900386727398938e-01 2.830242358536225744e-01
3.457096003471323842e-01 1.810642982959884129e-01 4.464506848701522146e-01
3.457096003471323842e-01 1.810642982959884129e-01 4.464506848701522146e-01
2.629772378291569956e-01 5.301012345881014332e-01 5.827137508552037160e-01
2.629772378291569956e-01 5.301012345881014332e-01 5.827137508552037160e-01
2.629772378291569956e-01 5.301012345881014332e-01 5.827137508552037160e-01
2.629772378291569956e-01 5.301012345881014332e-01 5.827137508552037160e-01
2.629772378291569956e-01 5.301012345881014332e-01 5.827137508552037160e-01
2.629772378291569956e-01 5.301012345881014332e-01 5.827137508552037160e-01
2.629772378291569956e-01 5.301012345881014332e-01 5.827137508552037160e-01
2.046989195362779457e-01 4.412500225146726573e-01 4.357356086189053679e-01
2.046989195362779457e-01 4.412500225146726573e-01 4.357356086189053679e-01
2.046989195362779457e-01 4.412500225146726573e-01 4.357356086189053679e-01
2.046989195362779457e-01 4.412500225146726573e-01 4.357356086189053679e-01
2.046989195362779457e-01 4.412500225146726573e-01 4.357356086189053679e-01
2.046989195362779457e-01 4.412500225146726573e-01 4.357356086189053679e-01
2.046989195362779457e-01 4.412500225146726573e-01 4.357356086189053679e-01
2.046989195362779457e-01 4.412500225146726573e-01 4.357356086189053679e-01
3.347439184725601313e-01 3.945618539606507991e-01 6.001811849761141682e-01
3.347439184725601313e-01 3.945618539606507991e-01 6.001811849761141682e-01
3.347439184725601313e-01 3.945618539606507991e-01 6.001811849761141682e-01
3.347439184725601313e-01 3.945618539606507991e-01 6.001811849761141682e-01
1.145644029926133345e-01 6.605776495884407851e-01 2.711989568052282085e-01
