2.489132485845457765e-01 1.481402749648903505e-01 2.664782981241108420e-03
2.489132485845457765e-01 1.481402749648903505e-01 2.664782981241108420e-03
2.489132485845457765e-01 1.481402749648903505e-01 2.664782981241108420e-03
2.489132485845457765e-01 1.481402749648903505e-01 2.664782981241108420e-03
3.347185876064354138e-01 2.265159809476352537e-01 1.290107399062089509e-02
7.602908184222673116e-01 8.531425938463171876e-01 1.322259944378736951e-02
3.851176693230896064e-01 4.898925103362211098e-01 1.048668328268942684e-01
-2.034777396235687430e-02 8.004030734311495809e-01 1.223210924186782511e-01
-6.329321804742945590e-01 9.936815336175460756e-01 4.935193785230912455e-02
-6.329321804742945590e-01 9.936815336175460756e-01 4.935193785230912455e-02
-5.241223797316990618e-01 1.056858025081121477e+00 9.010652506261600247e-02
-5.241223797316990618e-01 1.056858025081121477e+00 9.010652506261600247e-02
-5.241223797316990618e-01 1.056858025081121477e+00 9.010652506261600247e-02
-5.241223797316990618e-01 1.056858025081121477e+00 9.010652506261600247e-02
-5.241223797316990618e-01 1.056858025081121477e+00 9.010652506261600247e-02
-2.056902043754036402e-01 8.371714245737177373e-01 9.539761142025482421e-02
-2.056902043754036402e-01 8.371714245737177373e-01 9.539761142025482421e-02
2.376980906277747496e-01 9.821052643665868498e-01 6.062028991946394330e-02
2.376980906277747496e-01 9.821052643665868498e-01 6.062028991946394330e-02
2.376980906277747496e-01 9.821052643665868498e-01 6.062028991946394330e-02
2.376980906277747496e-01 9.821052643665868498e-01 6.062028991946394330e-02
5.341360578528960845e-01 5.509540073890248912e-01 1.353324323128050621e-01
6.680456409383342953e-01 7.524478709976768487e-01 5.142354441764115935e-02
6.987997952241715716e-01 3.456541245064025381e-01 1.129907360148652284e-01
2.054277372203898722e-01 7.317047165982896173e-01 1.358865534553489185e-01
2.715004659562432199e-01 5.373009243616551078e-01 9.752977031311618750e-02
-3.398961765945196500e-02 6.551253884130316951e-01 6.977981890911870433e-02
1.422592452115885031e-01 8.562036208714078889e-01 1.255990706639767696e-01
1.422592452115885031e-01 8.562036208714078889e-01 1.255990706639767696e-01
1.422592452115885031e-01 8.562036208714078889e-01 1.255990706639767696e-01
1.422592452115885031e-01 8.562036208714078889e-01 1.255990706639767696e-01
1.147562818428937287e-01 1.112848487264204822e+00 3.939137729150250095e-02
-6.945218245667335311e-02 1.061479239674891550e+00 9.449735694728315927e-02
1.960207148282808176e-01 1.244929246294603775e+00 6.749179307002921464e-03
2.100578161927282583e-01 8.405796700424343904e-01 1.203212488406560504e-01
2.353592937644017058e-01 6.515737431271387825e-01 1.277749307032325365e-01
7.083203128603214882e-01 3.987815336953469680e-01 1.265325096975560559e-01
6.241530058392494862e-01 5.881101249359260708e-01 1.211393707111648871e-01
9.177870005045601909e-01 2.440585889613761661e-01 1.115687207445765911e-01
6.414898236156245659e-01 5.185784955393117901e-01 1.314462475510035921e-01
4.876137320566941713e-01 3.782176696636002644e-01 8.349872816740656900e-02
2.749262219418572295e-01 7.034432393063185796e-01 1.368074395871839988e-01
2.749262219418572295e-01 7.034432393063185796e-01 1.368074395871839988e-01
3.407918548015543281e-01 7.682021524004458701e-01 1.200824939412261094e-01
3.407918548015543281e-01 7.682021524004458701e-01 1.200824939412261094e-01
5.564900962768064563e-01 5.402847439613005509e-01 1.348943942438907972e-01
5.564900962768064563e-01 5.402847439613005509e-01 1.348943942438907972e-01
4.540786896866572109e-01 5.068086395037971759e-01 1.233351737686639027e-01
4.540786896866572109e-01 5.068086395037971759e-01 1.233351737686639027e-01
4.540786896866572109e-01 5.068086395037971759e-01 1.233351737686639027e-01
4.978726385572327939e-01 7.337529824655726340e-01 9.917890457895724154e-02
3.125370724560160296e-01 6.114039775665429666e-01 1.293283534712162397e-01
4.243211727971823444e-01 7.683954071488137139e-01 1.028996095152698437e-01
3.725896339438589666e-01 4.356778869454513980e-01 8.026847914082504976e-02
2.046191030868046434e-01 5.001860545017848825e-01 6.647496035452067631e-02
7.131179532021527656e-01 6.603081219551654168e-01 7.539239598944574849e-02
6.178152658130285912e-01 7.230901858051431708e-01 7.410463579261797329e-02
6.735359301085253048e-01 3.295876676261617066e-01 1.034959699102706299e-01
6.735359301085253048e-01 3.295876676261617066e-01 1.034959699102706299e-01
9.493022514284663593e-01 6.725109265232878109e-01 2.446781568917267072e-02
9.493022514284663593e-01 6.725109265232878109e-01 2.446781568917267072e-02
9.493022514284663593e-01 6.725109265232878109e-01 2.446781568917267072e-02
8.671209508593944459e-01 6.528794509822204439e-01 4.329459786671371879e-02
9.503684177252027521e-01 2.120008631818705025e-01 1.068611926064489265e-01
1.183197784829832511e+00 1.844176251610995521e-01 1.062524196296626977e-01
1.183197784829832511e+00 1.844176251610995521e-01 1.062524196296626977e-01
1.204882013685795616e+00 2.552426776190309110e-01 9.450495222314411747e-02
1.204882013685795616e+00 2.552426776190309110e-01 9.450495222314411747e-02
1.099255036362638105e+00 4.408447716330324284e-02 7.543945018059616814e-02
1.099255036362638105e+00 4.408447716330324284e-02 7.543945018059616814e-02
1.099255036362638105e+00 4.408447716330324284e-02 7.543945018059616814e-02
1.323739641310276660e+00 -6.120008120938484619e-02 7.254712631980198001e-02
1.380169342678361444e+00 -9.106972318589733051e-02 7.037667150634349666e-02
1.380169342678361444e+00 -9.106972318589733051e-02 7.037667150634349666e-02
1.192248160044182992e+00 3.531875627984079613e-01 7.024237909680149106e-02
1.024613209682430526e+00 3.998730716374326866e-02 6.203251593626655375e-02
1.024613209682430526e+00 3.998730716374326866e-02 6.203251593626655375e-02
1.163544137406553380e+00 4.850373236334752369e-01 3.637842597973826170e-02
1.163544137406553380e+00 4.850373236334752369e-01 3.637842597973826170e-02
9.090979358665390864e-01 7.275902120085447899e-02 5.331001828617280835e-02
9.090979358665390864e-01 7.275902120085447899e-02 5.331001828617280835e-02
9.090979358665390864e-01 7.275902120085447899e-02 5.331001828617280835e-02
9.090979358665390864e-01 7.275902120085447899e-02 5.331001828617280835e-02
8.006308340414762803e-01 1.977091908997692660e-02 2.255945516054592981e-02
8.006308340414762803e-01 1.977091908997692660e-02 2.255945516054592981e-02
8.006308340414762803e-01 1.977091908997692660e-02 2.255945516054592981e-02
8.006308340414762803e-01 1.977091908997692660e-02 2.255945516054592981e-02
8.006308340414762803e-01 1.977091908997692660e-02 2.255945516054592981e-02
8.006308340414762803e-01 1.977091908997692660e-02 2.255945516054592981e-02
8.006308340414762803e-01 1.977091908997692660e-02 2.255945516054592981e-02
7.921916837811678880e-01 5.611825318447940525e-01 9.369487239122993583e-02
7.921916837811678880e-01 5.611825318447940525e-01 9.369487239122993583e-02
7.921916837811678880e-01 5.611825318447940525e-01 9.369487239122993583e-02
9.123389110953894487e-01 3.934716946617227151e-01 1.166063287895300477e-01
1.210013488715721675e+00 2.249381389933741704e-01 9.929578150359531785e-02
1.210013488715721675e+00 2.249381389933741704e-01 9.929578150359531785e-02
1.269641263036590972e+00 2.818861764662448643e-01 7.455938997896217890e-02
1.528838305466415415e+00 2.159905580233468236e-01 4.060523319270498144e-02
1.036621255595558955e+00 1.272474822773892456e-01 9.310911989271065947e-02
9.290782455469083212e-01 2.612266348346956590e-01 1.158220056364178824e-01
