2.489132485845457765e-01 1.481402749648903505e-01 4.455729380128259885e-03
8.756867143395519193e-01 2.357842314995944877e-01 1.693780610316176771e-01
8.756867143395519193e-01 2.357842314995944877e-01 1.693780610316176771e-01
8.756867143395519193e-01 2.357842314995944877e-01 1.693780610316176771e-01
8.442703098892530011e-01 4.820073203857979105e-01 1.747052896721013882e-01
4.732715259051843981e-01 5.653916838131747280e-01 2.613503366545374962e-01
3.426173680089559803e-01 9.118116558728197596e-01 4.490219772295261924e-02
-7.802087715795541500e-02 1.067384144433740856e+00 5.621011973139810464e-02
-5.939477744847414531e-01 1.240400274868596942e+00 5.658404374854469898e-02
-5.939477744847414531e-01 1.240400274868596942e+00 5.658404374854469898e-02
-6.717825152760437124e-01 9.783501946909465286e-01 1.182291996495142827e-01
-6.717825152760437124e-01 9.783501946909465286e-01 1.182291996495142827e-01
-6.670606017986145941e-01 1.065822839558786539e+00 1.274204728122209085e-01
-6.004745295013994566e-01 8.470557380036112249e-01 8.765497702863622731e-02
-6.004745295013994566e-01 8.470557380036112249e-01 8.765497702863622731e-02
-6.004745295013994566e-01 8.470557380036112249e-01 8.765497702863622731e-02
-2.650940523679246597e-01 8.308084438115959092e-01 2.045564005502061578e-01
-2.650940523679246597e-01 8.308084438115959092e-01 2.045564005502061578e-01
-2.650940523679246597e-01 8.308084438115959092e-01 2.045564005502061578e-01
-2.650940523679246597e-01 8.308084438115959092e-01 2.045564005502061578e-01
-1.530848886489015181e-01 7.971623722798287792e-01 2.270383110673244165e-01
-1.530848886489015181e-01 7.971623722798287792e-01 2.270383110673244165e-01
-1.530848886489015181e-01 7.971623722798287792e-01 2.270383110673244165e-01
-1.530848886489015181e-01 7.971623722798287792e-01 2.270383110673244165e-01
-2.039619484684163375e-01 6.988358708923861906e-01 1.582851637997522154e-01
-2.039619484684163375e-01 6.988358708923861906e-01 1.582851637997522154e-01
-2.039619484684163375e-01 6.988358708923861906e-01 1.582851637997522154e-01
-2.039619484684163375e-01 6.988358708923861906e-01 1.582851637997522154e-01
-3.734535748287923784e-01 7.602635369092287654e-01 1.257773772319377981e-01
-3.734535748287923784e-01 7.602635369092287654e-01 1.257773772319377981e-01
-3.734535748287923784e-01 7.602635369092287654e-01 1.257773772319377981e-01
-3.734535748287923784e-01 7.602635369092287654e-01 1.257773772319377981e-01
-3.734535748287923784e-01 7.602635369092287654e-01 1.257773772319377981e-01
-3.734535748287923784e-01 7.602635369092287654e-01 1.257773772319377981e-01
-1.806493234022829297e-01 9.829819067103360286e-01 1.445390492684476003e-01
-1.806493234022829297e-01 9.829819067103360286e-01 1.445390492684476003e-01
-1.806493234022829297e-01 9.829819067103360286e-01 1.445390492684476003e-01
-1.806493234022829297e-01 9.829819067103360286e-01 1.445390492684476003e-01
-2.718451269924902491e-01 1.110346853760407981e+00 7.291299037311281539e-02
-2.718451269924902491e-01 1.110346853760407981e+00 7.291299037311281539e-02
-2.718451269924902491e-01 1.110346853760407981e+00 7.291299037311281539e-02
-2.718451269924902491e-01 1.110346853760407981e+00 7.291299037311281539e-02
-2.718451269924902491e-01 1.110346853760407981e+00 7.291299037311281539e-02
-2.718451269924902491e-01 1.110346853760407981e+00 7.291299037311281539e-02
9.161208610547078024e-02 8.170032656977527230e-01 2.075125988312839787e-01
9.161208610547078024e-02 8.170032656977527230e-01 2.075125988312839787e-01
6.481406120931473835e-02 7.659620010237181420e-01 2.461974039192088570e-01
6.948408666785407806e-02 7.482772994433659619e-01 2.524735913264742337e-01
6.948408666785407806e-02 7.482772994433659619e-01 2.524735913264742337e-01
6.948408666785407806e-02 7.482772994433659619e-01 2.524735913264742337e-01
6.948408666785407806e-02 7.482772994433659619e-01 2.524735913264742337e-01
2.079875157984389933e-01 6.355159576521941522e-01 2.670220593504988860e-01
2.079875157984389933e-01 6.355159576521941522e-01 2.670220593504988860e-01
-6.185720670426335666e-01 7.048480073649392441e-01 2.411578927003724462e-02
-6.185720670426335666e-01 7.048480073649392441e-01 2.411578927003724462e-02
-2.307704863545067542e-01 5.893637036492994641e-01 6.702274270898583852e-02
-4.657995014894604213e-01 1.072162290077644187e+00 1.315566450331273896e-01
-4.657995014894604213e-01 1.072162290077644187e+00 1.315566450331273896e-01
-4.657995014894604213e-01 1.072162290077644187e+00 1.315566450331273896e-01
-4.657995014894604213e-01 1.072162290077644187e+00 1.315566450331273896e-01
-4.657995014894604213e-01 1.072162290077644187e+00 1.315566450331273896e-01
-4.657995014894604213e-01 1.072162290077644187e+00 1.315566450331273896e-01
-8.410837809772544471e-01 1.136652344042384355e+00 9.630682386283435925e-02
-9.620023438329927679e-01 1.191738660031450348e+00 7.686223558419846835e-02
-9.620023438329927679e-01 1.191738660031450348e+00 7.686223558419846835e-02
-9.706755198447570843e-01 1.190151018976814079e+00 7.577517709134388990e-02
-1.134667778388119608e+00 1.077598701738740949e+00 3.172561846133593877e-02
-1.421319804474817206e+00 1.190607978439688130e+00 1.434297094791275352e-02
-1.433576679949995825e+00 1.286713979854857470e+00 2.191049506727287335e-02
-9.535146491934440860e-01 8.368220829344950040e-01 1.119786790917205385e-02
-9.736887349638690958e-01 9.286399213448492951e-01 2.508539828586872633e-02
-9.104535551474365329e-01 9.296376995037736179e-01 3.608075230425530217e-02
-9.656941042079915105e-01 1.280973107528740718e+00 6.334141743356620780e-02
-9.656941042079915105e-01 1.280973107528740718e+00 6.334141743356620780e-02
-9.656941042079915105e-01 1.280973107528740718e+00 6.334141743356620780e-02
-9.656941042079915105e-01 1.280973107528740718e+00 6.334141743356620780e-02
-7.038108567451066833e-01 1.396812369297288470e+00 1.660199070762728019e-02
-7.038108567451066833e-01 1.396812369297288470e+00 1.660199070762728019e-02
-7.290548239606479131e-01 1.401320935812022661e+00 1.726802785804880391e-02
-6.469962401523549067e-01 1.045547753972083438e+00 1.321936135810202195e-01
-6.469962401523549067e-01 1.045547753972083438e+00 1.321936135810202195e-01
-6.469962401523549067e-01 1.045547753972083438e+00 1.321936135810202195e-01
-6.469962401523549067e-01 1.045547753972083438e+00 1.321936135810202195e-01
-1.043936624212247866e+00 1.434055957181852747e+00 2.753825783678352790e-02
-1.043936624212247866e+00 1.434055957181852747e+00 2.753825783678352790e-02
-1.231576893128035310e+00 1.312450098610649318e+00 4.297036464412077456e-02
-1.231576893128035310e+00 1.312450098610649318e+00 4.297036464412077456e-02
-1.168490204493699558e+00 1.458888658858553455e+00 2.627900707870968466e-02
-1.168490204493699558e+00 1.458888658858553455e+00 2.627900707870968466e-02
-1.168490204493699558e+00 1.458888658858553455e+00 2.627900707870968466e-02
-1.168490204493699558e+00 1.458888658858553455e+00 2.627900707870968466e-02
-1.168490204493699558e+00 1.458888658858553455e+00 2.627900707870968466e-02
-1.168617818244413131e+00 1.228022133355447076e+00 4.865493736246455370e-02
-1.111140132526638569e+00 1.324006957277355845e+00 5.039026730588572200e-02
-9.377941660971471638e-01 1.592458258887391453e+00 3.272896227236496945e-03
-9.377941660971471638e-01 1.592458258887391453e+00 3.272896227236496945e-03
-9.377941660971471638e-01 1.592458258887391453e+00 3.272896227236496945e-03
-9.377941660971471638e-01 1.592458258887391453e+00 3.272896227236496945e-03
-7.774152943243436420e-01 1.228446349864122045e+00 7.800597073431925210e-02
-9.494556954352006972e-01 1.128730398024167636e+00 7.695033165741049785e-02
