2.489132485845457765e-01 1.481402749648903505e-01 1.776333133097033777e-03
2.489132485845457765e-01 1.481402749648903505e-01 1.776333133097033777e-03
2.489132485845457765e-01 1.481402749648903505e-01 1.776333133097033777e-03
2.938783253737786705e-02 2.989541070454599381e-01 1.662353604212362095e-03
2.938783253737786705e-02 2.989541070454599381e-01 1.662353604212362095e-03
-3.320612644872897312e-02 3.715221315072815278e-01 2.223315918904568336e-03
2.712228403213068351e-01 5.889656337294968402e-01 4.190832884279725029e-02
2.712228403213068351e-01 5.889656337294968402e-01 4.190832884279725029e-02
2.712228403213068351e-01 5.889656337294968402e-01 4.190832884279725029e-02
2.712228403213068351e-01 5.889656337294968402e-01 4.190832884279725029e-02
4.091467078770517074e-01 6.508514225350328086e-01 5.338218709945426188e-02
7.270907148415601817e-01 2.978049187905481565e-01 6.161979361795143911e-02
7.270907148415601817e-01 2.978049187905481565e-01 6.161979361795143911e-02
1.000879530403052220e+00 3.041535844039258696e-01 8.133803000269256012e-02
1.301443146886517743e+00 1.606205117864498155e-01 8.346033469782587755e-02
1.475920052178263608e+00 -1.740546561859171448e-01 7.292461953246161255e-02
1.484564819444055939e+00 -2.981684936320952994e-01 4.391360248637544983e-02
1.335629357426304065e+00 2.050174755336486854e-02 8.954783181990219609e-02
1.883922178019565408e+00 -1.803892143455550212e-01 7.320847656546744520e-02
1.309551180362730882e+00 -7.607289665889083174e-04 8.587473520804986271e-02
1.533873481663512894e+00 -1.768426601410762189e-01 7.892919072866490249e-02
1.208944323194533599e+00 -1.012232116452196490e-01 5.099375929466477136e-02
1.327479714830536839e+00 -8.558721308273058159e-02 7.284232059397614811e-02
1.907440802898213938e+00 -1.211782036507790816e-01 5.911971487959673255e-02
1.797645641092985302e+00 -4.514289213770392717e-01 4.842540566141786268e-02
2.290697024050395658e+00 -7.619078383611601613e-01 3.228039820385641967e-02
2.804644233248259066e+00 -8.289818388924954373e-01 3.255023227788856471e-02
2.637257886506020554e+00 -6.808242365602970025e-01 4.010433241881123517e-02
2.637257886506020554e+00 -6.808242365602970025e-01 4.010433241881123517e-02
2.647127788287668704e+00 -7.916417844532137593e-01 3.896290238833369918e-02
2.647127788287668704e+00 -7.916417844532137593e-01 3.896290238833369918e-02
2.647127788287668704e+00 -7.916417844532137593e-01 3.896290238833369918e-02
2.274517043274092210e+00 -5.624625462673304988e-01 5.919872947873847102e-02
2.274517043274092210e+00 -5.624625462673304988e-01 5.919872947873847102e-02
2.316578102156543473e+00 -4.771224930898351757e-01 5.672092382017732137e-02
2.316578102156543473e+00 -4.771224930898351757e-01 5.672092382017732137e-02
2.288015111633077137e+00 -6.273724434364444935e-01 5.301687033534899229e-02
2.288015111633077137e+00 -6.273724434364444935e-01 5.301687033534899229e-02
2.326640641017033495e+00 -4.692224187318552175e-01 5.513955777072616915e-02
2.326640641017033495e+00 -4.692224187318552175e-01 5.513955777072616915e-02
2.326640641017033495e+00 -4.692224187318552175e-01 5.513955777072616915e-02
2.326640641017033495e+00 -4.692224187318552175e-01 5.513955777072616915e-02
2.326640641017033495e+00 -4.692224187318552175e-01 5.513955777072616915e-02
1.896359457351805888e+00 -1.638413293885370159e-01 6.894955702612490245e-02
1.992624886606485513e+00 -3.125898082161658320e-01 7.505988380864589415e-02
1.992624886606485513e+00 -3.125898082161658320e-01 7.505988380864589415e-02
1.953712422994076769e+00 -5.203103257612554655e-01 5.010972911181000439e-02
1.953712422994076769e+00 -5.203103257612554655e-01 5.010972911181000439e-02
1.953712422994076769e+00 -5.203103257612554655e-01 5.010972911181000439e-02
1.953712422994076769e+00 -5.203103257612554655e-01 5.010972911181000439e-02
1.953712422994076769e+00 -5.203103257612554655e-01 5.010972911181000439e-02
2.176399645390258542e+00 -3.446102927371529345e-01 5.907856323942412002e-02
2.176399645390258542e+00 -3.446102927371529345e-01 5.907856323942412002e-02
2.176399645390258542e+00 -3.446102927371529345e-01 5.907856323942412002e-02
1.840781185039406465e+00 -6.005398138999185065e-02 5.643132977412620988e-02
1.674761663270789125e+00 2.512041210414345249e-01 1.618253903796118554e-02
1.674761663270789125e+00 2.512041210414345249e-01 1.618253903796118554e-02
1.309919175283590809e+00 2.353728954103906368e-03 8.628824190382589077e-02
1.309919175283590809e+00 2.353728954103906368e-03 8.628824190382589077e-02
1.309919175283590809e+00 2.353728954103906368e-03 8.628824190382589077e-02
8.177095981309914219e-01 5.097848532393261384e-02 2.728442389695276415e-02
1.189158583096977750e+00 -1.052961392776174399e-01 4.689380839379655996e-02
1.189158583096977750e+00 -1.052961392776174399e-01 4.689380839379655996e-02
1.293469136888800719e+00 2.034887217825501193e-02 8.706559460727460176e-02
1.293469136888800719e+00 2.034887217825501193e-02 8.706559460727460176e-02
1.293469136888800719e+00 2.034887217825501193e-02 8.706559460727460176e-02
8.250135483580330886e-01 4.053903350796084215e-01 7.469552894605441251e-02
8.250135483580330886e-01 4.053903350796084215e-01 7.469552894605441251e-02
1.350706183391186199e+00 1.497147589579418403e-01 8.070164282983667559e-02
1.350706183391186199e+00 1.497147589579418403e-01 8.070164282983667559e-02
1.350706183391186199e+00 1.497147589579418403e-01 8.070164282983667559e-02
1.061857458666750187e+00 3.663919926883741907e-01 6.773674340587387821e-02
1.061857458666750187e+00 3.663919926883741907e-01 6.773674340587387821e-02
1.203081572837387370e+00 -1.477600755166340596e-01 3.894588113087452813e-02
1.070771553144465926e+00 5.514352576374934034e-02 6.624913920106112464e-02
1.340605477921162247e+00 2.842058947254080259e-01 5.107823158144673276e-02
1.340605477921162247e+00 2.842058947254080259e-01 5.107823158144673276e-02
1.340605477921162247e+00 2.842058947254080259e-01 5.107823158144673276e-02
1.340605477921162247e+00 2.842058947254080259e-01 5.107823158144673276e-02
1.340605477921162247e+00 2.842058947254080259e-01 5.107823158144673276e-02
1.213739133652485647e+00 1.236078142500257604e-01 8.912747994260601658e-02
1.213739133652485647e+00 1.236078142500257604e-01 8.912747994260601658e-02
1.045006755499431339e+00 1.148393082475433757e-01 7.439529108247504297e-02
1.045006755499431339e+00 1.148393082475433757e-01 7.439529108247504297e-02
1.372278964062080719e+00 -2.086804270450021981e-01 4.953973416450902639e-02
1.888831231780342179e+00 -1.661241102212098752e-01 7.035987238275957789e-02
1.888831231780342179e+00 -1.661241102212098752e-01 7.035987238275957789e-02
1.648172792502297312e+00 7.836985579336180896e-03 7.126438342087951239e-02
1.453727285828632310e+00 9.188284465270415979e-02 7.999305646924270707e-02
1.208617374092262775e+00 -1.900183104207878171e-02 7.065371608914425283e-02
1.208617374092262775e+00 -1.900183104207878171e-02 7.065371608914425283e-02
1.208617374092262775e+00 -1.900183104207878171e-02 7.065371608914425283e-02
1.329501411573217551e+00 6.835961733177745719e-03 8.816428029660147714e-02
1.329501411573217551e+00 6.835961733177745719e-03 8.816428029660147714e-02
1.179834262078437224e+00 1.709558667109900287e-01 8.795245568192386343e-02
1.179834262078437224e+00 1.709558667109900287e-01 8.795245568192386343e-02
1.269223688575241260e+00 1.199420208562429202e-01 8.928739645909963829e-02
1.155240765145785220e+00 5.848648108093044140e-01 1.341483570729804994e-02
1.155240765145785220e+00 5.848648108093044140e-01 1.341483570729804994e-02
1.155240765145785220e+00 5.848648108093044140e-01 1.341483570729804994e-02
