2.489132485845457765e-01 1.481402749648903505e-01 2.134581184436052780e-03
2.347560306994538326e-01 3.894434840664706687e-02 4.028818440634034884e-04
2.347560306994538326e-01 3.894434840664706687e-02 4.028818440634034884e-04
4.665243626325717985e-01 -4.768800762079027089e-02 9.436151736952258159e-04
5.892438672188176074e-01 -6.861625159770665117e-02 1.989001054971331964e-03
2.439376712824449234e-01 7.979605117782878621e-02 8.073189988755179007e-04
5.931793168902345093e-01 2.186470499968309195e-02 6.141627439283913262e-03
3.394277581254073195e-01 5.743336080440916147e-01 8.000889936868316177e-02
3.394277581254073195e-01 5.743336080440916147e-01 8.000889936868316177e-02
3.394277581254073195e-01 5.743336080440916147e-01 8.000889936868316177e-02
3.394277581254073195e-01 5.743336080440916147e-01 8.000889936868316177e-02
3.394277581254073195e-01 5.743336080440916147e-01 8.000889936868316177e-02
3.176912255903329707e-01 2.775345802448020982e-01 1.413557554600755432e-02
3.674954727012122446e-01 4.032605376327942359e-01 4.482192743846619837e-02
3.674954727012122446e-01 4.032605376327942359e-01 4.482192743846619837e-02
2.843865712159822645e-01 8.647622680371434001e-01 6.384078008629273659e-02
2.843865712159822645e-01 8.647622680371434001e-01 6.384078008629273659e-02
2.247101920804846775e-01 7.056431210368681040e-01 8.230781810560906797e-02
5.487853215786485661e-01 7.038276637583305018e-01 7.268867221216906982e-02
2.546435735958506585e-01 7.587655257768946004e-01 8.312203756067920724e-02
6.457669529273736275e-01 6.679990795141936832e-01 6.887151328281818086e-02
6.356703508526383439e-01 7.035318772250023223e-01 6.044327140314174895e-02
6.364854940755629853e-01 5.296572865469743041e-01 9.702168501229331554e-02
7.349982473497010949e-01 4.300945122725041703e-01 1.002826592133622130e-01
1.149533471402167661e+00 4.136553817918707798e-01 5.759234661827936086e-02
1.149533471402167661e+00 4.136553817918707798e-01 5.759234661827936086e-02
1.149533471402167661e+00 4.136553817918707798e-01 5.759234661827936086e-02
8.099033250355318625e-01 7.276057527402250980e-01 2.882021579338521489e-02
8.099033250355318625e-01 7.276057527402250980e-01 2.882021579338521489e-02
8.099033250355318625e-01 7.276057527402250980e-01 2.882021579338521489e-02
6.135737424430016684e-01 7.753464325856006534e-01 4.397068673353428381e-02
4.651115361200737208e-01 8.917263854803828549e-01 3.495106444491209025e-02
2.020505019670737479e-02 9.295800465564674209e-01 6.847637880092131979e-02
3.508095578666954317e-01 5.941072093235042484e-01 8.440800773604013874e-02
3.508095578666954317e-01 5.941072093235042484e-01 8.440800773604013874e-02
3.508095578666954317e-01 5.941072093235042484e-01 8.440800773604013874e-02
7.686584248539353181e-01 5.510961493458710336e-01 8.229456778237791148e-02
7.260689170755201260e-01 5.762795217884523202e-01 8.176141704324861592e-02
6.825461834985094844e-01 2.079512072215187191e-01 4.703559817634146017e-02
6.825461834985094844e-01 2.079512072215187191e-01 4.703559817634146017e-02
1.051473790358080196e+00 3.873088774142618984e-01 8.184575558168392939e-02
1.051473790358080196e+00 3.873088774142618984e-01 8.184575558168392939e-02
1.295278389015397380e+00 2.211148348949064368e-01 8.291212295232275320e-02
1.295278389015397380e+00 2.211148348949064368e-01 8.291212295232275320e-02
1.310043005128050719e+00 4.472061484988582025e-01 2.444083511230637010e-02
1.196698292625841153e+00 5.365270127945667156e-01 2.102100640151455258e-02
1.196698292625841153e+00 5.365270127945667156e-01 2.102100640151455258e-02
1.196698292625841153e+00 5.365270127945667156e-01 2.102100640151455258e-02
1.330565567916975667e+00 2.844011878052409292e-01 6.106701392012374441e-02
1.140934081224794117e+00 9.112095862486901954e-02 8.804787360479603142e-02
1.045175884810054523e+00 4.443813145944984500e-02 6.214226078603393710e-02
1.045175884810054523e+00 4.443813145944984500e-02 6.214226078603393710e-02
1.045175884810054523e+00 4.443813145944984500e-02 6.214226078603393710e-02
1.224468168950259228e+00 -1.174865022091648586e-01 4.468212337102484694e-02
1.303373322042534976e+00 1.103547873055997913e-01 9.574687585331614903e-02
1.303373322042534976e+00 1.103547873055997913e-01 9.574687585331614903e-02
1.303373322042534976e+00 1.103547873055997913e-01 9.574687585331614903e-02
1.187829095218811970e+00 2.040880549378600306e-01 9.753696152944586750e-02
1.489666058818596150e+00 -2.381165417823267738e-01 4.940285401096018714e-02
1.489666058818596150e+00 -2.381165417823267738e-01 4.940285401096018714e-02
1.396869895235998582e+00 -3.974878663795860523e-01 1.029832987731082311e-02
1.396869895235998582e+00 -3.974878663795860523e-01 1.029832987731082311e-02
1.274495473770095977e+00 -3.944146164367806628e-01 5.144413870160246399e-03
1.046041191098670664e+00 -8.577636659256859808e-02 2.813331004744338767e-02
1.046041191098670664e+00 -8.577636659256859808e-02 2.813331004744338767e-02
1.385451478646341439e+00 -1.288100547725429812e-01 6.437902234823707215e-02
1.390954282502320227e+00 2.029384610904799713e-02 9.201618931784330546e-02
1.390954282502320227e+00 2.029384610904799713e-02 9.201618931784330546e-02
8.306988293382465693e-01 4.097728605820958880e-01 1.004211994140047637e-01
1.240709787755477800e+00 3.409367373801981960e-01 6.173307216033994960e-02
1.492364952228387498e+00 5.201364265028691758e-01 3.875842448898794007e-03
1.492364952228387498e+00 5.201364265028691758e-01 3.875842448898794007e-03
1.492364952228387498e+00 5.201364265028691758e-01 3.875842448898794007e-03
1.440190951491969962e+00 2.658959382653184322e-01 4.660879590536516626e-02
1.440190951491969962e+00 2.658959382653184322e-01 4.660879590536516626e-02
1.140090733053470196e+00 5.458868921748735170e-01 2.578431630489578380e-02
1.091346918321038695e+00 4.156655308895833567e-01 6.741304873426948174e-02
1.091346918321038695e+00 4.156655308895833567e-01 6.741304873426948174e-02
1.415961278953553837e+00 1.728693939139314961e-01 7.444572600092215497e-02
1.415961278953553837e+00 1.728693939139314961e-01 7.444572600092215497e-02
1.415961278953553837e+00 1.728693939139314961e-01 7.444572600092215497e-02
1.415961278953553837e+00 1.728693939139314961e-01 7.444572600092215497e-02
1.093395252322215017e+00 5.116014252991770705e-01 4.023801908913594155e-02
1.093395252322215017e+00 5.116014252991770705e-01 4.023801908913594155e-02
7.816598920841937304e-01 4.240252630608402629e-01 1.006928267552128636e-01
8.961515019399063364e-01 2.174709764854242944e-01 8.579347445767067371e-02
8.961515019399063364e-01 2.174709764854242944e-01 8.579347445767067371e-02
8.961515019399063364e-01 2.174709764854242944e-01 8.579347445767067371e-02
7.032623067857374233e-01 3.643389028052907985e-01 9.109221252293742133e-02
3.308043834460718258e-01 4.726236455387663460e-01 5.599695392598878774e-02
3.308043834460718258e-01 4.726236455387663460e-01 5.599695392598878774e-02
-9.216354144817817673e-02 7.722934632974142177e-01 5.154272248475283424e-02
-9.216354144817817673e-02 7.722934632974142177e-01 5.154272248475283424e-02
-3.259832469058241422e-01 1.082384382378356102e+00 5.305337807832277014e-02
-3.259832469058241422e-01 1.082384382378356102e+00 5.305337807832277014e-02
-3.259832469058241422e-01 1.082384382378356102e+00 5.305337807832277014e-02
-9.568929183072036326e-02 1.073795373226184235e+00 5.176030595770041154e-02
1.262461990752582197e-01 9.881101626409208860e-01 5.151676163135566339e-02
-3.324341680962351608e-01 1.150707728094642279e+00 4.876533017610964332e-02
-6.332613013923987788e-01 9.999969125586688490e-01 1.944463990865665654e-02
