2.489132485845457765e-01 1.481402749648903505e-01 4.614691081394194094e-03
2.489132485845457765e-01 1.481402749648903505e-01 4.614691081394194094e-03
4.553247200734869549e-02 5.909976334681465993e-01 1.884247442921790083e-01
-1.741605830223099394e-01 7.247555592891532505e-01 1.876525045902565081e-01
-1.741605830223099394e-01 7.247555592891532505e-01 1.876525045902565081e-01
-1.741605830223099394e-01 7.247555592891532505e-01 1.876525045902565081e-01
-1.741605830223099394e-01 7.247555592891532505e-01 1.876525045902565081e-01
-1.741605830223099394e-01 7.247555592891532505e-01 1.876525045902565081e-01
1.671464163858923935e-02 6.374691283840207001e-01 2.126093076176056862e-01
1.671464163858923935e-02 6.374691283840207001e-01 2.126093076176056862e-01
-1.091044842835499906e-01 7.796818626184177647e-01 2.325819616961258551e-01
-1.091044842835499906e-01 7.796818626184177647e-01 2.325819616961258551e-01
-6.006253454237476808e-01 9.455481059277522915e-01 1.260348043879222779e-01
-6.006253454237476808e-01 9.455481059277522915e-01 1.260348043879222779e-01
-6.105044863729175431e-01 1.097889956476238771e+00 1.215991552049809771e-01
-8.556263350413663149e-01 1.061353087560653607e+00 8.335241926957502601e-02
-5.283788613385907995e-01 1.099847355595718446e+00 1.193808874143428012e-01
-5.283788613385907995e-01 1.099847355595718446e+00 1.193808874143428012e-01
-5.283788613385907995e-01 1.099847355595718446e+00 1.193808874143428012e-01
-6.054352407862906293e-01 1.054365547632306166e+00 1.330701874073100255e-01
-6.054352407862906293e-01 1.054365547632306166e+00 1.330701874073100255e-01
-6.054352407862906293e-01 1.054365547632306166e+00 1.330701874073100255e-01
-6.054352407862906293e-01 1.054365547632306166e+00 1.330701874073100255e-01
-6.254233355755084434e-01 1.045637536339666829e+00 1.314974810209752765e-01
-6.254233355755084434e-01 1.045637536339666829e+00 1.314974810209752765e-01
-3.609229642946742977e-01 9.962695025199382881e-01 1.617688946213094170e-01
-3.609229642946742977e-01 9.962695025199382881e-01 1.617688946213094170e-01
-7.396689787058430277e-02 7.081006631592545730e-01 2.197504514492366057e-01
-3.274253438373612157e-01 9.735918571515314035e-01 1.714624237915111926e-01
-1.812593950272416710e-01 9.348623778498117431e-01 1.795036143681830731e-01
-1.812593950272416710e-01 9.348623778498117431e-01 1.795036143681830731e-01
-1.812593950272416710e-01 9.348623778498117431e-01 1.795036143681830731e-01
-1.812593950272416710e-01 9.348623778498117431e-01 1.795036143681830731e-01
-1.812593950272416710e-01 9.348623778498117431e-01 1.795036143681830731e-01
-1.812593950272416710e-01 9.348623778498117431e-01 1.795036143681830731e-01
-1.917078140953710763e-01 7.934308971970230884e-01 2.135290077708235923e-01
-1.917078140953710763e-01 7.934308971970230884e-01 2.135290077708235923e-01
-5.714808867293186267e-02 8.310111534753148455e-01 2.265858644238847308e-01
-5.714808867293186267e-02 8.310111534753148455e-01 2.265858644238847308e-01
-5.714808867293186267e-02 8.310111534753148455e-01 2.265858644238847308e-01
-4.141107663771971814e-01 1.126343533204013703e+00 8.998180881703501943e-02
-4.141107663771971814e-01 1.126343533204013703e+00 8.998180881703501943e-02
-4.141107663771971814e-01 1.126343533204013703e+00 8.998180881703501943e-02
-4.141107663771971814e-01 1.126343533204013703e+00 8.998180881703501943e-02
-4.141107663771971814e-01 1.126343533204013703e+00 8.998180881703501943e-02
-8.501102335657100273e-01 1.048606774548281884e+00 8.198223061944472090e-02
-8.501102335657100273e-01 1.048606774548281884e+00 8.198223061944472090e-02
-9.129644427923645500e-01 1.139016159969490571e+00 8.101215331705845235e-02
-9.129644427923645500e-01 1.139016159969490571e+00 8.101215331705845235e-02
-9.129644427923645500e-01 1.139016159969490571e+00 8.101215331705845235e-02
-1.226910146871426965e+00 1.483814743605749609e+00 2.282477579980235136e-02
-1.481817867404887190e+00 1.414428032475993691e+00 2.179084006131390763e-02
-1.481817867404887190e+00 1.414428032475993691e+00 2.179084006131390763e-02
-1.481817867404887190e+00 1.414428032475993691e+00 2.179084006131390763e-02
-1.481817867404887190e+00 1.414428032475993691e+00 2.179084006131390763e-02
-1.543848444177573942e+00 1.268304857931341401e+00 1.089649317868864389e-02
-1.221928624778801487e+00 1.458473396882030704e+00 2.658006285819963788e-02
-1.221928624778801487e+00 1.458473396882030704e+00 2.658006285819963788e-02
-1.221928624778801487e+00 1.458473396882030704e+00 2.658006285819963788e-02
-6.569819340299980492e-01 8.703573535752763268e-01 7.602368859780855859e-02
-6.569819340299980492e-01 8.703573535752763268e-01 7.602368859780855859e-02
-6.569819340299980492e-01 8.703573535752763268e-01 7.602368859780855859e-02
-8.094485094719234830e-01 1.056134905175321714e+00 9.357440072338690795e-02
-8.471462870858017524e-01 1.298391725769116878e+00 5.493804582281093529e-02
-7.744765220302424202e-01 1.079265157941264208e+00 1.040781731980245789e-01
-5.296543234342705464e-01 1.352064254469814930e+00 1.409372946972958437e-02
-5.829756767333291734e-01 8.228652947062188305e-01 7.767002925957337822e-02
-4.879536768004584246e-01 1.183525782567013573e+00 6.918906830628268612e-02
-4.879536768004584246e-01 1.183525782567013573e+00 6.918906830628268612e-02
-4.879536768004584246e-01 1.183525782567013573e+00 6.918906830628268612e-02
-4.879536768004584246e-01 1.183525782567013573e+00 6.918906830628268612e-02
-4.879536768004584246e-01 1.183525782567013573e+00 6.918906830628268612e-02
-4.879536768004584246e-01 1.183525782567013573e+00 6.918906830628268612e-02
-4.879536768004584246e-01 1.183525782567013573e+00 6.918906830628268612e-02
-4.879536768004584246e-01 1.183525782567013573e+00 6.918906830628268612e-02
-4.879536768004584246e-01 1.183525782567013573e+00 6.918906830628268612e-02
-4.879536768004584246e-01 1.183525782567013573e+00 6.918906830628268612e-02
-8.780228385464947660e-01 8.342748836429285664e-01 1.691003425041076591e-02
-8.102082511053569913e-01 7.317567737930861238e-01 8.089362228892223866e-03
-8.102082511053569913e-01 7.317567737930861238e-01 8.089362228892223866e-03
-8.102082511053569913e-01 7.317567737930861238e-01 8.089362228892223866e-03
-8.102082511053569913e-01 7.317567737930861238e-01 8.089362228892223866e-03
-5.360093703879773575e-01 1.352561872036268875e+00 1.440577212842996703e-02
-6.523925684128909497e-01 1.172313253056787463e+00 9.305668023455390681e-02
-6.523925684128909497e-01 1.172313253056787463e+00 9.305668023455390681e-02
-8.058912892162188868e-01 1.198558893780116819e+00 8.575293954070885294e-02
-8.058912892162188868e-01 1.198558893780116819e+00 8.575293954070885294e-02
-8.058912892162188868e-01 1.198558893780116819e+00 8.575293954070885294e-02
-8.058912892162188868e-01 1.198558893780116819e+00 8.575293954070885294e-02
-5.885659205248805481e-01 7.940757963630074023e-01 6.191019653995130656e-02
-5.885659205248805481e-01 7.940757963630074023e-01 6.191019653995130656e-02
-5.885659205248805481e-01 7.940757963630074023e-01 6.191019653995130656e-02
-5.665053814006418831e-01 8.555375542969199110e-01 1.000705789586392030e-01
-9.306527436371635487e-01 1.086361604427945604e+00 7.081153103918591540e-02
-9.306527436371635487e-01 1.086361604427945604e+00 7.081153103918591540e-02
-9.306527436371635487e-01 1.086361604427945604e+00 7.081153103918591540e-02
-9.306527436371635487e-01 1.086361604427945604e+00 7.081153103918591540e-02
-9.074605794266669134e-01 1.274722073219834995e+00 6.374508663233842409e-02
-9.074605794266669134e-01 1.274722073219834995e+00 6.374508663233842409e-02
-9.074605794266669134e-01 1.274722073219834995e+00 6.374508663233842409e-02
