2.489132485845457765e-01 1.481402749648903505e-01 2.196311497166378215e-03
2.489132485845457765e-01 1.481402749648903505e-01 2.196311497166378215e-03
1.559252496376003494e-01 3.922767498043974177e-01 1.560582793267404483e-02
1.559252496376003494e-01 3.922767498043974177e-01 1.560582793267404483e-02
1.559252496376003494e-01 3.922767498043974177e-01 1.560582793267404483e-02
1.212501621997910950e-01 7.066665055485263913e-01 7.234094176375420460e-02
3.003489294828584621e-01 6.207874622895674932e-01 8.523897677945391216e-02
2.303467173193102790e-01 4.583752364293488535e-01 3.700184429996138114e-02
2.303467173193102790e-01 4.583752364293488535e-01 3.700184429996138114e-02
6.607960235773615576e-01 2.927342927624096425e-01 7.234324669057069779e-02
7.678974714585528050e-01 1.942710324762812468e-01 6.325822564076021004e-02
3.126152340644653971e-01 5.275454136929356164e-01 6.893004063898022782e-02
7.283252138662654751e-01 5.572402957133508750e-01 9.420690877196780111e-02
7.283252138662654751e-01 5.572402957133508750e-01 9.420690877196780111e-02
3.722263204640491874e-01 2.370527155612497383e-01 1.404133909872972742e-02
3.157711163334352422e-01 5.300661227707043066e-01 7.012309942415391462e-02
4.490053550233391588e-01 5.297673100359214793e-01 9.227828864440977552e-02
4.490053550233391588e-01 5.297673100359214793e-01 9.227828864440977552e-02
4.490053550233391588e-01 5.297673100359214793e-01 9.227828864440977552e-02
4.490053550233391588e-01 5.297673100359214793e-01 9.227828864440977552e-02
1.447752480398236119e-01 7.531921048096628102e-01 7.998215201439654032e-02
-2.520194920741389288e-02 8.908223498251961470e-01 6.984849003352672225e-02
-2.520194920741389288e-02 8.908223498251961470e-01 6.984849003352672225e-02
3.333127087929844690e-01 5.026432033962164869e-01 6.663776046718737633e-02
1.308017737183491402e-01 1.015610578556258137e+00 4.577096456221331489e-02
4.684131408019545084e-01 8.736622379601928223e-01 4.144251480538538313e-02
8.544671530042531327e-01 7.502839001901511207e-01 2.184473392819728105e-02
8.544671530042531327e-01 7.502839001901511207e-01 2.184473392819728105e-02
8.544671530042531327e-01 7.502839001901511207e-01 2.184473392819728105e-02
4.042485450206332320e-01 9.412822167433237963e-01 3.291596530475188881e-02
4.042485450206332320e-01 9.412822167433237963e-01 3.291596530475188881e-02
1.005613362173440439e+00 6.167416458150276615e-01 3.171352516899889062e-02
7.397563275181999742e-01 5.629315824270801905e-01 9.133985195821338332e-02
7.397563275181999742e-01 5.629315824270801905e-01 9.133985195821338332e-02
6.552457240135602934e-01 5.046519359543893968e-01 1.066541410451557204e-01
7.154921867892285459e-01 6.504477374346813168e-01 6.929766082416294326e-02
6.331819672279438427e-01 4.901791278311717903e-01 1.063120711273026903e-01
6.331819672279438427e-01 4.901791278311717903e-01 1.063120711273026903e-01
6.331819672279438427e-01 4.901791278311717903e-01 1.063120711273026903e-01
6.331819672279438427e-01 4.901791278311717903e-01 1.063120711273026903e-01
1.028826208848592882e+00 6.225011841174630245e-01 2.728347702425636470e-02
1.028826208848592882e+00 6.225011841174630245e-01 2.728347702425636470e-02
1.028826208848592882e+00 6.225011841174630245e-01 2.728347702425636470e-02
1.028826208848592882e+00 6.225011841174630245e-01 2.728347702425636470e-02
9.890265994369977776e-01 5.298954301108820264e-01 5.922725835467965161e-02
8.613671550512451702e-01 1.766212322946225655e-01 7.630308364354869421e-02
8.716844017207958650e-01 4.042552524346468279e-01 1.098400536697525520e-01
8.716844017207958650e-01 4.042552524346468279e-01 1.098400536697525520e-01
8.438096490457697163e-01 5.150960825149352162e-01 8.964552997597044492e-02
8.438096490457697163e-01 5.150960825149352162e-01 8.964552997597044492e-02
8.365762549509148105e-01 5.259346458228328913e-01 8.765215690190865383e-02
8.365762549509148105e-01 5.259346458228328913e-01 8.765215690190865383e-02
8.365762549509148105e-01 5.259346458228328913e-01 8.765215690190865383e-02
8.553686969005943608e-01 4.296306600056503666e-01 1.074805031643338432e-01
5.378781511203862831e-01 6.194057068271263677e-01 9.759276291608663667e-02
1.798905793403584030e-01 7.897068668681510584e-01 8.237237215440404436e-02
3.287667677809534839e-01 9.945205288013199141e-01 2.959086050806488885e-02
6.531287570427126710e-01 6.071078663044280344e-01 9.076079820587128200e-02
6.531287570427126710e-01 6.071078663044280344e-01 9.076079820587128200e-02
7.414363576867394334e-01 6.146019395441144617e-01 7.618669536423176847e-02
7.414363576867394334e-01 6.146019395441144617e-01 7.618669536423176847e-02
2.091471315964460453e-01 5.938747784876693414e-01 6.552317102517345171e-02
1.497929509411932980e-01 8.685432832752369992e-01 7.447198170076499424e-02
1.277626653722182815e-01 6.340649938258724472e-01 5.999481142889989682e-02
2.697164808577233730e-01 7.135358549210069068e-01 8.846546504047961279e-02
2.697164808577233730e-01 7.135358549210069068e-01 8.846546504047961279e-02
2.697164808577233730e-01 7.135358549210069068e-01 8.846546504047961279e-02
6.043716818639821575e-01 8.732949923296340344e-01 2.493848439525545718e-02
7.470524176693896790e-01 6.458064411461919008e-01 6.548987828166345782e-02
5.176506725954184152e-01 5.686507298331564542e-01 1.015896243465257281e-01
5.176506725954184152e-01 5.686507298331564542e-01 1.015896243465257281e-01
8.479533144690660773e-01 4.995898604559216305e-01 9.331046002111195725e-02
8.479533144690660773e-01 4.995898604559216305e-01 9.331046002111195725e-02
1.151884875293683441e+00 1.889171310959701366e-01 1.128548983468000561e-01
1.151884875293683441e+00 1.889171310959701366e-01 1.128548983468000561e-01
1.151884875293683441e+00 1.889171310959701366e-01 1.128548983468000561e-01
1.151884875293683441e+00 1.889171310959701366e-01 1.128548983468000561e-01
1.151884875293683441e+00 1.889171310959701366e-01 1.128548983468000561e-01
1.151884875293683441e+00 1.889171310959701366e-01 1.128548983468000561e-01
1.151884875293683441e+00 1.889171310959701366e-01 1.128548983468000561e-01
1.151884875293683441e+00 1.889171310959701366e-01 1.128548983468000561e-01
1.010883121038333776e+00 8.503881967583390433e-02 7.594966238720449181e-02
9.291231358549325581e-01 4.370104553652766066e-01 9.808588006207222265e-02
9.291231358549325581e-01 4.370104553652766066e-01 9.808588006207222265e-02
1.022715570648287331e+00 4.215393713604969617e-01 8.753746983805403559e-02
1.176789566808696064e+00 9.845047723086791658e-02 1.048679535889440601e-01
1.176789566808696064e+00 9.845047723086791658e-02 1.048679535889440601e-01
9.655608969954037057e-01 9.490760001844371352e-02 7.042600335340311324e-02
9.655608969954037057e-01 9.490760001844371352e-02 7.042600335340311324e-02
9.655608969954037057e-01 9.490760001844371352e-02 7.042600335340311324e-02
1.083876749162199893e+00 3.731774640111900632e-01 9.102583883120773933e-02
6.659013469525878470e-01 5.772813726545562574e-01 9.629590660231740484e-02
5.924645734312423695e-01 7.193617763974625712e-01 6.756217277699855250e-02
7.658562599776781443e-01 6.275285057434935032e-01 6.807094986434335249e-02
7.658562599776781443e-01 6.275285057434935032e-01 6.807094986434335249e-02
8.887276862707271796e-01 3.614741102542245454e-01 1.125859828966538634e-01
8.629910722379767751e-01 8.921293834245563881e-02 4.900693240260461936e-02
8.629910722379767751e-01 8.921293834245563881e-02 4.900693240260461936e-02
1.119210888062338149e+00 3.312879013674411288e-01 9.654568137126426364e-02
1.439511259449592018e+00 3.678325255360923585e-01 2.806362132653711025e-02
