2.489132485845457765e-01 1.481402749648903505e-01 3.364586346347182844e-03
7.522680989503737203e-01 3.361791854276751090e-01 1.723087178221101023e-01
5.480057947365153392e-01 3.333641208455683791e-01 1.171396839183821564e-01
7.522014018606046903e-01 5.465935619241324428e-01 1.633448748678313078e-01
4.870245212020884451e-01 6.573567815578422735e-01 1.928997416642712903e-01
5.869834534376933144e-01 5.816475648643127938e-01 1.975843919346840227e-01
7.868281492207581662e-01 2.890726933008541111e-01 1.548773403434970108e-01
8.441966123696084123e-01 6.333445685001644065e-01 7.863925591147995220e-02
4.494907354117396170e-01 4.582887165329656565e-01 1.692712228513205963e-01
4.494907354117396170e-01 4.582887165329656565e-01 1.692712228513205963e-01
4.494907354117396170e-01 4.582887165329656565e-01 1.692712228513205963e-01
4.885635776424424037e-01 6.645641461980971165e-01 1.889580714913567661e-01
4.499869299994860850e-01 6.819321400716683579e-01 1.917042828750664396e-01
4.272992028818508592e-01 6.427983068637314057e-01 2.115316768706143047e-01
4.272992028818508592e-01 6.427983068637314057e-01 2.115316768706143047e-01
6.266606580429927575e-01 7.128713693719196387e-01 1.080373488992059927e-01
6.266606580429927575e-01 7.128713693719196387e-01 1.080373488992059927e-01
6.266606580429927575e-01 7.128713693719196387e-01 1.080373488992059927e-01
6.266606580429927575e-01 7.128713693719196387e-01 1.080373488992059927e-01
6.266606580429927575e-01 7.128713693719196387e-01 1.080373488992059927e-01
3.627187090219004539e-01 7.014994456531354894e-01 2.052678898360096593e-01
1.237013409443821488e-01 9.069081034058616986e-01 1.600858274018861493e-01
1.237013409443821488e-01 9.069081034058616986e-01 1.600858274018861493e-01
1.810020159335941070e-01 6.220118611202621883e-01 1.851304661445358213e-01
1.810020159335941070e-01 6.220118611202621883e-01 1.851304661445358213e-01
1.850361915134397239e-01 7.619235404379099963e-01 2.145864538025789581e-01
1.850361915134397239e-01 7.619235404379099963e-01 2.145864538025789581e-01
2.371604230668842295e-01 7.038666506639414955e-01 2.187768957228457267e-01
2.371604230668842295e-01 7.038666506639414955e-01 2.187768957228457267e-01
2.371604230668842295e-01 7.038666506639414955e-01 2.187768957228457267e-01
-2.603988450116913600e-01 7.061020267031078435e-01 7.702852546826442770e-02
2.533833631162188404e-01 8.141074922977622474e-01 1.779691669881217908e-01
2.533833631162188404e-01 8.141074922977622474e-01 1.779691669881217908e-01
2.533833631162188404e-01 8.141074922977622474e-01 1.779691669881217908e-01
2.533833631162188404e-01 8.141074922977622474e-01 1.779691669881217908e-01
1.588873649548993572e-01 6.241798122684965033e-01 1.793266742202031805e-01
1.588873649548993572e-01 6.241798122684965033e-01 1.793266742202031805e-01
5.680130936297390631e-01 6.248632835859836421e-01 1.844473710347089845e-01
5.680130936297390631e-01 6.248632835859836421e-01 1.844473710347089845e-01
8.203970470227130996e-01 3.055395380362798119e-01 1.686855904423487096e-01
1.194045946607118269e+00 2.329859651249073238e-01 1.430527429352180802e-01
1.020306364480221717e+00 1.034324503224712255e-02 5.488560749549238615e-02
1.020306364480221717e+00 1.034324503224712255e-02 5.488560749549238615e-02
6.776965866233805036e-01 2.223794329728472352e-01 8.523266447686056457e-02
6.776965866233805036e-01 2.223794329728472352e-01 8.523266447686056457e-02
3.288371441365880443e-01 1.961556361805525950e-01 1.182495285072305072e-02
3.288371441365880443e-01 1.961556361805525950e-01 1.182495285072305072e-02
6.234041151798777047e-01 1.856253913713155901e-01 5.212674183933725669e-02
6.234041151798777047e-01 1.856253913713155901e-01 5.212674183933725669e-02
5.449895137446272297e-01 8.585570757153134780e-01 5.135093741213225121e-02
1.123247314465192215e-01 1.165380576836374082e+00 2.323113085009354331e-02
1.123247314465192215e-01 1.165380576836374082e+00 2.323113085009354331e-02
2.763259815689630416e-01 1.053327034592331568e+00 3.135796994701326584e-02
3.851132887321082610e-01 8.534316686800009766e-01 1.041363990864265371e-01
2.020054667813973304e-01 1.012275522922267301e+00 6.572448246091991408e-02
-1.427902473334829170e-01 8.645198948694307051e-01 1.974932356134670719e-01
2.802569443116795234e-02 8.285204331770976705e-01 2.113602792166570932e-01
2.802569443116795234e-02 8.285204331770976705e-01 2.113602792166570932e-01
-1.020607651074250388e-01 8.634503154268993175e-01 2.034484479304792259e-01
-1.020607651074250388e-01 8.634503154268993175e-01 2.034484479304792259e-01
-1.020607651074250388e-01 8.634503154268993175e-01 2.034484479304792259e-01
-1.020607651074250388e-01 8.634503154268993175e-01 2.034484479304792259e-01
-1.020607651074250388e-01 8.634503154268993175e-01 2.034484479304792259e-01
-1.020607651074250388e-01 8.634503154268993175e-01 2.034484479304792259e-01
-1.020607651074250388e-01 8.634503154268993175e-01 2.034484479304792259e-01
-1.020607651074250388e-01 8.634503154268993175e-01 2.034484479304792259e-01
-1.877726742453448283e-01 1.234183548759527849e+00 5.060208772695361928e-02
-1.877726742453448283e-01 1.234183548759527849e+00 5.060208772695361928e-02
-1.877726742453448283e-01 1.234183548759527849e+00 5.060208772695361928e-02
-1.877726742453448283e-01 1.234183548759527849e+00 5.060208772695361928e-02
-1.877726742453448283e-01 1.234183548759527849e+00 5.060208772695361928e-02
-2.144939593156285906e-01 9.616368032151536571e-01 1.927105826275441469e-01
-2.144939593156285906e-01 9.616368032151536571e-01 1.927105826275441469e-01
-2.144939593156285906e-01 9.616368032151536571e-01 1.927105826275441469e-01
-2.144939593156285906e-01 9.616368032151536571e-01 1.927105826275441469e-01
-2.144939593156285906e-01 9.616368032151536571e-01 1.927105826275441469e-01
-2.144939593156285906e-01 9.616368032151536571e-01 1.927105826275441469e-01
-2.144939593156285906e-01 9.616368032151536571e-01 1.927105826275441469e-01
-2.144939593156285906e-01 9.616368032151536571e-01 1.927105826275441469e-01
-2.144939593156285906e-01 9.616368032151536571e-01 1.927105826275441469e-01
-2.144939593156285906e-01 9.616368032151536571e-01 1.927105826275441469e-01
-9.613728460733474146e-02 8.590301368533259652e-01 2.037813319259915712e-01
-9.613728460733474146e-02 8.590301368533259652e-01 2.037813319259915712e-01
-9.613728460733474146e-02 8.590301368533259652e-01 2.037813319259915712e-01
-2.064334674736907349e-01 1.097256799679551698e+00 1.333350540454430189e-01
-2.728212670955000307e-01 9.025789452950460090e-01 1.781785493590858915e-01
-2.728212670955000307e-01 9.025789452950460090e-01 1.781785493590858915e-01
-2.728212670955000307e-01 9.025789452950460090e-01 1.781785493590858915e-01
-1.897599131794060201e-01 9.167149038396775751e-01 1.965987950286398056e-01
6.960942720648780058e-02 1.067345550091377548e+00 7.214514996785909018e-02
-4.171433026492415985e-01 1.310664476164931314e+00 6.299851377167094146e-02
-5.844273791759627690e-01 1.112954259201520246e+00 1.515022443266602348e-01
-5.406744900893850625e-01 1.256989792481183033e+00 1.148179320562419392e-01
-5.963189725769206806e-01 1.117497278752172862e+00 1.498564782617391178e-01
-5.963189725769206806e-01 1.117497278752172862e+00 1.498564782617391178e-01
-2.466720283083677634e-01 1.077032625078360617e+00 1.543805748898250119e-01
-6.538382897568044694e-01 9.549504187933663957e-01 7.703843021170130034e-02
-7.808713960515361041e-01 9.181583579793004546e-01 3.200539869539009707e-02
-1.509541912848673118e-01 6.800541216904520958e-01 9.978057671045953425e-02
-4.164925862113112998e-01 1.032146404549263430e+00 1.726539169869849566e-01
