2.489132485845457765e-01 1.481402749648903505e-01 4.596727417109143336e-03
1.882771965532604175e-01 4.887046785082138078e-01 1.630777037886634306e-01
1.882771965532604175e-01 4.887046785082138078e-01 1.630777037886634306e-01
1.882771965532604175e-01 4.887046785082138078e-01 1.630777037886634306e-01
2.313885127560454391e-01 6.509568882488532271e-01 2.742615773776290733e-01
2.313885127560454391e-01 6.509568882488532271e-01 2.742615773776290733e-01
3.321719926369925968e-01 6.617435803333010513e-01 2.584722283667758025e-01
3.439143445416698586e-01 7.765550229166494622e-01 1.520208003086471749e-01
3.439143445416698586e-01 7.765550229166494622e-01 1.520208003086471749e-01
3.439143445416698586e-01 7.765550229166494622e-01 1.520208003086471749e-01
3.439143445416698586e-01 7.765550229166494622e-01 1.520208003086471749e-01
3.439143445416698586e-01 7.765550229166494622e-01 1.520208003086471749e-01
3.439143445416698586e-01 7.765550229166494622e-01 1.520208003086471749e-01
3.439143445416698586e-01 7.765550229166494622e-01 1.520208003086471749e-01
3.717965963200617341e-01 3.244259096361100658e-01 9.179957562745703903e-02
8.512913638706226527e-02 6.634578228634564478e-01 2.532161068084445854e-01
8.512913638706226527e-02 6.634578228634564478e-01 2.532161068084445854e-01
-2.424690230563344984e-01 6.764266775898247763e-01 1.208858156408125495e-01
-1.818242188342791832e-01 8.202696239343347795e-01 2.199903649073171596e-01
-1.818242188342791832e-01 8.202696239343347795e-01 2.199903649073171596e-01
-3.888718129306571458e-01 7.584861470541152118e-01 1.143949892997878220e-01
-3.888718129306571458e-01 7.584861470541152118e-01 1.143949892997878220e-01
-3.888718129306571458e-01 7.584861470541152118e-01 1.143949892997878220e-01
-3.888718129306571458e-01 7.584861470541152118e-01 1.143949892997878220e-01
-3.888718129306571458e-01 7.584861470541152118e-01 1.143949892997878220e-01
-3.805597160003452717e-01 9.132953515005988177e-01 1.811040562829253353e-01
-3.805597160003452717e-01 9.132953515005988177e-01 1.811040562829253353e-01
-3.805597160003452717e-01 9.132953515005988177e-01 1.811040562829253353e-01
-2.827485898837594491e-01 9.999201812187719085e-01 1.504524402461479005e-01
-2.827485898837594491e-01 9.999201812187719085e-01 1.504524402461479005e-01
-4.503934242920483166e-01 8.738705084200522055e-01 1.520819654299418455e-01
-2.428787608044933044e-01 6.524093681068157125e-01 1.030082001204364051e-01
-4.006768387718221414e-01 4.959827090431798147e-01 7.187626425599454028e-03
-3.313820335102758974e-01 6.573654525761103429e-01 7.235725404784468240e-02
-7.591000726561993872e-01 9.454285821428609626e-01 7.570566654087429459e-02
-7.591000726561993872e-01 9.454285821428609626e-01 7.570566654087429459e-02
-5.527199990021542941e-01 9.142541659705771817e-01 1.311674638381258307e-01
-5.527199990021542941e-01 9.142541659705771817e-01 1.311674638381258307e-01
-4.501814836269095177e-01 1.041384955995604766e+00 1.426473376477811750e-01
-4.501814836269095177e-01 1.041384955995604766e+00 1.426473376477811750e-01
-7.309091188901610803e-01 1.062560440181544941e+00 1.114857944182074262e-01
-7.309091188901610803e-01 1.062560440181544941e+00 1.114857944182074262e-01
-7.309091188901610803e-01 1.062560440181544941e+00 1.114857944182074262e-01
-7.309091188901610803e-01 1.062560440181544941e+00 1.114857944182074262e-01
-5.226098016972210436e-01 9.234954088400088024e-01 1.441050698487784387e-01
-5.226098016972210436e-01 9.234954088400088024e-01 1.441050698487784387e-01
2.057696757809950316e-01 8.367120865618996595e-01 1.502787050140390046e-01
3.030265558333038456e-01 7.043066396792342365e-01 2.369105876618306794e-01
3.030265558333038456e-01 7.043066396792342365e-01 2.369105876618306794e-01
-1.829030703659423329e-02 8.971976501203167143e-01 1.717458768785562473e-01
1.022068354047551975e-01 5.001526212429346918e-01 1.326251274210753228e-01
-1.442183351511530376e-01 8.281501564596829290e-01 2.254864334181955199e-01
-1.442183351511530376e-01 8.281501564596829290e-01 2.254864334181955199e-01
-2.823198246617912299e-01 1.103030851996371853e+00 7.856478703273608866e-02
-5.882212394554234836e-01 1.036782441270015953e+00 1.370399778616902264e-01
-3.632738469996382724e-01 1.192807241416641961e+00 4.458838647145747097e-02
-3.632738469996382724e-01 1.192807241416641961e+00 4.458838647145747097e-02
-3.632738469996382724e-01 1.192807241416641961e+00 4.458838647145747097e-02
-2.622745783208793036e-01 9.624530143754210787e-01 1.718185160365986175e-01
-4.773074390216636154e-01 9.685092167363371640e-01 1.610643586265520788e-01
-3.757768022384094797e-01 1.168458641193630410e+00 5.834959910339615474e-02
-3.757768022384094797e-01 1.168458641193630410e+00 5.834959910339615474e-02
-9.229062006870414336e-02 9.956081118228259363e-01 1.093250985907896489e-01
-9.229062006870414336e-02 9.956081118228259363e-01 1.093250985907896489e-01
1.358025523979284332e-01 7.838882170014347395e-01 2.236107678261569087e-01
3.119935347447853058e-01 8.379563342643678858e-01 1.072586729447176507e-01
3.119935347447853058e-01 8.379563342643678858e-01 1.072586729447176507e-01
3.632140109472987710e-01 7.217162603208598926e-01 1.981787190579824554e-01
3.632140109472987710e-01 7.217162603208598926e-01 1.981787190579824554e-01
3.632140109472987710e-01 7.217162603208598926e-01 1.981787190579824554e-01
-9.845715495854900912e-02 6.307666020436352161e-01 1.520731623195336335e-01
-1.401716631999645468e-01 9.697805258132525807e-01 1.435432862246447117e-01
-5.322759166355900406e-02 7.731036156012248695e-01 2.421035982395277342e-01
-5.322759166355900406e-02 7.731036156012248695e-01 2.421035982395277342e-01
-1.038430901671655998e-01 9.039291852003565886e-01 1.871881662643872235e-01
-1.038430901671655998e-01 9.039291852003565886e-01 1.871881662643872235e-01
1.277717544377826031e-01 9.008476913270576647e-01 1.195964841325162370e-01
-6.122405548877790649e-02 6.430447702418896627e-01 1.803930169095422642e-01
-6.122405548877790649e-02 6.430447702418896627e-01 1.803930169095422642e-01
-6.122405548877790649e-02 6.430447702418896627e-01 1.803930169095422642e-01
-6.122405548877790649e-02 6.430447702418896627e-01 1.803930169095422642e-01
-6.122405548877790649e-02 6.430447702418896627e-01 1.803930169095422642e-01
-6.122405548877790649e-02 6.430447702418896627e-01 1.803930169095422642e-01
-6.122405548877790649e-02 6.430447702418896627e-01 1.803930169095422642e-01
5.165572762247110372e-01 3.943726054626178756e-01 2.175802062002195336e-01
2.985662654490337520e-01 8.773725966883787475e-01 7.994882733862927748e-02
2.985662654490337520e-01 8.773725966883787475e-01 7.994882733862927748e-02
2.985662654490337520e-01 8.773725966883787475e-01 7.994882733862927748e-02
2.985662654490337520e-01 8.773725966883787475e-01 7.994882733862927748e-02
2.985662654490337520e-01 8.773725966883787475e-01 7.994882733862927748e-02
2.615129549312655843e-01 1.017314385336713034e+00 1.928050041152693309e-02
-9.596864267356097766e-02 7.737634068325321968e-01 2.344909656792201202e-01
-5.255525158868310648e-02 8.213282397499287457e-01 2.305270647161612729e-01
-5.255525158868310648e-02 8.213282397499287457e-01 2.305270647161612729e-01
-5.255525158868310648e-02 8.213282397499287457e-01 2.305270647161612729e-01
2.460371488795402850e-01 4.438061320426116008e-01 1.469046744546865235e-01
5.762941327486361676e-01 5.389868239119052218e-01 2.601152454832519889e-01
4.050394591457273652e-02 5.057738201556991608e-01 1.096192670836779320e-01
4.050394591457273652e-02 5.057738201556991608e-01 1.096192670836779320e-01
-3.652212062449117225e-03 7.196666543541264671e-01 2.467096738531818767e-01
