2.489132485845457765e-01 1.481402749648903505e-01 2.639642533756538737e-03
1.072630438051500879e-01 6.808667636475257412e-01 1.153777006641211328e-01
1.072630438051500879e-01 6.808667636475257412e-01 1.153777006641211328e-01
1.072630438051500879e-01 6.808667636475257412e-01 1.153777006641211328e-01
1.337676376142351020e-01 6.598752168745440905e-01 1.144612453417333947e-01
1.337676376142351020e-01 6.598752168745440905e-01 1.144612453417333947e-01
1.216581684530664703e-01 4.931058845679877067e-01 4.626913092182819570e-02
1.216581684530664703e-01 4.931058845679877067e-01 4.626913092182819570e-02
1.216581684530664703e-01 4.931058845679877067e-01 4.626913092182819570e-02
-1.505353617609158090e-01 6.318180406592796006e-01 3.628356914983676962e-02
-1.446914954674338727e-02 5.083873884523184561e-01 2.661775415431131761e-02
-1.446914954674338727e-02 5.083873884523184561e-01 2.661775415431131761e-02
6.057173881864237330e-01 2.508072583592067528e-01 6.212634977160262639e-02
6.057173881864237330e-01 2.508072583592067528e-01 6.212634977160262639e-02
3.570296062726820985e-01 4.665548465431956227e-01 9.355678182602647497e-02
3.570296062726820985e-01 4.665548465431956227e-01 9.355678182602647497e-02
8.482117892444878127e-01 2.376110374346448451e-01 1.128431765389265318e-01
9.004429687772032009e-01 3.723810288730019513e-01 1.449570947468832582e-01
9.004429687772032009e-01 3.723810288730019513e-01 1.449570947468832582e-01
9.004429687772032009e-01 3.723810288730019513e-01 1.449570947468832582e-01
1.039376611719019516e+00 2.540808695079244117e-01 1.379884443720875986e-01
7.843427135773792802e-01 4.596430194668584823e-01 1.465191962712827922e-01
7.843427135773792802e-01 4.596430194668584823e-01 1.465191962712827922e-01
7.843427135773792802e-01 4.596430194668584823e-01 1.465191962712827922e-01
8.076834919492006382e-01 3.337395422693609781e-01 1.387899120841322442e-01
6.081956862958928234e-01 5.815068970965573403e-01 1.448895290093624166e-01
8.886615107671040903e-01 2.490998321068751409e-01 1.246036742134829373e-01
8.886615107671040903e-01 2.490998321068751409e-01 1.246036742134829373e-01
6.921557959436447360e-01 4.426499627423569061e-01 1.492241364844047458e-01
6.921557959436447360e-01 4.426499627423569061e-01 1.492241364844047458e-01
4.853121786251463621e-01 5.850977391877524303e-01 1.509955395353148322e-01
4.359450789702673523e-02 7.482934263127372088e-01 1.216929696103422331e-01
4.359450789702673523e-02 7.482934263127372088e-01 1.216929696103422331e-01
4.359450789702673523e-02 7.482934263127372088e-01 1.216929696103422331e-01
-8.650092649276225343e-02 1.014758308898637829e+00 1.097433867608036961e-01
-8.650092649276225343e-02 1.014758308898637829e+00 1.097433867608036961e-01
-8.650092649276225343e-02 1.014758308898637829e+00 1.097433867608036961e-01
-1.944363034302579174e-01 1.159371043384941347e+00 7.613712213653320293e-02
-1.944363034302579174e-01 1.159371043384941347e+00 7.613712213653320293e-02
-1.944363034302579174e-01 1.159371043384941347e+00 7.613712213653320293e-02
-1.944363034302579174e-01 1.159371043384941347e+00 7.613712213653320293e-02
5.347083403772034949e-02 8.222759202739937656e-01 1.344336458399363610e-01
1.504277162751508079e-01 6.884746894871025535e-01 1.272202265419166978e-01
1.504277162751508079e-01 6.884746894871025535e-01 1.272202265419166978e-01
1.504277162751508079e-01 6.884746894871025535e-01 1.272202265419166978e-01
1.504277162751508079e-01 6.884746894871025535e-01 1.272202265419166978e-01
1.504277162751508079e-01 6.884746894871025535e-01 1.272202265419166978e-01
4.148847027953350697e-01 8.802477183647881009e-01 6.948452369588377364e-02
4.805347920829735053e-01 5.696549324376145584e-01 1.500525372618481679e-01
2.187874500051138482e-01 6.178111162464599015e-01 1.199018360154545243e-01
2.187874500051138482e-01 6.178111162464599015e-01 1.199018360154545243e-01
7.305261424627789157e-01 4.764667875481546355e-01 1.491938782569408317e-01
7.305261424627789157e-01 4.764667875481546355e-01 1.491938782569408317e-01
1.306939918951528501e+00 2.667653535997612235e-01 9.631878210180319644e-02
1.306939918951528501e+00 2.667653535997612235e-01 9.631878210180319644e-02
1.306939918951528501e+00 2.667653535997612235e-01 9.631878210180319644e-02
8.316606477306660583e-01 6.383470592761952833e-01 7.192428010795144655e-02
3.747627114365201795e-01 3.862749433451103109e-01 6.335288891796021782e-02
5.050451956830087630e-01 2.342591130664624099e-01 3.589438010342944907e-02
2.346055838172774188e-01 3.623602138003083062e-01 2.783896139166768674e-02
5.347298997027649659e-01 5.089984175590214210e-01 1.464949445169916042e-01
5.575170546214013312e-01 6.296229255239581546e-01 1.400393765185937445e-01
1.046022057281470241e+00 5.476247450277349493e-01 5.601779391252879187e-02
8.698869995264348898e-01 6.403870876334988305e-01 6.163673868312308929e-02
8.794289084156899916e-01 7.094093498934566089e-01 3.548099153669882072e-02
5.526955192607622136e-01 5.546243018130682101e-01 1.515795058291122821e-01
2.959472858736748591e-01 4.790832075956912850e-01 8.280118613334301603e-02
6.899986473020036648e-02 7.258279892218937324e-01 1.208199860293434069e-01
2.684791341730343173e-01 4.769166204549020183e-01 7.467058853046536215e-02
2.684791341730343173e-01 4.769166204549020183e-01 7.467058853046536215e-02
3.082648114674354511e-01 4.793470871755283746e-01 8.618930222572193656e-02
3.286054192029020937e-01 3.799131218494629092e-01 5.034919114275827196e-02
7.855911873833432146e-01 3.587307982615647317e-01 1.422862967945150159e-01
1.026668535670598237e+00 3.053094351484356150e-01 1.389842191607883748e-01
1.226155051353148284e+00 1.971493810368549204e-01 1.265915053759207320e-01
1.565493522118281966e+00 1.605152783611576151e-01 6.886299057883046859e-02
1.556600808035742523e+00 -7.811402345224713328e-02 9.645617571945055979e-02
1.556600808035742523e+00 -7.811402345224713328e-02 9.645617571945055979e-02
1.500800934283301968e+00 2.472881898529721012e-01 5.656174152993499737e-02
1.500800934283301968e+00 2.472881898529721012e-01 5.656174152993499737e-02
1.198513591493754804e+00 5.408400985216986756e-01 2.872567959509696872e-02
1.895873592037033095e+00 2.297034165103617465e-01 7.577579704859071369e-03
1.528711624287883541e+00 4.573562605371923606e-01 8.525381911246840416e-03
1.064007701838236564e+00 -1.011761300407245656e-01 2.708291880197480697e-02
1.177630137835073088e+00 7.372275330995539666e-02 1.074412423152891621e-01
1.177630137835073088e+00 7.372275330995539666e-02 1.074412423152891621e-01
1.258001753401988720e+00 2.113986953360227627e-01 1.205727634765152156e-01
1.258001753401988720e+00 2.113986953360227627e-01 1.205727634765152156e-01
9.705334614557566963e-01 4.279712614478646815e-01 1.226133840016628979e-01
1.401928670059529924e+00 3.730592272861588676e-01 3.879638655637313027e-02
1.456545347835974225e+00 1.261198703256113107e-01 1.013663769271723331e-01
9.638388380418259072e-01 4.636629087685539830e-01 1.113446760379031980e-01
9.409517556413156125e-01 4.094798004271331671e-01 1.340275169906242347e-01
6.860160957250842628e-01 3.619694529562278440e-01 1.286921291504408982e-01
6.860160957250842628e-01 3.619694529562278440e-01 1.286921291504408982e-01
6.860160957250842628e-01 3.619694529562278440e-01 1.286921291504408982e-01
8.328776839539808741e-01 2.902681174016189525e-01 1.295748425394101511e-01
8.328776839539808741e-01 2.902681174016189525e-01 1.295748425394101511e-01
1.220987609999466095e+00 7.796075140272601400e-02 1.136046294095935244e-01
1.220987609999466095e+00 7.796075140272601400e-02 1.136046294095935244e-01
