2.489132485845457765e-01 1.481402749648903505e-01 1.816477476652293525e-03
4.500347648734107087e-01 6.652500394844523823e-01 5.883046547071011517e-02
4.500347648734107087e-01 6.652500394844523823e-01 5.883046547071011517e-02
4.500347648734107087e-01 6.652500394844523823e-01 5.883046547071011517e-02
4.500347648734107087e-01 6.652500394844523823e-01 5.883046547071011517e-02
5.985213915550869901e-01 7.142328081286817287e-01 4.577021129997838056e-02
9.959710726946731096e-01 6.507989405574022834e-01 2.142169167860244472e-02
9.318909612216249583e-01 6.526491927773856450e-01 2.716988684227255799e-02
1.339031006358508247e+00 3.647053633910002368e-01 4.348530783662099553e-02
1.008576505115829303e+00 7.371488275336679497e-01 9.278312892461190384e-03
1.237951507850397093e+00 6.134355929955663811e-01 9.025809184287287776e-03
9.711315080781014464e-01 7.738414430630775609e-01 7.838880181754437348e-03
1.243485233303153858e+00 6.846011949342342140e-01 3.990502516060709728e-03
7.726986188510466258e-01 6.790231863255007383e-01 3.781498066992967921e-02
7.726986188510466258e-01 6.790231863255007383e-01 3.781498066992967921e-02
7.726986188510466258e-01 6.790231863255007383e-01 3.781498066992967921e-02
7.072911991553804123e-01 6.983257778459555087e-01 3.992276229138118360e-02
7.911849025942536695e-01 7.594340628580195096e-01 2.060049964949810936e-02
7.911849025942536695e-01 7.594340628580195096e-01 2.060049964949810936e-02
7.911849025942536695e-01 7.594340628580195096e-01 2.060049964949810936e-02
8.825742541906240746e-01 3.567831365652047726e-01 9.211634045244181113e-02
8.825742541906240746e-01 3.567831365652047726e-01 9.211634045244181113e-02
8.825742541906240746e-01 3.567831365652047726e-01 9.211634045244181113e-02
9.364698785813729831e-01 4.839129315472736059e-01 6.810565231626404537e-02
1.053874718192339577e+00 5.050199336072878076e-01 4.729213042685423418e-02
1.053874718192339577e+00 5.050199336072878076e-01 4.729213042685423418e-02
7.371797223911646935e-01 4.825249452630721581e-01 7.992627568379773173e-02
9.348808917451880696e-01 3.816846601622924107e-01 8.984080865859998821e-02
8.197723953512352502e-01 5.073129464590654392e-01 7.324534693694245702e-02
8.197723953512352502e-01 5.073129464590654392e-01 7.324534693694245702e-02
8.197723953512352502e-01 5.073129464590654392e-01 7.324534693694245702e-02
1.060881742385258786e+00 1.773537606127600919e-02 6.323721579541226323e-02
1.060881742385258786e+00 1.773537606127600919e-02 6.323721579541226323e-02
1.060881742385258786e+00 1.773537606127600919e-02 6.323721579541226323e-02
1.156019474751470044e+00 1.387417906662083977e-01 1.041146472793799682e-01
1.156019474751470044e+00 1.387417906662083977e-01 1.041146472793799682e-01
1.461618654150989460e+00 1.748201558884897311e-02 1.093786805673093859e-01
1.461618654150989460e+00 1.748201558884897311e-02 1.093786805673093859e-01
1.290731920952228995e+00 -1.265436199727501543e-01 6.476902837654925638e-02
1.290731920952228995e+00 -1.265436199727501543e-01 6.476902837654925638e-02
1.290731920952228995e+00 -1.265436199727501543e-01 6.476902837654925638e-02
1.290731920952228995e+00 -1.265436199727501543e-01 6.476902837654925638e-02
1.290827888959682923e+00 1.679276146892649813e-01 1.032280145275504962e-01
1.290827888959682923e+00 1.679276146892649813e-01 1.032280145275504962e-01
1.251958448324418383e+00 1.774950565426469395e-01 1.043932524577401294e-01
8.614366214337361161e-01 4.963602186523243809e-01 7.244117013927162119e-02
5.771516257359958768e-01 3.767723280311911505e-01 5.882179829504283197e-02
5.771516257359958768e-01 3.767723280311911505e-01 5.882179829504283197e-02
3.454738630287421675e-01 6.845130283936611271e-01 5.429263913247674850e-02
3.454738630287421675e-01 6.845130283936611271e-01 5.429263913247674850e-02
4.387037270066545536e-01 6.209152072183821147e-01 6.127492668600922204e-02
6.265235825798439739e-01 4.707573207546235650e-01 7.521458310732352659e-02
6.265235825798439739e-01 4.707573207546235650e-01 7.521458310732352659e-02
6.101696817808160977e-01 1.942080126393453954e-01 2.866686838246002011e-02
5.905942999916279357e-01 2.080072180222227451e-01 2.853138272734418585e-02
5.905942999916279357e-01 2.080072180222227451e-01 2.853138272734418585e-02
9.632967688968983033e-01 2.729407016871369107e-01 9.689104632083800350e-02
9.632967688968983033e-01 2.729407016871369107e-01 9.689104632083800350e-02
1.283183112082112221e+00 -9.271833327037959371e-02 7.354668667091374124e-02
1.644287596938705187e+00 9.892712175825324472e-02 6.713019795477202789e-02
1.343668531522540732e+00 2.192052012132166272e-01 8.548714861715800417e-02
1.292725635931905259e+00 2.890353428518434020e-01 7.342848232973560318e-02
7.608995090471326606e-01 1.355429409891584502e-01 3.916007053679173427e-02
7.373743278115051369e-01 4.189334129590961409e-01 8.319324983540900276e-02
6.151366727514955279e-01 4.877426858214003458e-01 7.455296547994917644e-02
5.920511894725554169e-01 5.199801149003239198e-01 7.274610772611599108e-02
5.720764109911502526e-01 7.030872468994606717e-01 4.980949643853573028e-02
5.720764109911502526e-01 7.030872468994606717e-01 4.980949643853573028e-02
7.506587944792635358e-01 2.196780397175318034e-01 5.684163233589824976e-02
9.338791843493409184e-01 5.436360167050506842e-01 5.267964323342116950e-02
9.338791843493409184e-01 5.436360167050506842e-01 5.267964323342116950e-02
9.338791843493409184e-01 5.436360167050506842e-01 5.267964323342116950e-02
3.955176372811438634e-01 1.063748369621763112e+00 7.503912920693450901e-03
6.904301375217137826e-01 6.673598385107537556e-01 4.831007319703019970e-02
5.828826389518367845e-01 7.115926867490081076e-01 4.742325406621828582e-02
4.792150072033615205e-01 1.010994422893314315e-01 6.304776289779955023e-03
5.515561117950786851e-01 2.871521347184434192e-01 3.773235575033687117e-02
1.829396095600049343e-01 6.948339484460801518e-01 4.263645382935181416e-02
1.829396095600049343e-01 6.948339484460801518e-01 4.263645382935181416e-02
2.924718231834696480e-01 7.855378930940283277e-01 4.573925791323211337e-02
7.479988160665013153e-01 4.958162176230690998e-01 7.829321914575212982e-02
7.479988160665013153e-01 4.958162176230690998e-01 7.829321914575212982e-02
8.059214364258565633e-01 5.041618277158285144e-01 7.475989880987689296e-02
8.059214364258565633e-01 5.041618277158285144e-01 7.475989880987689296e-02
3.246715818138326548e-01 5.990037437447485180e-01 5.124455894511870807e-02
3.246715818138326548e-01 5.990037437447485180e-01 5.124455894511870807e-02
5.836180378422008985e-01 5.218135168443486238e-01 7.219265100499948351e-02
5.373812472131171969e-01 5.389355408631899547e-01 6.890402176628528108e-02
5.373812472131171969e-01 5.389355408631899547e-01 6.890402176628528108e-02
9.072834297232108547e-01 4.872413908138287786e-01 7.036232659827218461e-02
9.072834297232108547e-01 4.872413908138287786e-01 7.036232659827218461e-02
9.072834297232108547e-01 4.872413908138287786e-01 7.036232659827218461e-02
9.072834297232108547e-01 4.872413908138287786e-01 7.036232659827218461e-02
1.002498632603538997e+00 4.771035053212679955e-01 6.190474827787315060e-02
9.560145365977452681e-01 4.463882724137511748e-01 7.545044175442029710e-02
1.368936185337480627e+00 3.730140054196048327e-01 3.684470557165488852e-02
1.368936185337480627e+00 3.730140054196048327e-01 3.684470557165488852e-02
1.368936185337480627e+00 3.730140054196048327e-01 3.684470557165488852e-02
1.368936185337480627e+00 3.730140054196048327e-01 3.684470557165488852e-02
1.284400214767883019e+00 -2.252247195036317651e-01 3.592470967229290102e-02
