2.489132485845457765e-01 1.481402749648903505e-01 1.840821624074526729e-03
3.177928310882120466e-01 6.683967121180407478e-01 5.350220523049235843e-02
5.615385232920624414e-01 8.563376975048181405e-01 2.233592569250852922e-02
5.615385232920624414e-01 8.563376975048181405e-01 2.233592569250852922e-02
8.477961762177124161e-01 8.687150895802883133e-01 5.750009993468654934e-03
4.782404911583763574e-01 8.850606950553338015e-01 2.337736295125017807e-02
4.782404911583763574e-01 8.850606950553338015e-01 2.337736295125017807e-02
4.782404911583763574e-01 8.850606950553338015e-01 2.337736295125017807e-02
-3.005851660321928742e-02 1.135459858892228002e+00 1.487692826874120224e-02
-1.380344249841526927e-01 1.052531315544716239e+00 2.193538296960759887e-02
1.140345804026942078e-01 6.500264977928682519e-01 3.258756176544416044e-02
1.140345804026942078e-01 6.500264977928682519e-01 3.258756176544416044e-02
2.726177939552575091e-02 6.501114371026696093e-01 2.374055394429743643e-02
2.726177939552575091e-02 6.501114371026696093e-01 2.374055394429743643e-02
-5.575451932797431676e-02 7.692728595936487723e-01 2.565864456373416133e-02
-5.796901075950408599e-02 8.339605088644730380e-01 2.861607184735495343e-02
4.835679439327386087e-01 3.138733322726389163e-01 3.333110219469430369e-02
3.626665444181322306e-01 4.012922886299321035e-01 3.126758570759122224e-02
2.002309706519677379e-01 4.357681936421157753e-01 1.764203726672770173e-02
2.002309706519677379e-01 4.357681936421157753e-01 1.764203726672770173e-02
2.288630610324675352e-01 1.119508555015852336e+00 8.738742356324604235e-03
-9.913933557059165236e-02 1.423415449005773548e+00 1.749610778342209228e-03
1.659190424511944595e-01 1.024629489848174702e+00 2.009385450028978656e-02
1.659190424511944595e-01 1.024629489848174702e+00 2.009385450028978656e-02
-1.306679060947150972e-01 1.007961315734936303e+00 2.416461344029160671e-02
4.113701375603109889e-02 9.521203885935758393e-01 2.993015271052082774e-02
-1.634226048039693346e-01 1.174427497217588545e+00 1.421148736963578560e-02
-1.634226048039693346e-01 1.174427497217588545e+00 1.421148736963578560e-02
-1.882660922631071987e-01 9.871602925439481035e-01 2.289686291945544974e-02
-1.882660922631071987e-01 9.871602925439481035e-01 2.289686291945544974e-02
7.889617279045085807e-02 1.025936697658325292e+00 2.258240990181179658e-02
7.889617279045085807e-02 1.025936697658325292e+00 2.258240990181179658e-02
1.310975994119567001e-01 6.944148554109333960e-01 3.791951152121871699e-02
1.310975994119567001e-01 6.944148554109333960e-01 3.791951152121871699e-02
1.310975994119567001e-01 6.944148554109333960e-01 3.791951152121871699e-02
-7.607370557412546086e-02 7.402587237000713971e-01 2.197257015947819483e-02
-1.533923957302220920e-01 8.543767652011317049e-01 2.268188541817238793e-02
-1.533923957302220920e-01 8.543767652011317049e-01 2.268188541817238793e-02
-1.533923957302220920e-01 8.543767652011317049e-01 2.268188541817238793e-02
-1.533923957302220920e-01 8.543767652011317049e-01 2.268188541817238793e-02
9.758690910001763252e-02 9.638759760661094189e-01 2.865151914173200837e-02
2.652361891596107801e-01 6.990969801092701275e-01 4.974110213268749525e-02
2.652361891596107801e-01 6.990969801092701275e-01 4.974110213268749525e-02
4.127161189471272307e-01 8.543970408691026197e-01 3.239498357709742760e-02
2.071448274157127178e-01 7.196314128013081568e-01 4.564561599376866508e-02
8.902803907989597088e-01 3.709136713019661191e-01 9.327759618258553431e-02
7.554445652784047560e-01 2.424182162653702177e-01 6.438697673336121752e-02
7.554445652784047560e-01 2.424182162653702177e-01 6.438697673336121752e-02
9.946713323499714043e-01 1.770823862427498285e-01 9.261075267446448878e-02
9.946713323499714043e-01 1.770823862427498285e-01 9.261075267446448878e-02
9.946713323499714043e-01 1.770823862427498285e-01 9.261075267446448878e-02
1.169163117725529499e+00 -2.044227958094149700e-02 7.561620573174068771e-02
1.070499083195625589e+00 -1.189075303589239990e-01 3.065085249144261503e-02
1.288248397989526950e+00 -8.347110989494796462e-03 9.976048271154791536e-02
1.267187349591258894e+00 8.774488452860697285e-02 1.107581959821255929e-01
1.563365930125498071e+00 1.927624384005408031e-01 5.493876700217877052e-02
1.210776118928253542e+00 1.674140036920911956e-01 1.090165112610486237e-01
1.210776118928253542e+00 1.674140036920911956e-01 1.090165112610486237e-01
1.210776118928253542e+00 1.674140036920911956e-01 1.090165112610486237e-01
1.626847544235761722e+00 -1.499633802333550370e-01 1.074402155915865908e-01
1.626847544235761722e+00 -1.499633802333550370e-01 1.074402155915865908e-01
1.626847544235761722e+00 -1.499633802333550370e-01 1.074402155915865908e-01
1.626847544235761722e+00 -1.499633802333550370e-01 1.074402155915865908e-01
1.626847544235761722e+00 -1.499633802333550370e-01 1.074402155915865908e-01
1.614650576796682113e+00 -7.844686989844501523e-02 1.097749521652328919e-01
1.614650576796682113e+00 -7.844686989844501523e-02 1.097749521652328919e-01
1.953629214229072097e+00 -1.159490998597850764e-02 4.039414420933104544e-02
1.920518944769973313e+00 3.579976713610391603e-02 3.463412636684658208e-02
1.920518944769973313e+00 3.579976713610391603e-02 3.463412636684658208e-02
1.920518944769973313e+00 3.579976713610391603e-02 3.463412636684658208e-02
1.842162993551012429e+00 1.556468973169636838e-01 2.108523591916245180e-02
1.842162993551012429e+00 1.556468973169636838e-01 2.108523591916245180e-02
1.842162993551012429e+00 1.556468973169636838e-01 2.108523591916245180e-02
1.606432425354577642e+00 1.551199902508693107e-01 5.813717121814500344e-02
1.432626979693127689e+00 -5.809473625477165615e-02 1.074035282632592736e-01
1.432626979693127689e+00 -5.809473625477165615e-02 1.074035282632592736e-01
1.432626979693127689e+00 -5.809473625477165615e-02 1.074035282632592736e-01
1.646342767785371475e+00 -3.027128664728777341e-02 1.012316014309016243e-01
1.663692772486364158e+00 -2.704201951407412818e-01 8.729547321204371435e-02
1.663692772486364158e+00 -2.704201951407412818e-01 8.729547321204371435e-02
1.663692772486364158e+00 -2.704201951407412818e-01 8.729547321204371435e-02
1.663692772486364158e+00 -2.704201951407412818e-01 8.729547321204371435e-02
1.692499633712116536e+00 -3.464951516245518559e-01 6.968854376034706866e-02
1.817255109056447493e+00 -3.399883321315539386e-01 8.710319870854092705e-02
1.841923942113521395e+00 -2.760400669540508112e-02 6.555438613690471594e-02
1.893467583759965267e+00 -5.502306705502464645e-02 6.292340291131812147e-02
1.860015422565014287e+00 -3.785079121608447283e-01 8.214060963669139737e-02
1.860015422565014287e+00 -3.785079121608447283e-01 8.214060963669139737e-02
1.860015422565014287e+00 -3.785079121608447283e-01 8.214060963669139737e-02
1.860015422565014287e+00 -3.785079121608447283e-01 8.214060963669139737e-02
1.860015422565014287e+00 -3.785079121608447283e-01 8.214060963669139737e-02
2.090248954371167311e+00 -4.134356969249029512e-01 8.428459457222811646e-02
2.261753816326379507e+00 -5.154130466218966866e-01 7.177944328693051934e-02
2.261753816326379507e+00 -5.154130466218966866e-01 7.177944328693051934e-02
2.261753816326379507e+00 -5.154130466218966866e-01 7.177944328693051934e-02
2.261753816326379507e+00 -5.154130466218966866e-01 7.177944328693051934e-02
2.315629825956287302e+00 -6.208224466828664578e-01 6.038034770182607036e-02
2.576787947937047019e+00 -5.267338704955549789e-01 4.067475854002577246e-02
2.661318047928943553e+00 -5.148276651940039139e-01 2.891952260458208884e-02
2.551706037676342298e+00 -5.353049317300782040e-01 4.479071548132609187e-02
