2.489132485845457765e-01 1.481402749648903505e-01 1.607233514530730656e-01
2.489132485845457765e-01 1.481402749648903505e-01 1.607233514530730656e-01
3.572755939071243780e-01 3.759208106958233930e-03 1.813938476431900537e-01
3.572755939071243780e-01 3.759208106958233930e-03 1.813938476431900537e-01
3.572755939071243780e-01 3.759208106958233930e-03 1.813938476431900537e-01
3.572755939071243780e-01 3.759208106958233930e-03 1.813938476431900537e-01
4.478353442407981833e-01 1.534155624070279167e-01 3.056612363971519253e-01
4.478353442407981833e-01 1.534155624070279167e-01 3.056612363971519253e-01
4.478353442407981833e-01 1.534155624070279167e-01 3.056612363971519253e-01
4.478353442407981833e-01 1.534155624070279167e-01 3.056612363971519253e-01
4.478353442407981833e-01 1.534155624070279167e-01 3.056612363971519253e-01
4.478353442407981833e-01 1.534155624070279167e-01 3.056612363971519253e-01
4.478353442407981833e-01 1.534155624070279167e-01 3.056612363971519253e-01
3.574297502148948702e-01 -4.192490387916136818e-03 1.719866964878060955e-01
3.574297502148948702e-01 -4.192490387916136818e-03 1.719866964878060955e-01
2.955559548133955272e-01 2.871868372415516402e-01 4.890978170697563576e-01
2.955559548133955272e-01 2.871868372415516402e-01 4.890978170697563576e-01
3.230747510283483170e-01 4.268376964623060710e-01 5.631829635928831124e-01
3.230747510283483170e-01 4.268376964623060710e-01 5.631829635928831124e-01
3.230747510283483170e-01 4.268376964623060710e-01 5.631829635928831124e-01
3.230747510283483170e-01 4.268376964623060710e-01 5.631829635928831124e-01
3.230747510283483170e-01 4.268376964623060710e-01 5.631829635928831124e-01
3.230747510283483170e-01 4.268376964623060710e-01 5.631829635928831124e-01
3.230747510283483170e-01 4.268376964623060710e-01 5.631829635928831124e-01
3.230747510283483170e-01 4.268376964623060710e-01 5.631829635928831124e-01
3.230747510283483170e-01 4.268376964623060710e-01 5.631829635928831124e-01
3.230747510283483170e-01 4.268376964623060710e-01 5.631829635928831124e-01
3.230747510283483170e-01 4.268376964623060710e-01 5.631829635928831124e-01
2.843965072473033651e-01 3.495840656974698035e-01 5.363255407238446404e-01
2.843965072473033651e-01 3.495840656974698035e-01 5.363255407238446404e-01
2.843965072473033651e-01 3.495840656974698035e-01 5.363255407238446404e-01
2.843965072473033651e-01 3.495840656974698035e-01 5.363255407238446404e-01
2.843965072473033651e-01 3.495840656974698035e-01 5.363255407238446404e-01
2.843965072473033651e-01 3.495840656974698035e-01 5.363255407238446404e-01
2.843965072473033651e-01 3.495840656974698035e-01 5.363255407238446404e-01
2.843965072473033651e-01 3.495840656974698035e-01 5.363255407238446404e-01
2.843965072473033651e-01 3.495840656974698035e-01 5.363255407238446404e-01
2.843965072473033651e-01 3.495840656974698035e-01 5.363255407238446404e-01
2.843965072473033651e-01 3.495840656974698035e-01 5.363255407238446404e-01
3.063055512865499597e-01 2.262162347996639067e-01 4.247443547418511267e-01
3.063055512865499597e-01 2.262162347996639067e-01 4.247443547418511267e-01
4.764529924205835876e-01 5.358738162318784637e-01 4.898808732115228493e-02
4.764529924205835876e-01 5.358738162318784637e-01 4.898808732115228493e-02
4.764529924205835876e-01 5.358738162318784637e-01 4.898808732115228493e-02
4.764529924205835876e-01 5.358738162318784637e-01 4.898808732115228493e-02
3.565488307648351229e-01 7.370077675991946187e-01 9.188092986201135126e-02
3.565488307648351229e-01 7.370077675991946187e-01 9.188092986201135126e-02
3.565488307648351229e-01 7.370077675991946187e-01 9.188092986201135126e-02
3.565488307648351229e-01 7.370077675991946187e-01 9.188092986201135126e-02
3.565488307648351229e-01 7.370077675991946187e-01 9.188092986201135126e-02
1.876354463066797484e-01 8.850033765079103887e-01 1.401427602703706476e-01
1.876354463066797484e-01 8.850033765079103887e-01 1.401427602703706476e-01
1.876354463066797484e-01 8.850033765079103887e-01 1.401427602703706476e-01
2.575705566484342013e-01 3.777360748921293476e-01 4.960834529727267128e-01
2.575705566484342013e-01 3.777360748921293476e-01 4.960834529727267128e-01
2.575705566484342013e-01 3.777360748921293476e-01 4.960834529727267128e-01
2.575705566484342013e-01 3.777360748921293476e-01 4.960834529727267128e-01
2.575705566484342013e-01 3.777360748921293476e-01 4.960834529727267128e-01
2.575705566484342013e-01 3.777360748921293476e-01 4.960834529727267128e-01
2.575705566484342013e-01 3.777360748921293476e-01 4.960834529727267128e-01
2.575705566484342013e-01 3.777360748921293476e-01 4.960834529727267128e-01
2.575705566484342013e-01 3.777360748921293476e-01 4.960834529727267128e-01
2.575705566484342013e-01 3.777360748921293476e-01 4.960834529727267128e-01
2.575705566484342013e-01 3.777360748921293476e-01 4.960834529727267128e-01
2.575705566484342013e-01 3.777360748921293476e-01 4.960834529727267128e-01
2.575705566484342013e-01 3.777360748921293476e-01 4.960834529727267128e-01
2.575705566484342013e-01 3.777360748921293476e-01 4.960834529727267128e-01
2.575705566484342013e-01 3.777360748921293476e-01 4.960834529727267128e-01
2.575705566484342013e-01 3.777360748921293476e-01 4.960834529727267128e-01
2.575705566484342013e-01 3.777360748921293476e-01 4.960834529727267128e-01
2.575705566484342013e-01 3.777360748921293476e-01 4.960834529727267128e-01
2.575705566484342013e-01 3.777360748921293476e-01 4.960834529727267128e-01
2.575705566484342013e-01 3.777360748921293476e-01 4.960834529727267128e-01
2.575705566484342013e-01 3.777360748921293476e-01 4.960834529727267128e-01
2.575705566484342013e-01 3.777360748921293476e-01 4.960834529727267128e-01
3.002778902990339560e-01 1.426278519257715427e-01 2.765790786937040169e-01
4.218200000277844142e-02 7.622540111415263553e-01 6.811157082851515554e-02
1.262135862447699985e-01 6.825339248771410405e-01 2.165174209565621788e-01
1.262135862447699985e-01 6.825339248771410405e-01 2.165174209565621788e-01
1.262135862447699985e-01 6.825339248771410405e-01 2.165174209565621788e-01
1.262135862447699985e-01 6.825339248771410405e-01 2.165174209565621788e-01
1.262135862447699985e-01 6.825339248771410405e-01 2.165174209565621788e-01
1.262135862447699985e-01 6.825339248771410405e-01 2.165174209565621788e-01
3.016567591259442516e-01 4.311004730059810330e-01 5.810474523959365811e-01
3.016567591259442516e-01 4.311004730059810330e-01 5.810474523959365811e-01
3.016567591259442516e-01 4.311004730059810330e-01 5.810474523959365811e-01
3.016567591259442516e-01 4.311004730059810330e-01 5.810474523959365811e-01
3.016567591259442516e-01 4.311004730059810330e-01 5.810474523959365811e-01
3.016567591259442516e-01 4.311004730059810330e-01 5.810474523959365811e-01
3.016567591259442516e-01 4.311004730059810330e-01 5.810474523959365811e-01
3.016567591259442516e-01 4.311004730059810330e-01 5.810474523959365811e-01
3.016567591259442516e-01 4.311004730059810330e-01 5.810474523959365811e-01
2.985322973844264371e-01 9.719694888380231435e-02 2.061866211174150365e-01
2.985322973844264371e-01 9.719694888380231435e-02 2.061866211174150365e-01
2.985322973844264371e-01 9.719694888380231435e-02 2.061866211174150365e-01
2.985322973844264371e-01 9.719694888380231435e-02 2.061866211174150365e-01
2.985322973844264371e-01 9.719694888380231435e-02 2.061866211174150365e-01
5.004893031439274775e-01 1.486638825874929681e-01 1.763494810838223126e-01
5.004893031439274775e-01 1.486638825874929681e-01 1.763494810838223126e-01
5.004893031439274775e-01 1.486638825874929681e-01 1.763494810838223126e-01
