2.489132485845457765e-01 1.481402749648903505e-01 1.825881706472527732e-01
3.936222004622971227e-01 -1.251935281230694419e-01 8.570614134908539905e-02
3.647581295415618374e-01 9.930629432088042274e-02 3.233405107262779521e-01
3.647581295415618374e-01 9.930629432088042274e-02 3.233405107262779521e-01
2.427844171076696256e-01 -2.852692614011984040e-02 2.840347972445500524e-02
6.607024070065204979e-01 -2.891325238941423459e-01 1.380454867477334986e-02
6.607024070065204979e-01 -2.891325238941423459e-01 1.380454867477334986e-02
6.300086035425332964e-01 -1.120737067414452615e-01 2.630112337778010845e-02
6.300086035425332964e-01 -1.120737067414452615e-01 2.630112337778010845e-02
5.646770198497587101e-01 -2.314999039189130636e-02 7.302060653029750215e-02
5.646770198497587101e-01 -2.314999039189130636e-02 7.302060653029750215e-02
5.646770198497587101e-01 -2.314999039189130636e-02 7.302060653029750215e-02
5.646770198497587101e-01 -2.314999039189130636e-02 7.302060653029750215e-02
1.908674256253767854e-01 6.011172043020742706e-01 5.413788196386625229e-01
1.908674256253767854e-01 6.011172043020742706e-01 5.413788196386625229e-01
1.908674256253767854e-01 6.011172043020742706e-01 5.413788196386625229e-01
2.927183837786093701e-01 4.096901768499163765e-01 6.014246209585351055e-01
2.927183837786093701e-01 4.096901768499163765e-01 6.014246209585351055e-01
2.927183837786093701e-01 4.096901768499163765e-01 6.014246209585351055e-01
2.927183837786093701e-01 4.096901768499163765e-01 6.014246209585351055e-01
2.927183837786093701e-01 4.096901768499163765e-01 6.014246209585351055e-01
2.927183837786093701e-01 4.096901768499163765e-01 6.014246209585351055e-01
2.927183837786093701e-01 4.096901768499163765e-01 6.014246209585351055e-01
2.927183837786093701e-01 4.096901768499163765e-01 6.014246209585351055e-01
-7.395972378309967343e-03 5.086883648625428744e-01 2.379575950731644893e-02
3.152087947484816244e-01 4.513221499979762075e-01 5.192190099717703955e-01
4.019607290997753157e-01 3.408619706513943415e-01 3.259183535049127167e-01
2.846273240319083797e-01 6.709522770050007079e-01 2.622504281736998122e-01
2.846273240319083797e-01 6.709522770050007079e-01 2.622504281736998122e-01
2.846273240319083797e-01 6.709522770050007079e-01 2.622504281736998122e-01
2.846273240319083797e-01 6.709522770050007079e-01 2.622504281736998122e-01
2.846273240319083797e-01 6.709522770050007079e-01 2.622504281736998122e-01
2.846273240319083797e-01 6.709522770050007079e-01 2.622504281736998122e-01
2.846273240319083797e-01 6.709522770050007079e-01 2.622504281736998122e-01
2.846273240319083797e-01 6.709522770050007079e-01 2.622504281736998122e-01
2.846273240319083797e-01 6.709522770050007079e-01 2.622504281736998122e-01
2.846273240319083797e-01 6.709522770050007079e-01 2.622504281736998122e-01
2.846273240319083797e-01 6.709522770050007079e-01 2.622504281736998122e-01
2.439339547006982301e-01 7.863746441988819225e-01 1.855329199189437450e-01
2.439339547006982301e-01 7.863746441988819225e-01 1.855329199189437450e-01
2.439339547006982301e-01 7.863746441988819225e-01 1.855329199189437450e-01
2.439339547006982301e-01 7.863746441988819225e-01 1.855329199189437450e-01
2.439339547006982301e-01 7.863746441988819225e-01 1.855329199189437450e-01
8.907058833631711914e-02 5.115022578088408434e-01 1.869865375530971319e-01
3.107564376089055891e-01 6.066552748736885325e-01 2.878557125165334130e-01
3.107564376089055891e-01 6.066552748736885325e-01 2.878557125165334130e-01
3.107564376089055891e-01 6.066552748736885325e-01 2.878557125165334130e-01
3.107564376089055891e-01 6.066552748736885325e-01 2.878557125165334130e-01
3.107564376089055891e-01 6.066552748736885325e-01 2.878557125165334130e-01
3.107564376089055891e-01 6.066552748736885325e-01 2.878557125165334130e-01
3.107564376089055891e-01 6.066552748736885325e-01 2.878557125165334130e-01
5.148173097327218839e-02 5.911947504175885104e-01 1.482498820615368029e-01
5.148173097327218839e-02 5.911947504175885104e-01 1.482498820615368029e-01
-5.963206911931845378e-02 8.717474223819363655e-01 5.437071346086224527e-02
-5.963206911931845378e-02 8.717474223819363655e-01 5.437071346086224527e-02
1.543633270360014464e-01 4.869971230835497544e-01 3.919012979420982701e-01
1.543633270360014464e-01 4.869971230835497544e-01 3.919012979420982701e-01
3.620920934239270084e-01 4.171577920183680011e-01 3.919583356132466112e-01
3.620920934239270084e-01 4.171577920183680011e-01 3.919583356132466112e-01
3.620920934239270084e-01 4.171577920183680011e-01 3.919583356132466112e-01
2.949954110259238593e-01 4.270268592404167785e-01 5.915366607591615589e-01
2.949954110259238593e-01 4.270268592404167785e-01 5.915366607591615589e-01
2.949954110259238593e-01 4.270268592404167785e-01 5.915366607591615589e-01
4.587488732091229982e-02 8.098313339063591965e-01 2.149325739304512040e-01
4.587488732091229982e-02 8.098313339063591965e-01 2.149325739304512040e-01
4.587488732091229982e-02 8.098313339063591965e-01 2.149325739304512040e-01
4.587488732091229982e-02 8.098313339063591965e-01 2.149325739304512040e-01
4.587488732091229982e-02 8.098313339063591965e-01 2.149325739304512040e-01
4.587488732091229982e-02 8.098313339063591965e-01 2.149325739304512040e-01
3.009349775158711715e-01 7.776963860451169275e-01 8.824492398868825915e-02
4.543862573739864130e-01 4.379069149315543141e-01 8.605967485913661175e-02
4.543862573739864130e-01 4.379069149315543141e-01 8.605967485913661175e-02
3.665246858710502487e-01 1.840881770142359097e-01 4.288079548090613091e-01
3.443343266523161694e-01 2.977063962839456845e-01 5.234474907136509314e-01
3.443343266523161694e-01 2.977063962839456845e-01 5.234474907136509314e-01
3.443343266523161694e-01 2.977063962839456845e-01 5.234474907136509314e-01
3.443343266523161694e-01 2.977063962839456845e-01 5.234474907136509314e-01
3.443343266523161694e-01 2.977063962839456845e-01 5.234474907136509314e-01
3.443343266523161694e-01 2.977063962839456845e-01 5.234474907136509314e-01
3.443343266523161694e-01 2.977063962839456845e-01 5.234474907136509314e-01
3.443343266523161694e-01 2.977063962839456845e-01 5.234474907136509314e-01
3.443343266523161694e-01 2.977063962839456845e-01 5.234474907136509314e-01
3.443343266523161694e-01 2.977063962839456845e-01 5.234474907136509314e-01
3.443343266523161694e-01 2.977063962839456845e-01 5.234474907136509314e-01
4.186452153540484167e-01 1.860434434352828403e-01 3.463056899879348172e-01
4.186452153540484167e-01 1.860434434352828403e-01 3.463056899879348172e-01
1.758213878776192785e-01 3.061979763482831629e-01 2.097093599320196677e-01
1.758213878776192785e-01 3.061979763482831629e-01 2.097093599320196677e-01
3.348515310705415526e-01 3.018484659354154775e-01 5.390417148218002996e-01
3.348515310705415526e-01 3.018484659354154775e-01 5.390417148218002996e-01
2.460212671262508866e-01 5.487979287822635222e-01 5.698284775433377636e-01
2.460212671262508866e-01 5.487979287822635222e-01 5.698284775433377636e-01
2.460212671262508866e-01 5.487979287822635222e-01 5.698284775433377636e-01
2.460212671262508866e-01 5.487979287822635222e-01 5.698284775433377636e-01
2.460212671262508866e-01 5.487979287822635222e-01 5.698284775433377636e-01
2.460212671262508866e-01 5.487979287822635222e-01 5.698284775433377636e-01
2.201167980627628806e-01 6.464371843262995965e-01 4.762316562514546381e-01
2.201167980627628806e-01 6.464371843262995965e-01 4.762316562514546381e-01
2.201167980627628806e-01 6.464371843262995965e-01 4.762316562514546381e-01
1.797531548751202246e-01 6.004389649721494360e-01 5.293481436476519253e-01
