2.489132485845457765e-01 1.481402749648903505e-01 1.855196994418366590e-03
2.489132485845457765e-01 1.481402749648903505e-01 1.855196994418366590e-03
2.489132485845457765e-01 1.481402749648903505e-01 1.855196994418366590e-03
2.489132485845457765e-01 1.481402749648903505e-01 1.855196994418366590e-03
3.424175418352010669e-01 5.394090130032689334e-01 4.942504913452918508e-02
3.424175418352010669e-01 5.394090130032689334e-01 4.942504913452918508e-02
3.424175418352010669e-01 5.394090130032689334e-01 4.942504913452918508e-02
1.222729611660528515e-01 7.115248532099337497e-01 3.840699555650713831e-02
1.222729611660528515e-01 7.115248532099337497e-01 3.840699555650713831e-02
1.222729611660528515e-01 7.115248532099337497e-01 3.840699555650713831e-02
1.222729611660528515e-01 7.115248532099337497e-01 3.840699555650713831e-02
1.222729611660528515e-01 7.115248532099337497e-01 3.840699555650713831e-02
1.222729611660528515e-01 7.115248532099337497e-01 3.840699555650713831e-02
1.871126258713302071e-01 7.118255837948718190e-01 4.444712969310171680e-02
4.987240369794814776e-01 7.436660701701153231e-01 4.877771989112860557e-02
4.343967198843299293e-01 4.642780170644434379e-01 5.283342193963291855e-02
5.603464071378863043e-01 5.453745079469983770e-01 7.391161596789262711e-02
5.603464071378863043e-01 5.453745079469983770e-01 7.391161596789262711e-02
5.603464071378863043e-01 5.453745079469983770e-01 7.391161596789262711e-02
5.846630964075669734e-01 1.827926309953410433e-01 2.463357673993306698e-02
4.533682350403246963e-01 3.277597754080191494e-01 3.219263722359735208e-02
4.533682350403246963e-01 3.277597754080191494e-01 3.219263722359735208e-02
1.631469512556869006e-01 4.794351543651108605e-01 1.918999901287634507e-02
1.631469512556869006e-01 4.794351543651108605e-01 1.918999901287634507e-02
2.024079651675331493e-01 6.289275770567612778e-01 4.091770696247147565e-02
2.024079651675331493e-01 6.289275770567612778e-01 4.091770696247147565e-02
-6.035328355536481726e-02 6.839877564821152944e-01 1.884488329926557390e-02
-6.035328355536481726e-02 6.839877564821152944e-01 1.884488329926557390e-02
1.324368298927782739e-01 7.989848648078169413e-01 4.089190882244757991e-02
1.324368298927782739e-01 7.989848648078169413e-01 4.089190882244757991e-02
6.890433429027507106e-01 3.684849944271720856e-01 7.905778532215870791e-02
6.890433429027507106e-01 3.684849944271720856e-01 7.905778532215870791e-02
3.871359507379726894e-01 7.305874065320667743e-01 5.364724172880923347e-02
-1.654769239463044217e-01 7.292647787188721864e-01 1.426424973642514971e-02
-2.236886358220796511e-01 1.166692407126266762e+00 1.487544103456906255e-02
-2.236886358220796511e-01 1.166692407126266762e+00 1.487544103456906255e-02
-2.718939835671335126e-01 1.095100004099882396e+00 1.772257997807421062e-02
-2.718939835671335126e-01 1.095100004099882396e+00 1.772257997807421062e-02
-2.889908391174080271e-01 9.146243315630374626e-01 1.624379334396033187e-02
-3.147238638639400787e-01 4.037838906140698292e-01 2.568519662713272182e-04
-7.609671891823011070e-02 6.311553841096541051e-01 1.345845145602927138e-02
-4.111151535645209132e-02 7.333935781257756581e-01 2.439035933475124443e-02
-4.111151535645209132e-02 7.333935781257756581e-01 2.439035933475124443e-02
-9.127300291925202758e-02 1.060073048224063674e+00 2.152246732512975991e-02
-3.491423811136049604e-01 1.218177440343572560e+00 1.225055835615688864e-02
-3.569921366944356356e-02 1.084516777788762987e+00 1.924057378139836308e-02
-3.569921366944356356e-02 1.084516777788762987e+00 1.924057378139836308e-02
-3.569921366944356356e-02 1.084516777788762987e+00 1.924057378139836308e-02
4.439640649851359089e-01 6.977985444233346657e-01 5.767675653227669758e-02
8.086748805617516300e-01 3.790705135967432082e-01 9.406893813630812229e-02
8.086748805617516300e-01 3.790705135967432082e-01 9.406893813630812229e-02
8.086748805617516300e-01 3.790705135967432082e-01 9.406893813630812229e-02
9.801433034028322888e-01 6.394709606030446469e-02 6.504868303968075471e-02
7.806452189531138952e-01 2.131658172046888844e-01 6.469406633686275443e-02
7.476820769890873963e-01 6.957929770886875920e-01 3.921124829590854483e-02
7.476820769890873963e-01 6.957929770886875920e-01 3.921124829590854483e-02
7.476820769890873963e-01 6.957929770886875920e-01 3.921124829590854483e-02
7.476820769890873963e-01 6.957929770886875920e-01 3.921124829590854483e-02
6.562026868366481747e-01 8.486174022115466897e-02 1.744858196712145010e-02
-1.255930518572336840e-01 8.326429264682588816e-01 2.348022406335196002e-02
-1.255930518572336840e-01 8.326429264682588816e-01 2.348022406335196002e-02
1.258991194604425767e-01 9.281925522369787185e-01 3.226240832145219062e-02
2.043760690555018744e-01 7.136390587984329237e-01 4.596477828531559534e-02
-1.138205527546742868e-01 1.034559374571436763e+00 2.296857803865854850e-02
-1.138205527546742868e-01 1.034559374571436763e+00 2.296857803865854850e-02
1.221440498252255313e-01 8.734209601306220927e-01 3.701566564280393823e-02
4.444304782924399233e-02 9.941012442967883667e-01 2.642587736918628263e-02
4.444304782924399233e-02 9.941012442967883667e-01 2.642587736918628263e-02
4.444304782924399233e-02 9.941012442967883667e-01 2.642587736918628263e-02
4.444304782924399233e-02 9.941012442967883667e-01 2.642587736918628263e-02
4.444304782924399233e-02 9.941012442967883667e-01 2.642587736918628263e-02
4.444304782924399233e-02 9.941012442967883667e-01 2.642587736918628263e-02
2.796393996302392049e-01 8.430904008116566484e-01 4.038103734031785186e-02
5.730492559850937084e-01 7.169359744745917862e-01 4.964616764300465446e-02
5.730492559850937084e-01 7.169359744745917862e-01 4.964616764300465446e-02
6.806557229694981670e-01 7.261642935033499890e-01 3.881639372071011423e-02
7.888844342653069663e-01 4.497816707068721387e-01 8.932155441667122275e-02
7.888844342653069663e-01 4.497816707068721387e-01 8.932155441667122275e-02
1.163011987226356236e+00 2.485917283517315446e-01 1.084795206027050068e-01
1.163011987226356236e+00 2.485917283517315446e-01 1.084795206027050068e-01
1.163011987226356236e+00 2.485917283517315446e-01 1.084795206027050068e-01
1.501238657024549950e+00 4.155733715780207671e-03 1.196784031417052474e-01
1.711429092472373847e+00 1.810226362921081578e-01 3.697357404228643341e-02
2.178690542580514755e+00 -2.013872956567397399e-02 1.577019148932105180e-02
2.052426919381073134e+00 -6.163016487226815610e-01 4.504327818271871425e-02
1.944203199371323576e+00 -5.699165734814010120e-01 4.404092500153959644e-02
1.944203199371323576e+00 -5.699165734814010120e-01 4.404092500153959644e-02
1.944203199371323576e+00 -5.699165734814010120e-01 4.404092500153959644e-02
2.067102320161628537e+00 -5.825996632131522635e-01 5.543713380839324079e-02
2.467366189443243485e+00 -5.695138047500983847e-01 6.207381520692210192e-02
2.467366189443243485e+00 -5.695138047500983847e-01 6.207381520692210192e-02
2.467366189443243485e+00 -5.695138047500983847e-01 6.207381520692210192e-02
2.811660874997959692e+00 -8.568076404494658904e-01 3.553134843540570187e-02
2.811660874997959692e+00 -8.568076404494658904e-01 3.553134843540570187e-02
2.841961421422380507e+00 -6.925941342403587608e-01 3.041063900689057811e-02
2.930540358500648424e+00 -1.165516435212611945e+00 1.141610523119060416e-02
3.028036721222897576e+00 -8.131023915590556150e-01 2.201716046306414001e-02
3.028036721222897576e+00 -8.131023915590556150e-01 2.201716046306414001e-02
2.769493794032721112e+00 -8.885495464676098631e-01 3.422148111891894912e-02
2.687375129004977214e+00 -7.465035886627199302e-01 4.519372743304748974e-02
