2.489132485845457765e-01 1.481402749648903505e-01 3.400842009352952715e-03
5.284169614309310870e-01 4.455944306139524025e-02 6.215766396430738236e-03
7.207952641321997422e-01 3.698724804255967835e-01 1.962871701074929420e-01
7.385330398134609675e-01 4.568368869996726200e-01 2.138564238060784162e-01
8.976410259277760595e-01 2.295845306053400370e-01 1.577602261972748388e-01
9.845183423547284596e-01 8.012271442728691184e-01 7.101792490076693637e-03
1.115208274704881486e+00 5.656954352088305882e-01 4.298375595431380702e-02
1.115208274704881486e+00 5.656954352088305882e-01 4.298375595431380702e-02
1.115208274704881486e+00 5.656954352088305882e-01 4.298375595431380702e-02
6.648561226340161667e-01 4.402523618761122193e-01 2.143003173876902867e-01
6.648561226340161667e-01 4.402523618761122193e-01 2.143003173876902867e-01
6.648561226340161667e-01 4.402523618761122193e-01 2.143003173876902867e-01
6.648561226340161667e-01 4.402523618761122193e-01 2.143003173876902867e-01
5.660770760248238220e-01 5.499000569297336494e-01 2.231352705637598965e-01
9.558984505811627397e-01 2.322539029064287219e-01 1.699347652101315109e-01
9.558984505811627397e-01 2.322539029064287219e-01 1.699347652101315109e-01
9.558984505811627397e-01 2.322539029064287219e-01 1.699347652101315109e-01
9.558984505811627397e-01 2.322539029064287219e-01 1.699347652101315109e-01
9.558984505811627397e-01 2.322539029064287219e-01 1.699347652101315109e-01
1.179520210985578466e+00 2.524991165446422992e-01 1.643153605025690633e-01
1.358712378838237145e+00 3.005533931533826419e-01 9.209962519093824185e-02
1.218391585900718166e+00 2.150464108228827831e-01 1.615530727807167888e-01
1.218391585900718166e+00 2.150464108228827831e-01 1.615530727807167888e-01
5.647997821194477019e-01 1.590877414591369277e-01 3.188649521439343437e-02
3.601099646681304445e-01 2.762972339661464716e-01 3.637839575689275767e-02
3.601099646681304445e-01 2.762972339661464716e-01 3.637839575689275767e-02
2.732253240995641264e-01 3.734505944372780162e-01 5.904316369368762391e-02
8.150937095539489974e-03 4.932571864914800930e-01 4.744872851951742465e-02
1.436113327624981006e-01 5.568119774596118621e-01 1.307738485510316073e-01
1.436113327624981006e-01 5.568119774596118621e-01 1.307738485510316073e-01
1.436113327624981006e-01 5.568119774596118621e-01 1.307738485510316073e-01
5.756125122688280360e-01 5.754852935335774688e-01 2.165468257136942964e-01
1.206464177386149528e-01 7.146656830629347645e-01 2.125543576743900709e-01
1.206464177386149528e-01 7.146656830629347645e-01 2.125543576743900709e-01
1.206464177386149528e-01 7.146656830629347645e-01 2.125543576743900709e-01
2.319819892860194022e-01 6.353625378228346943e-01 2.100645015520633818e-01
2.319819892860194022e-01 6.353625378228346943e-01 2.100645015520633818e-01
2.319819892860194022e-01 6.353625378228346943e-01 2.100645015520633818e-01
-7.159480948696669844e-02 6.453928570336451287e-01 1.065158991872570682e-01
7.095807602522941071e-01 8.079551324631966125e-01 3.902591948874464117e-02
7.095807602522941071e-01 8.079551324631966125e-01 3.902591948874464117e-02
5.867458185309010199e-01 6.095195476569166271e-01 2.002865619339230796e-01
1.892244703351922408e-01 7.187187174138880419e-01 2.227135648060234174e-01
1.892244703351922408e-01 7.187187174138880419e-01 2.227135648060234174e-01
1.892244703351922408e-01 7.187187174138880419e-01 2.227135648060234174e-01
1.892244703351922408e-01 7.187187174138880419e-01 2.227135648060234174e-01
1.892244703351922408e-01 7.187187174138880419e-01 2.227135648060234174e-01
1.892244703351922408e-01 7.187187174138880419e-01 2.227135648060234174e-01
-1.248874938405576951e-01 5.317430099179430991e-01 3.348448899108989046e-02
-1.248874938405576951e-01 5.317430099179430991e-01 3.348448899108989046e-02
-1.248874938405576951e-01 5.317430099179430991e-01 3.348448899108989046e-02
2.977094710057121008e-02 5.073035514795145584e-01 5.969487325090858110e-02
-1.226287364580584960e-01 8.609951614968363032e-01 1.975874351773922455e-01
3.077503251247352689e-01 8.690866758046630336e-01 1.269953470279987506e-01
5.796856945601605027e-01 6.064222184476992794e-01 2.037871024273887610e-01
5.796856945601605027e-01 6.064222184476992794e-01 2.037871024273887610e-01
5.796856945601605027e-01 6.064222184476992794e-01 2.037871024273887610e-01
3.233400909420624525e-01 5.865824357869399153e-01 2.115960107848591787e-01
3.233400909420624525e-01 5.865824357869399153e-01 2.115960107848591787e-01
3.233400909420624525e-01 5.865824357869399153e-01 2.115960107848591787e-01
3.233400909420624525e-01 5.865824357869399153e-01 2.115960107848591787e-01
6.234382316521838163e-01 7.108365364583725254e-01 1.206965290401477570e-01
5.748199452336757442e-01 5.032146684859897245e-01 2.219623346505661676e-01
5.748199452336757442e-01 5.032146684859897245e-01 2.219623346505661676e-01
8.552367008658612324e-01 2.711943733479280638e-01 1.721008410459168581e-01
7.579230360571497238e-01 5.522025503298488847e-01 1.745376845265785293e-01
7.579230360571497238e-01 5.522025503298488847e-01 1.745376845265785293e-01
7.579230360571497238e-01 5.522025503298488847e-01 1.745376845265785293e-01
7.579230360571497238e-01 5.522025503298488847e-01 1.745376845265785293e-01
7.579230360571497238e-01 5.522025503298488847e-01 1.745376845265785293e-01
6.838085378920081281e-01 6.356547898608670977e-01 1.494592664103011614e-01
5.838107961105212240e-01 5.072639589276664029e-01 2.226691346498592960e-01
8.363885215908755111e-01 1.196856022248265483e-01 7.304867652984463333e-02
8.363885215908755111e-01 1.196856022248265483e-01 7.304867652984463333e-02
8.363885215908755111e-01 1.196856022248265483e-01 7.304867652984463333e-02
8.363885215908755111e-01 1.196856022248265483e-01 7.304867652984463333e-02
8.363885215908755111e-01 1.196856022248265483e-01 7.304867652984463333e-02
8.036900862410700785e-01 2.010678341152333792e-01 1.142306533304836835e-01
1.116368401800460708e+00 3.513990695041695478e-01 1.511157037604830278e-01
1.116368401800460708e+00 3.513990695041695478e-01 1.511157037604830278e-01
1.116368401800460708e+00 3.513990695041695478e-01 1.511157037604830278e-01
1.116368401800460708e+00 3.513990695041695478e-01 1.511157037604830278e-01
9.127520556592964018e-01 2.259091996834968752e-01 1.589091307308790613e-01
1.164519242258091225e+00 1.465220581942928146e-01 1.562964372147549463e-01
1.164519242258091225e+00 1.465220581942928146e-01 1.562964372147549463e-01
1.164519242258091225e+00 1.465220581942928146e-01 1.562964372147549463e-01
1.058095996551055240e+00 6.408359645301453522e-01 2.896099560063199879e-02
1.058095996551055240e+00 6.408359645301453522e-01 2.896099560063199879e-02
1.058095996551055240e+00 6.408359645301453522e-01 2.896099560063199879e-02
9.968177486231765139e-01 5.196831804252497466e-01 1.024050365472848612e-01
9.717222534182519134e-01 6.171865122118341818e-01 5.721674469954218800e-02
1.026899788443616846e+00 6.261177939312392304e-01 3.987118157152301501e-02
6.619947864170070417e-01 7.398060076203871738e-01 8.695640156037849622e-02
8.434403748498272568e-01 2.663189474148928704e-01 1.669281648986806477e-01
6.652463522055650502e-01 1.743596593889136515e-01 5.905528253059613708e-02
6.652463522055650502e-01 1.743596593889136515e-01 5.905528253059613708e-02
8.212243081810739476e-01 3.755059830346565430e-01 2.060102579447946891e-01
8.212243081810739476e-01 3.755059830346565430e-01 2.060102579447946891e-01
8.212243081810739476e-01 3.755059830346565430e-01 2.060102579447946891e-01
8.212243081810739476e-01 3.755059830346565430e-01 2.060102579447946891e-01
