2.489132485845457765e-01 1.481402749648903505e-01 3.510882292308119441e-03
2.489132485845457765e-01 1.481402749648903505e-01 3.510882292308119441e-03
2.489132485845457765e-01 1.481402749648903505e-01 3.510882292308119441e-03
6.391155435709814370e-01 1.183155808813982079e-01 3.231624264149950826e-02
7.204484301062842322e-01 6.547799491220069878e-01 1.177358573366557720e-01
7.204484301062842322e-01 6.547799491220069878e-01 1.177358573366557720e-01
5.384725019270439894e-01 6.324191568145217657e-01 2.011762548978567045e-01
5.384725019270439894e-01 6.324191568145217657e-01 2.011762548978567045e-01
5.384725019270439894e-01 6.324191568145217657e-01 2.011762548978567045e-01
5.384725019270439894e-01 6.324191568145217657e-01 2.011762548978567045e-01
8.322301101602967988e-01 3.126880099327148388e-01 1.908772824722411166e-01
8.474712477891106488e-01 5.114404860693202437e-01 1.610973336798101618e-01
8.154348574143520656e-01 4.190407854567255175e-01 2.066729588626951553e-01
4.984591484675994777e-01 2.283076793660453740e-01 4.736679816080732047e-02
7.577540958964457118e-01 7.030622494747270634e-01 7.340479550945730458e-02
7.577540958964457118e-01 7.030622494747270634e-01 7.340479550945730458e-02
6.976148736730979349e-01 6.176542142549021897e-01 1.526149851324715978e-01
1.307015502794647288e-01 8.892230052747693847e-01 1.717898862126657211e-01
3.508632826479296529e-01 8.205386146335706954e-01 1.447636331961275058e-01
7.307279787695855067e-01 7.220895830368514456e-01 7.137311417468585051e-02
4.897158252609900564e-01 9.044188922808509279e-01 4.647104487039130372e-02
4.897158252609900564e-01 9.044188922808509279e-01 4.647104487039130372e-02
4.897158252609900564e-01 9.044188922808509279e-01 4.647104487039130372e-02
4.698311422009748828e-02 8.138099917800040162e-01 2.140177760968516307e-01
4.698311422009748828e-02 8.138099917800040162e-01 2.140177760968516307e-01
1.063664169311632490e-01 6.814496202430593286e-01 1.966572087716939865e-01
1.375941574803993261e-01 8.558896322119980971e-01 1.898937873624509109e-01
1.375941574803993261e-01 8.558896322119980971e-01 1.898937873624509109e-01
1.375941574803993261e-01 8.558896322119980971e-01 1.898937873624509109e-01
4.317399906099079754e-01 6.881595617561754308e-01 2.033497969374779557e-01
7.268701334464925390e-01 1.722711416393574169e-01 7.720853706418710771e-02
8.077856814499733140e-01 2.932723411850045037e-01 1.776760256483919109e-01
8.077856814499733140e-01 2.932723411850045037e-01 1.776760256483919109e-01
7.261793626228488785e-01 4.851615679652631075e-01 2.102502248134634211e-01
7.261793626228488785e-01 4.851615679652631075e-01 2.102502248134634211e-01
7.261793626228488785e-01 4.851615679652631075e-01 2.102502248134634211e-01
7.261793626228488785e-01 4.851615679652631075e-01 2.102502248134634211e-01
7.261793626228488785e-01 4.851615679652631075e-01 2.102502248134634211e-01
7.261793626228488785e-01 4.851615679652631075e-01 2.102502248134634211e-01
7.261793626228488785e-01 4.851615679652631075e-01 2.102502248134634211e-01
5.232547229701283165e-01 7.638031113249988957e-01 1.193030623827150000e-01
2.889433701792923914e-01 4.607184254348506425e-01 1.208595165900992752e-01
5.200948430713805415e-01 5.582786175078700008e-01 2.259614922934928272e-01
3.221770289104256557e-01 5.356101418649369394e-01 1.860533325015255590e-01
3.221770289104256557e-01 5.356101418649369394e-01 1.860533325015255590e-01
3.221770289104256557e-01 5.356101418649369394e-01 1.860533325015255590e-01
-3.347076201858830702e-01 7.429533502479915841e-01 6.918092847549993374e-02
1.929557030136236362e-01 5.896223404781930633e-01 1.740868287293457495e-01
1.929557030136236362e-01 5.896223404781930633e-01 1.740868287293457495e-01
1.954935754868332431e-01 8.152425446405896503e-01 1.979501621293447700e-01
3.020546611800808412e-01 6.453835856523183478e-01 2.257114112271244311e-01
2.927312837352691877e-01 6.735033852280264410e-01 2.268362134894801041e-01
4.447616230626171285e-01 7.466272248913115028e-01 1.624167121261632651e-01
3.538461550756477059e-01 8.193685834547298485e-01 1.444932826335405818e-01
1.889631755928277701e-01 6.045618719324111767e-01 1.820746989438031815e-01
1.889631755928277701e-01 6.045618719324111767e-01 1.820746989438031815e-01
2.920478176670143755e-02 8.794510510920819923e-01 1.990086018513248234e-01
3.380126600162275952e-01 5.655155577475701190e-01 2.074019225596029359e-01
6.642322077663369573e-01 5.829841152106021163e-01 1.871250789242592250e-01
6.387810999315317595e-01 3.482989802255117562e-01 1.673529629488031412e-01
2.234204944986287744e-01 6.522491155763365800e-01 2.154102949624889241e-01
2.234204944986287744e-01 6.522491155763365800e-01 2.154102949624889241e-01
2.258126705640727261e-01 6.783293763595745762e-01 2.224186480119854648e-01
8.889391985821479270e-02 7.058987352755445865e-01 2.023977638484293351e-01
3.245698694148697605e-01 9.912132014932781843e-01 4.651915904032943860e-02
-2.353427467394203498e-02 8.204034061686911183e-01 2.080399803453644447e-01
3.918956906840885546e-02 8.772971379699422423e-01 1.985004004021124757e-01
8.549168339114911197e-02 8.225362444687404073e-01 2.118402460185714875e-01
1.144536332946104185e-02 8.732404939670987964e-01 2.031138509157529026e-01
1.144536332946104185e-02 8.732404939670987964e-01 2.031138509157529026e-01
1.144536332946104185e-02 8.732404939670987964e-01 2.031138509157529026e-01
1.144536332946104185e-02 8.732404939670987964e-01 2.031138509157529026e-01
1.103099869883713835e-01 9.307958015093107385e-01 1.502459997649626400e-01
1.103099869883713835e-01 9.307958015093107385e-01 1.502459997649626400e-01
-1.678156496822130750e-02 9.502739478764270498e-01 1.729628324853459964e-01
-2.930923127537737316e-01 1.082853482804796874e+00 1.541044409241718316e-01
-5.371698713522246038e-01 1.171750235411534780e+00 1.384129325996884818e-01
-5.371698713522246038e-01 1.171750235411534780e+00 1.384129325996884818e-01
-5.371698713522246038e-01 1.171750235411534780e+00 1.384129325996884818e-01
-5.108482499602582383e-01 1.243033609287658603e+00 1.097120703722038737e-01
-5.108482499602582383e-01 1.243033609287658603e+00 1.097120703722038737e-01
-5.108482499602582383e-01 1.243033609287658603e+00 1.097120703722038737e-01
-5.081676691937333512e-01 1.292911959027272406e+00 8.543257235583331943e-02
-5.296676473414392294e-01 1.002119775802617241e+00 1.286139808870571388e-01
-5.296676473414392294e-01 1.002119775802617241e+00 1.286139808870571388e-01
-4.801508819663038996e-01 1.040361555115237646e+00 1.520598535289631736e-01
-4.801508819663038996e-01 1.040361555115237646e+00 1.520598535289631736e-01
-4.801508819663038996e-01 1.040361555115237646e+00 1.520598535289631736e-01
-4.387934294919950684e-01 8.886731286799203211e-01 1.091901412282394457e-01
-4.192413962418477524e-01 1.268853768414193839e+00 8.068510862098174363e-02
-4.508605794003344713e-01 1.257138150065423732e+00 9.278724968969513653e-02
-4.404908536650138928e-01 9.752868429206440481e-01 1.464549230462185436e-01
-3.009752009324730970e-01 8.977277633580192928e-01 1.615652682688466513e-01
-4.091275706873397922e-01 1.089278877288970104e+00 1.588051698814884338e-01
-4.091275706873397922e-01 1.089278877288970104e+00 1.588051698814884338e-01
-4.091275706873397922e-01 1.089278877288970104e+00 1.588051698814884338e-01
-7.328441296568390939e-01 8.557011259518195745e-01 2.094443205000088432e-02
-2.490162115139826771e-01 1.387773519352642593e+00 1.351937961438632804e-02
-2.490162115139826771e-01 1.387773519352642593e+00 1.351937961438632804e-02
-4.769297570099589323e-01 1.151383587284878107e+00 1.430252294417401482e-01
