2.489132485845457765e-01 1.481402749648903505e-01 2.827375256684209939e-03
2.489132485845457765e-01 1.481402749648903505e-01 2.827375256684209939e-03
2.489132485845457765e-01 1.481402749648903505e-01 2.827375256684209939e-03
2.539986893281122038e-01 3.143460772719147700e-01 2.093150441430970815e-02
2.539986893281122038e-01 3.143460772719147700e-01 2.093150441430970815e-02
6.891473430935672884e-01 4.762352112747306188e-01 1.609056737465201226e-01
1.923613078487727557e-01 6.840507654316709818e-01 1.374909762620925013e-01
4.290984338135622744e-01 4.796843870973971358e-01 1.253769243531285826e-01
4.942602066076329792e-01 3.552976659411187232e-01 8.676392241945779515e-02
2.764687480335644154e-01 2.348492029912182533e-01 1.043067143392607289e-02
2.764687480335644154e-01 2.348492029912182533e-01 1.043067143392607289e-02
2.764687480335644154e-01 2.348492029912182533e-01 1.043067143392607289e-02
8.659802070720756806e-01 2.181710635117505848e-01 1.213446154983876951e-01
8.659802070720756806e-01 2.181710635117505848e-01 1.213446154983876951e-01
9.857701916724421753e-01 2.217203447552497653e-01 1.432218420975476247e-01
9.857701916724421753e-01 2.217203447552497653e-01 1.432218420975476247e-01
1.460597558443371469e+00 2.120449977282225507e-01 7.810365523763808382e-02
1.460597558443371469e+00 2.120449977282225507e-01 7.810365523763808382e-02
1.460597558443371469e+00 2.120449977282225507e-01 7.810365523763808382e-02
1.250530379085827315e+00 9.213875274647871649e-02 1.323990174788609864e-01
8.708181086956235939e-01 3.489033020155389297e-01 1.575100782537868782e-01
1.010038658996251337e+00 1.872501455586870756e-01 1.361839136058106414e-01
8.455919458530768429e-01 3.847885638022104371e-01 1.585040679639407313e-01
4.574300188007840440e-01 6.777380842287116236e-01 1.467074281918436252e-01
5.534359623260279859e-01 8.444397299646173582e-01 5.373361456744231435e-02
5.534359623260279859e-01 8.444397299646173582e-01 5.373361456744231435e-02
3.728393269992362757e-01 1.156153655887202980e+00 6.721046090069694376e-03
3.728393269992362757e-01 1.156153655887202980e+00 6.721046090069694376e-03
1.679136377145288295e-01 1.142665333118252358e+00 2.549727515766262234e-02
1.679136377145288295e-01 1.142665333118252358e+00 2.549727515766262234e-02
1.679136377145288295e-01 1.142665333118252358e+00 2.549727515766262234e-02
-2.091214061274920821e-02 1.074921725844090181e+00 7.915631482275090058e-02
2.707616257095460943e-01 9.404060072203515031e-01 7.715701608316166693e-02
3.110646746568084264e-01 7.003639236215918329e-01 1.515673861613871243e-01
7.901471303119763645e-01 5.564501891588887750e-01 1.227726836424943568e-01
7.506919821838572426e-01 6.688493981349274975e-01 8.100052644029627491e-02
4.740213625197463032e-01 4.482867285690113612e-01 1.240956588075432659e-01
4.740213625197463032e-01 4.482867285690113612e-01 1.240956588075432659e-01
4.740213625197463032e-01 4.482867285690113612e-01 1.240956588075432659e-01
4.740213625197463032e-01 4.482867285690113612e-01 1.240956588075432659e-01
4.266504765799716270e-01 6.355807358303233734e-01 1.563611785662684384e-01
4.266504765799716270e-01 6.355807358303233734e-01 1.563611785662684384e-01
4.266504765799716270e-01 6.355807358303233734e-01 1.563611785662684384e-01
4.266504765799716270e-01 6.355807358303233734e-01 1.563611785662684384e-01
4.266504765799716270e-01 6.355807358303233734e-01 1.563611785662684384e-01
6.420458933510181376e-01 5.282442604626823579e-01 1.588035457719570998e-01
6.943875341490357567e-01 4.472816060769938540e-01 1.605146617296663858e-01
8.380522759391199061e-01 2.847796160174450586e-01 1.417176642784365170e-01
8.979200272448214504e-01 7.395172215272398653e-01 2.418965888210132878e-02
8.446614972665488219e-01 6.613262809029687439e-01 5.970092137951048955e-02
5.177571738046211625e-01 6.597522636004086172e-01 1.430922213503658946e-01
4.001176999715250759e-01 7.947753450568388889e-01 1.132770230903329678e-01
2.309866725225363238e-01 1.196963647195220082e+00 1.035253615393256534e-02
2.309866725225363238e-01 1.196963647195220082e+00 1.035253615393256534e-02
2.309866725225363238e-01 1.196963647195220082e+00 1.035253615393256534e-02
2.060273880027145565e-01 1.159753607130163733e+00 1.781768252210469070e-02
1.565211682447109620e-03 7.376822136725555978e-01 1.092431719708931159e-01
1.565211682447109620e-03 7.376822136725555978e-01 1.092431719708931159e-01
1.565211682447109620e-03 7.376822136725555978e-01 1.092431719708931159e-01
1.565211682447109620e-03 7.376822136725555978e-01 1.092431719708931159e-01
1.565211682447109620e-03 7.376822136725555978e-01 1.092431719708931159e-01
3.209013237887713421e-01 7.703230782905016172e-01 1.375162388995411766e-01
3.209013237887713421e-01 7.703230782905016172e-01 1.375162388995411766e-01
4.250112802420110691e-01 5.582072962183284304e-01 1.502217468651847465e-01
4.427453408668497459e-01 4.997764639027159062e-01 1.366139507763886873e-01
4.510479813853431885e-01 5.637557900138058242e-01 1.548323015008500336e-01
9.006672894555308728e-01 2.207648550636622242e-01 1.297786538660232192e-01
6.128022651731495074e-01 4.158349043768002629e-01 1.442942401395283514e-01
-1.263690405484946266e-01 7.337729626475542055e-01 7.393567655794118509e-02
-1.263690405484946266e-01 7.337729626475542055e-01 7.393567655794118509e-02
-1.263690405484946266e-01 7.337729626475542055e-01 7.393567655794118509e-02
1.843820818734321909e-01 7.793020621764661371e-01 1.438478911672933236e-01
1.843820818734321909e-01 7.793020621764661371e-01 1.438478911672933236e-01
1.843820818734321909e-01 7.793020621764661371e-01 1.438478911672933236e-01
8.046864848071179355e-02 5.305127206218192004e-01 5.120024895314490704e-02
8.046864848071179355e-02 5.305127206218192004e-01 5.120024895314490704e-02
8.046864848071179355e-02 5.305127206218192004e-01 5.120024895314490704e-02
8.046864848071179355e-02 5.305127206218192004e-01 5.120024895314490704e-02
-1.418268575310507873e-02 8.535344419387125292e-01 1.296416748298824251e-01
3.397601050573949566e-01 4.687600326017939412e-01 9.515975517401774331e-02
-2.810835787872018043e-02 7.694788106991935495e-01 1.117692477678018520e-01
-2.810835787872018043e-02 7.694788106991935495e-01 1.117692477678018520e-01
-2.810835787872018043e-02 7.694788106991935495e-01 1.117692477678018520e-01
-2.810835787872018043e-02 7.694788106991935495e-01 1.117692477678018520e-01
3.264063072853582437e-01 6.218417626523763397e-01 1.477405376255493119e-01
2.063696659103614051e-01 5.193139499297151351e-01 7.936920917938876385e-02
4.131282865789012715e-01 6.914730608953933988e-01 1.483375783642675860e-01
1.456174658501607766e-01 8.795420781816751798e-01 1.255382960376445201e-01
1.456174658501607766e-01 8.795420781816751798e-01 1.255382960376445201e-01
3.182216156164290322e-01 6.661321942647114858e-01 1.521220467961456879e-01
3.182216156164290322e-01 6.661321942647114858e-01 1.521220467961456879e-01
3.182216156164290322e-01 6.661321942647114858e-01 1.521220467961456879e-01
4.002150684249028423e-01 6.444194273984370502e-01 1.557627155087364934e-01
4.893043247415782560e-01 5.071095560511444944e-01 1.485877500969448595e-01
4.155680476518279765e-01 6.243529151188540460e-01 1.566062864233282725e-01
4.155680476518279765e-01 6.243529151188540460e-01 1.566062864233282725e-01
4.155680476518279765e-01 6.243529151188540460e-01 1.566062864233282725e-01
4.155680476518279765e-01 6.243529151188540460e-01 1.566062864233282725e-01
4.155680476518279765e-01 6.243529151188540460e-01 1.566062864233282725e-01
5.692762620556955921e-01 4.166804459179475062e-01 1.351492763296421595e-01
