2.489132485845457765e-01 1.481402749648903505e-01 4.900680509568062365e-03
-1.559078380807149555e-02 7.397081730262403676e-01 2.471060610217329923e-01
-1.559078380807149555e-02 7.397081730262403676e-01 2.471060610217329923e-01
-1.452876290605960297e-01 1.062047231947056414e+00 7.489113242538898707e-02
-1.452876290605960297e-01 1.062047231947056414e+00 7.489113242538898707e-02
-6.866862263291421964e-02 9.149454114304759189e-01 1.703254735614039561e-01
-6.866862263291421964e-02 9.149454114304759189e-01 1.703254735614039561e-01
2.298313966567409605e-01 6.760096749860411425e-01 2.716633208947176747e-01
2.298313966567409605e-01 6.760096749860411425e-01 2.716633208947176747e-01
2.298313966567409605e-01 6.760096749860411425e-01 2.716633208947176747e-01
2.298313966567409605e-01 6.760096749860411425e-01 2.716633208947176747e-01
4.318429895549308339e-01 4.841517052939443011e-01 2.687050938941598077e-01
3.977417358613438148e-01 6.390894013931904816e-01 2.574948264260453756e-01
7.133064185381596811e-01 3.153973339361752504e-01 2.266383903361720298e-01
3.617342864798097080e-01 4.167535383889704459e-01 1.820711814965778330e-01
3.617342864798097080e-01 4.167535383889704459e-01 1.820711814965778330e-01
3.617342864798097080e-01 4.167535383889704459e-01 1.820711814965778330e-01
6.802920530442244651e-01 6.702633558048529672e-01 1.002479706787198360e-01
4.304205532542045298e-01 3.033848908089705199e-01 1.027858925518858185e-01
4.550758458629895475e-01 4.222807896832999619e-01 2.300845719982883564e-01
4.550758458629895475e-01 4.222807896832999619e-01 2.300845719982883564e-01
7.608136172232834449e-01 5.718602889197834660e-01 1.513853209322340299e-01
7.608136172232834449e-01 5.718602889197834660e-01 1.513853209322340299e-01
1.016815601206543018e+00 3.258852292418968899e-01 2.117212271022895220e-01
1.016815601206543018e+00 3.258852292418968899e-01 2.117212271022895220e-01
7.354042934828741718e-01 3.386012420327674799e-01 2.473099259820303042e-01
2.619309718175185653e-01 4.077626690016389333e-01 1.246613637841440525e-01
2.619309718175185653e-01 4.077626690016389333e-01 1.246613637841440525e-01
5.121999800222535315e-01 6.419814832967593032e-01 2.085313531573276813e-01
5.121999800222535315e-01 6.419814832967593032e-01 2.085313531573276813e-01
2.581171597184555577e-01 6.107287230002770295e-01 2.796317616827220243e-01
2.581171597184555577e-01 6.107287230002770295e-01 2.796317616827220243e-01
2.581171597184555577e-01 6.107287230002770295e-01 2.796317616827220243e-01
2.581171597184555577e-01 6.107287230002770295e-01 2.796317616827220243e-01
2.581171597184555577e-01 6.107287230002770295e-01 2.796317616827220243e-01
2.581171597184555577e-01 6.107287230002770295e-01 2.796317616827220243e-01
4.209881071688519327e-01 4.204844465658175157e-01 2.137987292527311067e-01
1.789292511751922055e-01 7.759393696292882225e-01 2.180778027626148474e-01
1.789292511751922055e-01 7.759393696292882225e-01 2.180778027626148474e-01
1.789292511751922055e-01 7.759393696292882225e-01 2.180778027626148474e-01
1.789292511751922055e-01 7.759393696292882225e-01 2.180778027626148474e-01
1.269953252091541585e-01 5.977265579577154542e-01 2.341777653974457807e-01
1.269953252091541585e-01 5.977265579577154542e-01 2.341777653974457807e-01
1.269953252091541585e-01 5.977265579577154542e-01 2.341777653974457807e-01
2.158040740974778715e-02 1.020832038245767404e+00 6.048939898689555117e-02
-7.268745959566060844e-01 8.597170784077159400e-01 4.571294872697417855e-02
-5.546996541271447256e-01 9.320666712482268412e-01 1.288882162185862879e-01
-5.546996541271447256e-01 9.320666712482268412e-01 1.288882162185862879e-01
-5.867383814101962969e-01 9.265396864424354506e-01 1.162652553029799724e-01
-1.102637508131659505e+00 8.241600660331354078e-01 2.027022285826966114e-03
-1.102637508131659505e+00 8.241600660331354078e-01 2.027022285826966114e-03
-1.102637508131659505e+00 8.241600660331354078e-01 2.027022285826966114e-03
-7.350904693681150626e-01 6.643958712883581974e-01 4.893919507821213946e-03
-3.705692954537669892e-01 8.343952304357908911e-01 1.591811598303487507e-01
-2.168711906139201284e-01 5.587796408687446537e-01 5.069837884094883368e-02
-2.136533319243069384e-01 5.629703248780724145e-01 5.378474005190082147e-02
-2.885290297547762894e-01 8.331255245435713608e-01 1.891200342206927898e-01
-3.239298279734464936e-02 7.058778074117352253e-01 2.330515363316686683e-01
1.091827722776247955e-01 7.498385043246739157e-01 2.517486637555823026e-01
1.091827722776247955e-01 7.498385043246739157e-01 2.517486637555823026e-01
6.566813643675792900e-01 5.935178539496825945e-01 1.841232996900930008e-01
4.187907569375696193e-01 6.949297515972875372e-01 1.998376138685290238e-01
1.182505537053196720e-01 7.495375424415953169e-01 2.508440030072557336e-01
1.745429974582256294e-01 6.157160797274892072e-01 2.625676107082443034e-01
1.745429974582256294e-01 6.157160797274892072e-01 2.625676107082443034e-01
-1.420810288285381529e-01 8.568849511132814456e-01 2.166036020802935280e-01
2.316669439281015819e-01 7.250990048853647174e-01 2.436612415504457452e-01
3.820242316430705887e-01 6.542950772553889349e-01 2.514567967163646167e-01
3.820242316430705887e-01 6.542950772553889349e-01 2.514567967163646167e-01
2.532319109143153502e-01 5.453017459052186267e-01 2.491234703173660914e-01
5.770187559137196498e-01 4.477884814875230379e-01 2.774871348922197667e-01
5.770187559137196498e-01 4.477884814875230379e-01 2.774871348922197667e-01
5.770187559137196498e-01 4.477884814875230379e-01 2.774871348922197667e-01
5.770187559137196498e-01 4.477884814875230379e-01 2.774871348922197667e-01
1.482002179861606206e-01 4.497483556361638324e-01 1.107385873698686907e-01
7.894379191703880527e-02 8.279396993270919936e-01 2.036222855088612171e-01
7.894379191703880527e-02 8.279396993270919936e-01 2.036222855088612171e-01
4.117714711021113194e-01 5.982909758072691986e-01 2.771862828920275690e-01
4.117714711021113194e-01 5.982909758072691986e-01 2.771862828920275690e-01
3.956990833274479646e-01 3.318628760153317092e-01 1.138295993312126581e-01
3.956990833274479646e-01 3.318628760153317092e-01 1.138295993312126581e-01
5.570873509946382418e-01 3.401071412208513944e-01 1.939124830701200175e-01
7.049244192376153961e-01 1.457126297475221099e-01 7.335947202035154879e-02
9.410287703271000836e-01 -1.548029865425187834e-02 3.692579098651352365e-02
6.226574003684471892e-01 4.093681619825394469e-01 2.678300730715591493e-01
6.226574003684471892e-01 4.093681619825394469e-01 2.678300730715591493e-01
8.474145451457228972e-01 4.708681197718480038e-01 1.976710169052401933e-01
8.474145451457228972e-01 4.708681197718480038e-01 1.976710169052401933e-01
8.474145451457228972e-01 4.708681197718480038e-01 1.976710169052401933e-01
9.847534892068986467e-01 3.035333140957069409e-01 2.268072393808187592e-01
1.237025559057450375e+00 -6.572866971784613321e-02 6.462126656984203132e-02
1.207679837648754750e+00 8.832708763038363275e-02 1.535374985311046825e-01
1.207679837648754750e+00 8.832708763038363275e-02 1.535374985311046825e-01
1.207679837648754750e+00 8.832708763038363275e-02 1.535374985311046825e-01
1.207679837648754750e+00 8.832708763038363275e-02 1.535374985311046825e-01
1.207679837648754750e+00 8.832708763038363275e-02 1.535374985311046825e-01
1.125279002080417090e+00 4.736109040440125706e-03 8.529580559969110465e-02
1.349147496699607318e+00 -6.439421499685246686e-02 8.297057859316062101e-02
1.274441753180812542e+00 9.705431425465327333e-02 1.579661448179021932e-01
1.243471958111964648e+00 2.484751480161674630e-02 1.203546608410880209e-01
