2.489132485845457765e-01 1.481402749648903505e-01 3.650880831530574442e-03
4.566508372785725856e-01 5.081176156703030022e-01 2.118341646944223999e-01
4.566508372785725856e-01 5.081176156703030022e-01 2.118341646944223999e-01
3.555033814595739416e-01 4.594784498882583668e-01 1.487901732176123981e-01
5.344529996277506134e-01 2.328651402827271455e-01 6.102983558675842413e-02
1.121077133523420422e+00 2.427479037122972361e-01 1.714245547493233601e-01
1.121077133523420422e+00 2.427479037122972361e-01 1.714245547493233601e-01
1.130925586796425186e+00 3.163412871374831625e-01 1.501054723662139934e-01
1.352356235636479775e+00 1.316970491531690712e-01 1.381963681838696278e-01
1.352356235636479775e+00 1.316970491531690712e-01 1.381963681838696278e-01
9.277544347428618998e-01 5.276110679991045105e-01 1.127573765049041110e-01
9.277544347428618998e-01 5.276110679991045105e-01 1.127573765049041110e-01
6.167417490800222168e-01 5.301571574021337607e-01 2.184735612202892141e-01
4.402332160650880288e-01 6.913922049754566146e-01 1.971815110988602848e-01
9.452227508948091161e-02 6.323403515337133740e-01 1.648418314402262386e-01
4.797849027886727513e-01 6.596655036912414394e-01 2.023194280835363679e-01
4.797849027886727513e-01 6.596655036912414394e-01 2.023194280835363679e-01
5.239418205614577717e-01 7.032341017755112667e-01 1.591174764526795127e-01
2.042896705849336358e-01 6.784220432335392736e-01 2.201247101303494269e-01
2.042896705849336358e-01 6.784220432335392736e-01 2.201247101303494269e-01
2.647803780965802822e-01 7.395396951951147546e-01 2.166847237465711062e-01
2.647803780965802822e-01 7.395396951951147546e-01 2.166847237465711062e-01
-6.115197003491673611e-02 1.089904957970547761e+00 9.625240786681008021e-02
2.042243685847695001e-01 1.006625441774978036e+00 6.854531249825181194e-02
2.042243685847695001e-01 1.006625441774978036e+00 6.854531249825181194e-02
2.042243685847695001e-01 1.006625441774978036e+00 6.854531249825181194e-02
4.960412772477035270e-02 7.085047120365874918e-01 1.921736379756663615e-01
4.960412772477035270e-02 7.085047120365874918e-01 1.921736379756663615e-01
5.161501485045463244e-01 4.777028411327878255e-01 2.111288025561268156e-01
5.161501485045463244e-01 4.777028411327878255e-01 2.111288025561268156e-01
5.161501485045463244e-01 4.777028411327878255e-01 2.111288025561268156e-01
4.857333997023036143e-01 3.534022841852633157e-01 1.216486746910205308e-01
9.231753245213708547e-01 5.509247478643419793e-01 1.000566521942214820e-01
9.231753245213708547e-01 5.509247478643419793e-01 1.000566521942214820e-01
9.152958934843168359e-01 6.289877264612528940e-01 5.916038064256851081e-02
1.387835900357755836e+00 2.285538406435717040e-01 1.002509096971128388e-01
1.387835900357755836e+00 2.285538406435717040e-01 1.002509096971128388e-01
1.327211546959714994e+00 1.685780863111261962e-01 1.379203888011725776e-01
1.327211546959714994e+00 1.685780863111261962e-01 1.379203888011725776e-01
1.327211546959714994e+00 1.685780863111261962e-01 1.379203888011725776e-01
1.327211546959714994e+00 1.685780863111261962e-01 1.379203888011725776e-01
1.067418524641892574e+00 -1.048855321758336290e-01 2.958954502411218976e-02
1.772368821895852875e+00 1.299833613904098073e-01 3.406878537891715186e-02
1.772368821895852875e+00 1.299833613904098073e-01 3.406878537891715186e-02
1.772368821895852875e+00 1.299833613904098073e-01 3.406878537891715186e-02
1.149016304092816299e+00 3.274983288370154622e-01 1.390626834898494313e-01
9.298410303667030696e-01 2.938647339828627247e-01 1.926827862785860102e-01
1.242372576200495571e+00 1.090071460689884253e-02 1.137026983102596145e-01
1.242372576200495571e+00 1.090071460689884253e-02 1.137026983102596145e-01
1.242372576200495571e+00 1.090071460689884253e-02 1.137026983102596145e-01
7.693848608286462110e-01 1.345070386242089855e-01 7.140561424933652979e-02
5.706433993006347904e-01 5.031505252641017556e-01 2.236816128966328254e-01
7.505596115548254232e-01 2.183235816817116204e-01 1.184617699634650106e-01
5.259337425856936976e-01 6.375880267040576754e-01 1.998579510643297419e-01
5.259337425856936976e-01 6.375880267040576754e-01 1.998579510643297419e-01
5.259337425856936976e-01 6.375880267040576754e-01 1.998579510643297419e-01
9.115721043892031084e-01 4.989691719759510313e-01 1.373034227411638053e-01
9.115721043892031084e-01 4.989691719759510313e-01 1.373034227411638053e-01
9.115721043892031084e-01 4.989691719759510313e-01 1.373034227411638053e-01
8.004546885420557034e-01 6.040500123177463543e-01 1.145910689468772614e-01
9.058366595176380320e-01 1.433917980360748246e-01 1.153269204151898403e-01
9.058366595176380320e-01 1.433917980360748246e-01 1.153269204151898403e-01
9.058366595176380320e-01 1.433917980360748246e-01 1.153269204151898403e-01
4.198555356944755346e-01 5.450128401795798494e-01 2.188531432568033286e-01
7.682372470095407690e-01 4.128797340001578164e-01 2.117624497996098420e-01
7.682372470095407690e-01 4.128797340001578164e-01 2.117624497996098420e-01
5.815214992334033495e-01 6.066514277528650689e-01 1.985756043744136279e-01
7.094921461548518993e-01 6.851351526655216073e-01 9.689150521651150594e-02
7.094921461548518993e-01 6.851351526655216073e-01 9.689150521651150594e-02
5.073037004829623609e-01 4.702552879584510626e-01 2.058998764106776125e-01
7.388637333206660163e-01 5.153566965128170141e-01 1.932788685281143504e-01
7.337407365458160635e-01 4.986117494420650442e-01 2.018208991639842409e-01
7.337407365458160635e-01 4.986117494420650442e-01 2.018208991639842409e-01
7.337407365458160635e-01 4.986117494420650442e-01 2.018208991639842409e-01
6.577274919273398135e-01 4.101275594883405096e-01 2.081002324732776354e-01
6.577274919273398135e-01 4.101275594883405096e-01 2.081002324732776354e-01
4.294895149292315972e-01 4.938500195629541012e-01 1.978605110247570464e-01
4.294895149292315972e-01 4.938500195629541012e-01 1.978605110247570464e-01
3.666279211648686975e-01 7.013063506635285327e-01 2.121142322453004603e-01
4.771155809540657544e-01 5.603483018385598813e-01 2.272611183865450302e-01
2.620182470142987108e-01 7.226083484623009312e-01 2.219458814354584864e-01
2.620182470142987108e-01 7.226083484623009312e-01 2.219458814354584864e-01
2.620182470142987108e-01 7.226083484623009312e-01 2.219458814354584864e-01
2.620182470142987108e-01 7.226083484623009312e-01 2.219458814354584864e-01
2.620182470142987108e-01 7.226083484623009312e-01 2.219458814354584864e-01
-1.104655235158213955e-02 7.906520872592600613e-01 2.053028103258791592e-01
-1.104655235158213955e-02 7.906520872592600613e-01 2.053028103258791592e-01
-1.104655235158213955e-02 7.906520872592600613e-01 2.053028103258791592e-01
-1.104655235158213955e-02 7.906520872592600613e-01 2.053028103258791592e-01
-1.104655235158213955e-02 7.906520872592600613e-01 2.053028103258791592e-01
1.659922766545037787e-01 8.767033283838712165e-01 1.685809185185341563e-01
2.925310285516964370e-01 5.997515656281315888e-01 2.129299903429732466e-01
2.907034704654151147e-01 5.936611888110064905e-01 2.098854568454117386e-01
5.547365219184696716e-01 6.017763144770778005e-01 2.087050948613340118e-01
5.547365219184696716e-01 6.017763144770778005e-01 2.087050948613340118e-01
4.687829985834931490e-01 6.094483336309811650e-01 2.237279416878919514e-01
-1.193604176463874955e-02 9.710462999617939239e-01 1.594210813652626180e-01
-1.193604176463874955e-02 9.710462999617939239e-01 1.594210813652626180e-01
9.053092983473731703e-02 7.463650672248172135e-01 2.152386182344747934e-01
2.470921691490935157e-01 7.935317168176124758e-01 1.959430067487530347e-01
