2.489132485845457765e-01 1.481402749648903505e-01 2.394543435131649741e-03
-9.644085932819029816e-02 6.398371640690371231e-01 2.549552296484171657e-02
-9.644085932819029816e-02 6.398371640690371231e-01 2.549552296484171657e-02
-9.644085932819029816e-02 6.398371640690371231e-01 2.549552296484171657e-02
-9.644085932819029816e-02 6.398371640690371231e-01 2.549552296484171657e-02
-9.644085932819029816e-02 6.398371640690371231e-01 2.549552296484171657e-02
-2.763297882588836574e-01 8.667036450887264376e-01 3.664101694647722146e-02
-2.763297882588836574e-01 8.667036450887264376e-01 3.664101694647722146e-02
-2.763297882588836574e-01 8.667036450887264376e-01 3.664101694647722146e-02
-2.763297882588836574e-01 8.667036450887264376e-01 3.664101694647722146e-02
-3.783153681220269293e-02 1.188076589735056920e+00 2.564859772291570861e-02
7.528682684509491185e-02 9.649584375032833616e-01 6.223650115145552830e-02
1.951370503887576990e-02 1.236811471230959469e+00 1.464993221547064919e-02
1.951370503887576990e-02 1.236811471230959469e+00 1.464993221547064919e-02
1.951370503887576990e-02 1.236811471230959469e+00 1.464993221547064919e-02
-6.510941798593139485e-02 9.441866569114522045e-01 6.527066852496878069e-02
-6.510941798593139485e-02 9.441866569114522045e-01 6.527066852496878069e-02
-6.510941798593139485e-02 9.441866569114522045e-01 6.527066852496878069e-02
-1.497560030890722760e-01 8.657355325883200337e-01 5.412127308046226631e-02
-1.497560030890722760e-01 8.657355325883200337e-01 5.412127308046226631e-02
-1.497560030890722760e-01 8.657355325883200337e-01 5.412127308046226631e-02
1.306730407681191974e-01 8.693652343379395520e-01 7.681186303453957365e-02
1.306730407681191974e-01 8.693652343379395520e-01 7.681186303453957365e-02
1.306730407681191974e-01 8.693652343379395520e-01 7.681186303453957365e-02
1.306730407681191974e-01 8.693652343379395520e-01 7.681186303453957365e-02
3.616862028761443915e-01 5.127123898795080681e-01 8.105823735453362988e-02
3.616862028761443915e-01 5.127123898795080681e-01 8.105823735453362988e-02
3.616862028761443915e-01 5.127123898795080681e-01 8.105823735453362988e-02
7.357697214442364686e-01 1.179906563205879166e-02 1.780336796521614015e-02
9.654634221970712638e-01 2.753090654935698711e-01 1.305690067348309336e-01
1.044307323864819281e+00 6.533258354282076574e-01 2.043982862740078427e-02
1.044307323864819281e+00 6.533258354282076574e-01 2.043982862740078427e-02
1.044307323864819281e+00 6.533258354282076574e-01 2.043982862740078427e-02
1.008510689179406450e+00 5.541251665762088052e-01 5.209583695840849793e-02
1.008510689179406450e+00 5.541251665762088052e-01 5.209583695840849793e-02
1.045401065855209533e+00 1.809767599163136786e-02 7.451314990749897949e-02
1.045401065855209533e+00 1.809767599163136786e-02 7.451314990749897949e-02
1.045401065855209533e+00 1.809767599163136786e-02 7.451314990749897949e-02
1.271576101283907523e+00 2.822020978936135571e-01 9.211722355332578605e-02
1.271576101283907523e+00 2.822020978936135571e-01 9.211722355332578605e-02
1.201608225700938393e+00 6.607641194744745539e-02 1.204409674269441843e-01
1.201608225700938393e+00 6.607641194744745539e-02 1.204409674269441843e-01
1.201608225700938393e+00 6.607641194744745539e-02 1.204409674269441843e-01
9.220119352162292614e-01 3.357381230715208997e-01 1.297429247037131528e-01
9.055204490599425560e-01 1.417425738218002773e-01 8.832912755599869881e-02
9.055204490599425560e-01 1.417425738218002773e-01 8.832912755599869881e-02
9.055204490599425560e-01 1.417425738218002773e-01 8.832912755599869881e-02
7.686537714717074365e-01 2.716479726216699531e-01 1.015869668559795103e-01
7.686537714717074365e-01 2.716479726216699531e-01 1.015869668559795103e-01
7.686537714717074365e-01 2.716479726216699531e-01 1.015869668559795103e-01
1.118031007102896268e+00 4.499137094967542438e-01 6.575317253050054489e-02
1.118031007102896268e+00 4.499137094967542438e-01 6.575317253050054489e-02
7.491085775033845540e-01 1.529414821598041319e-01 5.592879285140272411e-02
7.491085775033845540e-01 1.529414821598041319e-01 5.592879285140272411e-02
5.957080218520524051e-01 2.271496316687944272e-01 4.704908172195283039e-02
6.897098837437037888e-01 4.171928404811396929e-01 1.199029043328070365e-01
6.897098837437037888e-01 4.171928404811396929e-01 1.199029043328070365e-01
3.354876120352406343e-01 5.902135434777198153e-01 9.233206423743102464e-02
3.354876120352406343e-01 5.902135434777198153e-01 9.233206423743102464e-02
1.808011095989600081e-01 8.070969670051990619e-01 8.438224904514622648e-02
1.808011095989600081e-01 8.070969670051990619e-01 8.438224904514622648e-02
1.807838688067806010e-02 9.026592542128618613e-01 7.140330449228846077e-02
3.324833249540267918e-03 9.549919919332858775e-01 6.583703176122750189e-02
3.324833249540267918e-03 9.549919919332858775e-01 6.583703176122750189e-02
3.324833249540267918e-03 9.549919919332858775e-01 6.583703176122750189e-02
-3.404082431339724990e-02 6.120429131830924518e-01 2.919356688756362048e-02
2.312596884246671813e-01 3.333966621558103749e-01 1.558107595738863517e-02
2.325426059670248069e-01 8.552028060826155631e-01 7.607389982064489964e-02
-4.404945102489654651e-02 8.054727843802212961e-01 6.211489323532897594e-02
6.063233679844045598e-01 7.244241838392084798e-01 6.916503985505392804e-02
3.064626992218727475e-01 5.807517094286596127e-01 8.540956333446564352e-02
3.616867703049583826e-01 6.481941154668832139e-01 1.008236060424048536e-01
3.273700897357774142e-01 8.229056755029416914e-01 7.646968835724010649e-02
3.273700897357774142e-01 8.229056755029416914e-01 7.646968835724010649e-02
9.595645303966143791e-02 6.161694005453930423e-01 5.190588780994838392e-02
-6.077795884694001671e-01 9.419139610038009813e-01 1.145364771418519445e-02
-6.077795884694001671e-01 9.419139610038009813e-01 1.145364771418519445e-02
-1.110898085842240701e-01 1.306858906177990276e+00 1.340766592356319210e-02
-1.110898085842240701e-01 1.306858906177990276e+00 1.340766592356319210e-02
-1.110898085842240701e-01 1.306858906177990276e+00 1.340766592356319210e-02
-8.279653914871396569e-01 1.278580981175923670e+00 1.773617102744488860e-02
-8.276616274242666327e-01 1.176828272101702932e+00 1.304434621772504813e-02
-6.005033380748561189e-01 9.535404812085670478e-01 1.283138878847889762e-02
-6.005033380748561189e-01 9.535404812085670478e-01 1.283138878847889762e-02
-5.443979372079299495e-03 7.512855901650244972e-01 6.040734254510676804e-02
-5.443979372079299495e-03 7.512855901650244972e-01 6.040734254510676804e-02
4.930789548975353376e-01 4.442370773534466410e-01 9.142597635023823333e-02
4.930789548975353376e-01 4.442370773534466410e-01 9.142597635023823333e-02
7.440132264247345528e-01 2.788587946205547397e-01 9.839275729884523758e-02
7.440132264247345528e-01 2.788587946205547397e-01 9.839275729884523758e-02
7.440132264247345528e-01 2.788587946205547397e-01 9.839275729884523758e-02
7.440132264247345528e-01 2.788587946205547397e-01 9.839275729884523758e-02
8.509140488183556394e-01 5.031850450095362026e-01 1.022562012567236611e-01
8.009510773025421138e-01 5.814128582587030358e-01 8.428706445123511359e-02
6.268112667075447231e-01 6.009100765427167756e-01 1.045212571050159467e-01
6.268112667075447231e-01 6.009100765427167756e-01 1.045212571050159467e-01
6.268112667075447231e-01 6.009100765427167756e-01 1.045212571050159467e-01
6.529626955007169498e-01 6.942155966048241256e-01 7.149772232262327498e-02
5.661876422182438029e-01 6.207413342086798291e-01 1.050926512630162707e-01
5.661876422182438029e-01 6.207413342086798291e-01 1.050926512630162707e-01
