2.489132485845457765e-01 1.481402749648903505e-01 3.719870168230705529e-03
2.489132485845457765e-01 1.481402749648903505e-01 3.719870168230705529e-03
-7.735693135206550552e-02 4.802016826653663917e-01 2.536488312651946977e-02
-7.735693135206550552e-02 4.802016826653663917e-01 2.536488312651946977e-02
1.868805713386755829e-01 3.792755379032060059e-01 4.260326134365424039e-02
-2.535996866513609560e-02 6.712703135421247413e-01 1.413151655996440492e-01
1.127053637309710366e-01 6.097842838590257220e-01 1.575948978148986601e-01
1.127053637309710366e-01 6.097842838590257220e-01 1.575948978148986601e-01
1.127053637309710366e-01 6.097842838590257220e-01 1.575948978148986601e-01
1.127053637309710366e-01 6.097842838590257220e-01 1.575948978148986601e-01
1.127053637309710366e-01 6.097842838590257220e-01 1.575948978148986601e-01
1.127053637309710366e-01 6.097842838590257220e-01 1.575948978148986601e-01
1.570038472029111620e-01 7.822332860070170257e-01 2.165936293836035198e-01
1.570038472029111620e-01 7.822332860070170257e-01 2.165936293836035198e-01
1.570038472029111620e-01 7.822332860070170257e-01 2.165936293836035198e-01
1.570038472029111620e-01 7.822332860070170257e-01 2.165936293836035198e-01
4.117021114560316941e-01 8.745759208116558048e-01 8.114374620938891169e-02
4.117021114560316941e-01 8.745759208116558048e-01 8.114374620938891169e-02
-2.625816064913505388e-02 1.161555153850614808e+00 4.855067567960345831e-02
-1.597372163499393705e-01 1.090880195682010001e+00 1.235815199955904442e-01
-1.597372163499393705e-01 1.090880195682010001e+00 1.235815199955904442e-01
-1.597372163499393705e-01 1.090880195682010001e+00 1.235815199955904442e-01
1.221345211810596632e-01 8.204794023709739426e-01 2.086048852262347986e-01
1.221345211810596632e-01 8.204794023709739426e-01 2.086048852262347986e-01
-3.195195106063520307e-01 1.110931557290830263e+00 1.456493693660467770e-01
-2.403907710572474321e-01 7.743629279408327237e-01 1.177390488504158617e-01
-1.881676162200753288e-01 1.007766797216367749e+00 1.742190490708113715e-01
-3.421337196651924595e-01 9.281543039956415830e-01 1.567277406853438138e-01
-2.652594083395056201e-01 1.119571652271325268e+00 1.316136685389126260e-01
-1.079878913121005701e-01 8.345540987702476654e-01 1.939425301977538429e-01
-1.079878913121005701e-01 8.345540987702476654e-01 1.939425301977538429e-01
-1.079878913121005701e-01 8.345540987702476654e-01 1.939425301977538429e-01
-1.079878913121005701e-01 8.345540987702476654e-01 1.939425301977538429e-01
-3.358415490791424318e-01 1.134122223478911673e+00 1.369816240047562195e-01
-4.644486669904249188e-01 1.155569945434891554e+00 1.413056296794624744e-01
-4.644486669904249188e-01 1.155569945434891554e+00 1.413056296794624744e-01
-4.644486669904249188e-01 1.155569945434891554e+00 1.413056296794624744e-01
-3.469435024147143887e-01 1.156168731500440083e+00 1.277200583847710735e-01
-3.469435024147143887e-01 1.156168731500440083e+00 1.277200583847710735e-01
-4.881085041940130820e-02 6.669479517404199864e-01 1.286535312535016795e-01
3.009958903263945107e-01 5.247178111485596430e-01 1.747551541711009904e-01
3.980155288313459994e-01 7.649549211367810964e-01 1.632138655411426997e-01
4.957525843523202802e-01 3.886067504927571692e-01 1.525878826674467170e-01
2.932606078293693019e-01 3.994207346897598043e-01 8.400839709920411569e-02
2.932606078293693019e-01 3.994207346897598043e-01 8.400839709920411569e-02
5.052689159894938609e-01 5.915445047880947271e-01 2.218014272530773323e-01
5.052689159894938609e-01 5.915445047880947271e-01 2.218014272530773323e-01
5.052689159894938609e-01 5.915445047880947271e-01 2.218014272530773323e-01
5.929774412314803289e-01 4.863882044166905616e-01 2.221707630023941060e-01
1.077939594471788443e+00 2.816806463204271083e-01 1.728190843923604614e-01
1.077939594471788443e+00 2.816806463204271083e-01 1.728190843923604614e-01
1.476469503747363410e+00 5.111851290541643555e-01 4.622705439655695921e-03
1.100651597188454067e+00 4.061772659750767511e-01 1.129157345844376270e-01
1.089903955078078024e+00 1.146013736603986310e-01 1.419318668935409811e-01
1.089903955078078024e+00 1.146013736603986310e-01 1.419318668935409811e-01
1.448019466653446718e+00 3.608787605780622298e-02 1.242179254971004787e-01
1.448019466653446718e+00 3.608787605780622298e-02 1.242179254971004787e-01
1.448019466653446718e+00 3.608787605780622298e-02 1.242179254971004787e-01
1.447161416801243883e+00 1.263373683692438632e-01 1.132193030171536607e-01
1.447161416801243883e+00 1.263373683692438632e-01 1.132193030171536607e-01
1.447161416801243883e+00 1.263373683692438632e-01 1.132193030171536607e-01
1.447161416801243883e+00 1.263373683692438632e-01 1.132193030171536607e-01
1.447161416801243883e+00 1.263373683692438632e-01 1.132193030171536607e-01
1.518195784125040637e+00 2.137597892792961751e-01 6.251494547299646376e-02
1.518195784125040637e+00 2.137597892792961751e-01 6.251494547299646376e-02
1.393447329254834610e+00 -1.236650829816063890e-01 7.691941765819418353e-02
1.468120756648794378e+00 -1.275059028852835175e-01 8.480786572050792727e-02
1.308483138795597300e+00 -1.188679534995820686e-01 6.550282448544221536e-02
1.308483138795597300e+00 -1.188679534995820686e-01 6.550282448544221536e-02
1.328454138750370550e+00 2.956228915301610805e-01 8.655245959591258142e-02
1.372005348612740594e+00 1.834077438358645007e-01 1.179730804541301303e-01
1.372005348612740594e+00 1.834077438358645007e-01 1.179730804541301303e-01
1.016249594823409597e+00 -9.413170398814163509e-02 2.703824136049834057e-02
1.016249594823409597e+00 -9.413170398814163509e-02 2.703824136049834057e-02
1.136467490528777491e+00 2.893575424371855331e-02 1.057192032585590885e-01
1.136694359978839053e+00 -1.563077944791146090e-01 2.543578423907267780e-02
1.125856446495886454e+00 -1.297805534693707574e-01 3.154933886078247623e-02
9.056949621297869513e-01 1.466558585030018624e-01 1.195739302609674370e-01
9.056949621297869513e-01 1.466558585030018624e-01 1.195739302609674370e-01
6.731820544731985656e-01 2.492632639648870718e-01 1.164343015929007880e-01
6.731820544731985656e-01 2.492632639648870718e-01 1.164343015929007880e-01
6.731820544731985656e-01 2.492632639648870718e-01 1.164343015929007880e-01
5.555598349262778068e-01 3.147943905662646258e-01 1.213594222061815525e-01
6.491463521359223110e-01 7.150657744896632417e-02 2.275506867668444441e-02
6.491463521359223110e-01 7.150657744896632417e-02 2.275506867668444441e-02
7.730343015833848197e-01 4.177084118541246061e-01 2.103961172925025436e-01
6.825184923885757593e-01 5.284978854451138908e-01 2.026018097648555616e-01
6.825184923885757593e-01 5.284978854451138908e-01 2.026018097648555616e-01
5.695575154693373054e-01 5.374566777449092392e-01 2.230602276350640012e-01
5.695575154693373054e-01 5.374566777449092392e-01 2.230602276350640012e-01
7.656613265873132290e-01 3.208731162581388574e-01 1.883676259301466649e-01
9.117450569948125638e-01 4.358225164693335651e-01 1.696698243418458540e-01
9.117450569948125638e-01 4.358225164693335651e-01 1.696698243418458540e-01
4.116874943245629748e-01 3.048419655753612512e-01 6.620578443715244288e-02
4.116874943245629748e-01 3.048419655753612512e-01 6.620578443715244288e-02
4.569231714803858591e-01 5.556214109406689694e-01 2.262248609018848444e-01
4.569231714803858591e-01 5.556214109406689694e-01 2.262248609018848444e-01
4.569231714803858591e-01 5.556214109406689694e-01 2.262248609018848444e-01
3.267558524621826388e-01 6.029869381970347497e-01 2.215797351010854732e-01
3.267558524621826388e-01 6.029869381970347497e-01 2.215797351010854732e-01
