2.489132485845457765e-01 1.481402749648903505e-01 2.441344622600663972e-03
2.489132485845457765e-01 1.481402749648903505e-01 2.441344622600663972e-03
6.724559227044114573e-01 4.063253605687202619e-01 1.171943399043745698e-01
8.360677410419820044e-01 3.810134012816164817e-01 1.278883826472980156e-01
7.125009172688446801e-01 1.956842625789313728e-01 6.372966517157140076e-02
7.125009172688446801e-01 1.956842625789313728e-01 6.372966517157140076e-02
1.163161721276576577e+00 -2.099173826156515987e-01 2.673392591324441625e-02
1.732799165713094336e+00 -1.090724800720202226e-01 9.748497083554534537e-02
1.382968702063736011e+00 6.097527695617882548e-02 1.232789428463146458e-01
1.154356278989033591e+00 -1.213263560713599976e-01 4.993143493603598160e-02
1.050745823874128515e+00 1.189405546686468917e-01 1.132670196997896950e-01
1.050745823874128515e+00 1.189405546686468917e-01 1.132670196997896950e-01
1.050745823874128515e+00 1.189405546686468917e-01 1.132670196997896950e-01
1.050745823874128515e+00 1.189405546686468917e-01 1.132670196997896950e-01
1.254878848561672644e+00 -3.315971591811492369e-01 1.433416403827527004e-02
1.349796997061701420e+00 -4.741560015309810305e-01 5.535593759236413433e-03
1.606291394470767075e+00 -3.923680160709556719e-01 4.293622536186995214e-02
1.730598259618254087e+00 -2.671913245716858176e-01 9.331333834459745735e-02
2.178540963647605189e+00 -2.838719766172015935e-01 4.948021899976065563e-02
2.178540963647605189e+00 -2.838719766172015935e-01 4.948021899976065563e-02
2.600978656818996981e+00 -5.499747683450046942e-01 2.776869286757619598e-02
2.600978656818996981e+00 -5.499747683450046942e-01 2.776869286757619598e-02
2.600978656818996981e+00 -5.499747683450046942e-01 2.776869286757619598e-02
2.422109757470944480e+00 -4.988812465402193697e-01 4.305612764120834296e-02
2.529340210382725829e+00 -5.057214970543504329e-01 3.114889412263299739e-02
2.529340210382725829e+00 -5.057214970543504329e-01 3.114889412263299739e-02
2.430691729548172475e+00 -4.533065240684613362e-01 3.718200689233112227e-02
2.430691729548172475e+00 -4.533065240684613362e-01 3.718200689233112227e-02
2.430691729548172475e+00 -4.533065240684613362e-01 3.718200689233112227e-02
2.430691729548172475e+00 -4.533065240684613362e-01 3.718200689233112227e-02
2.631947410323520753e+00 -8.290052799504085135e-01 2.947712450871438697e-02
2.631947410323520753e+00 -8.290052799504085135e-01 2.947712450871438697e-02
2.631947410323520753e+00 -8.290052799504085135e-01 2.947712450871438697e-02
2.779991613783057591e+00 -7.419230819941020627e-01 2.465667471722102211e-02
2.989078989803195086e+00 -6.177228496431446114e-01 5.593350064699441522e-03
2.731987537400099697e+00 -1.047541952795741249e+00 1.261949975794003295e-02
2.731987537400099697e+00 -1.047541952795741249e+00 1.261949975794003295e-02
3.112653692921585780e+00 -9.715821737306710171e-01 1.280000791744855676e-02
3.112653692921585780e+00 -9.715821737306710171e-01 1.280000791744855676e-02
3.004582597357035034e+00 -1.109701320720777762e+00 1.207383715846284053e-02
2.804509852837961503e+00 -1.114253237572271127e+00 9.539563263461980566e-03
3.591016739203373387e+00 -1.333150654643708632e+00 3.844243239118115725e-03
2.838858504528460891e+00 -9.500067417218696075e-01 2.033197566780895957e-02
2.838858504528460891e+00 -9.500067417218696075e-01 2.033197566780895957e-02
2.838858504528460891e+00 -9.500067417218696075e-01 2.033197566780895957e-02
2.838858504528460891e+00 -9.500067417218696075e-01 2.033197566780895957e-02
2.838858504528460891e+00 -9.500067417218696075e-01 2.033197566780895957e-02
2.838858504528460891e+00 -9.500067417218696075e-01 2.033197566780895957e-02
2.838858504528460891e+00 -9.500067417218696075e-01 2.033197566780895957e-02
2.535236319504175384e+00 -7.836449765888229280e-01 3.349920884835289048e-02
2.433589781166302757e+00 -8.307135341279774376e-01 2.554491529723353430e-02
2.608780045919666613e+00 -9.743767413154469370e-01 1.558486393773422622e-02
2.608780045919666613e+00 -9.743767413154469370e-01 1.558486393773422622e-02
2.608780045919666613e+00 -9.743767413154469370e-01 1.558486393773422622e-02
2.608780045919666613e+00 -9.743767413154469370e-01 1.558486393773422622e-02
2.298841069970746886e+00 -7.877926289463024201e-01 2.500149430619155039e-02
1.952083741896846636e+00 -6.350520345685721768e-01 2.578295562833073443e-02
2.027945281771326602e+00 -6.603517713387490051e-01 2.756330135170394560e-02
2.032280325972494861e+00 -7.114887763219713834e-01 1.918242047130573266e-02
2.032280325972494861e+00 -7.114887763219713834e-01 1.918242047130573266e-02
2.343067872486763292e+00 -2.544080117834190968e-01 2.085949974051953121e-02
2.343067872486763292e+00 -2.544080117834190968e-01 2.085949974051953121e-02
2.349645661552195008e+00 -4.314101437525215688e-01 4.526419385825786873e-02
2.008547438444374222e+00 -7.132122314707711741e-01 1.727502149431747736e-02
2.221493833802800744e+00 -5.860940376196901447e-01 5.395870463552460139e-02
2.299933260491501041e+00 -7.073853901568301072e-01 3.783411147271970032e-02
2.774595383916031999e+00 -3.944239408365309285e-01 4.014391278159343615e-03
2.618854266820152432e+00 -6.148333523717729454e-01 3.122791774451248378e-02
2.618854266820152432e+00 -6.148333523717729454e-01 3.122791774451248378e-02
2.618854266820152432e+00 -6.148333523717729454e-01 3.122791774451248378e-02
2.322658151950157901e+00 -6.171640857078916076e-01 5.042700515683932322e-02
2.322658151950157901e+00 -6.171640857078916076e-01 5.042700515683932322e-02
2.055590044987906762e+00 -1.694919825905852884e-01 4.851646323098705166e-02
1.425120020134297061e+00 -1.082367598938604181e-01 1.047296364878746722e-01
1.425120020134297061e+00 -1.082367598938604181e-01 1.047296364878746722e-01
1.488031722505678722e+00 2.366011004651247529e-01 5.431251235763194518e-02
1.413791310036440763e+00 -4.189388998256046714e-02 1.182353678171064182e-01
1.413791310036440763e+00 -4.189388998256046714e-02 1.182353678171064182e-01
1.090736267680507909e+00 3.175358265689286474e-01 1.160025389402757762e-01
1.090736267680507909e+00 3.175358265689286474e-01 1.160025389402757762e-01
1.133310469531795039e+00 2.090957422480447248e-01 1.304619100997246317e-01
1.133310469531795039e+00 2.090957422480447248e-01 1.304619100997246317e-01
1.185672738198818799e+00 3.041777714296458046e-01 1.014311512070764365e-01
1.351959120215427523e+00 2.575973950661696876e-01 7.891994598130092076e-02
1.127092376223223447e+00 2.853496654055057147e-01 1.184740627746049269e-01
9.271834524595625737e-01 9.604855233436210282e-02 7.842953710379987897e-02
9.271834524595625737e-01 9.604855233436210282e-02 7.842953710379987897e-02
9.271834524595625737e-01 9.604855233436210282e-02 7.842953710379987897e-02
9.271834524595625737e-01 9.604855233436210282e-02 7.842953710379987897e-02
9.271834524595625737e-01 9.604855233436210282e-02 7.842953710379987897e-02
5.456878519927361726e-01 2.069888395170871864e-01 3.320731346103867471e-02
5.456878519927361726e-01 2.069888395170871864e-01 3.320731346103867471e-02
5.337510160332656906e-01 -6.231463278207305390e-02 1.804955791230057399e-03
8.513629996869758187e-01 2.547687740639159037e-01 1.149631232204035847e-01
8.513629996869758187e-01 2.547687740639159037e-01 1.149631232204035847e-01
6.837301362954739670e-01 4.751154485610286082e-01 1.216196764041267142e-01
6.086827862609721640e-01 9.022184454292824229e-01 1.973840323462490443e-02
6.086827862609721640e-01 9.022184454292824229e-01 1.973840323462490443e-02
7.467716635853239859e-01 5.215490259978550203e-01 1.110379866679204464e-01
7.467716635853239859e-01 5.215490259978550203e-01 1.110379866679204464e-01
