2.489132485845457765e-01 1.481402749648903505e-01 5.182193799770004432e-03
2.489132485845457765e-01 1.481402749648903505e-01 5.182193799770004432e-03
2.489132485845457765e-01 1.481402749648903505e-01 5.182193799770004432e-03
2.489132485845457765e-01 1.481402749648903505e-01 5.182193799770004432e-03
2.489132485845457765e-01 1.481402749648903505e-01 5.182193799770004432e-03
2.402849994259621258e-01 6.662128396002314767e-01 2.734076403798075261e-01
2.402849994259621258e-01 6.662128396002314767e-01 2.734076403798075261e-01
2.402849994259621258e-01 6.662128396002314767e-01 2.734076403798075261e-01
-1.127871065003898388e-01 8.113299850975124183e-01 2.294395958811815406e-01
-1.127871065003898388e-01 8.113299850975124183e-01 2.294395958811815406e-01
-1.127871065003898388e-01 8.113299850975124183e-01 2.294395958811815406e-01
2.910019867333468735e-02 9.115840669365944393e-01 1.437260385714938804e-01
2.910019867333468735e-02 9.115840669365944393e-01 1.437260385714938804e-01
-2.560219288798328274e-01 9.559864705485355829e-01 1.744540918149503628e-01
-4.685949775787751626e-01 6.256050172162554990e-01 2.038611905731685381e-02
-2.881915931204819259e-01 7.376461619484275811e-01 1.357198659222776382e-01
-2.881915931204819259e-01 7.376461619484275811e-01 1.357198659222776382e-01
-2.881915931204819259e-01 7.376461619484275811e-01 1.357198659222776382e-01
-2.539159349239237251e-01 7.843969814604260238e-01 1.801099071698003817e-01
-2.539159349239237251e-01 7.843969814604260238e-01 1.801099071698003817e-01
2.271446246641097844e-01 7.680431663786261298e-01 2.059824183013580778e-01
2.271446246641097844e-01 7.680431663786261298e-01 2.059824183013580778e-01
2.271446246641097844e-01 7.680431663786261298e-01 2.059824183013580778e-01
-1.045085912378174164e-03 9.736265898275137110e-01 1.002003820354166047e-01
7.407829655736358765e-02 6.312914065674477548e-01 2.352113208936930100e-01
7.407829655736358765e-02 6.312914065674477548e-01 2.352113208936930100e-01
7.407829655736358765e-02 6.312914065674477548e-01 2.352113208936930100e-01
7.407829655736358765e-02 6.312914065674477548e-01 2.352113208936930100e-01
-3.137161285539749045e-01 8.628213291703128451e-01 1.857755114327888368e-01
-3.137161285539749045e-01 8.628213291703128451e-01 1.857755114327888368e-01
-2.197622802454718971e-01 7.511928605414057714e-01 1.769396605604436068e-01
-1.128783679222363362e-01 8.512052093566652156e-01 2.189843495989225453e-01
-1.128783679222363362e-01 8.512052093566652156e-01 2.189843495989225453e-01
-1.128783679222363362e-01 8.512052093566652156e-01 2.189843495989225453e-01
-1.128783679222363362e-01 8.512052093566652156e-01 2.189843495989225453e-01
-1.523287259833196738e-01 7.702589013598228895e-01 2.143191819482722360e-01
-1.523287259833196738e-01 7.702589013598228895e-01 2.143191819482722360e-01
-1.523287259833196738e-01 7.702589013598228895e-01 2.143191819482722360e-01
-2.268011284481755430e-01 8.923647070684920246e-01 2.014300614622437369e-01
-2.268011284481755430e-01 8.923647070684920246e-01 2.014300614622437369e-01
-2.268011284481755430e-01 8.923647070684920246e-01 2.014300614622437369e-01
-1.532783133398067377e-01 1.020158266108219802e+00 1.081129801224414849e-01
-1.862262793096907953e-01 8.804749580576021195e-01 2.072055365041335639e-01
-3.164396109615120745e-01 8.288168793211666552e-01 1.745787402569242974e-01
-2.999279789534443630e-01 7.723971752112109845e-01 1.527351856511439121e-01
-6.407033095189677008e-01 9.720256161985046939e-01 1.078485353690213228e-01
-6.407033095189677008e-01 9.720256161985046939e-01 1.078485353690213228e-01
-6.407033095189677008e-01 9.720256161985046939e-01 1.078485353690213228e-01
-6.757296792871118063e-01 7.832464369337684973e-01 2.818938730578496310e-02
-6.757296792871118063e-01 7.832464369337684973e-01 2.818938730578496310e-02
-7.899334681846602590e-01 7.970750817174228064e-01 1.499705494280463569e-02
-7.899334681846602590e-01 7.970750817174228064e-01 1.499705494280463569e-02
-7.899334681846602590e-01 7.970750817174228064e-01 1.499705494280463569e-02
-8.695234401574647443e-01 1.015004986852559687e+00 5.517187355142386812e-02
-8.695234401574647443e-01 1.015004986852559687e+00 5.517187355142386812e-02
-8.695234401574647443e-01 1.015004986852559687e+00 5.517187355142386812e-02
-8.695234401574647443e-01 1.015004986852559687e+00 5.517187355142386812e-02
-8.419258683261290344e-01 1.085026344969766354e+00 7.796176713301747330e-02
-8.419258683261290344e-01 1.085026344969766354e+00 7.796176713301747330e-02
-4.515974921457043822e-01 1.123583195481465458e+00 9.865868907839858704e-02
-7.561475405964369623e-01 9.718161454359571794e-01 7.222228249555898150e-02
-7.561475405964369623e-01 9.718161454359571794e-01 7.222228249555898150e-02
-8.493059858690340524e-01 7.230823296346176043e-01 3.533184878611682518e-03
-8.493059858690340524e-01 7.230823296346176043e-01 3.533184878611682518e-03
-1.127659263722215144e+00 9.328917795054613160e-01 5.441354763253010950e-03
-7.128740279887479936e-02 8.785694194590587536e-01 1.994581286714308122e-01
-9.141163815453523522e-02 4.809740619266972272e-01 4.534428196478394735e-02
-9.141163815453523522e-02 4.809740619266972272e-01 4.534428196478394735e-02
1.757356679658777510e-01 6.946330472667747724e-01 2.684603159498185621e-01
1.757356679658777510e-01 6.946330472667747724e-01 2.684603159498185621e-01
1.757356679658777510e-01 6.946330472667747724e-01 2.684603159498185621e-01
1.291928145861154231e-01 7.171517629462353938e-01 2.632274939153143589e-01
1.931469698657117817e-01 5.517141995983534386e-01 2.306528338025757852e-01
1.931469698657117817e-01 5.517141995983534386e-01 2.306528338025757852e-01
1.931469698657117817e-01 5.517141995983534386e-01 2.306528338025757852e-01
3.136834514118657657e-01 4.116194821648848645e-01 1.574352914181877117e-01
3.136834514118657657e-01 4.116194821648848645e-01 1.574352914181877117e-01
3.136834514118657657e-01 4.116194821648848645e-01 1.574352914181877117e-01
2.126332817962062194e-01 6.584561292027067969e-01 2.762667422456591138e-01
2.126332817962062194e-01 6.584561292027067969e-01 2.762667422456591138e-01
2.126332817962062194e-01 6.584561292027067969e-01 2.762667422456591138e-01
2.126332817962062194e-01 6.584561292027067969e-01 2.762667422456591138e-01
2.126332817962062194e-01 6.584561292027067969e-01 2.762667422456591138e-01
5.187806835845264475e-01 2.866842730045850440e-01 1.299827134780966453e-01
7.421671655457340311e-01 1.915200596765464502e-01 1.301932274278319035e-01
1.713412250767410105e+00 -1.546101396245125326e-02 7.224999453603163369e-02
1.224994795238090184e+00 1.467781067099299674e-03 1.080909026057295386e-01
1.224994795238090184e+00 1.467781067099299674e-03 1.080909026057295386e-01
8.016637677184215161e-01 1.579453528386631500e-01 1.212053857954322467e-01
1.155781410064768755e+00 -2.548072500589323997e-02 7.884015762125182181e-02
1.155781410064768755e+00 -2.548072500589323997e-02 7.884015762125182181e-02
1.155781410064768755e+00 -2.548072500589323997e-02 7.884015762125182181e-02
1.051643345567776056e+00 7.007224761620886588e-02 1.215514887077575046e-01
1.051643345567776056e+00 7.007224761620886588e-02 1.215514887077575046e-01
1.019086768793076470e+00 2.511734331828833766e-01 2.143566143394583234e-01
1.023771190911987983e+00 2.768621706264625670e-01 2.125233530601967902e-01
1.023771190911987983e+00 2.768621706264625670e-01 2.125233530601967902e-01
6.588900227106149199e-01 4.636050494179840831e-01 2.683758523710936261e-01
8.564400429148377736e-01 1.594754969426285252e-01 1.406814610350483052e-01
8.564400429148377736e-01 1.594754969426285252e-01 1.406814610350483052e-01
