2.489132485845457765e-01 1.481402749648903505e-01 3.864903884772859406e-03
2.489132485845457765e-01 1.481402749648903505e-01 3.864903884772859406e-03
2.489132485845457765e-01 1.481402749648903505e-01 3.864903884772859406e-03
2.489132485845457765e-01 1.481402749648903505e-01 3.864903884772859406e-03
7.282165345715083116e-02 6.027755919359509829e-01 1.367009641022068067e-01
-1.250986912810317375e-01 6.371524107633413925e-01 7.926186304443463837e-02
8.851852594988757206e-02 4.539570570998149313e-01 5.122038403851687793e-02
8.851852594988757206e-02 4.539570570998149313e-01 5.122038403851687793e-02
8.564157403154193382e-02 6.080492557483886396e-01 1.458494788413030041e-01
-1.522564993635714958e-01 8.396355245300044512e-01 1.826207292602549381e-01
-1.522564993635714958e-01 8.396355245300044512e-01 1.826207292602549381e-01
-1.522564993635714958e-01 8.396355245300044512e-01 1.826207292602549381e-01
-1.522564993635714958e-01 8.396355245300044512e-01 1.826207292602549381e-01
-1.138802230953802341e-01 7.882588153255903896e-01 1.739529747189413056e-01
-1.138802230953802341e-01 7.882588153255903896e-01 1.739529747189413056e-01
-6.685217660673907769e-01 8.170418232882712406e-01 1.736448987113842907e-02
-6.786820576051116882e-01 7.775687799756925145e-01 1.040777243540886264e-02
-6.786820576051116882e-01 7.775687799756925145e-01 1.040777243540886264e-02
-6.511596307720204369e-01 9.559279444981504392e-01 6.156643258155797271e-02
-6.257560906798951272e-01 9.080886407891881618e-01 5.035274988346102876e-02
-6.257560906798951272e-01 9.080886407891881618e-01 5.035274988346102876e-02
-6.257560906798951272e-01 9.080886407891881618e-01 5.035274988346102876e-02
-8.720933169088064263e-01 1.041847453320351891e+00 3.644013062480931653e-02
-1.198023537654918869e+00 1.359740364039801808e+00 4.571702978134745132e-02
-1.272555653527738917e+00 1.373847259148396116e+00 3.606897472855132014e-02
-1.000340282001129122e+00 1.350992979588202525e+00 7.773315727884978765e-02
-1.000340282001129122e+00 1.350992979588202525e+00 7.773315727884978765e-02
-1.000340282001129122e+00 1.350992979588202525e+00 7.773315727884978765e-02
-1.000340282001129122e+00 1.350992979588202525e+00 7.773315727884978765e-02
-1.000340282001129122e+00 1.350992979588202525e+00 7.773315727884978765e-02
-1.000340282001129122e+00 1.350992979588202525e+00 7.773315727884978765e-02
-6.952777505431665395e-01 1.282190984094098374e+00 1.100302459232700841e-01
-6.952777505431665395e-01 1.282190984094098374e+00 1.100302459232700841e-01
-6.952777505431665395e-01 1.282190984094098374e+00 1.100302459232700841e-01
-6.952777505431665395e-01 1.282190984094098374e+00 1.100302459232700841e-01
-1.017251492459408269e+00 1.034384545357492247e+00 1.396804721510047469e-02
-3.486299615483174907e-01 1.249638044496405698e+00 7.900780733184095683e-02
-5.108803033363240598e-01 1.437193518969262840e+00 3.126310135384496175e-02
-6.118381663404088844e-01 1.433129067337269857e+00 4.645677377252000612e-02
-7.072704842130539404e-01 1.268684582355136037e+00 1.125323246560138851e-01
-1.074951330787537351e+00 1.360119718325777161e+00 6.669385581796763440e-02
-1.074951330787537351e+00 1.360119718325777161e+00 6.669385581796763440e-02
-1.074951330787537351e+00 1.360119718325777161e+00 6.669385581796763440e-02
-1.074951330787537351e+00 1.360119718325777161e+00 6.669385581796763440e-02
-9.720593748611394691e-01 1.378690549342237892e+00 8.128030579553810475e-02
-9.720593748611394691e-01 1.378690549342237892e+00 8.128030579553810475e-02
-1.389743746326061125e+00 1.393451002439288322e+00 2.323453349786430353e-02
-1.389743746326061125e+00 1.393451002439288322e+00 2.323453349786430353e-02
-1.796477949001417329e+00 1.777089465336570973e+00 1.569596507657874951e-02
-1.463712827442729569e+00 1.863151520224292090e+00 1.560309525841464123e-02
-1.356017219574864541e+00 1.547560477724077677e+00 4.172520063984089256e-02
-1.356017219574864541e+00 1.547560477724077677e+00 4.172520063984089256e-02
-1.356017219574864541e+00 1.547560477724077677e+00 4.172520063984089256e-02
-1.356017219574864541e+00 1.547560477724077677e+00 4.172520063984089256e-02
-1.356017219574864541e+00 1.547560477724077677e+00 4.172520063984089256e-02
-1.112596916225498278e+00 1.404127213126470153e+00 6.443337107388184826e-02
-1.058642756994128353e+00 1.343233942695887695e+00 6.760565693901786355e-02
-1.082266597013798570e+00 1.397452480016285303e+00 6.825702197780936231e-02
-1.144460480458943330e+00 1.551847235370028333e+00 5.392918419893633075e-02
-1.144460480458943330e+00 1.551847235370028333e+00 5.392918419893633075e-02
-1.167140240644916505e+00 1.556828201113011012e+00 5.290172988232821200e-02
-1.167140240644916505e+00 1.556828201113011012e+00 5.290172988232821200e-02
-1.137693520122419866e+00 1.430683025765837613e+00 6.230144123098366182e-02
-1.137693520122419866e+00 1.430683025765837613e+00 6.230144123098366182e-02
-1.387588393883129267e+00 1.206880308391145462e+00 5.285230117631544398e-03
-8.111902908334835960e-01 1.044840915537151860e+00 5.074785612235844373e-02
-8.124123706941538403e-01 1.083986617041450273e+00 6.320794510046830184e-02
-8.981965579859433335e-01 8.479316589509614532e-01 4.183820506873401311e-03
-5.292694527655923409e-01 8.260497495619240071e-01 4.469911554835025169e-02
-7.150219019908052864e-01 1.255776215898994241e+00 1.140301140003405905e-01
-4.117778734099897808e-01 1.128522677244576000e+00 1.475741797688445156e-01
-7.003712456327293445e-01 1.170397908145986099e+00 1.161274180303169534e-01
-7.550781352629093446e-01 1.140564066634276896e+00 9.673501060419444075e-02
-7.550781352629093446e-01 1.140564066634276896e+00 9.673501060419444075e-02
-1.557670879653704210e-01 1.074264040276852183e+00 1.334308196458917628e-01
-4.870152296155813576e-01 1.174676107819655480e+00 1.360723258779518163e-01
-4.870152296155813576e-01 1.174676107819655480e+00 1.360723258779518163e-01
-2.057794392743834133e-01 1.119224460522430187e+00 1.187835079150371675e-01
-2.216880838274953025e-01 1.192353516806399449e+00 7.995699378138371172e-02
-2.216880838274953025e-01 1.192353516806399449e+00 7.995699378138371172e-02
1.645854009619196756e-01 9.456879299938110162e-01 1.192395965528889601e-01
2.014058771863694308e-01 8.677363929935125730e-01 1.614491847745018749e-01
1.132789707832695947e-02 7.182490174682873985e-01 1.842205486068804465e-01
1.132789707832695947e-02 7.182490174682873985e-01 1.842205486068804465e-01
1.132789707832695947e-02 7.182490174682873985e-01 1.842205486068804465e-01
1.890104326758078324e-02 6.149428560235379315e-01 1.220770137800811089e-01
1.238229949317371653e-01 8.729060535955484035e-01 1.824296865969862458e-01
3.347812747773942776e-01 5.206494207167366994e-01 1.868559886444311202e-01
1.190663967934889600e-01 8.675486269582839416e-01 1.867943672217585172e-01
9.236513938951279590e-02 7.927687445327123994e-01 2.172318280403321700e-01
3.879439964812059771e-01 8.063316140126264298e-01 1.346671792010736002e-01
1.071368836602779040e-01 4.971755947705663869e-01 8.008298540862290871e-02
-2.715457768775541014e-01 7.761179225014012140e-01 1.044356700266851484e-01
-2.715457768775541014e-01 7.761179225014012140e-01 1.044356700266851484e-01
-1.273888384003074303e-01 8.223529084023241120e-01 1.839839261945086790e-01
-1.273888384003074303e-01 8.223529084023241120e-01 1.839839261945086790e-01
-1.273888384003074303e-01 8.223529084023241120e-01 1.839839261945086790e-01
-1.273888384003074303e-01 8.223529084023241120e-01 1.839839261945086790e-01
1.243558315383108681e-02 1.164970922034624934e+00 3.927451022216409821e-02
5.097477684963962474e-01 8.984130543182962114e-01 3.945733304483094173e-02
