2.489132485845457765e-01 1.481402749648903505e-01 2.638342479399213587e-03
2.489132485845457765e-01 1.481402749648903505e-01 2.638342479399213587e-03
2.489132485845457765e-01 1.481402749648903505e-01 2.638342479399213587e-03
5.389986283074295059e-01 2.851192129664590347e-01 5.857251177752147153e-02
5.389986283074295059e-01 2.851192129664590347e-01 5.857251177752147153e-02
5.687834204839714580e-01 6.202807926390145887e-01 1.041482319822455010e-01
5.687834204839714580e-01 6.202807926390145887e-01 1.041482319822455010e-01
8.597876771468502266e-01 3.151908334556016711e-01 1.307927976341475285e-01
8.597876771468502266e-01 3.151908334556016711e-01 1.307927976341475285e-01
8.597876771468502266e-01 3.151908334556016711e-01 1.307927976341475285e-01
9.528720805886214951e-01 4.657149179515303605e-01 8.849785778726587671e-02
9.528720805886214951e-01 4.657149179515303605e-01 8.849785778726587671e-02
9.528720805886214951e-01 4.657149179515303605e-01 8.849785778726587671e-02
1.035572406429178693e+00 2.820034724190323416e-01 1.281501354255673575e-01
7.699155935360522118e-01 3.550552607689461126e-01 1.267875153076095107e-01
7.699155935360522118e-01 3.550552607689461126e-01 1.267875153076095107e-01
9.618296734503484213e-01 3.674830726943351666e-01 1.193932332912953781e-01
9.016537446208499063e-01 1.361980795263114385e-01 9.553541744922725010e-02
1.188963790729327119e+00 1.374313420739999292e-01 1.307096270743246802e-01
1.188963790729327119e+00 1.374313420739999292e-01 1.307096270743246802e-01
1.298562014246332108e+00 1.648991696443170285e-01 1.121433351350441532e-01
1.737350364489979704e+00 1.053885161995510023e-01 3.119227423548967884e-02
1.737350364489979704e+00 1.053885161995510023e-01 3.119227423548967884e-02
1.737350364489979704e+00 1.053885161995510023e-01 3.119227423548967884e-02
1.737350364489979704e+00 1.053885161995510023e-01 3.119227423548967884e-02
1.940128192883480374e+00 -5.077148115957101915e-01 5.840836253853438909e-02
1.873943809748361389e+00 -6.510311460098773262e-01 2.154864543557327011e-02
1.946018621661044667e+00 -3.516192017989753227e-01 7.918206301322784635e-02
1.643887861965693808e+00 -3.227142108465929082e-01 7.709448986460260000e-02
1.255805991580837722e+00 -1.097855972118798873e-01 8.393494831163916814e-02
1.255805991580837722e+00 -1.097855972118798873e-01 8.393494831163916814e-02
1.234342030784515432e+00 5.133650880747267498e-02 1.261763778889311849e-01
1.234342030784515432e+00 5.133650880747267498e-02 1.261763778889311849e-01
1.161310836573858030e+00 3.392457255197363075e-01 8.631026213427533955e-02
1.161310836573858030e+00 3.392457255197363075e-01 8.631026213427533955e-02
1.161310836573858030e+00 3.392457255197363075e-01 8.631026213427533955e-02
1.330067713528722662e+00 3.180924066850560061e-01 5.289172375093841028e-02
1.590206423708281580e+00 1.634090457256516249e-01 4.391982424325810430e-02
1.590206423708281580e+00 1.634090457256516249e-01 4.391982424325810430e-02
1.055176689906283993e+00 2.106886750715938617e-01 1.330876532070299767e-01
1.055176689906283993e+00 2.106886750715938617e-01 1.330876532070299767e-01
9.811594410706461211e-01 1.696763052749514777e-01 1.222079496543575089e-01
9.811594410706461211e-01 1.696763052749514777e-01 1.222079496543575089e-01
9.811594410706461211e-01 1.696763052749514777e-01 1.222079496543575089e-01
1.023167222519132169e+00 3.246166244434559034e-01 1.207976039915606842e-01
1.023167222519132169e+00 3.246166244434559034e-01 1.207976039915606842e-01
8.580931906366986439e-01 3.432329335646260304e-01 1.310787602233362548e-01
8.580931906366986439e-01 3.432329335646260304e-01 1.310787602233362548e-01
8.580931906366986439e-01 3.432329335646260304e-01 1.310787602233362548e-01
8.580931906366986439e-01 3.432329335646260304e-01 1.310787602233362548e-01
8.580931906366986439e-01 3.432329335646260304e-01 1.310787602233362548e-01
8.580931906366986439e-01 3.432329335646260304e-01 1.310787602233362548e-01
1.039804599582248024e+00 5.097784359699547574e-02 9.659729574806445729e-02
1.039804599582248024e+00 5.097784359699547574e-02 9.659729574806445729e-02
1.015656206394063954e+00 3.845318734169257957e-01 1.040384807482156032e-01
1.015656206394063954e+00 3.845318734169257957e-01 1.040384807482156032e-01
1.015656206394063954e+00 3.845318734169257957e-01 1.040384807482156032e-01
7.673690571781420777e-01 3.501578348437146548e-01 1.260138280995178606e-01
9.997525559470376022e-01 1.303949931273648555e-01 1.148584529678153693e-01
6.354026535443997314e-01 4.537967758674374408e-01 1.215650478429354253e-01
6.354026535443997314e-01 4.537967758674374408e-01 1.215650478429354253e-01
1.051536728408531074e+00 6.129811046985217393e-01 2.240909966771948217e-02
1.254394532777864946e+00 3.440501200616171151e-01 6.156403592962298582e-02
6.899397290424650331e-01 2.777228344381522107e-01 9.355391498813092621e-02
8.579084576803402973e-01 -1.606243804000510589e-01 8.564575372250466181e-03
8.329388320789925526e-01 3.839042310812053604e-01 1.288243487250084196e-01
8.329388320789925526e-01 3.839042310812053604e-01 1.288243487250084196e-01
1.104436000542859064e+00 4.831818014818387574e-01 4.766829595928281926e-02
1.104436000542859064e+00 4.831818014818387574e-01 4.766829595928281926e-02
1.197635913661159179e+00 4.398020763870263417e-01 4.240831313670421349e-02
9.259183318871005985e-01 7.067110633073475645e-02 7.689239549013855701e-02
1.062166687699813261e+00 -6.698191737151193426e-03 8.005934596193858832e-02
1.539793773141535649e+00 -4.099725899477149049e-01 3.633594179648784450e-02
1.878548993208516205e+00 -4.547804082836607864e-01 6.572390946789562205e-02
1.583577855472788620e+00 -2.935949750145258053e-01 7.794603118422084587e-02
1.583577855472788620e+00 -2.935949750145258053e-01 7.794603118422084587e-02
1.351171233509791625e+00 -3.938494392447975390e-01 1.734761401766693120e-02
1.757627166325512524e+00 -4.747585400322452132e-01 4.823591182742145017e-02
1.757627166325512524e+00 -4.747585400322452132e-01 4.823591182742145017e-02
1.661365008112937636e+00 -2.621620683507182026e-01 9.374048215998101452e-02
1.661365008112937636e+00 -2.621620683507182026e-01 9.374048215998101452e-02
1.661365008112937636e+00 -2.621620683507182026e-01 9.374048215998101452e-02
1.486323392792164855e+00 9.175802819776657238e-02 9.092058128475918877e-02
1.530816172309611423e+00 -1.132509962853781027e-01 1.126485037638977199e-01
1.530816172309611423e+00 -1.132509962853781027e-01 1.126485037638977199e-01
8.721090109481994812e-01 1.173169502058880598e-01 8.124391044881262847e-02
8.721090109481994812e-01 1.173169502058880598e-01 8.124391044881262847e-02
8.721090109481994812e-01 1.173169502058880598e-01 8.124391044881262847e-02
6.309116315286260601e-01 4.085543645268813195e-01 1.158561903447816871e-01
6.309116315286260601e-01 4.085543645268813195e-01 1.158561903447816871e-01
5.753824873911979054e-01 4.171289831367626100e-01 1.075820235197686159e-01
3.645365837665492381e-01 7.042183877089465138e-01 9.871904914385386254e-02
3.645365837665492381e-01 7.042183877089465138e-01 9.871904914385386254e-02
3.619104806333456326e-01 5.324363959189417628e-01 8.975759531962396176e-02
2.522391035617385646e-01 8.194622766156025584e-01 8.231285714212215054e-02
2.522391035617385646e-01 8.194622766156025584e-01 8.231285714212215054e-02
2.259787335559512722e-02 9.583431222939162719e-01 6.521378799753237143e-02
1.104002139907051504e-02 7.933542608074011238e-01 6.878945574640869809e-02
4.524430556046056540e-02 1.132815841420407477e+00 2.913163495659145188e-02
4.524430556046056540e-02 1.132815841420407477e+00 2.913163495659145188e-02
