2.489132485845457765e-01 1.481402749648903505e-01 3.170204555758485490e-03
2.489132485845457765e-01 1.481402749648903505e-01 3.170204555758485490e-03
2.489132485845457765e-01 1.481402749648903505e-01 3.170204555758485490e-03
2.489132485845457765e-01 1.481402749648903505e-01 3.170204555758485490e-03
4.863982392669021215e-01 3.248530265173458220e-01 7.868905580159558932e-02
8.032457798756911238e-01 3.523823956622346709e-01 1.615744445799181250e-01
8.032457798756911238e-01 3.523823956622346709e-01 1.615744445799181250e-01
7.598127494723756481e-01 5.392805954496668885e-01 1.313842277919729518e-01
7.598127494723756481e-01 5.392805954496668885e-01 1.313842277919729518e-01
1.032415201392805626e+00 3.681200462263944928e-01 1.252492384004753601e-01
7.894541727843360501e-01 4.048555176277371936e-01 1.625862834182941197e-01
7.894541727843360501e-01 4.048555176277371936e-01 1.625862834182941197e-01
5.453308246315107244e-01 6.286945692833421084e-01 1.467472850668352924e-01
5.453308246315107244e-01 6.286945692833421084e-01 1.467472850668352924e-01
5.453308246315107244e-01 6.286945692833421084e-01 1.467472850668352924e-01
5.453308246315107244e-01 6.286945692833421084e-01 1.467472850668352924e-01
5.453308246315107244e-01 6.286945692833421084e-01 1.467472850668352924e-01
5.453308246315107244e-01 6.286945692833421084e-01 1.467472850668352924e-01
4.863461910995310333e-01 5.292762006340754333e-01 1.593163736983470580e-01
4.897583239386072984e-01 2.969317663401656038e-01 6.696768382497111927e-02
6.531744382248321212e-01 6.122101046553725112e-01 1.283153004656989171e-01
6.531744382248321212e-01 6.122101046553725112e-01 1.283153004656989171e-01
1.005994962157211070e+00 4.380117802362732404e-01 1.032899278191204279e-01
1.005994962157211070e+00 4.380117802362732404e-01 1.032899278191204279e-01
1.005994962157211070e+00 4.380117802362732404e-01 1.032899278191204279e-01
8.389431008138890089e-01 2.076206066070470646e-01 1.234792993318058196e-01
7.257985728924876145e-01 5.089725605368073946e-01 1.508746942464490315e-01
7.257985728924876145e-01 5.089725605368073946e-01 1.508746942464490315e-01
8.482760981626403796e-01 2.692163133413509879e-01 1.488763837875043405e-01
1.068330038721393427e+00 3.413486135059695670e-02 9.936188675177765051e-02
1.068330038721393427e+00 3.413486135059695670e-02 9.936188675177765051e-02
1.330482852142208294e+00 -1.500877558301438597e-01 7.509265706858253564e-02
1.330482852142208294e+00 -1.500877558301438597e-01 7.509265706858253564e-02
1.547677205975145354e+00 3.036085167074115132e-01 1.978349382305667759e-02
1.547677205975145354e+00 3.036085167074115132e-01 1.978349382305667759e-02
1.440352547236754877e+00 3.008129429853924619e-01 3.799360779978051134e-02
1.440352547236754877e+00 3.008129429853924619e-01 3.799360779978051134e-02
9.419057572660864963e-01 6.802677761983680349e-02 8.436374327040768728e-02
1.009763653738258382e+00 7.425972470206004816e-02 1.040095282668165450e-01
9.694824562800573586e-01 2.408897031680960477e-01 1.536793831375090347e-01
1.118244891883100278e+00 7.234631867320134857e-02 1.246054621973802234e-01
1.118244891883100278e+00 7.234631867320134857e-02 1.246054621973802234e-01
1.118244891883100278e+00 7.234631867320134857e-02 1.246054621973802234e-01
1.216428036222293008e+00 2.992063602265393474e-05 1.134927586340355454e-01
8.647302383074426668e-01 2.705193252248369040e-01 1.514674832347325251e-01
8.647302383074426668e-01 2.705193252248369040e-01 1.514674832347325251e-01
8.647302383074426668e-01 2.705193252248369040e-01 1.514674832347325251e-01
9.975006863437898552e-01 3.060095447824385251e-01 1.510862454208765915e-01
9.140877258197593891e-01 3.522718383655376595e-02 6.281588778498445325e-02
1.187234597101377576e+00 2.337522711624369642e-01 1.293098975110054949e-01
1.187234597101377576e+00 2.337522711624369642e-01 1.293098975110054949e-01
1.089135929538514569e+00 -1.384895651914097581e-01 3.512381156271006388e-02
9.847135162884355086e-01 3.058456924541164690e-01 1.529671237387706939e-01
9.847135162884355086e-01 3.058456924541164690e-01 1.529671237387706939e-01
7.792697787471898341e-01 3.783077761414310181e-01 1.630619528069774671e-01
1.054642760441632188e+00 4.130075872744189969e-01 9.937447131384408161e-02
7.069883861880261744e-01 3.707440864373121592e-01 1.562400271137749652e-01
1.056268387652650631e+00 2.916702913780080397e-01 1.434919415848779634e-01
1.056268387652650631e+00 2.916702913780080397e-01 1.434919415848779634e-01
1.056268387652650631e+00 2.916702913780080397e-01 1.434919415848779634e-01
1.056268387652650631e+00 2.916702913780080397e-01 1.434919415848779634e-01
1.056268387652650631e+00 2.916702913780080397e-01 1.434919415848779634e-01
1.056268387652650631e+00 2.916702913780080397e-01 1.434919415848779634e-01
1.056268387652650631e+00 2.916702913780080397e-01 1.434919415848779634e-01
1.370297724332022682e+00 -5.628268840586964084e-02 1.127351575026675490e-01
1.623844819041983856e+00 8.774634302194034285e-02 6.037824354566974361e-02
1.623844819041983856e+00 8.774634302194034285e-02 6.037824354566974361e-02
1.563983727141508684e+00 -4.089095106870234697e-01 2.831747270782215484e-02
1.563983727141508684e+00 -4.089095106870234697e-01 2.831747270782215484e-02
1.489572376432462653e+00 -2.450730455687675780e-01 6.629576634941659885e-02
1.489572376432462653e+00 -2.450730455687675780e-01 6.629576634941659885e-02
1.489572376432462653e+00 -2.450730455687675780e-01 6.629576634941659885e-02
1.434956604026665694e+00 -3.267300932756178056e-01 3.298452256242355440e-02
1.434956604026665694e+00 -3.267300932756178056e-01 3.298452256242355440e-02
1.434956604026665694e+00 -3.267300932756178056e-01 3.298452256242355440e-02
1.490454743677347427e+00 -3.405353318749717029e-01 3.653278454970237954e-02
1.740521398257001140e+00 -9.903803870481109328e-02 8.010509648331762267e-02
1.455159417718666637e+00 -4.970422862956704740e-02 1.152089174367706276e-01
1.591666582021724397e+00 -1.612289010497930386e-01 9.790530597824141645e-02
1.591666582021724397e+00 -1.612289010497930386e-01 9.790530597824141645e-02
1.591666582021724397e+00 -1.612289010497930386e-01 9.790530597824141645e-02
1.289648499472167753e+00 1.201673072060427394e-04 1.215560899658485183e-01
1.189060610559747655e+00 -1.235592105787354927e-01 5.842938152896266779e-02
1.869936033912097617e+00 -3.419946049663333265e-01 6.946423038179948273e-02
1.869936033912097617e+00 -3.419946049663333265e-01 6.946423038179948273e-02
1.306365454807598692e+00 -2.612125975624213226e-03 1.219312982904468684e-01
1.306365454807598692e+00 -2.612125975624213226e-03 1.219312982904468684e-01
1.306365454807598692e+00 -2.612125975624213226e-03 1.219312982904468684e-01
1.556745123744228909e+00 3.107481426254888879e-01 1.745991249882509339e-02
1.445927595099463892e+00 5.521154146086413306e-01 2.587087544633967333e-03
1.445927595099463892e+00 5.521154146086413306e-01 2.587087544633967333e-03
1.445927595099463892e+00 5.521154146086413306e-01 2.587087544633967333e-03
1.097039416659085109e+00 5.610051159465804238e-01 3.085547261135236641e-02
5.559190563656331019e-01 2.418524586650276365e-01 6.097128244051583379e-02
5.559190563656331019e-01 2.418524586650276365e-01 6.097128244051583379e-02
5.559190563656331019e-01 2.418524586650276365e-01 6.097128244051583379e-02
7.824869230866280390e-01 1.250055738161981733e-01 6.922049097141302898e-02
1.134975150284244672e+00 2.217209009383971363e-01 1.424478849658252499e-01
6.296151751092023963e-01 2.558933735537172183e-01 8.812793671212913738e-02
8.866686668880963129e-01 2.567831021503070854e-01 1.505432486903794387e-01
