2.489132485845457765e-01 1.481402749648903505e-01 2.701252829910447562e-03
1.138010818027314630e-01 4.804440560497059698e-01 2.667401097879037661e-02
1.138010818027314630e-01 4.804440560497059698e-01 2.667401097879037661e-02
5.240412224885760972e-01 7.368257317100729287e-01 7.377705550134953938e-02
5.240412224885760972e-01 7.368257317100729287e-01 7.377705550134953938e-02
3.903653271752421938e-01 8.620355222682076768e-01 5.532925800132108135e-02
7.534961515730966841e-01 4.503117523307993975e-01 1.221265357743361868e-01
7.534961515730966841e-01 4.503117523307993975e-01 1.221265357743361868e-01
7.534961515730966841e-01 4.503117523307993975e-01 1.221265357743361868e-01
7.534961515730966841e-01 4.503117523307993975e-01 1.221265357743361868e-01
4.252301408150810924e-01 7.900988533297158556e-01 7.205867997472878428e-02
4.650138659904393679e-01 5.162985075606678631e-01 1.063476232555150142e-01
6.981363197862087144e-01 2.514829101166446423e-01 8.780018876007249229e-02
8.896067081402257992e-01 4.537804063978466695e-01 1.025679280414218270e-01
8.896067081402257992e-01 4.537804063978466695e-01 1.025679280414218270e-01
1.112151404543436861e+00 1.481921682060615142e-01 1.294049198022880209e-01
1.266361252120087322e+00 4.841948593329258310e-01 1.837479457453453438e-02
1.266361252120087322e+00 4.841948593329258310e-01 1.837479457453453438e-02
1.266361252120087322e+00 4.841948593329258310e-01 1.837479457453453438e-02
1.311987415472154694e+00 2.521186938815435097e-01 7.471105781337576690e-02
1.179484542261745261e+00 -1.226875460894185643e-01 6.491573304932060640e-02
1.179484542261745261e+00 -1.226875460894185643e-01 6.491573304932060640e-02
1.179484542261745261e+00 -1.226875460894185643e-01 6.491573304932060640e-02
8.025961539319246274e-01 -1.569428265860821070e-01 6.344534610085301486e-03
9.850452262245064095e-01 1.809112655705298334e-01 1.248555730040976502e-01
9.730723759720246724e-01 2.213986066028203470e-01 1.294781983560461536e-01
9.730723759720246724e-01 2.213986066028203470e-01 1.294781983560461536e-01
1.218877325580706161e+00 3.494898416164304855e-02 1.211744735822484487e-01
1.218877325580706161e+00 3.494898416164304855e-02 1.211744735822484487e-01
1.201279759627423838e+00 -2.696784922361017967e-01 2.541638683475741858e-02
1.201279759627423838e+00 -2.696784922361017967e-01 2.541638683475741858e-02
1.201279759627423838e+00 -2.696784922361017967e-01 2.541638683475741858e-02
1.201279759627423838e+00 -2.696784922361017967e-01 2.541638683475741858e-02
1.355844461202662998e+00 -3.267676739627477511e-01 3.329308015367330592e-02
1.443646697326712358e+00 -8.300687310508536587e-02 1.133570770300269398e-01
1.443646697326712358e+00 -8.300687310508536587e-02 1.133570770300269398e-01
1.443646697326712358e+00 -8.300687310508536587e-02 1.133570770300269398e-01
1.374860411148908224e+00 7.170502767457523352e-03 1.196025137387277115e-01
1.374860411148908224e+00 7.170502767457523352e-03 1.196025137387277115e-01
1.209198179859144240e+00 -1.233770657658324749e-01 7.091731313888952060e-02
1.209198179859144240e+00 -1.233770657658324749e-01 7.091731313888952060e-02
1.209198179859144240e+00 -1.233770657658324749e-01 7.091731313888952060e-02
1.209198179859144240e+00 -1.233770657658324749e-01 7.091731313888952060e-02
1.209198179859144240e+00 -1.233770657658324749e-01 7.091731313888952060e-02
1.209198179859144240e+00 -1.233770657658324749e-01 7.091731313888952060e-02
1.209198179859144240e+00 -1.233770657658324749e-01 7.091731313888952060e-02
1.266682023118274936e+00 -3.419630853685676208e-02 1.109682633644943905e-01
1.501201644629422738e+00 -5.423229471561745729e-01 1.014555234685279167e-02
1.747238757451037072e+00 1.127311497121125106e-01 2.407112747644840622e-02
1.747238757451037072e+00 1.127311497121125106e-01 2.407112747644840622e-02
1.214694778720531332e+00 -2.972306299120487938e-01 2.145185712930885308e-02
1.214694778720531332e+00 -2.972306299120487938e-01 2.145185712930885308e-02
1.214694778720531332e+00 -2.972306299120487938e-01 2.145185712930885308e-02
1.363516458964804334e+00 -1.845796789103600899e-01 7.946590472991457710e-02
1.363516458964804334e+00 -1.845796789103600899e-01 7.946590472991457710e-02
1.363516458964804334e+00 -1.845796789103600899e-01 7.946590472991457710e-02
1.363516458964804334e+00 -1.845796789103600899e-01 7.946590472991457710e-02
1.363516458964804334e+00 -1.845796789103600899e-01 7.946590472991457710e-02
1.363516458964804334e+00 -1.845796789103600899e-01 7.946590472991457710e-02
1.363516458964804334e+00 -1.845796789103600899e-01 7.946590472991457710e-02
9.724169294904576599e-01 2.201480161114515721e-01 1.293126459936976835e-01
1.110113049210487368e+00 -6.206550799247767536e-02 7.195036443078633992e-02
1.110113049210487368e+00 -6.206550799247767536e-02 7.195036443078633992e-02
6.758237055836984197e-01 3.471240111531422035e-02 1.934222878284482319e-02
1.052094339345926555e+00 -1.715297572502594292e-01 2.695612583870886370e-02
1.052094339345926555e+00 -1.715297572502594292e-01 2.695612583870886370e-02
1.052094339345926555e+00 -1.715297572502594292e-01 2.695612583870886370e-02
1.052094339345926555e+00 -1.715297572502594292e-01 2.695612583870886370e-02
1.052094339345926555e+00 -1.715297572502594292e-01 2.695612583870886370e-02
1.001122724290558041e+00 -2.003346313516876920e-01 1.553592917139750076e-02
1.265869438834655636e+00 -1.942929396295236255e-01 5.744745809083945387e-02
1.265869438834655636e+00 -1.942929396295236255e-01 5.744745809083945387e-02
1.265869438834655636e+00 -1.942929396295236255e-01 5.744745809083945387e-02
1.265869438834655636e+00 -1.942929396295236255e-01 5.744745809083945387e-02
1.265869438834655636e+00 -1.942929396295236255e-01 5.744745809083945387e-02
2.092085753786057545e+00 -6.150412805934387661e-01 4.596610866149335173e-02
2.058540985655879396e+00 -5.051708531241817512e-01 6.085312166831371300e-02
1.808481580243669562e+00 -4.519861764864987475e-01 6.054969413699274466e-02
2.140065207234611577e+00 -4.797144766413203865e-01 5.791079995283508752e-02
2.140065207234611577e+00 -4.797144766413203865e-01 5.791079995283508752e-02
1.922515205472885569e+00 -3.858208974239282218e-01 7.518439668893536765e-02
1.922515205472885569e+00 -3.858208974239282218e-01 7.518439668893536765e-02
1.922515205472885569e+00 -3.858208974239282218e-01 7.518439668893536765e-02
1.922515205472885569e+00 -3.858208974239282218e-01 7.518439668893536765e-02
1.642927669177297600e+00 -2.830293124732359278e-01 8.696679642458425563e-02
1.642927669177297600e+00 -2.830293124732359278e-01 8.696679642458425563e-02
1.642927669177297600e+00 -2.830293124732359278e-01 8.696679642458425563e-02
1.642927669177297600e+00 -2.830293124732359278e-01 8.696679642458425563e-02
1.642927669177297600e+00 -2.830293124732359278e-01 8.696679642458425563e-02
1.427663888438543971e+00 -2.201146944806710581e-01 7.858775028503883764e-02
1.427663888438543971e+00 -2.201146944806710581e-01 7.858775028503883764e-02
1.427663888438543971e+00 -2.201146944806710581e-01 7.858775028503883764e-02
1.427663888438543971e+00 -2.201146944806710581e-01 7.858775028503883764e-02
1.427663888438543971e+00 -2.201146944806710581e-01 7.858775028503883764e-02
1.530448822605568138e+00 -1.841289594486775760e-01 1.006132042348869826e-01
1.530448822605568138e+00 -1.841289594486775760e-01 1.006132042348869826e-01
1.533914259842073857e+00 4.171864615968393086e-02 8.747934818821982705e-02
1.533914259842073857e+00 4.171864615968393086e-02 8.747934818821982705e-02
1.533914259842073857e+00 4.171864615968393086e-02 8.747934818821982705e-02
1.533914259842073857e+00 4.171864615968393086e-02 8.747934818821982705e-02
