2.489132485845457765e-01 1.481402749648903505e-01 2.257758808551146509e-03
4.156295720665551530e-01 1.432846419657346770e-01 8.342601071209293506e-03
4.503394550830735477e-01 2.935216075796769353e-01 3.196954835729589467e-02
7.272136768179499056e-01 8.666048017823310690e-02 3.618196592811889073e-02
6.381786207748746387e-01 3.707803895942033412e-01 8.176228647737952826e-02
6.381786207748746387e-01 3.707803895942033412e-01 8.176228647737952826e-02
7.820903951124035247e-01 5.059133879626163122e-01 7.767362791800744293e-02
7.820903951124035247e-01 5.059133879626163122e-01 7.767362791800744293e-02
7.820903951124035247e-01 5.059133879626163122e-01 7.767362791800744293e-02
7.820903951124035247e-01 5.059133879626163122e-01 7.767362791800744293e-02
6.676652601753970684e-01 3.793289682184973199e-01 8.724063038855599250e-02
9.806311804985152758e-01 3.373690982133029648e-01 9.898226017293924872e-02
9.806311804985152758e-01 3.373690982133029648e-01 9.898226017293924872e-02
9.806311804985152758e-01 3.373690982133029648e-01 9.898226017293924872e-02
1.260541765459531671e+00 2.339622335929880392e-01 8.444355683035416338e-02
1.556697030640665558e+00 -1.551369295242664703e-01 1.141550281678634232e-01
1.556697030640665558e+00 -1.551369295242664703e-01 1.141550281678634232e-01
1.435080153214192134e+00 3.713945341149726964e-02 1.072532878915679611e-01
2.035161574057643197e+00 -1.080706777846926203e-01 2.360664151125038690e-02
1.684835033686678196e+00 -2.376030000598365055e-01 1.067156532945063990e-01
1.684835033686678196e+00 -2.376030000598365055e-01 1.067156532945063990e-01
1.455088012848431811e+00 6.430553514280143435e-02 9.653485692033937637e-02
1.455088012848431811e+00 6.430553514280143435e-02 9.653485692033937637e-02
9.597979552627862176e-01 6.908864819155154102e-03 6.268809634466167291e-02
9.597979552627862176e-01 6.908864819155154102e-03 6.268809634466167291e-02
9.597979552627862176e-01 6.908864819155154102e-03 6.268809634466167291e-02
9.597979552627862176e-01 6.908864819155154102e-03 6.268809634466167291e-02
8.146475105548444118e-01 -3.426187002534216569e-02 2.458712208531476859e-02
8.146475105548444118e-01 -3.426187002534216569e-02 2.458712208531476859e-02
8.146475105548444118e-01 -3.426187002534216569e-02 2.458712208531476859e-02
1.455970693379191605e+00 2.266118944823121983e-01 4.532757773034278709e-02
1.579332961486226150e+00 5.453160938744450181e-02 7.156217657076596739e-02
1.579332961486226150e+00 5.453160938744450181e-02 7.156217657076596739e-02
1.579332961486226150e+00 5.453160938744450181e-02 7.156217657076596739e-02
8.922019538860709309e-01 2.581804760184797098e-01 1.062573421498107101e-01
8.922019538860709309e-01 2.581804760184797098e-01 1.062573421498107101e-01
1.224546988722626129e+00 3.026937554380073614e-01 6.897018752538301711e-02
1.046959160032878255e+00 5.114333106154658193e-01 3.782792805729232044e-02
1.373321105481764004e+00 2.077093032059828537e-01 6.881356892555895444e-02
1.361055451911828307e+00 1.617583678078985399e-01 8.676230661333590721e-02
1.007072953461979559e+00 -3.515303727852345239e-02 6.040780286142114625e-02
1.136206573863740799e+00 -1.424337855716129864e-01 5.518192755359696555e-02
1.237193689338067282e+00 2.065446734180400312e-01 9.754337197802231962e-02
1.237193689338067282e+00 2.065446734180400312e-01 9.754337197802231962e-02
1.237193689338067282e+00 2.065446734180400312e-01 9.754337197802231962e-02
1.237193689338067282e+00 2.065446734180400312e-01 9.754337197802231962e-02
1.192051772179782088e+00 3.369747993398547470e-01 6.420028657729705268e-02
1.192051772179782088e+00 3.369747993398547470e-01 6.420028657729705268e-02
1.192051772179782088e+00 3.369747993398547470e-01 6.420028657729705268e-02
1.192051772179782088e+00 3.369747993398547470e-01 6.420028657729705268e-02
1.508555755661706632e+00 3.139668130747206298e-01 1.775736040752529457e-02
1.306975003844289551e+00 5.843344778315859855e-01 4.240832007015353511e-03
1.506956785652987074e+00 4.323856651827104880e-01 5.417308843548862725e-03
1.506956785652987074e+00 4.323856651827104880e-01 5.417308843548862725e-03
1.506956785652987074e+00 4.323856651827104880e-01 5.417308843548862725e-03
1.274264301696139023e+00 1.733598120393563535e-01 1.004665063262091818e-01
1.596545732285209684e+00 3.986114715143707077e-03 8.307109528866628290e-02
1.821938739212121350e+00 -1.640690309306372385e-01 7.748858247754578099e-02
2.043547923763015639e+00 -3.937078322653582152e-01 7.462752509540625245e-02
2.169425270925508187e+00 -5.010862117875810595e-01 6.503295787948198958e-02
2.169425270925508187e+00 -5.010862117875810595e-01 6.503295787948198958e-02
2.169425270925508187e+00 -5.010862117875810595e-01 6.503295787948198958e-02
2.169425270925508187e+00 -5.010862117875810595e-01 6.503295787948198958e-02
2.582469858926281780e+00 -6.414746179537713644e-01 2.525164302126935156e-02
2.509927128533326446e+00 -5.676707985614726226e-01 2.647845070027294787e-02
2.557955664188658496e+00 -7.158848563360911132e-01 3.256709750577843621e-02
2.633782849515223567e+00 -7.990949310959124530e-01 2.880353352920761098e-02
2.633782849515223567e+00 -7.990949310959124530e-01 2.880353352920761098e-02
2.374827857636949702e+00 -9.061046934014135301e-01 2.560267266848643974e-02
2.374827857636949702e+00 -9.061046934014135301e-01 2.560267266848643974e-02
2.540869300222277971e+00 -7.568215638052526728e-01 3.509442064619517493e-02
2.256665880089219645e+00 -7.053639547333074855e-01 4.991076224434359138e-02
2.256665880089219645e+00 -7.053639547333074855e-01 4.991076224434359138e-02
2.331075890820274665e+00 -7.676584255015963532e-01 4.265504823206808793e-02
2.689515045740616284e+00 -6.406275643853973634e-01 1.530982570508209427e-02
2.689515045740616284e+00 -6.406275643853973634e-01 1.530982570508209427e-02
2.689515045740616284e+00 -6.406275643853973634e-01 1.530982570508209427e-02
1.703170948002404206e+00 -6.374919592979400029e-01 1.912420517172414361e-02
2.091802657038635882e+00 -2.469453286522144686e-01 4.081736987427585228e-02
1.896223351066115725e+00 -1.196640125314107628e-01 5.012859709369026084e-02
1.896223351066115725e+00 -1.196640125314107628e-01 5.012859709369026084e-02
2.337748323669616379e+00 -4.437023789110979832e-01 3.409554183414337941e-02
2.355679425855504494e+00 -4.283285757005415584e-01 2.942812900621679176e-02
2.355679425855504494e+00 -4.283285757005415584e-01 2.942812900621679176e-02
2.123530345147335296e+00 -2.387265179902585688e-01 3.376239411445564748e-02
2.107404522209524345e+00 -5.685409030489239068e-01 6.707067579082616471e-02
2.131451980112936795e+00 -7.770204328860828014e-01 3.219104224226372601e-02
2.305608158222154813e+00 -5.753362289018353337e-01 5.252532895617757075e-02
2.305608158222154813e+00 -5.753362289018353337e-01 5.252532895617757075e-02
2.305608158222154813e+00 -5.753362289018353337e-01 5.252532895617757075e-02
2.099758377065967352e+00 -3.498044512920126525e-01 5.917137037370440167e-02
2.099758377065967352e+00 -3.498044512920126525e-01 5.917137037370440167e-02
2.099758377065967352e+00 -3.498044512920126525e-01 5.917137037370440167e-02
2.222725289167836404e+00 -2.396647592724366338e-01 1.999687078967482892e-02
2.127746540589855240e+00 1.815485594517385337e-04 4.791335287481398794e-03
1.434188086052794242e+00 -2.337856488163978230e-01 8.740987951569463565e-02
1.098587819177516689e+00 2.874346584628654222e-01 9.712705621138528755e-02
9.190480023748738292e-01 3.255153882994007986e-01 1.048622741662421642e-01
7.071282921893259354e-01 1.808534376838437374e-01 5.555407197994217949e-02
7.071282921893259354e-01 1.808534376838437374e-01 5.555407197994217949e-02
