2.489132485845457765e-01 1.481402749648903505e-01 3.312146312188925506e-03
4.396658653443898945e-01 3.152438044835207398e-01 6.380279982896151780e-02
4.396658653443898945e-01 3.152438044835207398e-01 6.380279982896151780e-02
8.003998274603519869e-01 7.476124337048556390e-02 5.636206704494579195e-02
8.003998274603519869e-01 7.476124337048556390e-02 5.636206704494579195e-02
8.003998274603519869e-01 7.476124337048556390e-02 5.636206704494579195e-02
6.649877552044622941e-01 3.129783977902431680e-01 1.303482608094012896e-01
5.400557946398928388e-01 6.992739376295951104e-01 1.167939312099450233e-01
5.400557946398928388e-01 6.992739376295951104e-01 1.167939312099450233e-01
5.400557946398928388e-01 6.992739376295951104e-01 1.167939312099450233e-01
5.400557946398928388e-01 6.992739376295951104e-01 1.167939312099450233e-01
8.324870203372725097e-02 9.275199094642803122e-01 1.176410207417776799e-01
8.324870203372725097e-02 9.275199094642803122e-01 1.176410207417776799e-01
8.324870203372725097e-02 9.275199094642803122e-01 1.176410207417776799e-01
8.324870203372725097e-02 9.275199094642803122e-01 1.176410207417776799e-01
-3.835786266681426304e-02 6.672490041911365299e-01 7.156413054886481828e-02
-3.835786266681426304e-02 6.672490041911365299e-01 7.156413054886481828e-02
-3.835786266681426304e-02 6.672490041911365299e-01 7.156413054886481828e-02
-3.835786266681426304e-02 6.672490041911365299e-01 7.156413054886481828e-02
-3.835786266681426304e-02 6.672490041911365299e-01 7.156413054886481828e-02
-3.835786266681426304e-02 6.672490041911365299e-01 7.156413054886481828e-02
-3.355245511896950417e-01 8.848753052248068407e-01 6.435252575154819243e-02
-1.410520315660062363e-01 9.983088054519630994e-01 1.135703494047442946e-01
2.664138968821331277e-01 7.284925923419595106e-01 1.514006034289363534e-01
5.799484429533856567e-01 4.964058350074258552e-01 1.654619546987370626e-01
2.820707012038202732e-01 8.648533595733425283e-01 1.057133253439927340e-01
-1.562752867585342487e-01 9.528432527312248324e-01 1.154797646676214845e-01
-2.134369964258446273e-01 8.734721428473226634e-01 9.215949374175301523e-02
-1.387481546311452596e-01 7.022471817138684624e-01 5.672952148815339768e-02
-3.678825241567102999e-01 8.563980733125788891e-01 4.868048047325182481e-02
-9.626844849768600998e-02 6.898203656498471670e-01 6.365696193923435497e-02
1.655102998220925326e-01 8.322345194459764839e-01 1.368656468648110081e-01
-1.482743268090844779e-01 7.548000840677053791e-01 7.231161705939130602e-02
-1.036646696524157613e-01 1.203130318113080133e+00 4.730677429358737252e-02
-1.036646696524157613e-01 1.203130318113080133e+00 4.730677429358737252e-02
-1.036646696524157613e-01 1.203130318113080133e+00 4.730677429358737252e-02
5.896453795782514995e-02 5.253213270134634572e-01 4.569823220643805944e-02
5.896453795782514995e-02 5.253213270134634572e-01 4.569823220643805944e-02
2.799760951270355985e-02 6.068996113367010059e-01 6.737835128113794925e-02
2.799760951270355985e-02 6.068996113367010059e-01 6.737835128113794925e-02
7.827779114022706541e-02 9.953525069723458962e-01 9.270311962067759315e-02
-3.350041639622618472e-01 1.022864665806927809e+00 9.426167362135214056e-02
-3.350041639622618472e-01 1.022864665806927809e+00 9.426167362135214056e-02
-3.350041639622618472e-01 1.022864665806927809e+00 9.426167362135214056e-02
-3.350041639622618472e-01 1.022864665806927809e+00 9.426167362135214056e-02
-7.211642327832862298e-02 1.054057572981676794e+00 9.507282608667323720e-02
-7.211642327832862298e-02 1.054057572981676794e+00 9.507282608667323720e-02
-1.696874317331611426e-01 9.209586777481906239e-01 1.113613307647984690e-01
-1.696874317331611426e-01 9.209586777481906239e-01 1.113613307647984690e-01
-1.696874317331611426e-01 9.209586777481906239e-01 1.113613307647984690e-01
-2.637768966195502829e-01 1.163049721003313053e+00 8.215151014551691500e-02
-7.421099301614031418e-01 1.298655683882933953e+00 5.585252952751821459e-02
-9.174296597921731689e-01 1.282005865682807277e+00 3.278391428065313695e-02
-4.840282825787897147e-01 1.390057373043830591e+00 4.210770949618918013e-02
-4.110438228827291152e-01 1.140103325035766169e+00 8.770848109108317359e-02
-1.906919115236700990e-01 8.556526284236528612e-01 9.311617918879647182e-02
-3.529713966161197036e-01 1.131488060086963454e+00 9.138435874304418061e-02
-3.529713966161197036e-01 1.131488060086963454e+00 9.138435874304418061e-02
-3.529713966161197036e-01 1.131488060086963454e+00 9.138435874304418061e-02
-3.529713966161197036e-01 1.131488060086963454e+00 9.138435874304418061e-02
-3.529713966161197036e-01 1.131488060086963454e+00 9.138435874304418061e-02
-3.529713966161197036e-01 1.131488060086963454e+00 9.138435874304418061e-02
-3.529713966161197036e-01 1.131488060086963454e+00 9.138435874304418061e-02
-3.529713966161197036e-01 1.131488060086963454e+00 9.138435874304418061e-02
-3.529713966161197036e-01 1.131488060086963454e+00 9.138435874304418061e-02
-1.837175895357054389e-01 1.260761449786443888e+00 4.154127256156799064e-02
-1.107151090780338215e-01 1.137679188028463351e+00 7.101438628105886941e-02
-1.107151090780338215e-01 1.137679188028463351e+00 7.101438628105886941e-02
7.150994886756127655e-02 8.029441311182899943e-01 1.374657911112324715e-01
7.150994886756127655e-02 8.029441311182899943e-01 1.374657911112324715e-01
7.150994886756127655e-02 8.029441311182899943e-01 1.374657911112324715e-01
7.150994886756127655e-02 8.029441311182899943e-01 1.374657911112324715e-01
7.150994886756127655e-02 8.029441311182899943e-01 1.374657911112324715e-01
7.150994886756127655e-02 8.029441311182899943e-01 1.374657911112324715e-01
3.920523741948343521e-01 6.660991163490204148e-01 1.562667517977179843e-01
3.920523741948343521e-01 6.660991163490204148e-01 1.562667517977179843e-01
1.009656565623724411e-01 7.223679068281625426e-01 1.305504300531621087e-01
1.009656565623724411e-01 7.223679068281625426e-01 1.305504300531621087e-01
1.009656565623724411e-01 7.223679068281625426e-01 1.305504300531621087e-01
1.009656565623724411e-01 7.223679068281625426e-01 1.305504300531621087e-01
1.009656565623724411e-01 7.223679068281625426e-01 1.305504300531621087e-01
1.009656565623724411e-01 7.223679068281625426e-01 1.305504300531621087e-01
2.043178094508134035e-01 9.173770560909875194e-01 9.991224837001397296e-02
6.018322196538494762e-01 5.851911375075212751e-01 1.495331646721935748e-01
6.018322196538494762e-01 5.851911375075212751e-01 1.495331646721935748e-01
6.018322196538494762e-01 5.851911375075212751e-01 1.495331646721935748e-01
6.735799557449283492e-01 7.158140519137914382e-01 6.978745674823830236e-02
6.735799557449283492e-01 7.158140519137914382e-01 6.978745674823830236e-02
1.044308291299152147e+00 6.613245458283820710e-01 1.448030090017877677e-02
5.804429320151971439e-01 2.304690667151700345e-01 6.586988602051434272e-02
1.375765321982700962e-01 2.229011747190312032e-01 3.418089304076909075e-03
9.252662127835516170e-02 3.676108864982803315e-01 1.365303596761750955e-02
4.123926998804043342e-01 3.302235893792671573e-01 6.263199971153178558e-02
4.123926998804043342e-01 3.302235893792671573e-01 6.263199971153178558e-02
5.506519637538829226e-01 4.408982869359533430e-01 1.518545860884975285e-01
5.840555518873037366e-01 6.147084471751261825e-01 1.426499301970275135e-01
5.840555518873037366e-01 6.147084471751261825e-01 1.426499301970275135e-01
5.840555518873037366e-01 6.147084471751261825e-01 1.426499301970275135e-01
6.330772040231036346e-01 4.892068619171612287e-01 1.655687144204816830e-01
7.966280326975760939e-01 3.951078234820780688e-01 1.630579903765565497e-01
