2.489132485845457765e-01 1.481402749648903505e-01 1.783333870454728298e-01
2.489132485845457765e-01 1.481402749648903505e-01 1.783333870454728298e-01
2.489132485845457765e-01 1.481402749648903505e-01 1.783333870454728298e-01
2.489132485845457765e-01 1.481402749648903505e-01 1.783333870454728298e-01
2.489132485845457765e-01 1.481402749648903505e-01 1.783333870454728298e-01
2.489132485845457765e-01 1.481402749648903505e-01 1.783333870454728298e-01
2.489132485845457765e-01 1.481402749648903505e-01 1.783333870454728298e-01
2.489132485845457765e-01 1.481402749648903505e-01 1.783333870454728298e-01
4.229632450072264849e-01 2.497874812409714429e-01 2.956104759176267915e-01
4.229632450072264849e-01 2.497874812409714429e-01 2.956104759176267915e-01
4.375925259104510023e-01 4.531157505539252783e-01 1.066583119710601962e-01
4.156388162795865426e-01 3.367719198623715382e-01 2.645922861169733298e-01
4.156388162795865426e-01 3.367719198623715382e-01 2.645922861169733298e-01
2.962618839490329670e-01 2.886589642020283564e-01 4.968854217022869446e-01
2.962618839490329670e-01 2.886589642020283564e-01 4.968854217022869446e-01
2.962618839490329670e-01 2.886589642020283564e-01 4.968854217022869446e-01
2.962618839490329670e-01 2.886589642020283564e-01 4.968854217022869446e-01
2.761975302711142666e-01 1.434432507183732441e-01 2.361060306402369968e-01
1.508352582536524600e-01 5.786998388050591524e-01 3.627433784676871165e-01
1.508352582536524600e-01 5.786998388050591524e-01 3.627433784676871165e-01
1.508352582536524600e-01 5.786998388050591524e-01 3.627433784676871165e-01
-3.174147374519176168e-02 1.034316616205878114e+00 3.728332968564031236e-02
-3.174147374519176168e-02 1.034316616205878114e+00 3.728332968564031236e-02
-3.174147374519176168e-02 1.034316616205878114e+00 3.728332968564031236e-02
-3.174147374519176168e-02 1.034316616205878114e+00 3.728332968564031236e-02
-3.174147374519176168e-02 1.034316616205878114e+00 3.728332968564031236e-02
-3.174147374519176168e-02 1.034316616205878114e+00 3.728332968564031236e-02
-3.174147374519176168e-02 1.034316616205878114e+00 3.728332968564031236e-02
-3.174147374519176168e-02 1.034316616205878114e+00 3.728332968564031236e-02
-3.174147374519176168e-02 1.034316616205878114e+00 3.728332968564031236e-02
1.160130780420054741e-01 8.739884037802961858e-01 1.879221377943077476e-01
1.160130780420054741e-01 8.739884037802961858e-01 1.879221377943077476e-01
1.160130780420054741e-01 8.739884037802961858e-01 1.879221377943077476e-01
1.160130780420054741e-01 8.739884037802961858e-01 1.879221377943077476e-01
1.160130780420054741e-01 8.739884037802961858e-01 1.879221377943077476e-01
1.160130780420054741e-01 8.739884037802961858e-01 1.879221377943077476e-01
3.759896095866771537e-01 2.708740430977406577e-01 4.261648145857717118e-01
3.759896095866771537e-01 2.708740430977406577e-01 4.261648145857717118e-01
3.759896095866771537e-01 2.708740430977406577e-01 4.261648145857717118e-01
3.759896095866771537e-01 2.708740430977406577e-01 4.261648145857717118e-01
3.759896095866771537e-01 2.708740430977406577e-01 4.261648145857717118e-01
3.759896095866771537e-01 2.708740430977406577e-01 4.261648145857717118e-01
3.194355539534659005e-01 2.997121025804662109e-01 5.181973175902206963e-01
3.194355539534659005e-01 2.997121025804662109e-01 5.181973175902206963e-01
3.194355539534659005e-01 2.997121025804662109e-01 5.181973175902206963e-01
3.194355539534659005e-01 2.997121025804662109e-01 5.181973175902206963e-01
3.194355539534659005e-01 2.997121025804662109e-01 5.181973175902206963e-01
2.967758851777374529e-01 1.253429946068301548e-01 2.553107370752240590e-01
2.967758851777374529e-01 1.253429946068301548e-01 2.553107370752240590e-01
2.967758851777374529e-01 1.253429946068301548e-01 2.553107370752240590e-01
2.967758851777374529e-01 1.253429946068301548e-01 2.553107370752240590e-01
2.938965463351375651e-01 2.531194830244747340e-01 4.476219464891210142e-01
2.938965463351375651e-01 2.531194830244747340e-01 4.476219464891210142e-01
2.938965463351375651e-01 2.531194830244747340e-01 4.476219464891210142e-01
1.807470589202949673e-01 4.863312722454655734e-01 4.052051388033253154e-01
1.807470589202949673e-01 4.863312722454655734e-01 4.052051388033253154e-01
1.807470589202949673e-01 4.863312722454655734e-01 4.052051388033253154e-01
2.753573977104056825e-01 1.051645047448390158e-01 1.811578706957239771e-01
2.753573977104056825e-01 1.051645047448390158e-01 1.811578706957239771e-01
2.753573977104056825e-01 1.051645047448390158e-01 1.811578706957239771e-01
2.753573977104056825e-01 1.051645047448390158e-01 1.811578706957239771e-01
1.587834998867775349e-01 3.141549922860512600e-01 1.449245545368698651e-01
4.505236977924609310e-02 3.327450768006879889e-01 1.215589904812962654e-02
4.505236977924609310e-02 3.327450768006879889e-01 1.215589904812962654e-02
4.023121300537194633e-01 -3.706314419280848371e-02 1.730672280632583049e-01
4.023121300537194633e-01 -3.706314419280848371e-02 1.730672280632583049e-01
4.023121300537194633e-01 -3.706314419280848371e-02 1.730672280632583049e-01
4.023121300537194633e-01 -3.706314419280848371e-02 1.730672280632583049e-01
4.023121300537194633e-01 -3.706314419280848371e-02 1.730672280632583049e-01
4.023121300537194633e-01 -3.706314419280848371e-02 1.730672280632583049e-01
2.085916702258067967e-01 -1.730263138804299938e-01 1.951755020494042123e-03
2.085916702258067967e-01 -1.730263138804299938e-01 1.951755020494042123e-03
2.085916702258067967e-01 -1.730263138804299938e-01 1.951755020494042123e-03
2.085916702258067967e-01 -1.730263138804299938e-01 1.951755020494042123e-03
3.541046446073841114e-01 4.806595840221722371e-03 1.826944297974189557e-01
3.541046446073841114e-01 4.806595840221722371e-03 1.826944297974189557e-01
3.541046446073841114e-01 4.806595840221722371e-03 1.826944297974189557e-01
3.541046446073841114e-01 4.806595840221722371e-03 1.826944297974189557e-01
3.541046446073841114e-01 4.806595840221722371e-03 1.826944297974189557e-01
3.541046446073841114e-01 4.806595840221722371e-03 1.826944297974189557e-01
3.541046446073841114e-01 4.806595840221722371e-03 1.826944297974189557e-01
3.541046446073841114e-01 4.806595840221722371e-03 1.826944297974189557e-01
3.541046446073841114e-01 4.806595840221722371e-03 1.826944297974189557e-01
3.541046446073841114e-01 4.806595840221722371e-03 1.826944297974189557e-01
3.541046446073841114e-01 4.806595840221722371e-03 1.826944297974189557e-01
3.541046446073841114e-01 4.806595840221722371e-03 1.826944297974189557e-01
2.229654639423444551e-01 4.258040261978720542e-01 4.866261246219614756e-01
2.229654639423444551e-01 4.258040261978720542e-01 4.866261246219614756e-01
2.229654639423444551e-01 4.258040261978720542e-01 4.866261246219614756e-01
2.229654639423444551e-01 4.258040261978720542e-01 4.866261246219614756e-01
2.229654639423444551e-01 4.258040261978720542e-01 4.866261246219614756e-01
2.229654639423444551e-01 4.258040261978720542e-01 4.866261246219614756e-01
2.759811835785856982e-01 4.561400629631984782e-01 5.590144314498650679e-01
2.759811835785856982e-01 4.561400629631984782e-01 5.590144314498650679e-01
3.453306597099964348e-01 5.756590149622563546e-01 2.267660795413986019e-01
2.808344514909613676e-01 4.059965255818003271e-01 5.644413638097628416e-01
1.204089716173196434e-01 5.567262720263215225e-01 2.524578417977095257e-01
1.597289012397780095e-01 2.359245285798572400e-01 8.191690492364289700e-02
1.597289012397780095e-01 2.359245285798572400e-01 8.191690492364289700e-02
1.522425810280400860e-01 5.394216537528615518e-01 3.469788798430439858e-01
