2.489132485845457765e-01 1.481402749648903505e-01 2.206234055473383082e-01
2.489132485845457765e-01 1.481402749648903505e-01 2.206234055473383082e-01
-4.148907130071932681e-02 7.808316543609449267e-01 1.807278104808658359e-01
-4.148907130071932681e-02 7.808316543609449267e-01 1.807278104808658359e-01
-4.148907130071932681e-02 7.808316543609449267e-01 1.807278104808658359e-01
1.629219350136705269e-01 4.823977326851950909e-01 4.967498051437751472e-01
4.733429748696821315e-02 6.388276770766802004e-01 3.275735221237267569e-01
4.733429748696821315e-02 6.388276770766802004e-01 3.275735221237267569e-01
4.733429748696821315e-02 6.388276770766802004e-01 3.275735221237267569e-01
4.733429748696821315e-02 6.388276770766802004e-01 3.275735221237267569e-01
4.733429748696821315e-02 6.388276770766802004e-01 3.275735221237267569e-01
2.277676469553674143e-01 7.935647781825678759e-01 3.384594320765774156e-02
-1.668854153753994429e-01 8.268667594098539908e-01 3.039224793210092146e-02
-1.668854153753994429e-01 8.268667594098539908e-01 3.039224793210092146e-02
-1.668854153753994429e-01 8.268667594098539908e-01 3.039224793210092146e-02
-1.668854153753994429e-01 8.268667594098539908e-01 3.039224793210092146e-02
1.302790118089295068e-01 9.039628918063798979e-01 4.998595051503112313e-02
1.302790118089295068e-01 9.039628918063798979e-01 4.998595051503112313e-02
-3.429960916313928854e-02 8.177849176173891399e-01 1.923695559362612051e-01
-3.429960916313928854e-02 8.177849176173891399e-01 1.923695559362612051e-01
-3.429960916313928854e-02 8.177849176173891399e-01 1.923695559362612051e-01
-1.231757714546996701e-01 1.092684124747087093e+00 5.321512263492359646e-02
-1.231757714546996701e-01 1.092684124747087093e+00 5.321512263492359646e-02
-1.231757714546996701e-01 1.092684124747087093e+00 5.321512263492359646e-02
-6.143291897783943051e-02 9.074567519723089060e-01 1.416533792386070190e-01
-6.143291897783943051e-02 9.074567519723089060e-01 1.416533792386070190e-01
-6.143291897783943051e-02 9.074567519723089060e-01 1.416533792386070190e-01
-6.143291897783943051e-02 9.074567519723089060e-01 1.416533792386070190e-01
-2.547022050161023426e-02 8.094068465982267035e-01 2.053012014781117334e-01
-2.370064874687480005e-01 9.171592636597312165e-01 1.071647095353075660e-02
-1.200031288344241415e-01 1.320511935703741369e+00 5.767257416953353380e-03
-1.200031288344241415e-01 1.320511935703741369e+00 5.767257416953353380e-03
-1.200031288344241415e-01 1.320511935703741369e+00 5.767257416953353380e-03
-1.200031288344241415e-01 1.320511935703741369e+00 5.767257416953353380e-03
-1.200031288344241415e-01 1.320511935703741369e+00 5.767257416953353380e-03
-1.200031288344241415e-01 1.320511935703741369e+00 5.767257416953353380e-03
-1.200031288344241415e-01 1.320511935703741369e+00 5.767257416953353380e-03
-1.200031288344241415e-01 1.320511935703741369e+00 5.767257416953353380e-03
-1.200031288344241415e-01 1.320511935703741369e+00 5.767257416953353380e-03
-1.200031288344241415e-01 1.320511935703741369e+00 5.767257416953353380e-03
-1.200031288344241415e-01 1.320511935703741369e+00 5.767257416953353380e-03
-2.502938415639693881e-02 1.132090777577666962e+00 2.461588195981300256e-02
-2.502938415639693881e-02 1.132090777577666962e+00 2.461588195981300256e-02
1.530882448943508001e-01 6.313455856692470336e-01 3.820077701051078356e-01
1.530882448943508001e-01 6.313455856692470336e-01 3.820077701051078356e-01
1.705596144453724317e-01 4.587339468695644795e-01 4.979954911179428900e-01
1.705596144453724317e-01 4.587339468695644795e-01 4.979954911179428900e-01
1.705596144453724317e-01 4.587339468695644795e-01 4.979954911179428900e-01
1.705596144453724317e-01 4.587339468695644795e-01 4.979954911179428900e-01
1.705596144453724317e-01 4.587339468695644795e-01 4.979954911179428900e-01
1.705596144453724317e-01 4.587339468695644795e-01 4.979954911179428900e-01
5.079650042087895390e-01 1.695440286743341574e-01 6.376501765976531899e-02
3.380016103424460239e-01 4.286626646090546111e-01 2.027049279794748970e-01
3.380016103424460239e-01 4.286626646090546111e-01 2.027049279794748970e-01
3.055879997241605639e-01 4.460239936881779665e-01 2.784464985561592165e-01
9.547835222515566045e-02 3.035831995025944918e-01 9.034093845019211533e-02
9.547835222515566045e-02 3.035831995025944918e-01 9.034093845019211533e-02
9.547835222515566045e-02 3.035831995025944918e-01 9.034093845019211533e-02
1.780695484412532781e-01 2.810289934178621385e-01 2.656484599926322576e-01
4.223108562118200737e-01 5.660046352046005369e-02 2.433049105281254454e-01
1.967547051491332910e-01 4.979498772672213969e-01 4.923150640034870129e-01
1.967547051491332910e-01 4.979498772672213969e-01 4.923150640034870129e-01
1.967547051491332910e-01 4.979498772672213969e-01 4.923150640034870129e-01
1.498370933561027629e-01 2.967198490563472402e-01 2.090051911175040411e-01
1.498370933561027629e-01 2.967198490563472402e-01 2.090051911175040411e-01
1.127449559350800073e-01 5.319881216229456200e-01 4.290969004239165163e-01
1.445332274891824309e-01 4.744897576966253805e-01 4.607095527261041434e-01
1.445332274891824309e-01 4.744897576966253805e-01 4.607095527261041434e-01
1.445332274891824309e-01 4.744897576966253805e-01 4.607095527261041434e-01
1.445332274891824309e-01 4.744897576966253805e-01 4.607095527261041434e-01
1.445332274891824309e-01 4.744897576966253805e-01 4.607095527261041434e-01
1.445332274891824309e-01 4.744897576966253805e-01 4.607095527261041434e-01
1.445332274891824309e-01 4.744897576966253805e-01 4.607095527261041434e-01
1.445332274891824309e-01 4.744897576966253805e-01 4.607095527261041434e-01
1.445332274891824309e-01 4.744897576966253805e-01 4.607095527261041434e-01
2.230084010878722323e-01 5.918440315704888155e-01 2.825919322653958066e-01
2.230084010878722323e-01 5.918440315704888155e-01 2.825919322653958066e-01
2.230084010878722323e-01 5.918440315704888155e-01 2.825919322653958066e-01
2.230084010878722323e-01 5.918440315704888155e-01 2.825919322653958066e-01
2.230084010878722323e-01 5.918440315704888155e-01 2.825919322653958066e-01
2.834941314896293751e-01 5.414800792051608358e-01 1.931422057416094518e-01
4.194171190243131120e-01 4.274842885698620365e-01 4.317690525927101591e-02
4.194171190243131120e-01 4.274842885698620365e-01 4.317690525927101591e-02
4.194171190243131120e-01 4.274842885698620365e-01 4.317690525927101591e-02
4.194171190243131120e-01 4.274842885698620365e-01 4.317690525927101591e-02
4.194171190243131120e-01 4.274842885698620365e-01 4.317690525927101591e-02
3.535199381568887578e-02 6.924999409892067526e-01 3.126392230021624030e-01
3.535199381568887578e-02 6.924999409892067526e-01 3.126392230021624030e-01
2.737234242461274517e-02 7.565543389536637520e-01 2.836597954859737536e-01
2.737234242461274517e-02 7.565543389536637520e-01 2.836597954859737536e-01
2.737234242461274517e-02 7.565543389536637520e-01 2.836597954859737536e-01
2.737234242461274517e-02 7.565543389536637520e-01 2.836597954859737536e-01
2.737234242461274517e-02 7.565543389536637520e-01 2.836597954859737536e-01
2.737234242461274517e-02 7.565543389536637520e-01 2.836597954859737536e-01
2.737234242461274517e-02 7.565543389536637520e-01 2.836597954859737536e-01
2.737234242461274517e-02 7.565543389536637520e-01 2.836597954859737536e-01
2.737234242461274517e-02 7.565543389536637520e-01 2.836597954859737536e-01
2.737234242461274517e-02 7.565543389536637520e-01 2.836597954859737536e-01
2.737234242461274517e-02 7.565543389536637520e-01 2.836597954859737536e-01
2.737234242461274517e-02 7.565543389536637520e-01 2.836597954859737536e-01
