2.489132485845457765e-01 1.481402749648903505e-01 3.375057815067520305e-03
3.642147069100713508e-01 6.587171738608840754e-02 3.032816397148561677e-03
8.709130013863590758e-01 2.082338193984598074e-01 1.375109489934212281e-01
8.954471960391546803e-01 2.298031843122558537e-01 1.489482690881230587e-01
6.534919740094589091e-01 4.953621671856334174e-01 1.637560069614685809e-01
6.534919740094589091e-01 4.953621671856334174e-01 1.637560069614685809e-01
6.409508296986986542e-01 5.543722826390848901e-01 1.513951934427099910e-01
2.162006735424105708e-01 8.667157864673832313e-01 1.187213078282513268e-01
2.162006735424105708e-01 8.667157864673832313e-01 1.187213078282513268e-01
9.047801553358419957e-02 7.852499415695153306e-01 1.389493630693428572e-01
-1.592418539840013969e-01 9.871183996163096497e-01 1.139043108707293722e-01
-6.555381615287274588e-01 1.004168890273653192e+00 2.726692254160304613e-02
-6.576814057220715659e-01 1.338616408639330846e+00 5.912560530687553662e-02
-6.576814057220715659e-01 1.338616408639330846e+00 5.912560530687553662e-02
-6.576814057220715659e-01 1.338616408639330846e+00 5.912560530687553662e-02
-8.680725836083914571e-01 1.306801434482254720e+00 4.037996849646425385e-02
-4.203181592269095712e-01 1.133899975329099474e+00 8.663169014344165864e-02
-6.451675930984925866e-01 1.418818844665014289e+00 4.715290213032975047e-02
-6.759259578580580907e-01 1.439937286840279995e+00 4.465571749014594222e-02
-1.082833547946415287e+00 1.446510025652940179e+00 2.746264804005760229e-02
-7.079134352200406877e-01 1.539737202255853976e+00 2.876862677659841952e-02
-7.079134352200406877e-01 1.539737202255853976e+00 2.876862677659841952e-02
-7.628070204058736703e-01 1.633011734366107914e+00 1.784798609812063633e-02
-5.728094416933090516e-01 1.253810956103791341e+00 6.979415614076725505e-02
-5.728094416933090516e-01 1.253810956103791341e+00 6.979415614076725505e-02
-5.728094416933090516e-01 1.253810956103791341e+00 6.979415614076725505e-02
-9.164860020710351440e-01 1.602369964855171247e+00 2.832548013363321918e-02
-3.989314431913879577e-01 1.269549909189363612e+00 6.490261291947659050e-02
-3.989314431913879577e-01 1.269549909189363612e+00 6.490261291947659050e-02
-4.152397144782681293e-01 1.236772041004776002e+00 7.362431370952160492e-02
-4.152397144782681293e-01 1.236772041004776002e+00 7.362431370952160492e-02
-3.418120050934193022e-01 1.192380894129358326e+00 8.004642760612802610e-02
-1.724307048224584804e-01 8.531034243293971198e-01 9.662401918335539186e-02
-1.724307048224584804e-01 8.531034243293971198e-01 9.662401918335539186e-02
-1.724307048224584804e-01 8.531034243293971198e-01 9.662401918335539186e-02
8.400599582534418186e-02 1.055468340663629601e+00 6.678333161686038355e-02
5.151088098858026820e-02 6.619603500586273004e-01 9.661898167795493486e-02
-6.573388130579586874e-02 9.950377015764657607e-01 1.122981080844512591e-01
-6.573388130579586874e-02 9.950377015764657607e-01 1.122981080844512591e-01
-3.405299090141887530e-02 6.945021625226481810e-01 8.311584044751488265e-02
-3.703548071497357319e-01 9.196405529583525640e-01 6.461551276138102762e-02
-3.959443868899860108e-01 9.019734438462755355e-01 5.381227931356214605e-02
-3.959443868899860108e-01 9.019734438462755355e-01 5.381227931356214605e-02
-4.188456414355000712e-01 1.372532455403784546e+00 4.016429400450174242e-02
-4.188456414355000712e-01 1.372532455403784546e+00 4.016429400450174242e-02
-4.465696853790672716e-01 1.514664808382472305e+00 1.491794910975701750e-02
-9.635738200871305503e-01 1.362205863708678466e+00 3.373951748484160795e-02
-9.635738200871305503e-01 1.362205863708678466e+00 3.373951748484160795e-02
-1.359969725384665429e+00 1.685005306382009627e+00 1.644707381240493455e-02
-1.343704738156106027e+00 1.959679389223510704e+00 7.162835562603850868e-03
-1.343704738156106027e+00 1.959679389223510704e+00 7.162835562603850868e-03
-1.235266614312448663e+00 1.861685613997014377e+00 1.102917231452977577e-02
-1.286117484218493923e+00 1.738881366183663291e+00 1.795591096479646348e-02
-1.286117484218493923e+00 1.738881366183663291e+00 1.795591096479646348e-02
-1.286117484218493923e+00 1.738881366183663291e+00 1.795591096479646348e-02
-5.123486464370574645e-01 1.603833184718634453e+00 8.532956096437192828e-03
-6.260388983157056941e-01 1.650902677608883762e+00 9.191956616415999232e-03
-6.734863115875495687e-01 1.466062084328098925e+00 3.986419858947495842e-02
-1.017608233529082140e+00 1.467441806393216419e+00 3.377738180717444749e-02
-1.017608233529082140e+00 1.467441806393216419e+00 3.377738180717444749e-02
-1.017608233529082140e+00 1.467441806393216419e+00 3.377738180717444749e-02
-1.017608233529082140e+00 1.467441806393216419e+00 3.377738180717444749e-02
-1.017608233529082140e+00 1.467441806393216419e+00 3.377738180717444749e-02
-1.017608233529082140e+00 1.467441806393216419e+00 3.377738180717444749e-02
-1.154959465598598189e+00 1.532999450149089560e+00 2.530072808675945875e-02
-1.197735680535485958e+00 1.416892669062760790e+00 1.560899151458367169e-02
-7.694712860648846853e-01 1.138597837535819224e+00 3.267506125854740401e-02
-3.258908927016519463e-01 8.925309568599137933e-01 6.808368948366502749e-02
-2.410936629086417593e-01 1.087749795925861962e+00 9.873456431192424720e-02
-2.410936629086417593e-01 1.087749795925861962e+00 9.873456431192424720e-02
-4.909304807604673582e-01 1.235553891930630810e+00 7.471310475052489464e-02
-1.161863102316240681e-01 9.214460568906530646e-01 1.192508663456467444e-01
-1.161863102316240681e-01 9.214460568906530646e-01 1.192508663456467444e-01
-1.161863102316240681e-01 9.214460568906530646e-01 1.192508663456467444e-01
-1.161863102316240681e-01 9.214460568906530646e-01 1.192508663456467444e-01
-1.959278549559609339e-01 1.219549353559247873e+00 5.614118622681535387e-02
-9.471826839414645982e-02 7.612365626667485508e-01 8.950129491635164247e-02
-9.471826839414645982e-02 7.612365626667485508e-01 8.950129491635164247e-02
-9.471826839414645982e-02 7.612365626667485508e-01 8.950129491635164247e-02
4.701130900654065803e-02 9.990824907343908157e-01 9.690948633750835761e-02
4.701130900654065803e-02 9.990824907343908157e-01 9.690948633750835761e-02
4.701130900654065803e-02 9.990824907343908157e-01 9.690948633750835761e-02
1.451765612859749477e-01 7.991298878808269501e-01 1.430838955019801406e-01
1.451765612859749477e-01 7.991298878808269501e-01 1.430838955019801406e-01
1.451765612859749477e-01 7.991298878808269501e-01 1.430838955019801406e-01
4.085056784246093309e-01 8.074202907290795039e-01 1.001419728368724976e-01
5.544692968228096541e-01 4.942863058006110588e-01 1.645695803858708839e-01
5.544692968228096541e-01 4.942863058006110588e-01 1.645695803858708839e-01
3.411640738224077651e-01 6.778240164848983174e-01 1.566425698723267479e-01
3.343112953030280554e-01 5.522260058562995511e-01 1.385905513820251678e-01
3.696184966196733312e-01 8.656501467106995085e-01 8.278346636533294445e-02
3.696184966196733312e-01 8.656501467106995085e-01 8.278346636533294445e-02
4.961549719785791623e-01 5.114714040834806852e-01 1.607231702893984482e-01
4.961549719785791623e-01 5.114714040834806852e-01 1.607231702893984482e-01
-1.345731642071696932e-01 6.620874996671382018e-01 4.446959401353952485e-02
-3.691285247563196315e-01 1.242845638803383057e+00 6.939841622517373132e-02
-3.554617640147571533e-01 1.036773313158705356e+00 9.151647335938101202e-02
-3.554617640147571533e-01 1.036773313158705356e+00 9.151647335938101202e-02
-2.542419731075182265e-01 1.218764393069895924e+00 6.439174514376720670e-02
-3.254913028217329973e-01 1.251131321686015818e+00 6.301548181127622494e-02
