2.489132485845457765e-01 1.481402749648903505e-01 1.891078282492432150e-01
2.489132485845457765e-01 1.481402749648903505e-01 1.891078282492432150e-01
2.489132485845457765e-01 1.481402749648903505e-01 1.891078282492432150e-01
2.489132485845457765e-01 1.481402749648903505e-01 1.891078282492432150e-01
2.489132485845457765e-01 1.481402749648903505e-01 1.891078282492432150e-01
2.489132485845457765e-01 1.481402749648903505e-01 1.891078282492432150e-01
2.489132485845457765e-01 1.481402749648903505e-01 1.891078282492432150e-01
6.065888752510808501e-01 1.451978131286794094e-01 5.714168219493694773e-02
3.776722939699486137e-01 6.410056924032598857e-01 2.277017467286125973e-01
2.188317528007416302e-01 2.262270104775784274e-01 2.030080631243293965e-01
1.792877951010980742e-01 4.711234422251383558e-01 3.525356958121764750e-01
2.247864249567363693e-01 3.479501725660610889e-01 4.122490983874221304e-01
2.625515016608246932e-01 2.512767677056325089e-01 4.163871997105799139e-01
2.625515016608246932e-01 2.512767677056325089e-01 4.163871997105799139e-01
2.625515016608246932e-01 2.512767677056325089e-01 4.163871997105799139e-01
2.625515016608246932e-01 2.512767677056325089e-01 4.163871997105799139e-01
2.595861006609878618e-01 1.168170900298630965e-01 1.760711171385892504e-01
1.078944338066941400e-01 6.910832661179125980e-01 1.891606177960781510e-01
1.078944338066941400e-01 6.910832661179125980e-01 1.891606177960781510e-01
1.078944338066941400e-01 6.910832661179125980e-01 1.891606177960781510e-01
1.078944338066941400e-01 6.910832661179125980e-01 1.891606177960781510e-01
1.078944338066941400e-01 6.910832661179125980e-01 1.891606177960781510e-01
1.173310502389287302e-01 7.163426623460384945e-01 2.110918110109011869e-01
1.611595366435938370e-01 5.855431906843060474e-01 3.442848184148596946e-01
1.611595366435938370e-01 5.855431906843060474e-01 3.442848184148596946e-01
1.611595366435938370e-01 5.855431906843060474e-01 3.442848184148596946e-01
1.611595366435938370e-01 5.855431906843060474e-01 3.442848184148596946e-01
1.611595366435938370e-01 5.855431906843060474e-01 3.442848184148596946e-01
1.611595366435938370e-01 5.855431906843060474e-01 3.442848184148596946e-01
3.329223659516122313e-01 2.649907438208892740e-01 7.014639493214988031e-01
3.329223659516122313e-01 2.649907438208892740e-01 7.014639493214988031e-01
3.329223659516122313e-01 2.649907438208892740e-01 7.014639493214988031e-01
3.329223659516122313e-01 2.649907438208892740e-01 7.014639493214988031e-01
4.006343723905472776e-01 4.255286582099948589e-02 3.841428147649305069e-01
4.006343723905472776e-01 4.255286582099948589e-02 3.841428147649305069e-01
2.830970062070728432e-01 5.245305518842287018e-01 6.979402603296509522e-01
2.830970062070728432e-01 5.245305518842287018e-01 6.979402603296509522e-01
2.830970062070728432e-01 5.245305518842287018e-01 6.979402603296509522e-01
2.830970062070728432e-01 5.245305518842287018e-01 6.979402603296509522e-01
2.830970062070728432e-01 5.245305518842287018e-01 6.979402603296509522e-01
2.830970062070728432e-01 5.245305518842287018e-01 6.979402603296509522e-01
2.830970062070728432e-01 5.245305518842287018e-01 6.979402603296509522e-01
3.208724910886375237e-01 5.078167875885323257e-01 6.821880955852333006e-01
3.208724910886375237e-01 5.078167875885323257e-01 6.821880955852333006e-01
3.208724910886375237e-01 5.078167875885323257e-01 6.821880955852333006e-01
3.208724910886375237e-01 5.078167875885323257e-01 6.821880955852333006e-01
3.208724910886375237e-01 5.078167875885323257e-01 6.821880955852333006e-01
2.094921555688719073e-01 5.676906935880876581e-01 5.227217785983072629e-01
2.094921555688719073e-01 5.676906935880876581e-01 5.227217785983072629e-01
3.431727981155116014e-01 1.019472509433063667e-01 3.969244738996403621e-01
3.431727981155116014e-01 1.019472509433063667e-01 3.969244738996403621e-01
3.431727981155116014e-01 1.019472509433063667e-01 3.969244738996403621e-01
3.431727981155116014e-01 1.019472509433063667e-01 3.969244738996403621e-01
3.431727981155116014e-01 1.019472509433063667e-01 3.969244738996403621e-01
3.431727981155116014e-01 1.019472509433063667e-01 3.969244738996403621e-01
3.431727981155116014e-01 1.019472509433063667e-01 3.969244738996403621e-01
3.431727981155116014e-01 1.019472509433063667e-01 3.969244738996403621e-01
2.848897780370353017e-01 2.490532050753350712e-01 5.094743728511403891e-01
2.848897780370353017e-01 2.490532050753350712e-01 5.094743728511403891e-01
2.848897780370353017e-01 2.490532050753350712e-01 5.094743728511403891e-01
2.848897780370353017e-01 2.490532050753350712e-01 5.094743728511403891e-01
2.848897780370353017e-01 2.490532050753350712e-01 5.094743728511403891e-01
2.848897780370353017e-01 2.490532050753350712e-01 5.094743728511403891e-01
3.838889350713398652e-01 1.667044487640666761e-01 5.997073420157276180e-01
3.925608282628345602e-01 7.563761523646399254e-02 4.386065052142970044e-01
3.925608282628345602e-01 7.563761523646399254e-02 4.386065052142970044e-01
3.925608282628345602e-01 7.563761523646399254e-02 4.386065052142970044e-01
3.925608282628345602e-01 7.563761523646399254e-02 4.386065052142970044e-01
3.925608282628345602e-01 7.563761523646399254e-02 4.386065052142970044e-01
3.925608282628345602e-01 7.563761523646399254e-02 4.386065052142970044e-01
3.925608282628345602e-01 7.563761523646399254e-02 4.386065052142970044e-01
3.925608282628345602e-01 7.563761523646399254e-02 4.386065052142970044e-01
2.963702430660039022e-01 3.720736171882121357e-01 7.476052390069131137e-01
2.963702430660039022e-01 3.720736171882121357e-01 7.476052390069131137e-01
2.843739404787785086e-01 4.237245133952033949e-01 7.470825631905033681e-01
2.843739404787785086e-01 4.237245133952033949e-01 7.470825631905033681e-01
2.843739404787785086e-01 4.237245133952033949e-01 7.470825631905033681e-01
2.574328561780188651e-01 5.490250210204523640e-01 6.526123067167641789e-01
2.574328561780188651e-01 5.490250210204523640e-01 6.526123067167641789e-01
2.574328561780188651e-01 5.490250210204523640e-01 6.526123067167641789e-01
2.574328561780188651e-01 5.490250210204523640e-01 6.526123067167641789e-01
2.948008746528809620e-01 4.607008740107473854e-01 7.582429166780443319e-01
2.948008746528809620e-01 4.607008740107473854e-01 7.582429166780443319e-01
2.948008746528809620e-01 4.607008740107473854e-01 7.582429166780443319e-01
2.948008746528809620e-01 4.607008740107473854e-01 7.582429166780443319e-01
2.948008746528809620e-01 4.607008740107473854e-01 7.582429166780443319e-01
2.948008746528809620e-01 4.607008740107473854e-01 7.582429166780443319e-01
2.948008746528809620e-01 4.607008740107473854e-01 7.582429166780443319e-01
2.948008746528809620e-01 4.607008740107473854e-01 7.582429166780443319e-01
2.948008746528809620e-01 4.607008740107473854e-01 7.582429166780443319e-01
2.948008746528809620e-01 4.607008740107473854e-01 7.582429166780443319e-01
3.760628091833460585e-01 4.154224730693844014e-01 6.549075538493183135e-01
3.760628091833460585e-01 4.154224730693844014e-01 6.549075538493183135e-01
3.760628091833460585e-01 4.154224730693844014e-01 6.549075538493183135e-01
2.821959050703996552e-01 7.922350337939876308e-01 2.106889562678496697e-01
1.650541951222808668e-01 4.216136411155309571e-01 2.450841949098168659e-01
1.650541951222808668e-01 4.216136411155309571e-01 2.450841949098168659e-01
1.650541951222808668e-01 4.216136411155309571e-01 2.450841949098168659e-01
1.650541951222808668e-01 4.216136411155309571e-01 2.450841949098168659e-01
1.650541951222808668e-01 4.216136411155309571e-01 2.450841949098168659e-01
