2.489132485845457765e-01 1.481402749648903505e-01 1.126859713939546218e-02
5.150327838382704471e-01 1.360146088662135266e-01 1.114822300608672712e-01
5.150327838382704471e-01 1.360146088662135266e-01 1.114822300608672712e-01
5.296418098269113361e-01 4.001096721027968539e-01 3.854205429720065079e-01
7.784345307249914692e-01 1.591305280908236475e-01 3.536169475676448903e-01
9.628137234805766997e-01 4.555729119589363441e-01 5.433717248348716999e-02
9.628137234805766997e-01 4.555729119589363441e-01 5.433717248348716999e-02
9.628137234805766997e-01 4.555729119589363441e-01 5.433717248348716999e-02
1.107147646116109607e+00 2.829524106917740145e-01 8.129853945539397553e-02
1.167279334017799819e+00 1.863793796637436828e-01 1.090983935268369925e-01
7.705817268771958384e-01 2.513769860851335358e-01 3.835850555164789788e-01
7.705817268771958384e-01 2.513769860851335358e-01 3.835850555164789788e-01
7.705817268771958384e-01 2.513769860851335358e-01 3.835850555164789788e-01
3.690983253506481820e-01 4.801129355340778559e-01 3.336912580560948971e-01
3.690983253506481820e-01 4.801129355340778559e-01 3.336912580560948971e-01
3.690983253506481820e-01 4.801129355340778559e-01 3.336912580560948971e-01
3.690983253506481820e-01 4.801129355340778559e-01 3.336912580560948971e-01
3.690983253506481820e-01 4.801129355340778559e-01 3.336912580560948971e-01
5.930226065785585421e-01 1.535080602581264109e-01 1.983720809579309630e-01
4.708377044696723246e-01 3.448412150645411289e-01 3.067414514130415992e-01
5.294649673036347926e-01 7.888250975147726995e-01 5.998037980748626569e-02
6.817458701185473702e-01 7.384976592940806217e-01 2.949846670680470948e-02
6.817458701185473702e-01 7.384976592940806217e-01 2.949846670680470948e-02
6.835265335740852155e-01 5.305356898886727235e-01 1.952841830993677363e-01
6.835265335740852155e-01 5.305356898886727235e-01 1.952841830993677363e-01
6.835265335740852155e-01 5.305356898886727235e-01 1.952841830993677363e-01
9.129791852905565497e-01 3.060568717914763925e-01 2.304238846113377537e-01
9.129791852905565497e-01 3.060568717914763925e-01 2.304238846113377537e-01
9.129791852905565497e-01 3.060568717914763925e-01 2.304238846113377537e-01
9.129791852905565497e-01 3.060568717914763925e-01 2.304238846113377537e-01
8.008153539388676023e-01 1.933803139287471329e-01 3.757477865725126764e-01
8.008153539388676023e-01 1.933803139287471329e-01 3.757477865725126764e-01
6.817211033853032287e-01 3.097460466186828798e-01 3.938713595610987550e-01
6.817211033853032287e-01 3.097460466186828798e-01 3.938713595610987550e-01
6.817211033853032287e-01 3.097460466186828798e-01 3.938713595610987550e-01
3.513452051565947309e-01 4.660578294181778602e-01 3.094207211300968319e-01
3.908999101684523803e-01 5.202080026139758173e-01 3.596419266137874660e-01
3.908999101684523803e-01 5.202080026139758173e-01 3.596419266137874660e-01
8.763280288922349337e-01 4.375607275353519121e-01 1.234913164855549889e-01
5.665424297187235947e-01 2.632256725583009271e-01 3.075080809475222443e-01
5.665424297187235947e-01 2.632256725583009271e-01 3.075080809475222443e-01
7.491606158763205459e-01 2.608545048600247607e-01 3.873028202039016654e-01
7.491606158763205459e-01 2.608545048600247607e-01 3.873028202039016654e-01
7.491606158763205459e-01 2.608545048600247607e-01 3.873028202039016654e-01
7.491606158763205459e-01 2.608545048600247607e-01 3.873028202039016654e-01
7.491606158763205459e-01 2.608545048600247607e-01 3.873028202039016654e-01
6.963404614546609972e-01 4.017417380592437359e-01 3.368990756782962448e-01
6.963404614546609972e-01 4.017417380592437359e-01 3.368990756782962448e-01
6.383902162189777352e-01 2.964732436827670625e-01 3.844977442136750523e-01
6.383902162189777352e-01 2.964732436827670625e-01 3.844977442136750523e-01
8.451663681777644710e-01 2.322792208054625940e-01 3.574015768593228337e-01
7.819283063619395513e-01 1.855525238964614576e-01 3.709861722443177356e-01
7.819283063619395513e-01 1.855525238964614576e-01 3.709861722443177356e-01
1.033097621658478404e+00 2.384630175174523581e-02 3.079896164889739385e-01
1.033097621658478404e+00 2.384630175174523581e-02 3.079896164889739385e-01
1.033097621658478404e+00 2.384630175174523581e-02 3.079896164889739385e-01
1.033097621658478404e+00 2.384630175174523581e-02 3.079896164889739385e-01
1.033097621658478404e+00 2.384630175174523581e-02 3.079896164889739385e-01
1.012750462589789846e+00 1.080859520181695899e-01 3.056722917023146358e-01
5.024678990763747910e-01 3.812449293985223919e-01 3.639654484717825267e-01
5.024678990763747910e-01 3.812449293985223919e-01 3.639654484717825267e-01
5.024678990763747910e-01 3.812449293985223919e-01 3.639654484717825267e-01
1.701209645496229439e-01 6.707061912491256717e-01 2.796720090277499127e-01
6.351168208435757911e-01 3.555567616830278554e-01 3.943278354704162214e-01
9.149808367826737232e-01 1.616600361704734201e-02 2.911274071929902951e-01
9.149808367826737232e-01 1.616600361704734201e-02 2.911274071929902951e-01
9.149808367826737232e-01 1.616600361704734201e-02 2.911274071929902951e-01
9.149808367826737232e-01 1.616600361704734201e-02 2.911274071929902951e-01
7.144245122797943104e-01 4.629991757236459615e-01 2.490087794158415690e-01
7.144245122797943104e-01 4.629991757236459615e-01 2.490087794158415690e-01
7.144245122797943104e-01 4.629991757236459615e-01 2.490087794158415690e-01
7.144245122797943104e-01 4.629991757236459615e-01 2.490087794158415690e-01
7.144245122797943104e-01 4.629991757236459615e-01 2.490087794158415690e-01
7.144245122797943104e-01 4.629991757236459615e-01 2.490087794158415690e-01
7.144245122797943104e-01 4.629991757236459615e-01 2.490087794158415690e-01
8.254777648374495014e-01 3.381969730618721859e-01 2.850304967700937886e-01
8.254777648374495014e-01 3.381969730618721859e-01 2.850304967700937886e-01
1.209415321169338586e+00 1.921380262241508263e-01 7.674590633872836742e-02
1.209415321169338586e+00 1.921380262241508263e-01 7.674590633872836742e-02
9.774176835751231529e-01 1.823187383644034043e-01 2.879308702573005196e-01
9.774176835751231529e-01 1.823187383644034043e-01 2.879308702573005196e-01
9.774176835751231529e-01 1.823187383644034043e-01 2.879308702573005196e-01
9.774176835751231529e-01 1.823187383644034043e-01 2.879308702573005196e-01
9.774176835751231529e-01 1.823187383644034043e-01 2.879308702573005196e-01
1.162272120116857987e+00 2.017313756856828344e-01 1.013916350945084782e-01
1.129581410227615157e+00 4.796484711121618005e-01 7.025557682950545058e-03
1.129581410227615157e+00 4.796484711121618005e-01 7.025557682950545058e-03
9.306590980644280364e-01 3.365725973180870301e-01 1.784694984430681419e-01
9.306590980644280364e-01 3.365725973180870301e-01 1.784694984430681419e-01
9.306590980644280364e-01 3.365725973180870301e-01 1.784694984430681419e-01
1.231988572851550501e+00 1.641845886626172313e-01 8.015961906658747305e-02
1.231988572851550501e+00 1.641845886626172313e-01 8.015961906658747305e-02
1.231988572851550501e+00 1.641845886626172313e-01 8.015961906658747305e-02
5.781356179769796544e-01 3.247861215937979384e-01 3.728142375455549828e-01
5.781356179769796544e-01 3.247861215937979384e-01 3.728142375455549828e-01
5.781356179769796544e-01 3.247861215937979384e-01 3.728142375455549828e-01
5.781356179769796544e-01 3.247861215937979384e-01 3.728142375455549828e-01
-2.683661844622353687e-02 6.157146528559100940e-01 9.590978349567559624e-02
-2.814642805242650314e-01 1.011041410448090483e+00 1.058691291495016951e-01
-2.814642805242650314e-01 1.011041410448090483e+00 1.058691291495016951e-01
