2.489132485845457765e-01 1.481402749648903505e-01 1.175250457540250384e-02
2.489132485845457765e-01 1.481402749648903505e-01 1.175250457540250384e-02
2.489132485845457765e-01 1.481402749648903505e-01 1.175250457540250384e-02
2.489132485845457765e-01 1.481402749648903505e-01 1.175250457540250384e-02
4.419896196387008702e-01 8.251443957481950642e-02 2.952079738366409495e-02
4.419896196387008702e-01 8.251443957481950642e-02 2.952079738366409495e-02
4.214715148305047676e-01 5.112811334225086934e-01 3.741605255996687807e-01
4.214715148305047676e-01 5.112811334225086934e-01 3.741605255996687807e-01
4.214715148305047676e-01 5.112811334225086934e-01 3.741605255996687807e-01
4.214715148305047676e-01 5.112811334225086934e-01 3.741605255996687807e-01
8.475806130134853067e-01 3.528254404480971052e-01 2.408895899490613168e-01
8.475806130134853067e-01 3.528254404480971052e-01 2.408895899490613168e-01
1.174185331864450177e+00 3.024861500838027517e-03 2.211276118290210757e-01
1.141593480970150010e+00 3.718828410713729410e-02 2.337372930398507187e-01
1.141593480970150010e+00 3.718828410713729410e-02 2.337372930398507187e-01
1.141593480970150010e+00 3.718828410713729410e-02 2.337372930398507187e-01
1.141593480970150010e+00 3.718828410713729410e-02 2.337372930398507187e-01
1.141593480970150010e+00 3.718828410713729410e-02 2.337372930398507187e-01
1.141593480970150010e+00 3.718828410713729410e-02 2.337372930398507187e-01
1.080242176786841091e+00 -2.177443044673955941e-01 6.499406737703630754e-02
1.289175873435265407e+00 -3.884249926394257035e-01 2.924457140968760027e-02
9.628334171422712195e-01 1.105708817727297788e-01 3.008386643505879809e-01
6.124058508828156278e-01 4.657766889060610538e-02 7.109847451719861211e-02
5.854320118823885810e-01 6.511588296789845298e-01 1.034269766881501795e-01
5.854320118823885810e-01 6.511588296789845298e-01 1.034269766881501795e-01
5.854320118823885810e-01 6.511588296789845298e-01 1.034269766881501795e-01
5.854320118823885810e-01 6.511588296789845298e-01 1.034269766881501795e-01
4.283763129372092360e-01 7.019375572056013590e-01 1.547333978885014338e-01
4.283763129372092360e-01 7.019375572056013590e-01 1.547333978885014338e-01
4.283763129372092360e-01 7.019375572056013590e-01 1.547333978885014338e-01
4.283763129372092360e-01 7.019375572056013590e-01 1.547333978885014338e-01
4.747042200617707097e-01 3.481024769304661426e-01 3.285313809433298982e-01
8.334213847272051723e-01 3.087072476353516226e-01 3.022407390516763659e-01
6.509686167362788156e-01 1.635163950009549394e-01 2.315595107464499258e-01
6.509686167362788156e-01 1.635163950009549394e-01 2.315595107464499258e-01
6.509686167362788156e-01 1.635163950009549394e-01 2.315595107464499258e-01
6.509686167362788156e-01 1.635163950009549394e-01 2.315595107464499258e-01
6.509686167362788156e-01 1.635163950009549394e-01 2.315595107464499258e-01
6.509686167362788156e-01 1.635163950009549394e-01 2.315595107464499258e-01
8.756919026347509405e-01 2.152062595473024642e-01 3.317981735629267903e-01
8.756919026347509405e-01 2.152062595473024642e-01 3.317981735629267903e-01
8.756919026347509405e-01 2.152062595473024642e-01 3.317981735629267903e-01
8.756919026347509405e-01 2.152062595473024642e-01 3.317981735629267903e-01
8.756919026347509405e-01 2.152062595473024642e-01 3.317981735629267903e-01
8.756919026347509405e-01 2.152062595473024642e-01 3.317981735629267903e-01
8.756919026347509405e-01 2.152062595473024642e-01 3.317981735629267903e-01
8.756919026347509405e-01 2.152062595473024642e-01 3.317981735629267903e-01
8.756919026347509405e-01 2.152062595473024642e-01 3.317981735629267903e-01
8.756919026347509405e-01 2.152062595473024642e-01 3.317981735629267903e-01
6.956033367630386488e-01 9.292550072326453969e-02 1.714488212981946369e-01
6.028677567782183555e-01 2.418317160148506506e-01 2.992754623625755728e-01
6.028677567782183555e-01 2.418317160148506506e-01 2.992754623625755728e-01
6.028677567782183555e-01 2.418317160148506506e-01 2.992754623625755728e-01
6.028677567782183555e-01 2.418317160148506506e-01 2.992754623625755728e-01
6.028677567782183555e-01 2.418317160148506506e-01 2.992754623625755728e-01
6.044171638706608007e-01 3.517017471297242404e-01 3.881041774370539987e-01
6.044171638706608007e-01 3.517017471297242404e-01 3.881041774370539987e-01
4.156316016886443254e-01 3.332522552632965485e-01 2.578497729071692612e-01
4.156316016886443254e-01 3.332522552632965485e-01 2.578497729071692612e-01
4.156316016886443254e-01 3.332522552632965485e-01 2.578497729071692612e-01
4.156316016886443254e-01 3.332522552632965485e-01 2.578497729071692612e-01
4.156316016886443254e-01 3.332522552632965485e-01 2.578497729071692612e-01
4.156316016886443254e-01 3.332522552632965485e-01 2.578497729071692612e-01
3.249754271671779216e-01 4.390580520112706830e-01 3.038474678497024573e-01
3.879969692136711057e-01 2.826231704899463404e-01 1.648473667716125468e-01
3.879969692136711057e-01 2.826231704899463404e-01 1.648473667716125468e-01
3.879969692136711057e-01 2.826231704899463404e-01 1.648473667716125468e-01
2.770818919954186610e-01 3.629128422063837012e-01 1.658327250723062862e-01
-7.713809976837654458e-02 5.485016558466455638e-01 7.719006058594653219e-02
1.204546314304075494e-01 4.129916218763277080e-01 9.528923217464917161e-02
7.882560127602619704e-02 3.311392114170222389e-01 2.804854671604928643e-02
7.882560127602619704e-02 3.311392114170222389e-01 2.804854671604928643e-02
7.882560127602619704e-02 3.311392114170222389e-01 2.804854671604928643e-02
7.882560127602619704e-02 3.311392114170222389e-01 2.804854671604928643e-02
2.268274344600935410e-01 2.363511773857079057e-01 3.269371075792858183e-02
2.268274344600935410e-01 2.363511773857079057e-01 3.269371075792858183e-02
4.701970813552331374e-01 2.196797696280543832e-01 1.556574973182041910e-01
4.701970813552331374e-01 2.196797696280543832e-01 1.556574973182041910e-01
5.051289775715462893e-01 2.180738255028920880e-01 1.830197378351626769e-01
3.306155438149668280e-01 4.739661088063645833e-01 3.401354778290773262e-01
1.883989598729571557e-01 3.146504193679536820e-01 5.955088404555826387e-02
1.883989598729571557e-01 3.146504193679536820e-01 5.955088404555826387e-02
1.883989598729571557e-01 3.146504193679536820e-01 5.955088404555826387e-02
3.997021967987947066e-01 7.110180472784979333e-01 1.640463478858696089e-01
3.997021967987947066e-01 7.110180472784979333e-01 1.640463478858696089e-01
3.997021967987947066e-01 7.110180472784979333e-01 1.640463478858696089e-01
4.219509475427435929e-01 7.035707559201908046e-01 1.573408918165193349e-01
4.219509475427435929e-01 7.035707559201908046e-01 1.573408918165193349e-01
7.273455417621721431e-02 6.063291184505917863e-01 2.408052128103199407e-01
7.273455417621721431e-02 6.063291184505917863e-01 2.408052128103199407e-01
-1.521290182294017523e-02 6.917553271520380243e-01 2.281663839874789046e-01
1.038890877144478531e-01 7.205833053353984941e-01 2.825914531737251378e-01
1.038890877144478531e-01 7.205833053353984941e-01 2.825914531737251378e-01
1.038890877144478531e-01 7.205833053353984941e-01 2.825914531737251378e-01
1.038890877144478531e-01 7.205833053353984941e-01 2.825914531737251378e-01
1.038890877144478531e-01 7.205833053353984941e-01 2.825914531737251378e-01
1.038890877144478531e-01 7.205833053353984941e-01 2.825914531737251378e-01
1.038890877144478531e-01 7.205833053353984941e-01 2.825914531737251378e-01
2.331161107473486704e-01 6.750958093448325981e-01 3.031140153362021916e-01
2.331161107473486704e-01 6.750958093448325981e-01 3.031140153362021916e-01
