2.489132485845457765e-01 1.481402749648903505e-01 1.612813371847167908e-03
4.664330878225720900e-01 6.066015120539645089e-01 1.172106426134984364e-01
4.664330878225720900e-01 6.066015120539645089e-01 1.172106426134984364e-01
4.664330878225720900e-01 6.066015120539645089e-01 1.172106426134984364e-01
4.664330878225720900e-01 6.066015120539645089e-01 1.172106426134984364e-01
1.757776237796823127e-01 5.864289770466765139e-01 8.149069378921228179e-02
5.870105274861425748e-01 7.158529947917897651e-01 9.468509077401850160e-02
5.870105274861425748e-01 7.158529947917897651e-01 9.468509077401850160e-02
8.514219834853347102e-01 6.081874009200720632e-01 7.809955130537242496e-02
8.514219834853347102e-01 6.081874009200720632e-01 7.809955130537242496e-02
9.067539903522943145e-01 4.565804281582143132e-01 9.409267431891425726e-02
6.138167012790690658e-01 7.397198156922415446e-01 8.259034296064171610e-02
6.138167012790690658e-01 7.397198156922415446e-01 8.259034296064171610e-02
6.321111936631309547e-01 8.391648149346137009e-01 4.683515262633330956e-02
2.428118022384085917e-01 9.566496246399840420e-01 7.620277091096523681e-02
2.428118022384085917e-01 9.566496246399840420e-01 7.620277091096523681e-02
2.428118022384085917e-01 9.566496246399840420e-01 7.620277091096523681e-02
1.331126560259275893e-01 1.082547154160825809e+00 4.952032284840456738e-02
1.331126560259275893e-01 1.082547154160825809e+00 4.952032284840456738e-02
-3.691243991394669299e-01 9.797313134831385772e-01 1.215227081466850045e-01
2.341671348591267687e-02 6.400163629945179178e-01 7.634058596561124621e-02
2.341671348591267687e-02 6.400163629945179178e-01 7.634058596561124621e-02
2.341671348591267687e-02 6.400163629945179178e-01 7.634058596561124621e-02
2.341671348591267687e-02 6.400163629945179178e-01 7.634058596561124621e-02
2.341671348591267687e-02 6.400163629945179178e-01 7.634058596561124621e-02
-3.410656750983625390e-02 1.013679139416675978e+00 1.046939352142750024e-01
-5.155372664183758280e-01 1.083439419895515510e+00 1.193888421310683318e-01
-4.676947297576447560e-01 1.209381323421606647e+00 9.801354947800391959e-02
-1.190138236314619569e-02 6.441443026145085016e-01 7.170042485638498941e-02
-8.134958690964111394e-02 9.060368259241244893e-01 1.310092486982721294e-01
-8.134958690964111394e-02 9.060368259241244893e-01 1.310092486982721294e-01
-8.134958690964111394e-02 9.060368259241244893e-01 1.310092486982721294e-01
-5.072902323718415651e-01 1.149180336387841228e+00 1.156825916760797074e-01
-1.085290201072611538e+00 1.453933147020585182e+00 7.640815006959554567e-02
-1.183574577410095197e+00 1.272274877494609102e+00 6.366913818789231294e-02
-1.368588783614917981e+00 1.488277907311105652e+00 6.576378307922638167e-02
-1.368588783614917981e+00 1.488277907311105652e+00 6.576378307922638167e-02
-1.368588783614917981e+00 1.488277907311105652e+00 6.576378307922638167e-02
-1.368588783614917981e+00 1.488277907311105652e+00 6.576378307922638167e-02
-1.368588783614917981e+00 1.488277907311105652e+00 6.576378307922638167e-02
-1.368588783614917981e+00 1.488277907311105652e+00 6.576378307922638167e-02
-1.368588783614917981e+00 1.488277907311105652e+00 6.576378307922638167e-02
-1.622609273786515649e+00 1.489306757948715365e+00 4.204555181590484414e-02
-1.622609273786515649e+00 1.489306757948715365e+00 4.204555181590484414e-02
-1.314386275719805264e+00 1.499054962558314941e+00 6.839229260247131625e-02
-1.114373223835534166e+00 1.444927855197776223e+00 7.809011696136373970e-02
-5.615928513056860361e-01 8.942486993990343969e-01 6.367266070424637547e-02
-5.615928513056860361e-01 8.942486993990343969e-01 6.367266070424637547e-02
-5.615928513056860361e-01 8.942486993990343969e-01 6.367266070424637547e-02
-9.872052346067894391e-01 9.922264403395603116e-01 2.622265509678843587e-02
-9.116464586087131838e-01 1.272566522200766048e+00 9.707958281662384947e-02
-9.116464586087131838e-01 1.272566522200766048e+00 9.707958281662384947e-02
-1.281604194796915897e+00 1.530415799987602465e+00 6.608305015037273245e-02
-1.281604194796915897e+00 1.530415799987602465e+00 6.608305015037273245e-02
-1.178141487529644094e+00 1.325694778839883625e+00 7.362277487699020462e-02
-1.127034340161499060e+00 1.419037783615108683e+00 8.074690278181638481e-02
-1.269829612185232381e+00 1.701002715814527999e+00 3.229681285194942880e-02
-2.638509385614489222e-01 1.054119090431602679e+00 1.206425508717945266e-01
6.697346067271542358e-02 7.685686699445656300e-01 1.247710496746688852e-01
-1.545019589626406564e-01 8.109205098448039051e-01 1.089780629852384469e-01
-1.545019589626406564e-01 8.109205098448039051e-01 1.089780629852384469e-01
-1.379105642845369351e-01 6.107984788620759442e-01 3.938195739220280711e-02
-2.994371613340840454e-01 6.711914753665639832e-01 3.459024211875957183e-02
7.869659299109132977e-02 7.923705947130765814e-01 1.289687195358979188e-01
3.590923277483857867e-01 6.348817670941906410e-01 1.183323074579339801e-01
-1.132357785632671088e-01 7.270955962985854448e-01 8.575653376113123727e-02
1.030123865585148291e-01 3.875147443669461067e-01 1.421306039323491123e-02
1.030123865585148291e-01 3.875147443669461067e-01 1.421306039323491123e-02
1.030123865585148291e-01 3.875147443669461067e-01 1.421306039323491123e-02
1.720675835444793467e-01 3.805296954368199147e-01 1.806430256591045475e-02
1.720675835444793467e-01 3.805296954368199147e-01 1.806430256591045475e-02
2.449450269850952377e-01 1.055693758452513897e+00 4.085937471343180361e-02
5.654157344844032984e-01 3.187227148799497423e-01 4.306459502159291908e-02
4.366055025062914874e-01 6.375902240628684714e-01 1.201444680792416730e-01
4.366055025062914874e-01 6.375902240628684714e-01 1.201444680792416730e-01
4.366055025062914874e-01 6.375902240628684714e-01 1.201444680792416730e-01
7.761476321927515132e-01 6.371073054406033442e-01 8.344887857417276900e-02
8.608796281548537488e-01 5.800987989462763617e-01 8.338509137214870914e-02
5.641978884370792979e-01 2.642715430698583390e-02 2.009096197656642935e-03
5.829967880780875245e-01 1.768844225906010537e-01 1.363789007120832369e-02
5.829967880780875245e-01 1.768844225906010537e-01 1.363789007120832369e-02
7.661536561198845074e-02 5.576227768505328530e-01 5.424646182247546550e-02
7.661536561198845074e-02 5.576227768505328530e-01 5.424646182247546550e-02
-2.284840669762188137e-01 9.899968202255285954e-01 1.282995197775874952e-01
-2.439996412993830632e-02 9.256602338268600239e-01 1.268805777405335733e-01
-2.439996412993830632e-02 9.256602338268600239e-01 1.268805777405335733e-01
-2.439996412993830632e-02 9.256602338268600239e-01 1.268805777405335733e-01
-3.924090094106628124e-01 7.265077732384116471e-01 3.734886636862225912e-02
-3.924090094106628124e-01 7.265077732384116471e-01 3.734886636862225912e-02
5.890517468664502321e-01 4.751880220110079600e-01 9.627684561021739029e-02
5.461630425353493079e-01 4.444349102978508159e-01 8.248756538191646948e-02
4.472255386719576897e-01 9.099097490676830713e-01 5.538044297988617415e-02
7.035560524796142801e-01 2.129429368531953193e-01 2.928965453469269814e-02
6.490757362740015024e-01 4.418092666492474674e-01 9.188174021855960438e-02
5.612227959787221554e-01 7.085924019231324422e-01 1.009787695425305998e-01
2.589379497844226941e-01 8.438275222224786987e-01 1.125296786728553489e-01
4.502460259524716513e-01 6.917708320843005687e-01 1.185132181925260264e-01
5.089179147775646506e-01 5.963132423604349253e-01 1.162297290429360197e-01
5.089179147775646506e-01 5.963132423604349253e-01 1.162297290429360197e-01
2.812133263352900592e-02 7.878966839469290218e-01 1.253275660995643304e-01
