2.489132485845457765e-01 1.481402749648903505e-01 1.571836179792153020e-03
3.289222708080047353e-03 3.537420308646813116e-01 5.802776910787170450e-03
3.289222708080047353e-03 3.537420308646813116e-01 5.802776910787170450e-03
3.289222708080047353e-03 3.537420308646813116e-01 5.802776910787170450e-03
1.409708119216111499e-01 6.644602040486258243e-01 1.005491534734668235e-01
1.409708119216111499e-01 6.644602040486258243e-01 1.005491534734668235e-01
-9.335751841379449911e-02 6.648386960303303006e-01 6.665633202943412050e-02
-1.413927633034959275e-01 6.889330669418590736e-01 6.799561795052741497e-02
-1.790570464178649623e-01 6.710094134218427264e-01 5.477183958682096260e-02
-1.790570464178649623e-01 6.710094134218427264e-01 5.477183958682096260e-02
1.018846972422539077e-01 1.041774698379257957e+00 6.671193161199703847e-02
-1.660160123275416511e-01 1.005077818064237460e+00 1.309511169089046523e-01
-1.660160123275416511e-01 1.005077818064237460e+00 1.309511169089046523e-01
-3.720558809614019080e-01 1.297792262919887918e+00 6.249387951060540736e-02
-2.446890091216933627e-01 1.185332945351826206e+00 8.288525883386391180e-02
-2.446890091216933627e-01 1.185332945351826206e+00 8.288525883386391180e-02
3.508454282885296038e-01 7.454554072468153603e-01 1.060369061991286027e-01
3.508454282885296038e-01 7.454554072468153603e-01 1.060369061991286027e-01
3.508454282885296038e-01 7.454554072468153603e-01 1.060369061991286027e-01
3.508454282885296038e-01 7.454554072468153603e-01 1.060369061991286027e-01
1.380945107691666784e-02 9.693274871329842224e-01 1.114147935162097119e-01
-3.713062270547285576e-03 7.791568564731026214e-01 1.205212586984798773e-01
-3.713062270547285576e-03 7.791568564731026214e-01 1.205212586984798773e-01
-3.395361134061259389e-01 1.201611214014711493e+00 9.585365355120402386e-02
-3.395361134061259389e-01 1.201611214014711493e+00 9.585365355120402386e-02
-3.395361134061259389e-01 1.201611214014711493e+00 9.585365355120402386e-02
-1.693826853295670176e-01 1.072650579638728008e+00 1.120889790830371380e-01
-3.714066750763757030e-01 8.434859711127081772e-01 8.914686206574178040e-02
-4.789913172763311522e-01 1.125362060779405926e+00 1.390712386835596392e-01
-4.789913172763311522e-01 1.125362060779405926e+00 1.390712386835596392e-01
-4.789913172763311522e-01 1.125362060779405926e+00 1.390712386835596392e-01
-7.544045065765725422e-01 1.146725365329201995e+00 1.259317010092232680e-01
-4.231793957206420598e-01 1.131205931975815648e+00 1.337213116026848836e-01
-4.231793957206420598e-01 1.131205931975815648e+00 1.337213116026848836e-01
-4.231793957206420598e-01 1.131205931975815648e+00 1.337213116026848836e-01
-7.338126888727722896e-01 1.391758310450286196e+00 9.081652023310765598e-02
-7.338126888727722896e-01 1.391758310450286196e+00 9.081652023310765598e-02
-7.338126888727722896e-01 1.391758310450286196e+00 9.081652023310765598e-02
-7.338126888727722896e-01 1.391758310450286196e+00 9.081652023310765598e-02
-7.338126888727722896e-01 1.391758310450286196e+00 9.081652023310765598e-02
-1.299202239677098802e+00 1.555839144180312772e+00 9.346894599865974984e-02
-1.306956941369510350e+00 1.355739100429269151e+00 8.187469509974418247e-02
-1.457570925534197093e+00 1.425863147724999891e+00 7.169532807051018364e-02
-1.457570925534197093e+00 1.425863147724999891e+00 7.169532807051018364e-02
-1.527476166282673242e+00 1.756676083190457982e+00 5.810481216259195947e-02
-1.527476166282673242e+00 1.756676083190457982e+00 5.810481216259195947e-02
-1.693104679199036733e+00 1.884709203598244232e+00 3.872678042507111257e-02
-1.693104679199036733e+00 1.884709203598244232e+00 3.872678042507111257e-02
-1.643760583461828295e+00 1.513109050600909944e+00 5.928950551705710476e-02
-1.643760583461828295e+00 1.513109050600909944e+00 5.928950551705710476e-02
-1.689057464859055058e+00 1.579811246239264388e+00 6.348037213566112835e-02
-1.689057464859055058e+00 1.579811246239264388e+00 6.348037213566112835e-02
-1.892156493303866593e+00 1.687660502378440341e+00 5.074525986110537540e-02
-1.892156493303866593e+00 1.687660502378440341e+00 5.074525986110537540e-02
-1.929454470485984841e+00 1.818005212669294490e+00 5.067721071062029209e-02
-1.929454470485984841e+00 1.818005212669294490e+00 5.067721071062029209e-02
-1.929454470485984841e+00 1.818005212669294490e+00 5.067721071062029209e-02
-1.929454470485984841e+00 1.818005212669294490e+00 5.067721071062029209e-02
-2.049845992109733839e+00 2.069483355057640583e+00 2.256881331105237837e-02
-2.241429918233633245e+00 1.648416533007363238e+00 1.266687686899075661e-02
-2.015504615039727110e+00 1.792497821369765321e+00 4.545741275319897801e-02
-2.015504615039727110e+00 1.792497821369765321e+00 4.545741275319897801e-02
-2.015504615039727110e+00 1.792497821369765321e+00 4.545741275319897801e-02
-2.015504615039727110e+00 1.792497821369765321e+00 4.545741275319897801e-02
-2.004929558714059201e+00 2.004093795811163758e+00 3.015162358405585816e-02
-2.028431457286077766e+00 1.821895293056213783e+00 4.503813892496163346e-02
-2.680211352867246433e+00 1.969400828068069487e+00 1.057486949126730524e-02
-2.555688024829394944e+00 1.932974584240178872e+00 1.466860835320057781e-02
-2.555688024829394944e+00 1.932974584240178872e+00 1.466860835320057781e-02
-2.555688024829394944e+00 1.932974584240178872e+00 1.466860835320057781e-02
-2.585345330961504651e+00 2.081962143291910206e+00 1.781957106654640660e-02
-2.542056302239057430e+00 2.026343957098551751e+00 1.890579688460413202e-02
-2.542056302239057430e+00 2.026343957098551751e+00 1.890579688460413202e-02
-1.681054152349952702e+00 1.683505106008180263e+00 6.950353224333577495e-02
-1.681054152349952702e+00 1.683505106008180263e+00 6.950353224333577495e-02
-1.681054152349952702e+00 1.683505106008180263e+00 6.950353224333577495e-02
-1.786337943200646983e+00 1.789792953434998779e+00 5.740415060687188709e-02
-2.153079586753708696e+00 2.012081854349819565e+00 3.085056573254276943e-02
-2.153079586753708696e+00 2.012081854349819565e+00 3.085056573254276943e-02
-2.349638548899982471e+00 2.035249645814718455e+00 2.626146711874051756e-02
-2.349638548899982471e+00 2.035249645814718455e+00 2.626146711874051756e-02
-2.349638548899982471e+00 2.035249645814718455e+00 2.626146711874051756e-02
-2.643246346772017308e+00 2.036442189566195271e+00 1.469364173659505786e-02
-2.370586591105484864e+00 1.880734306619513241e+00 2.284363530266656991e-02
-2.416973913864923773e+00 1.991705589318424785e+00 2.418279412764738970e-02
-2.416973913864923773e+00 1.991705589318424785e+00 2.418279412764738970e-02
-2.416973913864923773e+00 1.991705589318424785e+00 2.418279412764738970e-02
-2.304356429058789679e+00 2.126894567481250942e+00 2.077032552590099904e-02
-2.199087085471105762e+00 2.044075090381312076e+00 2.781344715052824768e-02
-2.137645702027804351e+00 2.004786133479927734e+00 3.157943890387593378e-02
-2.137645702027804351e+00 2.004786133479927734e+00 3.157943890387593378e-02
-2.040982027277443933e+00 1.848324193618080091e+00 4.410979945947794689e-02
-2.040982027277443933e+00 1.848324193618080091e+00 4.410979945947794689e-02
-2.094462024636663866e+00 1.573783054650754742e+00 1.537904987268551120e-02
-1.750898640552161600e+00 1.799485852047448153e+00 5.642641874898995241e-02
-1.714563633745679772e+00 1.454875130861493338e+00 3.697336683505229177e-02
-1.276681122090111975e+00 1.538711382082739831e+00 9.619141035742669044e-02
-1.029572077227138172e+00 1.190067642955267457e+00 8.739698379185374677e-02
-1.029572077227138172e+00 1.190067642955267457e+00 8.739698379185374677e-02
-1.029572077227138172e+00 1.190067642955267457e+00 8.739698379185374677e-02
