2.489132485845457765e-01 1.481402749648903505e-01 2.988895287325672463e-03
6.782998851604841173e-01 6.053549430570649703e-02 8.041933191273170287e-03
6.782998851604841173e-01 6.053549430570649703e-02 8.041933191273170287e-03
6.782998851604841173e-01 6.053549430570649703e-02 8.041933191273170287e-03
8.351800073931970880e-01 1.221380715533552236e-02 8.142757571679296383e-03
8.351800073931970880e-01 1.221380715533552236e-02 8.142757571679296383e-03
8.351800073931970880e-01 1.221380715533552236e-02 8.142757571679296383e-03
8.351800073931970880e-01 1.221380715533552236e-02 8.142757571679296383e-03
8.144718524040082119e-01 4.428132682068837700e-01 2.340932708507388327e-01
8.144718524040082119e-01 4.428132682068837700e-01 2.340932708507388327e-01
8.144718524040082119e-01 4.428132682068837700e-01 2.340932708507388327e-01
6.848602612810135160e-01 5.573470675971206045e-01 2.409517587581745390e-01
6.848602612810135160e-01 5.573470675971206045e-01 2.409517587581745390e-01
6.848602612810135160e-01 5.573470675971206045e-01 2.409517587581745390e-01
6.848602612810135160e-01 5.573470675971206045e-01 2.409517587581745390e-01
7.870264785698696253e-01 4.738689687804539807e-01 2.391174114883127533e-01
9.771419171035775619e-01 3.180352404573966174e-01 1.830858185648557013e-01
9.771419171035775619e-01 3.180352404573966174e-01 1.830858185648557013e-01
9.771419171035775619e-01 3.180352404573966174e-01 1.830858185648557013e-01
5.526865287820835748e-01 2.358119771848527224e-01 4.790326874720651773e-02
8.600230097169457855e-01 5.484030088403406555e-01 1.861107798008208580e-01
8.600230097169457855e-01 5.484030088403406555e-01 1.861107798008208580e-01
8.600230097169457855e-01 5.484030088403406555e-01 1.861107798008208580e-01
8.600230097169457855e-01 5.484030088403406555e-01 1.861107798008208580e-01
1.154984282857589806e+00 4.121341951256923819e-01 1.545270133062457696e-01
1.129016487000365387e+00 5.704993600373172713e-01 7.318921731931384012e-02
1.327448801969856707e+00 2.989932778232684552e-01 1.342568874843086402e-01
1.327448801969856707e+00 2.989932778232684552e-01 1.342568874843086402e-01
1.327448801969856707e+00 2.989932778232684552e-01 1.342568874843086402e-01
1.327448801969856707e+00 2.989932778232684552e-01 1.342568874843086402e-01
1.327448801969856707e+00 2.989932778232684552e-01 1.342568874843086402e-01
1.387143237401535778e+00 2.746089137398282642e-01 1.230245860983712747e-01
1.387143237401535778e+00 2.746089137398282642e-01 1.230245860983712747e-01
1.387143237401535778e+00 2.746089137398282642e-01 1.230245860983712747e-01
1.387143237401535778e+00 2.746089137398282642e-01 1.230245860983712747e-01
9.502891957863466299e-01 2.365752638852793577e-01 1.251668439598608296e-01
9.502891957863466299e-01 2.365752638852793577e-01 1.251668439598608296e-01
1.330829555482602400e+00 2.639242147985155773e-01 1.344453858939551882e-01
1.330829555482602400e+00 2.639242147985155773e-01 1.344453858939551882e-01
1.482937714514099392e+00 5.228353328863971639e-01 2.181000038587524795e-02
1.482937714514099392e+00 5.228353328863971639e-01 2.181000038587524795e-02
1.725743988580137334e+00 4.231498426913350985e-01 1.599613478045544546e-02
1.476490995072296419e+00 7.604026015388059001e-01 7.075656082511449325e-04
1.011933323253457084e+00 9.571444229690057037e-01 6.941365344623673037e-04
8.455184518708848129e-01 9.509821414869021883e-01 2.698565167768587209e-03
8.455184518708848129e-01 9.509821414869021883e-01 2.698565167768587209e-03
8.455184518708848129e-01 9.509821414869021883e-01 2.698565167768587209e-03
5.962549757048505317e-01 1.179450256592964319e-01 1.278159859255760880e-02
3.564789634050261613e-01 7.786571933805679357e-01 1.760388941442864730e-01
3.564789634050261613e-01 7.786571933805679357e-01 1.760388941442864730e-01
4.565863154271287971e-02 7.524805120979217721e-01 2.533763268348918074e-01
7.572742687990539900e-02 9.517574155037030748e-01 9.959980395559216160e-02
7.668989843499150749e-02 4.208029245334421464e-01 5.594617793602393863e-02
4.686833988941964124e-01 2.669523667882960360e-01 4.968372519503073959e-02
4.686833988941964124e-01 2.669523667882960360e-01 4.968372519503073959e-02
4.686833988941964124e-01 2.669523667882960360e-01 4.968372519503073959e-02
4.686833988941964124e-01 2.669523667882960360e-01 4.968372519503073959e-02
4.686833988941964124e-01 2.669523667882960360e-01 4.968372519503073959e-02
4.686833988941964124e-01 2.669523667882960360e-01 4.968372519503073959e-02
4.058053392666277626e-02 3.515339102430163898e-01 2.094985844575604841e-02
4.058053392666277626e-02 3.515339102430163898e-01 2.094985844575604841e-02
4.058053392666277626e-02 3.515339102430163898e-01 2.094985844575604841e-02
4.058053392666277626e-02 3.515339102430163898e-01 2.094985844575604841e-02
-8.164901236464518208e-02 7.382059141618954046e-01 2.333473588010170352e-01
-1.997546150243997287e-01 9.525974080883270467e-01 1.565392147274430601e-01
-1.997546150243997287e-01 9.525974080883270467e-01 1.565392147274430601e-01
-1.997546150243997287e-01 9.525974080883270467e-01 1.565392147274430601e-01
-1.997546150243997287e-01 9.525974080883270467e-01 1.565392147274430601e-01
-1.997546150243997287e-01 9.525974080883270467e-01 1.565392147274430601e-01
-7.170121125567674447e-02 9.527408000811052879e-01 1.334988817451669141e-01
-2.252923258200897616e-01 1.039406906576623602e+00 9.471788116185753115e-02
-4.574573054364006186e-01 8.141709255901679043e-01 1.448062950914386360e-01
-5.021734152186482225e-01 8.151552484994654124e-01 1.301156396549708327e-01
-4.381649135130585293e-01 8.221362248376247184e-01 1.547647894629651244e-01
-4.381649135130585293e-01 8.221362248376247184e-01 1.547647894629651244e-01
-4.381649135130585293e-01 8.221362248376247184e-01 1.547647894629651244e-01
-4.500258487770451565e-01 1.168926126155449108e+00 4.906327488196812747e-02
-4.004563681598248270e-01 1.075345013734247512e+00 9.534644154803471883e-02
-3.447329699497428956e-01 9.917811192746635029e-01 1.442201403035778817e-01
-1.104101778385764843e-01 9.145622563410851225e-01 1.729032871452677589e-01
-1.104101778385764843e-01 9.145622563410851225e-01 1.729032871452677589e-01
-1.104101778385764843e-01 9.145622563410851225e-01 1.729032871452677589e-01
-1.104101778385764843e-01 9.145622563410851225e-01 1.729032871452677589e-01
-1.104101778385764843e-01 9.145622563410851225e-01 1.729032871452677589e-01
-1.196361233769496352e-01 7.646834506751670757e-01 2.303086298608351956e-01
-1.196361233769496352e-01 7.646834506751670757e-01 2.303086298608351956e-01
-1.196361233769496352e-01 7.646834506751670757e-01 2.303086298608351956e-01
1.628343596723088593e-01 6.931965123821837160e-01 2.674034907199726030e-01
1.628343596723088593e-01 6.931965123821837160e-01 2.674034907199726030e-01
3.513955975669734721e-01 5.918312648911360219e-01 2.712517603450029235e-01
3.513955975669734721e-01 5.918312648911360219e-01 2.712517603450029235e-01
3.513955975669734721e-01 5.918312648911360219e-01 2.712517603450029235e-01
5.222928836892106741e-01 3.990772783235108090e-01 1.711867202513205344e-01
5.131593901403900260e-01 6.851810978142037767e-01 2.085894131680607333e-01
1.136778842955480817e+00 4.724471578433717678e-01 1.304063140432331902e-01
1.440383984581643517e+00 3.699924589934042718e-01 8.349769717352621690e-02
1.440383984581643517e+00 3.699924589934042718e-01 8.349769717352621690e-02
1.440383984581643517e+00 3.699924589934042718e-01 8.349769717352621690e-02
1.526612883715648961e+00 3.976812986104704684e-01 5.193957438055155085e-02
1.407739336989734857e+00 3.447070577832904714e-01 1.019534254696018993e-01
