2.489132485845457765e-01 1.481402749648903505e-01 1.412966250272634228e-01
5.629329361261081743e-01 -2.863301612178906774e-01 5.238574237088917257e-02
5.629329361261081743e-01 -2.863301612178906774e-01 5.238574237088917257e-02
5.629329361261081743e-01 -2.863301612178906774e-01 5.238574237088917257e-02
5.629329361261081743e-01 -2.863301612178906774e-01 5.238574237088917257e-02
5.629329361261081743e-01 -2.863301612178906774e-01 5.238574237088917257e-02
5.629329361261081743e-01 -2.863301612178906774e-01 5.238574237088917257e-02
5.629329361261081743e-01 -2.863301612178906774e-01 5.238574237088917257e-02
5.629329361261081743e-01 -2.863301612178906774e-01 5.238574237088917257e-02
5.396353818704281435e-01 -4.648338404334598217e-02 1.990451087884763937e-01
5.396353818704281435e-01 -4.648338404334598217e-02 1.990451087884763937e-01
2.785205397000760641e-01 2.619912075467930590e-01 3.963130689750745672e-01
5.872479026491850274e-01 -1.078027188835623540e-01 1.175542648235118059e-01
5.872479026491850274e-01 -1.078027188835623540e-01 1.175542648235118059e-01
5.872479026491850274e-01 -1.078027188835623540e-01 1.175542648235118059e-01
5.872479026491850274e-01 -1.078027188835623540e-01 1.175542648235118059e-01
5.872479026491850274e-01 -1.078027188835623540e-01 1.175542648235118059e-01
5.872479026491850274e-01 -1.078027188835623540e-01 1.175542648235118059e-01
5.872479026491850274e-01 -1.078027188835623540e-01 1.175542648235118059e-01
5.872479026491850274e-01 -1.078027188835623540e-01 1.175542648235118059e-01
5.872479026491850274e-01 -1.078027188835623540e-01 1.175542648235118059e-01
5.872479026491850274e-01 -1.078027188835623540e-01 1.175542648235118059e-01
5.872479026491850274e-01 -1.078027188835623540e-01 1.175542648235118059e-01
5.872479026491850274e-01 -1.078027188835623540e-01 1.175542648235118059e-01
5.872479026491850274e-01 -1.078027188835623540e-01 1.175542648235118059e-01
3.408385889641664668e-01 -6.423331254755165753e-02 8.777002941521756807e-02
3.408385889641664668e-01 -6.423331254755165753e-02 8.777002941521756807e-02
3.408385889641664668e-01 -6.423331254755165753e-02 8.777002941521756807e-02
1.019731965508149096e-01 3.589648743174495560e-01 4.142257986314003965e-02
1.019731965508149096e-01 3.589648743174495560e-01 4.142257986314003965e-02
3.995305325193938550e-01 -7.552895831998823750e-02 1.474634485598489420e-01
3.995305325193938550e-01 -7.552895831998823750e-02 1.474634485598489420e-01
3.995305325193938550e-01 -7.552895831998823750e-02 1.474634485598489420e-01
3.995305325193938550e-01 -7.552895831998823750e-02 1.474634485598489420e-01
2.455639235687506750e-01 1.716270597455368807e-01 1.594325109149909991e-01
5.849673254961209601e-01 3.656026614030923882e-01 4.753198846335601746e-02
5.849673254961209601e-01 3.656026614030923882e-01 4.753198846335601746e-02
5.849673254961209601e-01 3.656026614030923882e-01 4.753198846335601746e-02
5.849673254961209601e-01 3.656026614030923882e-01 4.753198846335601746e-02
1.813721319699788670e-01 2.915404305274508223e-01 1.275650442906169912e-01
1.813721319699788670e-01 2.915404305274508223e-01 1.275650442906169912e-01
1.813721319699788670e-01 2.915404305274508223e-01 1.275650442906169912e-01
1.813721319699788670e-01 2.915404305274508223e-01 1.275650442906169912e-01
3.295840939398914093e-01 3.088253576406190248e-01 6.254262493534549217e-01
3.295840939398914093e-01 3.088253576406190248e-01 6.254262493534549217e-01
3.295840939398914093e-01 3.088253576406190248e-01 6.254262493534549217e-01
1.805370725835609425e-01 1.822882114640510809e-01 5.458076909686428863e-02
1.805370725835609425e-01 1.822882114640510809e-01 5.458076909686428863e-02
1.805370725835609425e-01 1.822882114640510809e-01 5.458076909686428863e-02
1.805370725835609425e-01 1.822882114640510809e-01 5.458076909686428863e-02
1.805370725835609425e-01 1.822882114640510809e-01 5.458076909686428863e-02
3.913252039105826752e-01 -6.213684722198775656e-02 1.530615446398416457e-01
3.913252039105826752e-01 -6.213684722198775656e-02 1.530615446398416457e-01
5.453455307732256729e-01 3.187294494492634578e-01 1.361760880728752898e-01
5.453455307732256729e-01 3.187294494492634578e-01 1.361760880728752898e-01
5.453455307732256729e-01 3.187294494492634578e-01 1.361760880728752898e-01
3.805389578623475377e-01 9.441282672468023773e-02 3.794960210991925043e-01
3.805389578623475377e-01 9.441282672468023773e-02 3.794960210991925043e-01
2.734374853784873327e-01 4.351153244534641251e-01 5.895036981418450006e-01
2.734374853784873327e-01 4.351153244534641251e-01 5.895036981418450006e-01
2.697681980178602834e-01 4.822786957388204288e-01 5.893632337240521935e-01
2.697681980178602834e-01 4.822786957388204288e-01 5.893632337240521935e-01
2.646897134300300602e-01 4.250405657484473965e-01 5.577936782831469653e-01
2.646897134300300602e-01 4.250405657484473965e-01 5.577936782831469653e-01
2.646897134300300602e-01 4.250405657484473965e-01 5.577936782831469653e-01
2.646897134300300602e-01 4.250405657484473965e-01 5.577936782831469653e-01
2.646897134300300602e-01 4.250405657484473965e-01 5.577936782831469653e-01
2.646897134300300602e-01 4.250405657484473965e-01 5.577936782831469653e-01
2.646897134300300602e-01 4.250405657484473965e-01 5.577936782831469653e-01
2.646897134300300602e-01 4.250405657484473965e-01 5.577936782831469653e-01
2.646897134300300602e-01 4.250405657484473965e-01 5.577936782831469653e-01
2.646897134300300602e-01 4.250405657484473965e-01 5.577936782831469653e-01
2.646897134300300602e-01 4.250405657484473965e-01 5.577936782831469653e-01
2.791493924434227947e-01 2.649247943423151952e-01 4.035430680082111032e-01
2.388534854087121517e-01 3.474223760975611031e-01 3.754084710943556558e-01
2.929669368694561293e-01 3.692900542953354015e-01 5.985625265758308666e-01
2.929669368694561293e-01 3.692900542953354015e-01 5.985625265758308666e-01
4.968816764033388012e-01 6.876655513129503738e-02 3.363274105079185894e-01
4.968816764033388012e-01 6.876655513129503738e-02 3.363274105079185894e-01
4.968816764033388012e-01 6.876655513129503738e-02 3.363274105079185894e-01
4.968816764033388012e-01 6.876655513129503738e-02 3.363274105079185894e-01
3.857534301848379865e-01 -4.326723659981640546e-02 1.687524520340819012e-01
3.857534301848379865e-01 -4.326723659981640546e-02 1.687524520340819012e-01
6.074198405242753340e-01 -2.566804994817796781e-01 5.424426341067801333e-02
6.074198405242753340e-01 -2.566804994817796781e-01 5.424426341067801333e-02
6.074198405242753340e-01 -2.566804994817796781e-01 5.424426341067801333e-02
6.074198405242753340e-01 -2.566804994817796781e-01 5.424426341067801333e-02
6.074198405242753340e-01 -2.566804994817796781e-01 5.424426341067801333e-02
6.074198405242753340e-01 -2.566804994817796781e-01 5.424426341067801333e-02
6.074198405242753340e-01 -2.566804994817796781e-01 5.424426341067801333e-02
6.074198405242753340e-01 -2.566804994817796781e-01 5.424426341067801333e-02
6.074198405242753340e-01 -2.566804994817796781e-01 5.424426341067801333e-02
6.074198405242753340e-01 -2.566804994817796781e-01 5.424426341067801333e-02
4.027242347470811890e-01 8.246783320151901409e-02 3.914246424129465551e-01
2.820910312386176733e-01 3.468884458667655379e-01 5.391229996971658167e-01
2.820910312386176733e-01 3.468884458667655379e-01 5.391229996971658167e-01
2.820910312386176733e-01 3.468884458667655379e-01 5.391229996971658167e-01
2.975933033282077700e-01 4.641677088385240402e-01 6.368950125210176560e-01
2.975933033282077700e-01 4.641677088385240402e-01 6.368950125210176560e-01
3.673956516509416792e-01 2.247506500982793531e-01 5.793653674092553718e-01
