2.489132485845457765e-01 1.481402749648903505e-01 1.659639699825125013e-03
3.821369535262623129e-01 4.783555806874266736e-01 5.538646533927116949e-02
2.782121591998787391e-01 5.214596006911832449e-01 5.120308613679743631e-02
8.893723350743983902e-01 5.192901711678806764e-01 7.050827458087741140e-02
1.191982229044929564e+00 7.140079739044762341e-01 6.039554811084048812e-03
4.945733904975331274e-01 6.578355186100728336e-01 8.131837743315455114e-02
4.945733904975331274e-01 6.578355186100728336e-01 8.131837743315455114e-02
2.031513695408320164e-01 7.379091900593640618e-01 7.755625420726827701e-02
2.031513695408320164e-01 7.379091900593640618e-01 7.755625420726827701e-02
5.201970813956169337e-01 8.970480303256576082e-01 2.995578671147055075e-02
6.919684130637303587e-01 5.476838350054381577e-01 8.276428358812128183e-02
1.126166017030940214e+00 3.653619695108565324e-01 7.112336461373977570e-02
1.126166017030940214e+00 3.653619695108565324e-01 7.112336461373977570e-02
1.126166017030940214e+00 3.653619695108565324e-01 7.112336461373977570e-02
1.117809368450290108e+00 4.731625255636662808e-01 5.101434400500726163e-02
1.094993472650043653e+00 1.446286281537637053e-01 6.295398020797095262e-02
8.169301315415050668e-01 5.572275649835762845e-01 7.129605171328458335e-02
8.169301315415050668e-01 5.572275649835762845e-01 7.129605171328458335e-02
8.169301315415050668e-01 5.572275649835762845e-01 7.129605171328458335e-02
8.169301315415050668e-01 5.572275649835762845e-01 7.129605171328458335e-02
1.192316109007076408e+00 5.136581431410027765e-01 3.252941487632216022e-02
9.659895248174252824e-01 6.241314431566640231e-01 3.693144632312484604e-02
1.489384857063506429e+00 -2.162862803189123939e-01 2.491903367725478019e-02
1.313666577858557449e+00 -1.640135144837917835e-01 2.056446329514728319e-02
1.224764126905971695e+00 3.272277172504168830e-01 6.638244784097359352e-02
1.165925834154494245e+00 2.880885236696544283e-01 7.613102229302720625e-02
1.165925834154494245e+00 2.880885236696544283e-01 7.613102229302720625e-02
1.508691397552617497e+00 1.348475501146131350e-01 6.209398955211715976e-02
1.508691397552617497e+00 1.348475501146131350e-01 6.209398955211715976e-02
1.508691397552617497e+00 1.348475501146131350e-01 6.209398955211715976e-02
1.721189754088902513e+00 -7.500454164386369249e-02 5.548185741360522200e-02
1.525125026988705557e+00 -3.432876567154585085e-02 5.838734515157005533e-02
1.840813290279357917e+00 -1.648205866945209597e-01 4.893233774717677120e-02
2.079254243580582084e+00 -4.196836553267894176e-01 2.741379527968841254e-02
1.861158898486281910e+00 2.923214824927755640e-02 3.916497438931906827e-02
1.861158898486281910e+00 2.923214824927755640e-02 3.916497438931906827e-02
1.861158898486281910e+00 2.923214824927755640e-02 3.916497438931906827e-02
1.861158898486281910e+00 2.923214824927755640e-02 3.916497438931906827e-02
2.090559659924033031e+00 -1.419732640272771684e-01 3.583521610775786126e-02
2.090559659924033031e+00 -1.419732640272771684e-01 3.583521610775786126e-02
2.090559659924033031e+00 -1.419732640272771684e-01 3.583521610775786126e-02
2.090559659924033031e+00 -1.419732640272771684e-01 3.583521610775786126e-02
2.090559659924033031e+00 -1.419732640272771684e-01 3.583521610775786126e-02
2.090559659924033031e+00 -1.419732640272771684e-01 3.583521610775786126e-02
2.090559659924033031e+00 -1.419732640272771684e-01 3.583521610775786126e-02
2.090559659924033031e+00 -1.419732640272771684e-01 3.583521610775786126e-02
2.090559659924033031e+00 -1.419732640272771684e-01 3.583521610775786126e-02
2.093712500827450196e+00 -5.766243027531750553e-02 2.727137839729485216e-02
2.093712500827450196e+00 -5.766243027531750553e-02 2.727137839729485216e-02
1.827913857055823099e+00 2.124960767609420376e-01 1.723651771730827509e-02
1.552168745925726734e+00 2.883855936035065737e-01 3.288615566380099359e-02
1.552168745925726734e+00 2.883855936035065737e-01 3.288615566380099359e-02
1.561968068760856809e+00 4.086861049509564747e-01 1.389980137962027254e-02
1.679547896859774125e+00 2.422250683461540099e-01 2.663335469704496139e-02
1.352160512549418714e+00 9.806638667409345311e-02 6.898090144040815164e-02
1.352160512549418714e+00 9.806638667409345311e-02 6.898090144040815164e-02
1.625484795554388739e+00 3.369246910952376495e-01 1.789439775271783190e-02
1.127618561902770544e+00 5.445150860758082301e-01 3.402073329300863563e-02
1.127618561902770544e+00 5.445150860758082301e-01 3.402073329300863563e-02
1.385319409775721100e+00 3.023861520631732080e-01 5.109818233119629155e-02
1.385319409775721100e+00 3.023861520631732080e-01 5.109818233119629155e-02
1.085523886387432579e+00 4.329312565010215441e-01 6.393517762255651604e-02
1.085523886387432579e+00 4.329312565010215441e-01 6.393517762255651604e-02
1.085523886387432579e+00 4.329312565010215441e-01 6.393517762255651604e-02
6.165881464337898965e-01 4.704656067459933588e-01 7.995090836237166154e-02
6.533477605376170061e-01 2.841701286855184971e-01 4.498219047980489549e-02
7.119555595464214237e-01 8.024170098786067573e-01 2.877446674202367022e-02
7.290250869319717664e-01 5.837948916905790764e-01 7.544054232816706229e-02
7.290250869319717664e-01 5.837948916905790764e-01 7.544054232816706229e-02
7.587979778727765856e-01 1.679052920061815946e-01 3.125527425527648701e-02
7.587979778727765856e-01 1.679052920061815946e-01 3.125527425527648701e-02
7.587979778727765856e-01 1.679052920061815946e-01 3.125527425527648701e-02
7.587979778727765856e-01 1.679052920061815946e-01 3.125527425527648701e-02
7.587979778727765856e-01 1.679052920061815946e-01 3.125527425527648701e-02
9.773898776697688140e-01 6.558274342957637337e-01 2.894540681873199878e-02
1.242627322633496068e+00 2.552015930719226389e-01 7.330867391427660362e-02
1.242627322633496068e+00 2.552015930719226389e-01 7.330867391427660362e-02
1.242627322633496068e+00 2.552015930719226389e-01 7.330867391427660362e-02
1.242627322633496068e+00 2.552015930719226389e-01 7.330867391427660362e-02
1.242627322633496068e+00 2.552015930719226389e-01 7.330867391427660362e-02
1.242627322633496068e+00 2.552015930719226389e-01 7.330867391427660362e-02
1.242627322633496068e+00 2.552015930719226389e-01 7.330867391427660362e-02
1.354976920527395379e+00 -6.833679428003003320e-03 5.399780081535401205e-02
1.354976920527395379e+00 -6.833679428003003320e-03 5.399780081535401205e-02
1.354976920527395379e+00 -6.833679428003003320e-03 5.399780081535401205e-02
1.579376814417480235e+00 -1.984137034039075154e-01 3.452620226630484512e-02
1.579376814417480235e+00 -1.984137034039075154e-01 3.452620226630484512e-02
1.579376814417480235e+00 -1.984137034039075154e-01 3.452620226630484512e-02
2.292324521449945696e+00 -4.116422174465240724e-01 3.021076638496910174e-02
2.292324521449945696e+00 -4.116422174465240724e-01 3.021076638496910174e-02
2.292324521449945696e+00 -4.116422174465240724e-01 3.021076638496910174e-02
2.336079924927397133e+00 -1.879657956909102090e-01 2.075544992978682612e-02
2.263450189374855093e+00 -2.422240212762918898e-01 3.001577206705078465e-02
2.158540422860251162e+00 -1.649950526605186985e-01 3.228636369898692932e-02
1.812315863877930866e+00 -3.881424261517102958e-01 1.957899700990106337e-02
1.743907250242983098e+00 -3.549221116768696005e-01 2.030638725498871630e-02
2.034732801290100035e+00 -1.345334422043169553e-01 3.964338280682937893e-02
2.312876708887909416e+00 -5.693272732841327954e-01 1.872189786168820119e-02
1.865101494423772488e+00 -5.952838778825630950e-01 4.002926399796583393e-03
1.865101494423772488e+00 -5.952838778825630950e-01 4.002926399796583393e-03
