2.489132485845457765e-01 1.481402749648903505e-01 1.557570625489160558e-03
2.489132485845457765e-01 1.481402749648903505e-01 1.557570625489160558e-03
2.489132485845457765e-01 1.481402749648903505e-01 1.557570625489160558e-03
5.103738067476957241e-01 2.351283254087024044e-01 1.527211267671267289e-02
5.103738067476957241e-01 2.351283254087024044e-01 1.527211267671267289e-02
7.551703488542989007e-01 9.875884299189005566e-02 1.307591551704378151e-02
9.495587395508915396e-01 -6.468598889961471587e-03 1.146317988226997105e-02
6.569155936334604151e-01 6.711557183563679474e-02 6.673851881393663525e-03
3.992889738652171117e-01 4.751527187174782174e-01 4.452467188678334298e-02
5.112839417403787223e-01 1.950524494754594107e-01 1.108372697518308220e-02
4.171480479063593982e-01 1.984972069451681198e-01 7.436948659861813277e-03
4.171480479063593982e-01 1.984972069451681198e-01 7.436948659861813277e-03
6.743477623115623487e-01 5.740661289354046515e-01 4.615799292390920794e-02
3.550092710789142791e-01 9.019772426563181789e-01 3.342632989076266270e-02
-6.592277565923110316e-02 1.035614025152307160e+00 6.034667799695461743e-02
-4.247651506123035214e-01 1.061203850473714683e+00 7.310715617853467962e-02
-1.536132719328663909e-01 9.777065972377367853e-01 7.355590903330748442e-02
-7.545376172063233966e-01 7.819266279293095590e-01 3.620267107514974717e-03
-7.545376172063233966e-01 7.819266279293095590e-01 3.620267107514974717e-03
-3.214684264960848692e-01 9.514451766165110680e-01 6.713500071948001746e-02
-7.730086171895986236e-02 7.728932240398287412e-01 5.857421881915075151e-02
5.111852314925409146e-01 6.900799916187331240e-01 4.914917988053880277e-02
5.111852314925409146e-01 6.900799916187331240e-01 4.914917988053880277e-02
5.111852314925409146e-01 6.900799916187331240e-01 4.914917988053880277e-02
2.086409539679426328e-01 3.822685661852925354e-01 1.473324029468706803e-02
7.609544841377373636e-01 5.235720020742004044e-01 4.318751020005427016e-02
1.113179829629781459e+00 2.566141913842387989e-01 3.349187940541976244e-02
9.106354520595889568e-01 4.261988731670486308e-01 3.870593812481186446e-02
1.191416861619341461e+00 1.263916867406335576e-01 2.952095414947953148e-02
1.303590896606650285e+00 3.395898088892743694e-01 1.624756317152289270e-02
8.225961791537836909e-01 3.908353826866689529e-01 4.468390472326269625e-02
5.525859307828302480e-01 7.241160295131657820e-01 3.987561148596336508e-02
5.525859307828302480e-01 7.241160295131657820e-01 3.987561148596336508e-02
5.525859307828302480e-01 7.241160295131657820e-01 3.987561148596336508e-02
9.948307161476657168e-01 4.082781778112813953e-01 3.356203988450622011e-02
6.290242407854735873e-01 6.921936591036723652e-01 3.610406582653169494e-02
6.290242407854735873e-01 6.921936591036723652e-01 3.610406582653169494e-02
6.674396960884488861e-01 4.477531291929710555e-01 4.981915369703361629e-02
6.674396960884488861e-01 4.477531291929710555e-01 4.981915369703361629e-02
6.674396960884488861e-01 4.477531291929710555e-01 4.981915369703361629e-02
5.981840187953588739e-01 2.375056813630911368e-01 2.084289007822163683e-02
5.981840187953588739e-01 2.375056813630911368e-01 2.084289007822163683e-02
5.981840187953588739e-01 2.375056813630911368e-01 2.084289007822163683e-02
1.091892138576900484e+00 6.242386077043107218e-01 7.015815658006810396e-03
1.166925639638676682e+00 6.079866035831749116e-01 5.128524255797919061e-03
9.763976652209918061e-01 9.126243709208083921e-01 6.966739589241556594e-04
9.763976652209918061e-01 9.126243709208083921e-01 6.966739589241556594e-04
9.763976652209918061e-01 9.126243709208083921e-01 6.966739589241556594e-04
8.370337431818823948e-01 1.016060328941823965e+00 5.714991336357341497e-04
8.370337431818823948e-01 1.016060328941823965e+00 5.714991336357341497e-04
9.874490819676028375e-01 9.399403553872971440e-01 4.338309178278553424e-04
1.067450309061764635e+00 7.258387451841002980e-01 3.156701601609970646e-03
1.067450309061764635e+00 7.258387451841002980e-01 3.156701601609970646e-03
1.183630122742234336e+00 5.026089939738908052e-01 1.078270564537359665e-02
7.587786733099983749e-01 7.752878182458005085e-01 1.310898250681816028e-02
7.530030796583928598e-01 7.698045056095798033e-01 1.406281193156279537e-02
9.448107451781763144e-01 9.442193384452022276e-01 5.975917348490766270e-04
9.448107451781763144e-01 9.442193384452022276e-01 5.975917348490766270e-04
9.448107451781763144e-01 9.442193384452022276e-01 5.975917348490766270e-04
9.448107451781763144e-01 9.442193384452022276e-01 5.975917348490766270e-04
1.321203185525249291e+00 6.120546100481043528e-01 1.697379621343742461e-03
1.321203185525249291e+00 6.120546100481043528e-01 1.697379621343742461e-03
1.009583612639037842e+00 5.848254033380746453e-01 1.455317611919131580e-02
1.009583612639037842e+00 5.848254033380746453e-01 1.455317611919131580e-02
6.973342260023783767e-01 3.914204144493012016e-01 4.618072461455895172e-02
9.985771932176779053e-01 4.234212781296606831e-01 3.198589938887656109e-02
9.985771932176779053e-01 4.234212781296606831e-01 3.198589938887656109e-02
1.074521315508641495e+00 2.599686957644511409e-01 3.509206280501823982e-02
7.409056492326342447e-01 4.922482680678841316e-01 4.680218122582775059e-02
7.409056492326342447e-01 4.922482680678841316e-01 4.680218122582775059e-02
5.717426582723019735e-01 4.723561816730402763e-01 5.143880960339318464e-02
2.719983347241555216e-01 3.626934483827263800e-01 1.635273717875270275e-02
7.018308705040166018e-02 6.044967233143381247e-01 3.996428269483269513e-02
2.789724710156415433e-01 3.594047542560496744e-01 1.638676167249254745e-02
2.789724710156415433e-01 3.594047542560496744e-01 1.638676167249254745e-02
2.789724710156415433e-01 3.594047542560496744e-01 1.638676167249254745e-02
5.140008810037817177e-01 7.827281168762574293e-01 3.506426691112975863e-02
4.580400293650695454e-01 6.164431999798931638e-01 5.847712230009728673e-02
4.501626831352349978e-01 4.816390168475200850e-01 4.861504658937482876e-02
4.444582986220830811e-01 6.841187370541140789e-01 5.598634596532341134e-02
7.409652701239052286e-01 3.147562989654110743e-01 3.947047105774642572e-02
7.074936832521764307e-01 4.398766429183750271e-01 4.883979928880939625e-02
7.074936832521764307e-01 4.398766429183750271e-01 4.883979928880939625e-02
7.074936832521764307e-01 4.398766429183750271e-01 4.883979928880939625e-02
7.074936832521764307e-01 4.398766429183750271e-01 4.883979928880939625e-02
7.074936832521764307e-01 4.398766429183750271e-01 4.883979928880939625e-02
9.354398217043453645e-01 6.281279412938928219e-02 1.758814458528763086e-02
9.354398217043453645e-01 6.281279412938928219e-02 1.758814458528763086e-02
9.354398217043453645e-01 6.281279412938928219e-02 1.758814458528763086e-02
9.354398217043453645e-01 6.281279412938928219e-02 1.758814458528763086e-02
9.354398217043453645e-01 6.281279412938928219e-02 1.758814458528763086e-02
9.354398217043453645e-01 6.281279412938928219e-02 1.758814458528763086e-02
9.354398217043453645e-01 6.281279412938928219e-02 1.758814458528763086e-02
9.354398217043453645e-01 6.281279412938928219e-02 1.758814458528763086e-02
8.960037029907224060e-01 1.786535845648426490e-01 2.923345739886511543e-02
6.685857545616484821e-01 1.772163495514454401e-01 1.729252670349034141e-02
6.685857545616484821e-01 1.772163495514454401e-01 1.729252670349034141e-02
6.685857545616484821e-01 1.772163495514454401e-01 1.729252670349034141e-02
6.685857545616484821e-01 1.772163495514454401e-01 1.729252670349034141e-02
9.204240408282713393e-01 4.067988777999179129e-01 3.918254570831616879e-02
