2.489132485845457765e-01 1.481402749648903505e-01 5.132333649835771339e-02
2.489132485845457765e-01 1.481402749648903505e-01 5.132333649835771339e-02
2.489132485845457765e-01 1.481402749648903505e-01 5.132333649835771339e-02
5.609168100877731655e-02 3.991059098497622415e-01 1.848658962295007813e-02
5.609168100877731655e-02 3.991059098497622415e-01 1.848658962295007813e-02
5.609168100877731655e-02 3.991059098497622415e-01 1.848658962295007813e-02
5.609168100877731655e-02 3.991059098497622415e-01 1.848658962295007813e-02
-9.461780810122702445e-02 7.742978456168558843e-01 1.843086475309602817e-02
8.228996716087264018e-02 4.652450886666775753e-01 4.860984030177683407e-02
1.318293562996302182e-01 5.070899946664795266e-01 1.219342859309132249e-01
1.318293562996302182e-01 5.070899946664795266e-01 1.219342859309132249e-01
1.318293562996302182e-01 5.070899946664795266e-01 1.219342859309132249e-01
1.318293562996302182e-01 5.070899946664795266e-01 1.219342859309132249e-01
1.096824798884864366e-01 5.754001512141453389e-01 1.245988712383132857e-01
2.132600666765610276e-01 6.641669508565488655e-01 3.085099446578580817e-01
2.132600666765610276e-01 6.641669508565488655e-01 3.085099446578580817e-01
2.132600666765610276e-01 6.641669508565488655e-01 3.085099446578580817e-01
2.132600666765610276e-01 6.641669508565488655e-01 3.085099446578580817e-01
2.132600666765610276e-01 6.641669508565488655e-01 3.085099446578580817e-01
3.016301966475488094e-01 2.297797627612870874e-01 2.019469225765595233e-01
1.169058234513739580e-01 6.417732221654983693e-01 1.614466685021813952e-01
1.169058234513739580e-01 6.417732221654983693e-01 1.614466685021813952e-01
2.916529433881185351e-01 3.482903709156290883e-01 3.316813236927350084e-01
2.916529433881185351e-01 3.482903709156290883e-01 3.316813236927350084e-01
7.161483506997768922e-01 -1.137103872677511784e-01 6.123179743637444661e-01
7.161483506997768922e-01 -1.137103872677511784e-01 6.123179743637444661e-01
7.161483506997768922e-01 -1.137103872677511784e-01 6.123179743637444661e-01
7.161483506997768922e-01 -1.137103872677511784e-01 6.123179743637444661e-01
7.161483506997768922e-01 -1.137103872677511784e-01 6.123179743637444661e-01
7.161483506997768922e-01 -1.137103872677511784e-01 6.123179743637444661e-01
7.161483506997768922e-01 -1.137103872677511784e-01 6.123179743637444661e-01
7.161483506997768922e-01 -1.137103872677511784e-01 6.123179743637444661e-01
6.719653541576688927e-01 6.739562527769643596e-02 7.947554330843206172e-01
6.719653541576688927e-01 6.739562527769643596e-02 7.947554330843206172e-01
6.499074624297540570e-01 1.706036098142406920e-01 7.648235325829949582e-01
6.499074624297540570e-01 1.706036098142406920e-01 7.648235325829949582e-01
6.158674130737897823e-01 3.765413154167778775e-01 4.368738449304244154e-01
6.158674130737897823e-01 3.765413154167778775e-01 4.368738449304244154e-01
2.647831835405900502e-02 6.698278730086670851e-01 6.529918449079905041e-02
2.647831835405900502e-02 6.698278730086670851e-01 6.529918449079905041e-02
2.647831835405900502e-02 6.698278730086670851e-01 6.529918449079905041e-02
5.669570686058811315e-01 5.953617927760163075e-01 1.391541755124125479e-01
5.669570686058811315e-01 5.953617927760163075e-01 1.391541755124125479e-01
3.080556521528655112e-01 6.087074764872929533e-01 4.355416832150921791e-01
3.080556521528655112e-01 6.087074764872929533e-01 4.355416832150921791e-01
3.080556521528655112e-01 6.087074764872929533e-01 4.355416832150921791e-01
5.463307195315820763e-01 3.686998182265005530e-01 6.527617903427973545e-01
5.463307195315820763e-01 3.686998182265005530e-01 6.527617903427973545e-01
4.987501011357576286e-01 3.723518480307870249e-01 7.277625673123532257e-01
6.035470725026781391e-01 -1.105651520285150236e-02 6.342252283160271231e-01
6.035470725026781391e-01 -1.105651520285150236e-02 6.342252283160271231e-01
4.058695419697938567e-01 3.881821963809164444e-01 6.817888202763039418e-01
4.058695419697938567e-01 3.881821963809164444e-01 6.817888202763039418e-01
4.058695419697938567e-01 3.881821963809164444e-01 6.817888202763039418e-01
4.058695419697938567e-01 3.881821963809164444e-01 6.817888202763039418e-01
4.058695419697938567e-01 3.881821963809164444e-01 6.817888202763039418e-01
4.058695419697938567e-01 3.881821963809164444e-01 6.817888202763039418e-01
4.058695419697938567e-01 3.881821963809164444e-01 6.817888202763039418e-01
4.058695419697938567e-01 3.881821963809164444e-01 6.817888202763039418e-01
4.058695419697938567e-01 3.881821963809164444e-01 6.817888202763039418e-01
4.058695419697938567e-01 3.881821963809164444e-01 6.817888202763039418e-01
1.545663811011649402e-01 6.524012858878488474e-01 2.225374269734160249e-01
1.545663811011649402e-01 6.524012858878488474e-01 2.225374269734160249e-01
5.224429991803696272e-01 2.459554781008366220e-01 8.297483371666791729e-01
5.224429991803696272e-01 2.459554781008366220e-01 8.297483371666791729e-01
4.652780446516574520e-01 4.055057331984854296e-01 7.039903489168644057e-01
4.652780446516574520e-01 4.055057331984854296e-01 7.039903489168644057e-01
4.652780446516574520e-01 4.055057331984854296e-01 7.039903489168644057e-01
4.652780446516574520e-01 4.055057331984854296e-01 7.039903489168644057e-01
3.132328062592475981e-01 3.655967679596618947e-01 4.188279341441071835e-01
2.926430455981628986e-01 5.520739276862245415e-01 4.593557924566702422e-01
2.926430455981628986e-01 5.520739276862245415e-01 4.593557924566702422e-01
2.926430455981628986e-01 5.520739276862245415e-01 4.593557924566702422e-01
8.350379828594836074e-01 -4.226574929851967255e-02 4.798909534379042774e-01
8.350379828594836074e-01 -4.226574929851967255e-02 4.798909534379042774e-01
4.810551744145780684e-01 2.525094881283048709e-01 7.759743911865317756e-01
4.810551744145780684e-01 2.525094881283048709e-01 7.759743911865317756e-01
5.190871702105108731e-01 -1.169784051726798224e-01 1.843626425832672888e-01
5.190871702105108731e-01 -1.169784051726798224e-01 1.843626425832672888e-01
2.627030175681990265e-01 5.090184977780936038e-01 3.970311925891326088e-01
3.144448199522488774e-01 4.375863595077973400e-01 4.900990973611911716e-01
3.144448199522488774e-01 4.375863595077973400e-01 4.900990973611911716e-01
3.144448199522488774e-01 4.375863595077973400e-01 4.900990973611911716e-01
3.144448199522488774e-01 4.375863595077973400e-01 4.900990973611911716e-01
3.144448199522488774e-01 4.375863595077973400e-01 4.900990973611911716e-01
3.144448199522488774e-01 4.375863595077973400e-01 4.900990973611911716e-01
3.144448199522488774e-01 4.375863595077973400e-01 4.900990973611911716e-01
3.144448199522488774e-01 4.375863595077973400e-01 4.900990973611911716e-01
3.144448199522488774e-01 4.375863595077973400e-01 4.900990973611911716e-01
3.144448199522488774e-01 4.375863595077973400e-01 4.900990973611911716e-01
6.261438204993542422e-01 -8.278497749068269851e-02 5.219108774537427609e-01
7.371759645728286348e-01 9.678002536626803542e-02 6.189308805008018055e-01
7.371759645728286348e-01 9.678002536626803542e-02 6.189308805008018055e-01
7.371759645728286348e-01 9.678002536626803542e-02 6.189308805008018055e-01
5.670420269705155336e-01 3.777940022903297779e-01 5.787775491894285862e-01
5.670420269705155336e-01 3.777940022903297779e-01 5.787775491894285862e-01
5.670420269705155336e-01 3.777940022903297779e-01 5.787775491894285862e-01
5.670420269705155336e-01 3.777940022903297779e-01 5.787775491894285862e-01
5.670420269705155336e-01 3.777940022903297779e-01 5.787775491894285862e-01
5.670420269705155336e-01 3.777940022903297779e-01 5.787775491894285862e-01
