2.489132485845457765e-01 1.481402749648903505e-01 1.404251541607636584e-03
5.290700562782173488e-01 -9.089706365088351392e-02 3.167286375384878298e-04
8.036640400284271735e-01 2.693551414265119015e-01 5.116023735447221277e-02
8.036640400284271735e-01 2.693551414265119015e-01 5.116023735447221277e-02
8.036640400284271735e-01 2.693551414265119015e-01 5.116023735447221277e-02
8.036640400284271735e-01 2.693551414265119015e-01 5.116023735447221277e-02
1.414248241007311169e+00 4.509653749941345824e-01 3.429708035117356307e-02
1.414248241007311169e+00 4.509653749941345824e-01 3.429708035117356307e-02
1.414248241007311169e+00 4.509653749941345824e-01 3.429708035117356307e-02
6.781728822148259672e-01 3.605468765683144117e-01 5.961145184880718706e-02
3.898022774790935729e-01 4.462923673036430783e-01 4.514091710462826007e-02
3.898022774790935729e-01 4.462923673036430783e-01 4.514091710462826007e-02
3.061182308399325036e-01 9.361302158995434830e-01 5.031582145384628363e-02
3.544339946134640318e-01 7.851865178168385695e-01 7.796099134494174909e-02
3.544339946134640318e-01 7.851865178168385695e-01 7.796099134494174909e-02
2.887254361257810542e-01 8.534980284524918970e-01 7.006451123963895744e-02
1.773466216554556718e-01 1.227492283563566655e+00 8.879968354558946675e-03
1.773466216554556718e-01 1.227492283563566655e+00 8.879968354558946675e-03
1.773466216554556718e-01 1.227492283563566655e+00 8.879968354558946675e-03
1.773466216554556718e-01 1.227492283563566655e+00 8.879968354558946675e-03
1.702849765919347280e-01 1.102744626550819396e+00 2.609042030632224493e-02
-3.417360434676258718e-01 7.298330896819809066e-01 1.999627487535271878e-02
-3.509324222671864058e-01 6.628649684221127325e-01 1.161588889317279570e-02
-3.509324222671864058e-01 6.628649684221127325e-01 1.161588889317279570e-02
-7.445828602593627110e-01 8.187671467396924196e-01 5.739530449021725683e-03
-2.555103166844585050e-01 6.884321349849673588e-01 2.151726389449134039e-02
-2.555103166844585050e-01 6.884321349849673588e-01 2.151726389449134039e-02
-3.576962162364417108e-01 7.823214358607094576e-01 2.602296059307144735e-02
-1.119590855667357276e-01 1.025144016581231554e+00 5.882568163021013180e-02
-1.119590855667357276e-01 1.025144016581231554e+00 5.882568163021013180e-02
-2.869305704139184510e-01 1.073995083742876222e+00 5.446821620490804872e-02
-2.869305704139184510e-01 1.073995083742876222e+00 5.446821620490804872e-02
-2.681647659152842644e-01 1.355062178024123654e+00 1.381369310383228320e-02
-3.443081280285160140e-01 1.319602791652772611e+00 2.159119091810509164e-02
-3.443081280285160140e-01 1.319602791652772611e+00 2.159119091810509164e-02
-3.447213030442473625e-01 1.050546353720162251e+00 5.430602164082854594e-02
-3.447213030442473625e-01 1.050546353720162251e+00 5.430602164082854594e-02
1.768061091853239675e-01 7.614999483794344659e-01 7.827431840183643463e-02
1.768061091853239675e-01 7.614999483794344659e-01 7.827431840183643463e-02
1.768061091853239675e-01 7.614999483794344659e-01 7.827431840183643463e-02
2.837971116831863871e-01 7.754478958006019162e-01 8.084176398025719190e-02
6.629741467000724864e-01 6.658828230664619596e-01 7.728240256967063015e-02
4.594231785707125759e-01 5.083241407795552336e-01 6.875652376085776563e-02
4.891668763671869757e-01 3.115057006827540720e-01 2.652134871206904970e-02
4.891668763671869757e-01 3.115057006827540720e-01 2.652134871206904970e-02
5.733638325933190227e-01 5.569783259382559137e-01 8.637546455805035495e-02
5.733638325933190227e-01 5.569783259382559137e-01 8.637546455805035495e-02
5.733638325933190227e-01 5.569783259382559137e-01 8.637546455805035495e-02
2.247838365716998688e-01 4.968780156050917052e-01 3.658197173764004412e-02
3.950380767308317442e-02 4.956223187348436365e-01 1.802991193850893986e-02
3.099577656732694919e-01 6.852489675213778719e-01 8.182874192029622462e-02
6.542627342501721177e-01 7.952590624899626981e-01 4.769421994296599299e-02
6.736813903856193608e-01 6.805499211993718545e-01 7.331796573189769406e-02
6.398092477204064821e-01 8.590496941489872418e-01 3.409587691196501458e-02
6.398092477204064821e-01 8.590496941489872418e-01 3.409587691196501458e-02
7.944046889130635947e-01 7.270505303335639269e-01 4.791447711870572973e-02
3.367025017345532945e-01 7.910389463670993715e-01 7.789708816257895352e-02
3.794902381430640959e-01 7.045765324241305416e-01 8.469467407920451552e-02
3.794902381430640959e-01 7.045765324241305416e-01 8.469467407920451552e-02
4.424676517263724795e-01 5.618306577890981313e-01 7.745534713233956370e-02
4.424676517263724795e-01 5.618306577890981313e-01 7.745534713233956370e-02
2.213549876095677327e-01 7.383798107147325762e-01 7.974227471713010718e-02
3.534311330121246986e-01 5.490631547183557615e-01 6.492428097449644275e-02
6.928117982452255408e-01 4.692142395527027499e-01 8.341198061691726395e-02
6.101015172557695543e-01 4.384048182646273495e-01 7.040977168638823391e-02
6.101015172557695543e-01 4.384048182646273495e-01 7.040977168638823391e-02
3.778132321472762456e-01 7.246121711735828974e-01 8.376869783296407579e-02
6.283499659044913255e-01 7.342890515672817475e-01 6.591897520855244386e-02
6.499552027289565714e-01 2.915767958681573235e-01 3.911914606296883201e-02
6.499552027289565714e-01 2.915767958681573235e-01 3.911914606296883201e-02
1.185009764235279262e+00 1.096305293935533609e-01 5.029737261365523071e-02
1.368584079905964090e+00 2.119422368263478296e-01 7.079857125320138111e-02
1.296219087096904810e+00 7.222968867788176484e-02 5.063458339861026669e-02
1.541898673526485464e+00 1.457390085305995120e-01 6.254734783282302202e-02
1.443844424660424508e+00 1.676980871572796850e-01 6.709074431909259340e-02
1.678268692662744144e+00 3.057183192758519130e-01 3.095505600490413775e-02
1.704642065450773236e+00 2.068838517649881914e-01 4.321227743146277556e-02
1.774271473347200034e+00 1.609009069158671701e-01 4.198991979360923443e-02
1.768430239973989071e+00 -6.920687559345034545e-02 4.524433824068779808e-02
1.435822036565200133e+00 -1.658248643432194136e-01 1.637391733123910384e-02
1.088036884103268598e+00 -3.971912454390746916e-02 1.436642432071860188e-02
1.088036884103268598e+00 -3.971912454390746916e-02 1.436642432071860188e-02
1.088036884103268598e+00 -3.971912454390746916e-02 1.436642432071860188e-02
1.171659557719735734e+00 -1.965578439400661112e-02 2.252898229025356719e-02
1.171659557719735734e+00 -1.965578439400661112e-02 2.252898229025356719e-02
1.316171492014456046e+00 -5.505828664067125011e-02 2.637510925664774200e-02
1.316171492014456046e+00 -5.505828664067125011e-02 2.637510925664774200e-02
1.060996275705359038e+00 2.200020634032845979e-01 6.472902579839542869e-02
8.464471209999196999e-01 3.611258485594913692e-01 7.662912151759108947e-02
1.002894916003795212e+00 3.976384801160030014e-01 8.421851508493886918e-02
9.889340366834049600e-01 4.881672805237298740e-01 7.784533121386266741e-02
9.889340366834049600e-01 4.881672805237298740e-01 7.784533121386266741e-02
1.124802416055376453e+00 4.371961089195043892e-01 7.221651067821827086e-02
9.444100387612368586e-01 -9.244114365641153963e-03 1.065077529574701316e-02
5.105500565470532104e-01 4.900089893736669922e-01 7.066498342574836777e-02
5.105500565470532104e-01 4.900089893736669922e-01 7.066498342574836777e-02
5.105500565470532104e-01 4.900089893736669922e-01 7.066498342574836777e-02
4.318072185628119564e-01 9.109735882198166657e-01 4.380283015826531151e-02
4.601447384106797101e-01 7.918453049547415912e-01 6.950339047782450042e-02
4.601447384106797101e-01 7.918453049547415912e-01 6.950339047782450042e-02
