2.489132485845457765e-01 1.481402749648903505e-01 2.082031782893969517e-03
3.349185458489273293e-02 7.627739280888716777e-01 1.233699401439497245e-01
3.349185458489273293e-02 7.627739280888716777e-01 1.233699401439497245e-01
3.349185458489273293e-02 7.627739280888716777e-01 1.233699401439497245e-01
3.349185458489273293e-02 7.627739280888716777e-01 1.233699401439497245e-01
3.349185458489273293e-02 7.627739280888716777e-01 1.233699401439497245e-01
-1.378795481977289072e-01 6.683918768864158810e-01 5.207513043721778701e-02
-1.378795481977289072e-01 6.683918768864158810e-01 5.207513043721778701e-02
-5.405841641670372510e-01 7.912463733741835759e-01 2.035290380469133298e-02
-5.405841641670372510e-01 7.912463733741835759e-01 2.035290380469133298e-02
-9.777652136990213627e-01 1.212680874558256239e+00 3.362291785558802620e-02
-6.021317226990556826e-01 1.133293882493903171e+00 7.174625878865435735e-02
-6.021317226990556826e-01 1.133293882493903171e+00 7.174625878865435735e-02
-6.021317226990556826e-01 1.133293882493903171e+00 7.174625878865435735e-02
-8.667193809902602464e-01 8.493399894982442966e-01 5.010431171366571193e-03
-6.780648476578436945e-01 6.682886571053016089e-01 2.360116153313820617e-03
-6.780648476578436945e-01 6.682886571053016089e-01 2.360116153313820617e-03
-7.538335479000232153e-01 1.054116107522135026e+00 4.041069466441513103e-02
-7.538335479000232153e-01 1.054116107522135026e+00 4.041069466441513103e-02
-6.677909327765059189e-01 1.220707458424951986e+00 6.493443630225291530e-02
-5.633731502982074479e-01 1.569747762989523121e+00 7.615485076237648102e-03
-5.175261605589484004e-01 1.480760034239239520e+00 1.548119420837339166e-02
-5.175261605589484004e-01 1.480760034239239520e+00 1.548119420837339166e-02
-5.175261605589484004e-01 1.480760034239239520e+00 1.548119420837339166e-02
-5.175261605589484004e-01 1.480760034239239520e+00 1.548119420837339166e-02
-8.352501750401403191e-01 1.449710040892290053e+00 3.414676946632551335e-02
-8.352501750401403191e-01 1.449710040892290053e+00 3.414676946632551335e-02
-9.969834629308179652e-01 1.402907382677143655e+00 3.753314499998619547e-02
-8.580522113070006007e-01 1.318169121760632612e+00 4.848643711883653118e-02
-8.580522113070006007e-01 1.318169121760632612e+00 4.848643711883653118e-02
-1.129538238740180001e+00 1.344883912060378606e+00 2.909204673308475944e-02
-9.693798345434518904e-01 1.305608216833231694e+00 4.068721005805826796e-02
-9.482153910215996850e-01 9.120482779745442414e-01 5.543834055940612474e-03
-7.186112806246065521e-01 1.092525898071956991e+00 5.179960659111459281e-02
-8.838103715080734002e-01 1.138065752468238045e+00 3.578197048605193109e-02
-8.377978636946894486e-01 1.514961066786984167e+00 2.433729691767209588e-02
-1.141803756853822183e+00 1.361017668265844582e+00 2.883419326459779955e-02
-8.409571691438801899e-01 1.318437357683234668e+00 4.937582322287849268e-02
-1.091699348068201125e+00 1.400119743562793229e+00 3.285056601983645658e-02
-1.091699348068201125e+00 1.400119743562793229e+00 3.285056601983645658e-02
-1.206172099088181904e+00 1.377323905574544982e+00 2.483861834930855411e-02
-1.206172099088181904e+00 1.377323905574544982e+00 2.483861834930855411e-02
-1.206172099088181904e+00 1.377323905574544982e+00 2.483861834930855411e-02
-1.178940594976956913e+00 1.418753357099048928e+00 2.772471733807457123e-02
-9.035763808053522972e-01 1.184827870079113055e+00 3.907528434244914722e-02
-9.968789590730099404e-01 1.462665724658488431e+00 3.304777010989761593e-02
-9.968789590730099404e-01 1.462665724658488431e+00 3.304777010989761593e-02
-1.479178648617776926e+00 1.224220596542287876e+00 3.163591201781552290e-03
-1.053153407643762085e+00 1.036593342641946913e+00 8.968149587784086940e-03
-1.053153407643762085e+00 1.036593342641946913e+00 8.968149587784086940e-03
-1.053153407643762085e+00 1.036593342641946913e+00 8.968149587784086940e-03
-9.125398511069988672e-01 1.596815987598445563e+00 1.596795521271538593e-02
-9.125398511069988672e-01 1.596815987598445563e+00 1.596795521271538593e-02
-1.189253505265035926e+00 1.566067689435796328e+00 2.233951910687165254e-02
-1.189253505265035926e+00 1.566067689435796328e+00 2.233951910687165254e-02
-1.375320955216839058e+00 1.333903630685848940e+00 1.164259718457395440e-02
-1.542946591932971012e+00 1.649375723287680895e+00 1.234416208660715775e-02
-1.542946591932971012e+00 1.649375723287680895e+00 1.234416208660715775e-02
-1.542946591932971012e+00 1.649375723287680895e+00 1.234416208660715775e-02
-1.542946591932971012e+00 1.649375723287680895e+00 1.234416208660715775e-02
-1.542946591932971012e+00 1.649375723287680895e+00 1.234416208660715775e-02
-1.542946591932971012e+00 1.649375723287680895e+00 1.234416208660715775e-02
-1.183543751651167542e+00 1.396697494568884812e+00 2.704237425144342954e-02
-1.183543751651167542e+00 1.396697494568884812e+00 2.704237425144342954e-02
-1.159696202648194285e+00 1.534406406875651108e+00 2.489621531491034365e-02
-7.810673707173176883e-01 1.720898320255126679e+00 3.374578651321616472e-03
-9.592889778862645489e-01 1.465096244183637708e+00 3.309955636249680561e-02
-9.467746066164399732e-01 1.291209406863611742e+00 4.220958032675414112e-02
-9.514545723827764201e-01 1.170075136876424171e+00 3.183810749191093997e-02
-7.606961112555642446e-01 9.602195830129478527e-01 2.367947339639387555e-02
-7.606961112555642446e-01 9.602195830129478527e-01 2.367947339639387555e-02
-7.606961112555642446e-01 9.602195830129478527e-01 2.367947339639387555e-02
-3.060104581758097408e-01 8.859392657633055057e-01 8.442348624051386474e-02
-3.060104581758097408e-01 8.859392657633055057e-01 8.442348624051386474e-02
-3.237656183740726390e-01 1.087390339645689874e+00 9.443836165541440175e-02
-3.237656183740726390e-01 1.087390339645689874e+00 9.443836165541440175e-02
1.273399744016118773e-01 3.516715344966137025e-01 1.228936403207905349e-02
1.273399744016118773e-01 3.516715344966137025e-01 1.228936403207905349e-02
5.555364220996876490e-02 8.654288599289126083e-01 1.343292908569361510e-01
1.270432032397361688e-01 1.124580838642665004e+00 3.931241298073891860e-02
1.536690451859540063e-01 8.448738349390257918e-01 1.376028863233565991e-01
-3.326034863768045913e-01 9.436480478451177989e-01 9.180988443977622371e-02
-3.326034863768045913e-01 9.436480478451177989e-01 9.180988443977622371e-02
-1.898893558125148984e-01 1.209911493569180152e+00 5.112769661644746971e-02
-5.413220587566578423e-01 9.332656482537337039e-01 5.009197381123482729e-02
-7.525070241395392934e-01 1.291466082558706763e+00 5.538721730815390765e-02
-7.525070241395392934e-01 1.291466082558706763e+00 5.538721730815390765e-02
-6.949221184401728202e-01 1.342216970079090910e+00 4.937695462583466949e-02
-6.949221184401728202e-01 1.342216970079090910e+00 4.937695462583466949e-02
-6.215534819871578742e-01 1.054823984487506472e+00 6.092260865896818173e-02
-2.789401752595278561e-01 1.063244359712299802e+00 9.913517928816878433e-02
-2.789401752595278561e-01 1.063244359712299802e+00 9.913517928816878433e-02
-2.789401752595278561e-01 1.063244359712299802e+00 9.913517928816878433e-02
-2.789401752595278561e-01 1.063244359712299802e+00 9.913517928816878433e-02
-2.574558765126833682e-01 1.001422207831078826e+00 1.064598328944819927e-01
-3.178248631614998820e-01 8.894157154041180124e-01 8.285517247725057710e-02
-3.178248631614998820e-01 8.894157154041180124e-01 8.285517247725057710e-02
-3.178248631614998820e-01 8.894157154041180124e-01 8.285517247725057710e-02
1.032694059371296325e-01 1.021410201409208796e+00 8.176883233365274395e-02
1.032694059371296325e-01 1.021410201409208796e+00 8.176883233365274395e-02
