5.000000000000000000e-01 5.000000000000000000e-01 7.166646276292060191e-01
5.000000000000000000e-01 5.000000000000000000e-01 7.166646276292060191e-01
7.767657561159481139e-01 6.149113173751453720e-01 1.247536201733949329e-01
4.939010060027948512e-01 8.815947414076634736e-01 1.532949526274685614e-01
4.939010060027948512e-01 8.815947414076634736e-01 1.532949526274685614e-01
4.939010060027948512e-01 8.815947414076634736e-01 1.532949526274685614e-01
4.939010060027948512e-01 8.815947414076634736e-01 1.532949526274685614e-01
2.549436970108018841e-01 1.110851057618168269e+00 1.363207070574906088e-01
2.549436970108018841e-01 1.110851057618168269e+00 1.363207070574906088e-01
2.549436970108018841e-01 1.110851057618168269e+00 1.363207070574906088e-01
