2.489132485845457765e-01 1.481402749648903505e-01 2.047898312902901325e-03
2.489132485845457765e-01 1.481402749648903505e-01 2.047898312902901325e-03
6.947784964759055049e-01 9.385232865545493908e-02 1.222480084440854924e-02
6.947784964759055049e-01 9.385232865545493908e-02 1.222480084440854924e-02
6.947784964759055049e-01 9.385232865545493908e-02 1.222480084440854924e-02
6.947784964759055049e-01 9.385232865545493908e-02 1.222480084440854924e-02
6.947784964759055049e-01 9.385232865545493908e-02 1.222480084440854924e-02
8.242789063884011780e-01 1.713233382823124151e-01 3.010072300983996849e-02
8.242789063884011780e-01 1.713233382823124151e-01 3.010072300983996849e-02
1.142140640267025553e+00 1.318949675020335000e-01 2.939638123372930595e-02
1.142140640267025553e+00 1.318949675020335000e-01 2.939638123372930595e-02
6.808238999175078021e-01 2.533215861088248255e-01 3.706101238045749618e-02
4.990559495676223367e-01 1.967004666879007546e-01 1.447471234348870345e-02
4.990559495676223367e-01 1.967004666879007546e-01 1.447471234348870345e-02
5.277094684603176322e-01 3.889323552110804938e-01 5.675643567698195058e-02
5.277094684603176322e-01 3.889323552110804938e-01 5.675643567698195058e-02
5.277094684603176322e-01 3.889323552110804938e-01 5.675643567698195058e-02
1.157214383565690063e+00 4.204535974113283170e-01 1.722221571036874205e-02
7.574519219136739423e-01 4.380654204786285089e-01 5.992185759829432579e-02
6.298516716717894592e-02 4.246483398617922345e-01 1.780773310863946121e-02
6.298516716717894592e-02 4.246483398617922345e-01 1.780773310863946121e-02
6.298516716717894592e-02 4.246483398617922345e-01 1.780773310863946121e-02
4.464884949394943847e-01 4.350772004065667220e-01 6.228024148896842832e-02
4.916561933410061869e-01 4.837755921318247498e-01 7.552561599085935717e-02
4.916561933410061869e-01 4.837755921318247498e-01 7.552561599085935717e-02
4.916561933410061869e-01 4.837755921318247498e-01 7.552561599085935717e-02
4.916561933410061869e-01 4.837755921318247498e-01 7.552561599085935717e-02
4.916561933410061869e-01 4.837755921318247498e-01 7.552561599085935717e-02
5.757966068899742496e-01 7.451728673348914089e-01 4.440949953838898429e-02
5.757966068899742496e-01 7.451728673348914089e-01 4.440949953838898429e-02
5.841114120444143021e-01 4.834194571557084985e-01 7.397000841818450467e-02
3.703472059940256522e-01 7.682109092441226084e-01 8.178476745106247336e-02
-1.892734259237622285e-01 6.986468940830219410e-01 5.925007753684908424e-02
4.107735530757483655e-02 9.704758484694242515e-01 1.033462125247979480e-01
4.107735530757483655e-02 9.704758484694242515e-01 1.033462125247979480e-01
-6.602228952413731200e-01 1.166554494463489355e+00 1.461678463114704229e-01
-8.674312326783623073e-01 8.423618448435665762e-01 5.992540715271786438e-03
-8.674312326783623073e-01 8.423618448435665762e-01 5.992540715271786438e-03
-1.103467484543096289e+00 8.683089329177219318e-01 1.198070487962210216e-03
-1.032246671030460528e+00 8.067532969606779902e-01 9.025834663855838947e-04
-1.038505613807697348e+00 1.111799744647194110e+00 3.334268564316807126e-02
-5.132863507855737195e-01 9.723950043854504566e-01 1.043555715007676854e-01
-3.319791425138188812e-01 9.895286537951949457e-01 1.449198402127099827e-01
-3.319791425138188812e-01 9.895286537951949457e-01 1.449198402127099827e-01
-3.319791425138188812e-01 9.895286537951949457e-01 1.449198402127099827e-01
-3.319791425138188812e-01 9.895286537951949457e-01 1.449198402127099827e-01
-3.319791425138188812e-01 9.895286537951949457e-01 1.449198402127099827e-01
-5.891474157051779237e-01 1.083459287292715789e+00 1.333762228080508372e-01
-3.918138982318475350e-01 1.189548690950293253e+00 1.346897062372740816e-01
-5.970781597750448588e-01 1.343570854439571471e+00 1.225520297206508513e-01
-3.669394493784299272e-01 9.575608874268359827e-01 1.308577477124321653e-01
-5.400754251234554104e-01 1.086689656795994718e+00 1.437312790258308270e-01
-5.400754251234554104e-01 1.086689656795994718e+00 1.437312790258308270e-01
-7.584571024574112696e-01 1.225412194710509217e+00 1.446275063060296073e-01
-9.412302684147511034e-01 1.073166464824486077e+00 3.998951213009822869e-02
-9.673144015121163397e-01 1.270707368983890584e+00 1.117796634683785179e-01
-9.673144015121163397e-01 1.270707368983890584e+00 1.117796634683785179e-01
-1.286515497091017313e+00 1.507105369228650682e+00 1.070242235132725650e-01
-1.298606748222304486e+00 1.736346107935421434e+00 9.364531823835324509e-02
-9.773538708202046399e-01 1.476819165125873079e+00 1.368322164491014570e-01
-9.773538708202046399e-01 1.476819165125873079e+00 1.368322164491014570e-01
-9.773538708202046399e-01 1.476819165125873079e+00 1.368322164491014570e-01
-1.414250968119221241e+00 1.640074430033013009e+00 1.044189224090524004e-01
-1.414250968119221241e+00 1.640074430033013009e+00 1.044189224090524004e-01
-1.414250968119221241e+00 1.640074430033013009e+00 1.044189224090524004e-01
-1.474830538045714512e+00 2.012025875155678989e+00 3.109136759256617491e-02
-1.828233219658980113e+00 1.909256409103959884e+00 6.533020490966755245e-02
-1.828233219658980113e+00 1.909256409103959884e+00 6.533020490966755245e-02
-1.828233219658980113e+00 1.909256409103959884e+00 6.533020490966755245e-02
-1.828233219658980113e+00 1.909256409103959884e+00 6.533020490966755245e-02
-1.828233219658980113e+00 1.909256409103959884e+00 6.533020490966755245e-02
-1.828233219658980113e+00 1.909256409103959884e+00 6.533020490966755245e-02
-1.828233219658980113e+00 1.909256409103959884e+00 6.533020490966755245e-02
-1.828233219658980113e+00 1.909256409103959884e+00 6.533020490966755245e-02
-1.745617500761387886e+00 1.769339249442463124e+00 6.644808068732570294e-02
-1.178445221407813381e+00 1.770195123481318022e+00 6.451124982553121945e-02
-1.178445221407813381e+00 1.770195123481318022e+00 6.451124982553121945e-02
-1.178445221407813381e+00 1.770195123481318022e+00 6.451124982553121945e-02
-1.178445221407813381e+00 1.770195123481318022e+00 6.451124982553121945e-02
-1.225773429778188817e+00 1.284735968955786234e+00 4.880064740175450722e-02
-1.208964558662725786e+00 1.446007129113477951e+00 1.089925964440272288e-01
-8.485800132323174649e-01 1.362555042321393461e+00 1.491237672606558762e-01
-8.485800132323174649e-01 1.362555042321393461e+00 1.491237672606558762e-01
-8.338871308754466360e-01 1.462486440452988701e+00 1.242125871080079352e-01
-8.338871308754466360e-01 1.462486440452988701e+00 1.242125871080079352e-01
-1.170010750579585146e+00 1.527294298503712566e+00 1.280192022118893103e-01
-1.170010750579585146e+00 1.527294298503712566e+00 1.280192022118893103e-01
-1.170010750579585146e+00 1.527294298503712566e+00 1.280192022118893103e-01
-1.170010750579585146e+00 1.527294298503712566e+00 1.280192022118893103e-01
-6.587247390287783722e-01 1.319028727472895124e+00 1.434823843601077675e-01
-7.220403413271981874e-01 1.523855669927961509e+00 7.198581366491278721e-02
-7.363788241743828289e-01 1.165223823387868451e+00 1.305010344364114783e-01
-7.363788241743828289e-01 1.165223823387868451e+00 1.305010344364114783e-01
-7.363788241743828289e-01 1.165223823387868451e+00 1.305010344364114783e-01
-7.363788241743828289e-01 1.165223823387868451e+00 1.305010344364114783e-01
-5.719231978720720200e-01 9.915625681527305835e-01 9.787195431632646214e-02
-6.627139871377710767e-01 1.363985886548954696e+00 1.288811302931291147e-01
-6.627139871377710767e-01 1.363985886548954696e+00 1.288811302931291147e-01
-6.627139871377710767e-01 1.363985886548954696e+00 1.288811302931291147e-01
-6.627139871377710767e-01 1.363985886548954696e+00 1.288811302931291147e-01
