2.489132485845457765e-01 1.481402749648903505e-01 1.349643721083186865e-01
1.617177908886917592e-01 3.377284733531681349e-01 1.956699055804667631e-01
5.836575292742757215e-03 5.484390370265528336e-01 8.073020516237801314e-02
5.836575292742757215e-03 5.484390370265528336e-01 8.073020516237801314e-02
5.836575292742757215e-03 5.484390370265528336e-01 8.073020516237801314e-02
5.836575292742757215e-03 5.484390370265528336e-01 8.073020516237801314e-02
-1.519867958530628227e-01 9.369443131384309620e-01 4.343425235285493929e-02
-1.519867958530628227e-01 9.369443131384309620e-01 4.343425235285493929e-02
-1.519867958530628227e-01 9.369443131384309620e-01 4.343425235285493929e-02
-1.519867958530628227e-01 9.369443131384309620e-01 4.343425235285493929e-02
-1.506542825600039326e-01 1.219701735874639592e+00 3.040458462924617092e-02
-1.460812855729940740e-01 8.705850203190415026e-01 3.791642697380077920e-02
-2.177184769845081358e-01 1.294969289126719048e+00 1.451894338597838584e-02
-2.177184769845081358e-01 1.294969289126719048e+00 1.451894338597838584e-02
-2.177184769845081358e-01 1.294969289126719048e+00 1.451894338597838584e-02
-2.177184769845081358e-01 1.294969289126719048e+00 1.451894338597838584e-02
-4.661903993936017399e-02 9.501379069019532109e-01 1.361467449027612131e-01
-4.661903993936017399e-02 9.501379069019532109e-01 1.361467449027612131e-01
-4.661903993936017399e-02 9.501379069019532109e-01 1.361467449027612131e-01
2.364422126365807175e-01 7.127506966662368049e-01 3.415115510416913969e-01
2.364422126365807175e-01 7.127506966662368049e-01 3.415115510416913969e-01
2.364422126365807175e-01 7.127506966662368049e-01 3.415115510416913969e-01
2.364422126365807175e-01 7.127506966662368049e-01 3.415115510416913969e-01
2.364422126365807175e-01 7.127506966662368049e-01 3.415115510416913969e-01
2.812562590846156008e-01 6.045051915410131205e-01 4.607498941854423768e-01
2.812562590846156008e-01 6.045051915410131205e-01 4.607498941854423768e-01
2.535650499121142598e-01 5.297867411581150821e-01 6.316080492376948685e-01
4.142021249085080514e-01 7.649392960626421045e-01 1.605458242488775472e-02
2.210488916844886575e-01 7.112568411332790275e-01 3.762420609808405647e-01
2.210488916844886575e-01 7.112568411332790275e-01 3.762420609808405647e-01
2.210488916844886575e-01 7.112568411332790275e-01 3.762420609808405647e-01
2.210488916844886575e-01 7.112568411332790275e-01 3.762420609808405647e-01
2.210488916844886575e-01 7.112568411332790275e-01 3.762420609808405647e-01
2.210488916844886575e-01 7.112568411332790275e-01 3.762420609808405647e-01
1.704981149716401634e-01 8.107592825102691858e-01 2.753251647691711268e-01
1.704981149716401634e-01 8.107592825102691858e-01 2.753251647691711268e-01
1.704981149716401634e-01 8.107592825102691858e-01 2.753251647691711268e-01
1.704981149716401634e-01 8.107592825102691858e-01 2.753251647691711268e-01
1.704981149716401634e-01 8.107592825102691858e-01 2.753251647691711268e-01
1.704981149716401634e-01 8.107592825102691858e-01 2.753251647691711268e-01
1.704981149716401634e-01 8.107592825102691858e-01 2.753251647691711268e-01
1.704981149716401634e-01 8.107592825102691858e-01 2.753251647691711268e-01
1.635581416969376090e-01 9.223464691536634730e-01 1.241586087864652022e-01
1.635581416969376090e-01 9.223464691536634730e-01 1.241586087864652022e-01
9.390850697968677885e-02 7.195837634808304184e-01 3.843669616895367680e-01
9.390850697968677885e-02 7.195837634808304184e-01 3.843669616895367680e-01
3.168375436298902503e-01 7.268898238605259188e-01 1.399096838482212501e-01
3.168375436298902503e-01 7.268898238605259188e-01 1.399096838482212501e-01
4.522691433894441282e-01 3.462953082276847838e-01 3.930928172573663337e-01
4.522691433894441282e-01 3.462953082276847838e-01 3.930928172573663337e-01
2.757638000819755963e-01 7.424564247178682130e-01 1.983603599515242899e-01
2.757638000819755963e-01 7.424564247178682130e-01 1.983603599515242899e-01
1.236237905560000072e-01 5.155988881997570772e-01 3.413936838486620329e-01
1.236237905560000072e-01 5.155988881997570772e-01 3.413936838486620329e-01
1.236237905560000072e-01 5.155988881997570772e-01 3.413936838486620329e-01
1.236237905560000072e-01 5.155988881997570772e-01 3.413936838486620329e-01
1.236237905560000072e-01 5.155988881997570772e-01 3.413936838486620329e-01
1.236237905560000072e-01 5.155988881997570772e-01 3.413936838486620329e-01
1.236237905560000072e-01 5.155988881997570772e-01 3.413936838486620329e-01
1.236237905560000072e-01 5.155988881997570772e-01 3.413936838486620329e-01
1.330934810204668362e-01 6.896870727883922525e-01 4.533000201226162207e-01
2.864056786388302078e-01 3.873527251765203627e-01 6.566932076211801084e-01
2.864056786388302078e-01 3.873527251765203627e-01 6.566932076211801084e-01
2.864056786388302078e-01 3.873527251765203627e-01 6.566932076211801084e-01
2.864056786388302078e-01 3.873527251765203627e-01 6.566932076211801084e-01
2.864056786388302078e-01 3.873527251765203627e-01 6.566932076211801084e-01
2.864056786388302078e-01 3.873527251765203627e-01 6.566932076211801084e-01
2.680634770257360189e-01 2.380549823030061185e-01 3.399546773946948153e-01
2.680634770257360189e-01 2.380549823030061185e-01 3.399546773946948153e-01
4.993957573136217354e-01 5.260430765474580217e-02 3.801337691669346430e-01
4.993957573136217354e-01 5.260430765474580217e-02 3.801337691669346430e-01
4.993957573136217354e-01 5.260430765474580217e-02 3.801337691669346430e-01
4.993957573136217354e-01 5.260430765474580217e-02 3.801337691669346430e-01
4.993957573136217354e-01 5.260430765474580217e-02 3.801337691669346430e-01
4.993957573136217354e-01 5.260430765474580217e-02 3.801337691669346430e-01
4.993957573136217354e-01 5.260430765474580217e-02 3.801337691669346430e-01
3.155053891168524416e-01 3.330220907014068699e-01 6.450372771153909390e-01
2.822393270752661665e-01 5.437542715198426801e-01 5.770694911110811898e-01
1.781498355519667287e-02 8.144303545779818521e-01 2.400055364329385099e-01
1.781498355519667287e-02 8.144303545779818521e-01 2.400055364329385099e-01
2.570483079083672462e-01 5.865820801798089512e-01 5.498729241334728846e-01
1.948488616021402386e-01 2.512547371055026679e-01 1.565190925798651544e-01
1.948488616021402386e-01 2.512547371055026679e-01 1.565190925798651544e-01
1.943598996023982173e-01 4.746773456222017074e-01 5.270423546824023475e-01
4.507966819519186874e-01 2.950621060401537044e-01 4.683757872277517498e-01
4.507966819519186874e-01 2.950621060401537044e-01 4.683757872277517498e-01
4.507966819519186874e-01 2.950621060401537044e-01 4.683757872277517498e-01
4.507966819519186874e-01 2.950621060401537044e-01 4.683757872277517498e-01
4.507966819519186874e-01 2.950621060401537044e-01 4.683757872277517498e-01
4.507966819519186874e-01 2.950621060401537044e-01 4.683757872277517498e-01
2.165897025327316039e-01 1.564569367188861637e-01 8.920917071180624325e-02
6.499953833049425533e-01 -3.142603164586920128e-01 6.450025016981039694e-02
7.202959634265678757e-01 -2.255643870374337556e-01 7.434393855025123177e-02
4.144715180216057560e-01 -4.843016834078017752e-02 1.584722887999922003e-01
3.758403309505066736e-01 1.683594995401242744e-01 4.817936452218107846e-01
3.758403309505066736e-01 1.683594995401242744e-01 4.817936452218107846e-01
4.299163421758823711e-01 3.920832472729979257e-01 3.981779336765160493e-01
4.299163421758823711e-01 3.920832472729979257e-01 3.981779336765160493e-01
4.299163421758823711e-01 3.920832472729979257e-01 3.981779336765160493e-01
4.299163421758823711e-01 3.920832472729979257e-01 3.981779336765160493e-01
