2.489132485845457765e-01 1.481402749648903505e-01 3.806046635396373966e-03
3.228778569083414762e-01 3.445218701330561295e-01 6.219026959994844450e-02
3.228778569083414762e-01 3.445218701330561295e-01 6.219026959994844450e-02
3.228778569083414762e-01 3.445218701330561295e-01 6.219026959994844450e-02
2.388707553878776646e-01 5.855167526496293240e-01 1.898519971678876150e-01
2.016130336025756531e-02 8.216816193778373467e-01 2.122721282197855830e-01
-2.707822663605702895e-01 9.923984841610737906e-01 1.802137011298806935e-01
-2.707822663605702895e-01 9.923984841610737906e-01 1.802137011298806935e-01
-2.707822663605702895e-01 9.923984841610737906e-01 1.802137011298806935e-01
-2.707822663605702895e-01 9.923984841610737906e-01 1.802137011298806935e-01
-2.707822663605702895e-01 9.923984841610737906e-01 1.802137011298806935e-01
2.810365019974097600e-01 8.977105369816111846e-01 1.088566214045074282e-01
2.810365019974097600e-01 8.977105369816111846e-01 1.088566214045074282e-01
6.145620588961824282e-01 6.325435386073998689e-01 1.580844420888244672e-01
6.145620588961824282e-01 6.325435386073998689e-01 1.580844420888244672e-01
6.145620588961824282e-01 6.325435386073998689e-01 1.580844420888244672e-01
9.040509479205316445e-03 4.616603550092154284e-01 3.532878774780927322e-02
3.378766383537192830e-01 6.365641789863387690e-01 2.241793920881291202e-01
3.378766383537192830e-01 6.365641789863387690e-01 2.241793920881291202e-01
1.162857701630974905e-01 9.006235010909342531e-01 1.664710704067583757e-01
-1.053310593518433647e-01 6.565209707634873659e-01 9.858463827758792708e-02
-1.053310593518433647e-01 6.565209707634873659e-01 9.858463827758792708e-02
-5.963450018057017132e-01 1.114120664394461446e+00 1.311970142105950421e-01
-5.963450018057017132e-01 1.114120664394461446e+00 1.311970142105950421e-01
-4.254176582115043459e-01 1.035109270467839737e+00 1.583300783461604744e-01
1.501869838496096010e-01 9.106255990082053886e-01 1.483048295372794423e-01
-2.071146014655669831e-01 7.776211674214983383e-01 1.321081261434765564e-01
-2.071146014655669831e-01 7.776211674214983383e-01 1.321081261434765564e-01
-2.071146014655669831e-01 7.776211674214983383e-01 1.321081261434765564e-01
3.704755895746397742e-02 6.841109238200306919e-01 1.747501767391633487e-01
1.820177191879129852e-01 5.849009915368191814e-01 1.688089387912163342e-01
2.763427358962645686e-01 4.041356799880839734e-01 8.159878302376800951e-02
-2.165587285504699810e-03 4.895360887217946044e-01 4.342972697377514568e-02
3.875371716614132156e-01 6.900836543877290064e-01 2.052857789624068230e-01
3.875371716614132156e-01 6.900836543877290064e-01 2.052857789624068230e-01
9.551184545079551835e-01 5.053288726963760524e-01 9.686165416028232056e-02
9.551184545079551835e-01 5.053288726963760524e-01 9.686165416028232056e-02
9.051878785198650412e-01 3.361105796782642985e-01 1.804010718166969285e-01
9.051878785198650412e-01 3.361105796782642985e-01 1.804010718166969285e-01
6.609451325191104676e-01 6.637139513678766978e-01 1.179545833776391994e-01
6.609451325191104676e-01 6.637139513678766978e-01 1.179545833776391994e-01
4.284312696315869529e-01 1.580238625891106086e-01 1.647428501264916814e-02
4.284312696315869529e-01 1.580238625891106086e-01 1.647428501264916814e-02
4.284312696315869529e-01 1.580238625891106086e-01 1.647428501264916814e-02
4.284312696315869529e-01 1.580238625891106086e-01 1.647428501264916814e-02
4.284312696315869529e-01 1.580238625891106086e-01 1.647428501264916814e-02
4.284312696315869529e-01 1.580238625891106086e-01 1.647428501264916814e-02
3.002837767800831115e-01 3.166897515109478034e-01 4.324656729314107356e-02
3.002837767800831115e-01 3.166897515109478034e-01 4.324656729314107356e-02
3.002837767800831115e-01 3.166897515109478034e-01 4.324656729314107356e-02
5.210886583406267869e-01 3.612164652825287647e-01 1.405732932952218628e-01
4.697608735841897198e-01 6.335064583984482134e-01 2.076810984935555937e-01
4.697608735841897198e-01 6.335064583984482134e-01 2.076810984935555937e-01
1.054673957158597020e+00 4.487964773198188095e-01 8.991635638656961249e-02
1.054673957158597020e+00 4.487964773198188095e-01 8.991635638656961249e-02
1.058293028620767462e+00 5.236850413231772805e-01 5.339350153927753528e-02
9.673055365867087030e-01 1.530896224760431856e-01 1.303179079017984798e-01
9.673055365867087030e-01 1.530896224760431856e-01 1.303179079017984798e-01
1.229914544667830789e+00 8.781456769272444340e-02 1.261636166235108047e-01
1.229914544667830789e+00 8.781456769272444340e-02 1.261636166235108047e-01
1.229914544667830789e+00 8.781456769272444340e-02 1.261636166235108047e-01
7.862724487498475856e-01 1.035041189134839890e-01 6.034722967162977486e-02
7.862724487498475856e-01 1.035041189134839890e-01 6.034722967162977486e-02
7.862724487498475856e-01 1.035041189134839890e-01 6.034722967162977486e-02
6.350347608382425069e-01 2.063949798550893389e-01 7.600898635867217590e-02
5.764429417331489169e-01 7.178444860018374785e-01 1.164476956567752214e-01
8.194524017069106936e-01 4.263548970792478965e-01 1.845455203975119030e-01
8.194524017069106936e-01 4.263548970792478965e-01 1.845455203975119030e-01
8.194524017069106936e-01 4.263548970792478965e-01 1.845455203975119030e-01
8.194524017069106936e-01 4.263548970792478965e-01 1.845455203975119030e-01
1.072521850031289414e+00 1.022815018779409391e-01 1.220124882555056467e-01
1.004763572776874003e+00 3.385346023917160663e-01 1.572454032111848532e-01
1.004763572776874003e+00 3.385346023917160663e-01 1.572454032111848532e-01
1.004763572776874003e+00 3.385346023917160663e-01 1.572454032111848532e-01
1.004763572776874003e+00 3.385346023917160663e-01 1.572454032111848532e-01
6.504325908339985141e-01 3.296037609011359670e-01 1.600721163782448109e-01
6.990474706895495327e-01 7.996272965189612503e-01 3.397753130498974705e-02
9.921519016240621935e-01 3.048353173933448512e-01 1.672016158616295156e-01
1.109912299057286722e+00 3.126363052673625242e-01 1.328113394906011435e-01
6.592184936408954643e-01 6.365233135847778723e-01 1.368028041119301874e-01
6.592184936408954643e-01 6.365233135847778723e-01 1.368028041119301874e-01
6.613857164066693217e-01 3.395401958280914179e-01 1.688545651328225983e-01
6.613857164066693217e-01 3.395401958280914179e-01 1.688545651328225983e-01
5.095547796795633078e-01 5.476658185831210224e-01 2.190295351693898884e-01
5.095547796795633078e-01 5.476658185831210224e-01 2.190295351693898884e-01
7.647939932733736068e-01 5.023390325977601378e-01 1.732901638440110248e-01
7.647939932733736068e-01 5.023390325977601378e-01 1.732901638440110248e-01
7.647939932733736068e-01 5.023390325977601378e-01 1.732901638440110248e-01
7.647939932733736068e-01 5.023390325977601378e-01 1.732901638440110248e-01
7.647939932733736068e-01 5.023390325977601378e-01 1.732901638440110248e-01
5.193315569405152488e-01 4.254564204240450787e-01 1.820523713284279421e-01
5.193315569405152488e-01 4.254564204240450787e-01 1.820523713284279421e-01
5.193315569405152488e-01 4.254564204240450787e-01 1.820523713284279421e-01
5.193315569405152488e-01 4.254564204240450787e-01 1.820523713284279421e-01
1.027107823143397880e+00 4.050286955293823654e-01 1.225748643404192678e-01
1.027107823143397880e+00 4.050286955293823654e-01 1.225748643404192678e-01
6.539073075396844015e-01 4.084492629871948610e-01 1.993627500441159939e-01
6.539073075396844015e-01 4.084492629871948610e-01 1.993627500441159939e-01
6.539073075396844015e-01 4.084492629871948610e-01 1.993627500441159939e-01
6.539073075396844015e-01 4.084492629871948610e-01 1.993627500441159939e-01
