2.489132485845457765e-01 1.481402749648903505e-01 2.214223374034197250e-03
5.444892073276681455e-01 3.451390278821049318e-01 5.671469706292486812e-02
7.058702809274945977e-01 5.506643922223878329e-01 6.802511672725228276e-02
7.058702809274945977e-01 5.506643922223878329e-01 6.802511672725228276e-02
6.098908668353953955e-01 5.707538463485363200e-01 6.966458454816956691e-02
3.906789012940937722e-01 7.460864921099233937e-01 4.925035536318798229e-02
7.400497303873416755e-01 7.325654559671580524e-01 2.372674133633739801e-02
7.744375502516034349e-01 7.586086271915346568e-01 1.662757630120447264e-02
7.578830954403020792e-01 9.137254747956605749e-01 3.886147243185153390e-03
7.681238651443574872e-01 4.921529634207240100e-01 7.564673447961019204e-02
1.100156387447204231e+00 1.482767860438179985e-01 1.086734182997458054e-01
1.100156387447204231e+00 1.482767860438179985e-01 1.086734182997458054e-01
1.036111891525857809e+00 4.144593021874710681e-01 6.190892520006563426e-02
1.036111891525857809e+00 4.144593021874710681e-01 6.190892520006563426e-02
1.036111891525857809e+00 4.144593021874710681e-01 6.190892520006563426e-02
1.036111891525857809e+00 4.144593021874710681e-01 6.190892520006563426e-02
1.320939758915370854e+00 -1.876710091140199044e-02 1.113700977709620316e-01
1.104202445528125853e+00 3.872558691726454144e-02 9.693824510948360895e-02
1.250338458921065321e+00 -6.878947959838802029e-03 1.080818609494621080e-01
1.520920673825178593e+00 -2.871754863195589702e-01 8.193849498063721093e-02
1.092266945471628059e+00 -2.000233907355563057e-01 2.969591123607438071e-02
1.092266945471628059e+00 -2.000233907355563057e-01 2.969591123607438071e-02
1.092266945471628059e+00 -2.000233907355563057e-01 2.969591123607438071e-02
1.092266945471628059e+00 -2.000233907355563057e-01 2.969591123607438071e-02
1.564478708461370715e+00 4.238459791027443524e-01 3.286546193112155605e-03
2.044576284524771470e+00 7.814123299516317900e-02 3.588155532095381201e-03
2.044576284524771470e+00 7.814123299516317900e-02 3.588155532095381201e-03
2.044576284524771470e+00 7.814123299516317900e-02 3.588155532095381201e-03
1.681487668148760273e+00 -5.187984574902830825e-01 4.145576909911878605e-02
1.681487668148760273e+00 -5.187984574902830825e-01 4.145576909911878605e-02
1.986057180133740330e+00 -6.651694365703867406e-01 4.328153691406391723e-02
1.986057180133740330e+00 -6.651694365703867406e-01 4.328153691406391723e-02
1.957906546353653132e+00 -2.164052157814390642e-01 5.666617743530200091e-02
1.957906546353653132e+00 -2.164052157814390642e-01 5.666617743530200091e-02
1.957906546353653132e+00 -2.164052157814390642e-01 5.666617743530200091e-02
1.957906546353653132e+00 -2.164052157814390642e-01 5.666617743530200091e-02
1.957906546353653132e+00 -2.164052157814390642e-01 5.666617743530200091e-02
1.957906546353653132e+00 -2.164052157814390642e-01 5.666617743530200091e-02
1.957906546353653132e+00 -2.164052157814390642e-01 5.666617743530200091e-02
2.033212176969876772e+00 -1.409416026448244708e-01 2.741482574074787654e-02
1.960482508822705361e+00 7.395147497917445301e-02 7.280291354248815544e-03
1.690572872889337441e+00 2.696493233089822805e-01 7.092066790997703270e-03
2.183275167914461967e+00 -5.935000375364868352e-02 5.141826939330421120e-03
1.867497605749544931e+00 9.468336063844229322e-02 1.152557223809324780e-02
1.867497605749544931e+00 9.468336063844229322e-02 1.152557223809324780e-02
1.718945790498904058e+00 9.592527393601696373e-03 4.842922586600317825e-02
2.103118167520654502e+00 3.235822015748417435e-01 5.914977049092702696e-05
2.052188048014444544e+00 3.459813665620281586e-01 7.473858018011089201e-05
1.532795208278108001e+00 3.515468842252001958e-01 9.305999894507909279e-03
1.532795208278108001e+00 3.515468842252001958e-01 9.305999894507909279e-03
1.532795208278108001e+00 3.515468842252001958e-01 9.305999894507909279e-03
1.137163215465963439e+00 3.058980261391193167e-01 7.712369902318955139e-02
6.058859774182505653e-01 2.811555974033821403e-01 5.542985852446601081e-02
4.325566506535302169e-01 6.169941590447111102e-01 6.343772498117132563e-02
4.325566506535302169e-01 6.169941590447111102e-01 6.343772498117132563e-02
4.325566506535302169e-01 6.169941590447111102e-01 6.343772498117132563e-02
4.325566506535302169e-01 6.169941590447111102e-01 6.343772498117132563e-02
4.325566506535302169e-01 6.169941590447111102e-01 6.343772498117132563e-02
8.966225950975670322e-02 1.083545979153226924e+00 1.613060890557427643e-02
8.966225950975670322e-02 1.083545979153226924e+00 1.613060890557427643e-02
8.966225950975670322e-02 1.083545979153226924e+00 1.613060890557427643e-02
4.070711196021820077e-01 9.026141181855079632e-01 2.267234131788885970e-02
4.070711196021820077e-01 9.026141181855079632e-01 2.267234131788885970e-02
-1.551193967320468881e-01 8.960352285745418754e-01 2.317220180171349758e-02
-1.551193967320468881e-01 8.960352285745418754e-01 2.317220180171349758e-02
-2.636494065050128954e-01 1.154916617679191848e+00 1.572907177756886765e-02
-2.636494065050128954e-01 1.154916617679191848e+00 1.572907177756886765e-02
-2.636494065050128954e-01 1.154916617679191848e+00 1.572907177756886765e-02
-2.636494065050128954e-01 1.154916617679191848e+00 1.572907177756886765e-02
-1.449234338662550303e-01 1.101456004870871919e+00 1.902775350389640172e-02
-1.449234338662550303e-01 1.101456004870871919e+00 1.902775350389640172e-02
-3.644212686600739604e-01 1.076727227913733209e+00 1.490765966205011284e-02
-3.644212686600739604e-01 1.076727227913733209e+00 1.490765966205011284e-02
-2.628838682156627304e-01 8.501886277266355041e-01 1.388305319656559823e-02
-1.472013482109075788e-01 8.472276565516259073e-01 2.192071462480564906e-02
5.163453804296198602e-01 1.003675594378969915e+00 6.228330664148210190e-03
5.163453804296198602e-01 1.003675594378969915e+00 6.228330664148210190e-03
5.163453804296198602e-01 1.003675594378969915e+00 6.228330664148210190e-03
-3.134857350731952153e-01 7.717073843447734838e-01 7.274353044877628419e-03
-1.393430386747353811e-01 7.259436428991372647e-01 1.513333330885707761e-02
-1.393430386747353811e-01 7.259436428991372647e-01 1.513333330885707761e-02
-6.413924453877567489e-01 1.238468506037178063e+00 7.178313439495415289e-03
-6.413924453877567489e-01 1.238468506037178063e+00 7.178313439495415289e-03
-6.413924453877567489e-01 1.238468506037178063e+00 7.178313439495415289e-03
-6.413924453877567489e-01 1.238468506037178063e+00 7.178313439495415289e-03
-6.413924453877567489e-01 1.238468506037178063e+00 7.178313439495415289e-03
-9.738694620336374452e-01 1.468703413027377280e+00 2.615248998154239956e-03
-9.738694620336374452e-01 1.468703413027377280e+00 2.615248998154239956e-03
-9.738694620336374452e-01 1.468703413027377280e+00 2.615248998154239956e-03
-7.565011018295303424e-01 1.401310172586724523e+00 4.976073686577152898e-03
-7.565011018295303424e-01 1.401310172586724523e+00 4.976073686577152898e-03
-5.288063873796817749e-01 1.338969457733122370e+00 7.869858707736227671e-03
-5.288063873796817749e-01 1.338969457733122370e+00 7.869858707736227671e-03
-4.054610551630941639e-01 1.138970334029054898e+00 1.341083669011938762e-02
-8.941560698620709680e-02 6.999896614827045838e-01 1.723432355443118777e-02
-8.941560698620709680e-02 6.999896614827045838e-01 1.723432355443118777e-02
-8.941560698620709680e-02 6.999896614827045838e-01 1.723432355443118777e-02
-8.941560698620709680e-02 6.999896614827045838e-01 1.723432355443118777e-02
-8.941560698620709680e-02 6.999896614827045838e-01 1.723432355443118777e-02
-8.941560698620709680e-02 6.999896614827045838e-01 1.723432355443118777e-02
