2.489132485845457765e-01 1.481402749648903505e-01 2.909273868923780565e-02
5.846703004557696204e-01 2.115132067495260892e-01 4.534014770151452711e-01
5.846703004557696204e-01 2.115132067495260892e-01 4.534014770151452711e-01
5.846703004557696204e-01 2.115132067495260892e-01 4.534014770151452711e-01
4.619435751440054139e-01 2.393874990263202829e-01 3.599778407726856311e-01
4.619435751440054139e-01 2.393874990263202829e-01 3.599778407726856311e-01
4.619435751440054139e-01 2.393874990263202829e-01 3.599778407726856311e-01
4.619435751440054139e-01 2.393874990263202829e-01 3.599778407726856311e-01
4.968241593781446697e-01 1.681981961614418819e-01 3.468135085847730004e-01
4.968241593781446697e-01 1.681981961614418819e-01 3.468135085847730004e-01
7.653511431485353622e-01 -5.436840979562523879e-02 4.801431721666331587e-01
7.653511431485353622e-01 -5.436840979562523879e-02 4.801431721666331587e-01
7.653511431485353622e-01 -5.436840979562523879e-02 4.801431721666331587e-01
7.653511431485353622e-01 -5.436840979562523879e-02 4.801431721666331587e-01
9.818310391780341595e-01 -1.369871214237099455e-01 3.582029516065109442e-01
9.818310391780341595e-01 -1.369871214237099455e-01 3.582029516065109442e-01
9.818310391780341595e-01 -1.369871214237099455e-01 3.582029516065109442e-01
9.818310391780341595e-01 -1.369871214237099455e-01 3.582029516065109442e-01
9.818310391780341595e-01 -1.369871214237099455e-01 3.582029516065109442e-01
9.818310391780341595e-01 -1.369871214237099455e-01 3.582029516065109442e-01
9.818310391780341595e-01 -1.369871214237099455e-01 3.582029516065109442e-01
9.818310391780341595e-01 -1.369871214237099455e-01 3.582029516065109442e-01
9.818310391780341595e-01 -1.369871214237099455e-01 3.582029516065109442e-01
9.818310391780341595e-01 -1.369871214237099455e-01 3.582029516065109442e-01
9.818310391780341595e-01 -1.369871214237099455e-01 3.582029516065109442e-01
9.818310391780341595e-01 -1.369871214237099455e-01 3.582029516065109442e-01
7.920180900681261793e-01 3.951572307232631420e-02 4.451926522939564923e-01
7.920180900681261793e-01 3.951572307232631420e-02 4.451926522939564923e-01
9.987884724232563016e-01 -3.484768109659517887e-01 4.079940000446462545e-01
9.987884724232563016e-01 -3.484768109659517887e-01 4.079940000446462545e-01
1.053504502671512411e+00 -4.099174409325773150e-01 3.825659376078046625e-01
9.936484759994278493e-01 -3.242239590535894722e-01 4.204821484098343332e-01
9.936484759994278493e-01 -3.242239590535894722e-01 4.204821484098343332e-01
9.936484759994278493e-01 -3.242239590535894722e-01 4.204821484098343332e-01
1.621574953423101650e+00 -5.680167864489603646e-01 9.444992578417061788e-03
1.278785928302289543e+00 -4.207252665611932452e-01 1.747791150745018340e-01
1.278785928302289543e+00 -4.207252665611932452e-01 1.747791150745018340e-01
9.242047619884674603e-01 -2.167276211293143462e-01 4.576532034448162478e-01
9.963667013539376782e-01 -3.094624753703477671e-01 4.260622856547494619e-01
9.817421299024472470e-01 -7.517721699871054986e-02 2.823927372569239314e-01
1.064249414862518783e+00 -1.045211430578125711e-01 1.797746388016690233e-01
1.064249414862518783e+00 -1.045211430578125711e-01 1.797746388016690233e-01
1.064249414862518783e+00 -1.045211430578125711e-01 1.797746388016690233e-01
1.064249414862518783e+00 -1.045211430578125711e-01 1.797746388016690233e-01
8.151347640911664749e-01 2.017116414312980499e-02 4.362349055992970626e-01
1.036087623761706045e+00 -7.163039236048416303e-01 6.502850883689197115e-02
1.036087623761706045e+00 -7.163039236048416303e-01 6.502850883689197115e-02
1.036087623761706045e+00 -7.163039236048416303e-01 6.502850883689197115e-02
1.036087623761706045e+00 -7.163039236048416303e-01 6.502850883689197115e-02
1.036087623761706045e+00 -7.163039236048416303e-01 6.502850883689197115e-02
1.036087623761706045e+00 -7.163039236048416303e-01 6.502850883689197115e-02
1.036087623761706045e+00 -7.163039236048416303e-01 6.502850883689197115e-02
1.036087623761706045e+00 -7.163039236048416303e-01 6.502850883689197115e-02
1.516682812910448597e+00 -5.430132918983929802e-01 3.378119684213300167e-02
1.466988743087681568e+00 -7.030482152932662210e-01 1.319332017650407252e-01
1.466988743087681568e+00 -7.030482152932662210e-01 1.319332017650407252e-01
1.466988743087681568e+00 -7.030482152932662210e-01 1.319332017650407252e-01
1.613241677404134933e+00 -8.166753911768099838e-01 6.477672022588711054e-02
1.613241677404134933e+00 -8.166753911768099838e-01 6.477672022588711054e-02
1.613241677404134933e+00 -8.166753911768099838e-01 6.477672022588711054e-02
1.613241677404134933e+00 -8.166753911768099838e-01 6.477672022588711054e-02
1.643593403019200094e+00 -9.627508700255070773e-01 7.878248935984072387e-02
1.373960396556566543e+00 -9.478059801786172800e-01 1.068023995081990724e-01
1.373960396556566543e+00 -9.478059801786172800e-01 1.068023995081990724e-01
1.503120862126798851e+00 -1.009636557699795878e+00 1.067566794976642641e-01
1.503120862126798851e+00 -1.009636557699795878e+00 1.067566794976642641e-01
1.503120862126798851e+00 -1.009636557699795878e+00 1.067566794976642641e-01
1.619661592845914599e+00 -1.084827172325095956e+00 8.245479749617211362e-02
1.535855029945159433e+00 -9.720408280945382895e-01 1.163939044651925298e-01
1.535855029945159433e+00 -9.720408280945382895e-01 1.163939044651925298e-01
1.404506437333540747e+00 -8.883785983133783981e-01 1.499949458722633910e-01
1.759327335206639198e+00 -1.203426912561115225e+00 4.886289706646153308e-02
1.759327335206639198e+00 -1.203426912561115225e+00 4.886289706646153308e-02
1.759327335206639198e+00 -1.203426912561115225e+00 4.886289706646153308e-02
1.858371354000364351e+00 -1.757460536413222085e+00 1.745772857809429644e-03
1.965408421999380151e+00 -1.346010838678107113e+00 1.734609581654263447e-02
1.965408421999380151e+00 -1.346010838678107113e+00 1.734609581654263447e-02
1.965408421999380151e+00 -1.346010838678107113e+00 1.734609581654263447e-02
1.965408421999380151e+00 -1.346010838678107113e+00 1.734609581654263447e-02
1.965408421999380151e+00 -1.346010838678107113e+00 1.734609581654263447e-02
1.858829199668101895e+00 -1.576638750301003533e+00 1.000437096882927229e-02
2.047767978950609358e+00 -1.606588910900589751e+00 9.396274011615194516e-03
2.047767978950609358e+00 -1.606588910900589751e+00 9.396274011615194516e-03
2.009691746639541865e+00 -1.494212810469730979e+00 1.348850329986980845e-02
2.009691746639541865e+00 -1.494212810469730979e+00 1.348850329986980845e-02
2.009691746639541865e+00 -1.494212810469730979e+00 1.348850329986980845e-02
2.009691746639541865e+00 -1.494212810469730979e+00 1.348850329986980845e-02
1.924197872635960982e+00 -1.553343203814738338e+00 1.318800724003833455e-02
1.924197872635960982e+00 -1.553343203814738338e+00 1.318800724003833455e-02
1.924197872635960982e+00 -1.553343203814738338e+00 1.318800724003833455e-02
1.971782568497864263e+00 -1.555367806069772652e+00 1.284981163464251480e-02
1.971782568497864263e+00 -1.555367806069772652e+00 1.284981163464251480e-02
1.971782568497864263e+00 -1.555367806069772652e+00 1.284981163464251480e-02
1.971782568497864263e+00 -1.555367806069772652e+00 1.284981163464251480e-02
1.728918379920259429e+00 -1.111703441294685790e+00 5.743955460779874567e-02
1.728918379920259429e+00 -1.111703441294685790e+00 5.743955460779874567e-02
1.747577887695118015e+00 -7.875406278081675815e-01 1.137165175674992659e-02
1.747577887695118015e+00 -7.875406278081675815e-01 1.137165175674992659e-02
1.729578791972557816e+00 -8.286987134877015215e-01 2.007344463143525062e-02
1.612607289992050275e+00 -6.864394289227737644e-01 3.077416376740789786e-02
