2.489132485845457765e-01 1.481402749648903505e-01 4.691480830078675890e-02
2.824749941418465693e-01 2.836191649785978486e-01 2.361502988202950348e-01
3.167901085353195811e-01 5.518942188630334700e-01 3.450092830003733679e-01
3.364189951216375318e-01 4.828451323268140860e-01 4.138145801421274084e-01
3.203150790517997892e-01 6.070852800469922483e-01 2.557356076647568366e-01
2.903130946999801787e-01 7.379370233897321052e-01 1.104868908254877380e-01
2.903130946999801787e-01 7.379370233897321052e-01 1.104868908254877380e-01
2.903130946999801787e-01 7.379370233897321052e-01 1.104868908254877380e-01
2.903130946999801787e-01 7.379370233897321052e-01 1.104868908254877380e-01
2.903130946999801787e-01 7.379370233897321052e-01 1.104868908254877380e-01
2.903130946999801787e-01 7.379370233897321052e-01 1.104868908254877380e-01
2.903130946999801787e-01 7.379370233897321052e-01 1.104868908254877380e-01
2.903130946999801787e-01 7.379370233897321052e-01 1.104868908254877380e-01
2.903130946999801787e-01 7.379370233897321052e-01 1.104868908254877380e-01
-3.925694900252774122e-02 5.611923723162307587e-01 9.561448246770454240e-02
1.583664751969134921e-01 4.875251455239261733e-01 2.953095664056578640e-01
1.583664751969134921e-01 4.875251455239261733e-01 2.953095664056578640e-01
1.259594686328822655e-01 7.244967483236328665e-01 2.753941610269129980e-01
1.259594686328822655e-01 7.244967483236328665e-01 2.753941610269129980e-01
1.259594686328822655e-01 7.244967483236328665e-01 2.753941610269129980e-01
1.259594686328822655e-01 7.244967483236328665e-01 2.753941610269129980e-01
3.849878294094404296e-01 5.520432042018941221e-01 2.559059686172513448e-01
3.849878294094404296e-01 5.520432042018941221e-01 2.559059686172513448e-01
3.849878294094404296e-01 5.520432042018941221e-01 2.559059686172513448e-01
7.427034536424813593e-01 1.841185291535674673e-01 2.646114327143028744e-01
7.427034536424813593e-01 1.841185291535674673e-01 2.646114327143028744e-01
4.756291744139104494e-01 5.850259654762997030e-01 9.328785401296790791e-02
4.756291744139104494e-01 5.850259654762997030e-01 9.328785401296790791e-02
5.016792840014829835e-01 3.794107079462235577e-01 3.681397769047313195e-01
5.016792840014829835e-01 3.794107079462235577e-01 3.681397769047313195e-01
5.016792840014829835e-01 3.794107079462235577e-01 3.681397769047313195e-01
5.016792840014829835e-01 3.794107079462235577e-01 3.681397769047313195e-01
5.016792840014829835e-01 3.794107079462235577e-01 3.681397769047313195e-01
5.016792840014829835e-01 3.794107079462235577e-01 3.681397769047313195e-01
6.075806497648109650e-01 3.630092134733061693e-01 2.145130128807809788e-01
6.075806497648109650e-01 3.630092134733061693e-01 2.145130128807809788e-01
6.075806497648109650e-01 3.630092134733061693e-01 2.145130128807809788e-01
2.520100518633339726e-01 5.449554814861718999e-01 3.926402486296006189e-01
3.899602745038015517e-01 3.514680206172842714e-01 4.679929544232404037e-01
3.899602745038015517e-01 3.514680206172842714e-01 4.679929544232404037e-01
3.899602745038015517e-01 3.514680206172842714e-01 4.679929544232404037e-01
3.899602745038015517e-01 3.514680206172842714e-01 4.679929544232404037e-01
6.569071544573144017e-01 3.063871290586011598e-01 2.219784836528161109e-01
5.799110258948347862e-01 4.453067365768721420e-01 1.357089184339709542e-01
4.267377184445996785e-01 -4.543711882034062732e-04 7.499629327889634212e-02
4.267377184445996785e-01 -4.543711882034062732e-04 7.499629327889634212e-02
2.563635283816230181e-01 3.246674267774826705e-01 2.512648610326310150e-01
2.563635283816230181e-01 3.246674267774826705e-01 2.512648610326310150e-01
2.563635283816230181e-01 3.246674267774826705e-01 2.512648610326310150e-01
2.563635283816230181e-01 3.246674267774826705e-01 2.512648610326310150e-01
3.995144935415315679e-01 4.149786899722782696e-01 4.401759205554554022e-01
3.995144935415315679e-01 4.149786899722782696e-01 4.401759205554554022e-01
3.995144935415315679e-01 4.149786899722782696e-01 4.401759205554554022e-01
6.209833410391183417e-01 1.511380376752931576e-01 4.763092044468411612e-01
6.209833410391183417e-01 1.511380376752931576e-01 4.763092044468411612e-01
6.209833410391183417e-01 1.511380376752931576e-01 4.763092044468411612e-01
6.209833410391183417e-01 1.511380376752931576e-01 4.763092044468411612e-01
6.209833410391183417e-01 1.511380376752931576e-01 4.763092044468411612e-01
6.209833410391183417e-01 1.511380376752931576e-01 4.763092044468411612e-01
6.209833410391183417e-01 1.511380376752931576e-01 4.763092044468411612e-01
6.028746829230757776e-01 2.190523930000474184e-01 4.463900745728385799e-01
6.028746829230757776e-01 2.190523930000474184e-01 4.463900745728385799e-01
6.610589618480949836e-01 2.489912502370843495e-01 3.096856472554069817e-01
6.610589618480949836e-01 2.489912502370843495e-01 3.096856472554069817e-01
6.610589618480949836e-01 2.489912502370843495e-01 3.096856472554069817e-01
6.492638733315047039e-01 1.544357693183407432e-01 4.530201526543347623e-01
4.026379025101333164e-01 2.100220006329462930e-01 3.372282740462798634e-01
4.026379025101333164e-01 2.100220006329462930e-01 3.372282740462798634e-01
4.026379025101333164e-01 2.100220006329462930e-01 3.372282740462798634e-01
4.026379025101333164e-01 2.100220006329462930e-01 3.372282740462798634e-01
3.014580153736788892e-01 3.657524791468760306e-01 3.852690753337051910e-01
3.014580153736788892e-01 3.657524791468760306e-01 3.852690753337051910e-01
3.014580153736788892e-01 3.657524791468760306e-01 3.852690753337051910e-01
3.014580153736788892e-01 3.657524791468760306e-01 3.852690753337051910e-01
3.743315596012951607e-01 3.827275635805176268e-01 4.634751860222962039e-01
3.743315596012951607e-01 3.827275635805176268e-01 4.634751860222962039e-01
3.743315596012951607e-01 3.827275635805176268e-01 4.634751860222962039e-01
3.743315596012951607e-01 3.827275635805176268e-01 4.634751860222962039e-01
4.512964558742310617e-01 4.129127548094048694e-01 3.889609911538781106e-01
5.529399236524289440e-01 2.232943236824030675e-01 4.847236826211162586e-01
5.529399236524289440e-01 2.232943236824030675e-01 4.847236826211162586e-01
5.764915396318811558e-01 1.348436006227734796e-01 4.706401516751457237e-01
6.779743573567744708e-01 2.134265525815872699e-01 3.366099010434822625e-01
5.695266864588632849e-01 1.502667526494532169e-01 4.770096221208124931e-01
1.214026268797649522e+00 -2.416701977415705027e-01 7.275968971537111196e-02
9.803490260052197813e-01 -1.266930122971132722e-03 1.293288283871237843e-01
3.829091500297192585e-01 2.011076776656308962e-01 2.862513982966118919e-01
3.829091500297192585e-01 2.011076776656308962e-01 2.862513982966118919e-01
3.829091500297192585e-01 2.011076776656308962e-01 2.862513982966118919e-01
3.829091500297192585e-01 2.011076776656308962e-01 2.862513982966118919e-01
3.829091500297192585e-01 2.011076776656308962e-01 2.862513982966118919e-01
3.829091500297192585e-01 2.011076776656308962e-01 2.862513982966118919e-01
3.829091500297192585e-01 2.011076776656308962e-01 2.862513982966118919e-01
3.698663401285964270e-01 3.493182025773257093e-01 4.540967069482044205e-01
5.402482075277793561e-01 7.451628304220980770e-02 3.485996967233141453e-01
8.034221637708576225e-01 3.054086763464771564e-02 3.665855469786430398e-01
8.034221637708576225e-01 3.054086763464771564e-02 3.665855469786430398e-01
8.034221637708576225e-01 3.054086763464771564e-02 3.665855469786430398e-01
8.034221637708576225e-01 3.054086763464771564e-02 3.665855469786430398e-01
8.034221637708576225e-01 3.054086763464771564e-02 3.665855469786430398e-01
