2.489132485845457765e-01 1.481402749648903505e-01 7.355638091916330557e-02
3.555603734007384831e-01 3.817940051360060316e-01 6.887977758806866913e-01
2.690841653088634766e-01 4.890522537206645204e-01 5.798301963915626356e-01
8.064529761148461762e-02 7.491160600261934643e-01 2.976182552355151612e-01
8.064529761148461762e-02 7.491160600261934643e-01 2.976182552355151612e-01
2.985129190264266819e-01 6.247067742205261176e-01 3.380070480345035433e-01
2.985129190264266819e-01 6.247067742205261176e-01 3.380070480345035433e-01
3.935519140657297577e-01 4.045078879660919391e-01 6.778812850243653987e-01
3.694244748270307799e-01 4.404243381764305632e-01 6.375203272791745146e-01
5.831000888904636081e-02 6.248034528779518038e-01 2.950545640373006262e-01
5.831000888904636081e-02 6.248034528779518038e-01 2.950545640373006262e-01
9.615305970668348856e-02 4.397284062349537392e-01 1.713604814966405987e-01
9.615305970668348856e-02 4.397284062349537392e-01 1.713604814966405987e-01
1.900027952686765831e-01 5.630986899056025230e-01 4.784443198024875277e-01
1.900027952686765831e-01 5.630986899056025230e-01 4.784443198024875277e-01
1.900027952686765831e-01 5.630986899056025230e-01 4.784443198024875277e-01
5.299783427109291400e-01 3.724197802679511948e-01 4.881221620583815479e-01
5.299783427109291400e-01 3.724197802679511948e-01 4.881221620583815479e-01
5.299783427109291400e-01 3.724197802679511948e-01 4.881221620583815479e-01
5.299783427109291400e-01 3.724197802679511948e-01 4.881221620583815479e-01
5.299783427109291400e-01 3.724197802679511948e-01 4.881221620583815479e-01
5.299783427109291400e-01 3.724197802679511948e-01 4.881221620583815479e-01
4.256614818252233978e-01 6.082899117843917347e-01 1.559325322212574416e-01
4.256614818252233978e-01 6.082899117843917347e-01 1.559325322212574416e-01
4.567777556897569258e-01 3.499603625212239222e-01 7.092911928861865833e-01
4.567777556897569258e-01 3.499603625212239222e-01 7.092911928861865833e-01
4.567777556897569258e-01 3.499603625212239222e-01 7.092911928861865833e-01
4.567777556897569258e-01 3.499603625212239222e-01 7.092911928861865833e-01
4.567777556897569258e-01 3.499603625212239222e-01 7.092911928861865833e-01
4.567777556897569258e-01 3.499603625212239222e-01 7.092911928861865833e-01
4.567777556897569258e-01 3.499603625212239222e-01 7.092911928861865833e-01
4.567777556897569258e-01 3.499603625212239222e-01 7.092911928861865833e-01
4.567777556897569258e-01 3.499603625212239222e-01 7.092911928861865833e-01
6.607828341514941917e-01 9.746992875400817269e-03 7.660819707446252513e-01
6.742379400302914716e-01 1.427172903737865817e-01 6.965190398276187578e-01
6.742379400302914716e-01 1.427172903737865817e-01 6.965190398276187578e-01
6.742379400302914716e-01 1.427172903737865817e-01 6.965190398276187578e-01
6.742379400302914716e-01 1.427172903737865817e-01 6.965190398276187578e-01
8.553872173765313391e-01 1.727447049922213040e-01 1.239445554928087084e-01
8.553872173765313391e-01 1.727447049922213040e-01 1.239445554928087084e-01
8.553872173765313391e-01 1.727447049922213040e-01 1.239445554928087084e-01
8.553872173765313391e-01 1.727447049922213040e-01 1.239445554928087084e-01
8.043166183729586471e-01 -4.204258838658290198e-01 9.346571508086587432e-02
9.589563786503301213e-01 -3.509234999891664430e-01 4.067842709201970330e-01
9.589563786503301213e-01 -3.509234999891664430e-01 4.067842709201970330e-01
9.589563786503301213e-01 -3.509234999891664430e-01 4.067842709201970330e-01
8.459916925155552825e-01 -7.339888359882273949e-02 6.211208262748372233e-01
8.459916925155552825e-01 -7.339888359882273949e-02 6.211208262748372233e-01
8.459916925155552825e-01 -7.339888359882273949e-02 6.211208262748372233e-01
5.666041943189199515e-01 1.003751864488891532e-02 5.496745298918699341e-01
5.666041943189199515e-01 1.003751864488891532e-02 5.496745298918699341e-01
4.152056576226169637e-01 1.921462454270274345e-01 5.672765147934681895e-01
4.152056576226169637e-01 1.921462454270274345e-01 5.672765147934681895e-01
4.152056576226169637e-01 1.921462454270274345e-01 5.672765147934681895e-01
3.753849395847282389e-01 1.603427709966179227e-01 3.564691716058880910e-01
1.055310997369776960e+00 -1.025967536068953523e-01 1.430269928083508502e-01
1.022147933807223685e+00 -3.333499612006153301e-01 4.152070681206544989e-01
1.022147933807223685e+00 -3.333499612006153301e-01 4.152070681206544989e-01
7.388463854455535884e-01 5.987590641079620912e-03 7.545719145799429928e-01
7.134786343176717782e-01 -4.252606680304379938e-02 7.399148374438060394e-01
6.874738537135534067e-01 -7.387001781963430103e-02 6.380998033427673910e-01
6.874738537135534067e-01 -7.387001781963430103e-02 6.380998033427673910e-01
6.874738537135534067e-01 -7.387001781963430103e-02 6.380998033427673910e-01
6.874738537135534067e-01 -7.387001781963430103e-02 6.380998033427673910e-01
6.874738537135534067e-01 -7.387001781963430103e-02 6.380998033427673910e-01
6.801189798120683694e-01 -1.806696545401628717e-01 3.256424344286539818e-01
7.832918094628946726e-01 1.103493165235570617e-01 4.341415818573742813e-01
8.871861694415148492e-01 -2.536602406784818631e-01 5.237395494376168026e-01
8.603567180631507272e-01 -1.025715705806679590e-01 6.178261194666655465e-01
8.101237107471163101e-01 9.331816789129671053e-03 5.870588596311965279e-01
8.101237107471163101e-01 9.331816789129671053e-03 5.870588596311965279e-01
3.716603443725485234e-01 3.951295695551064746e-01 6.934676088809910155e-01
2.366584873947869538e-01 3.512652260277743799e-01 3.656284844638018616e-01
4.580708899353266306e-01 1.893650562560203199e-01 6.900386466946079045e-01
4.580708899353266306e-01 1.893650562560203199e-01 6.900386466946079045e-01
4.580708899353266306e-01 1.893650562560203199e-01 6.900386466946079045e-01
4.580708899353266306e-01 1.893650562560203199e-01 6.900386466946079045e-01
4.580708899353266306e-01 1.893650562560203199e-01 6.900386466946079045e-01
4.580708899353266306e-01 1.893650562560203199e-01 6.900386466946079045e-01
8.552853767640058447e-01 9.224156281339626617e-02 2.621545988745699884e-01
8.552853767640058447e-01 9.224156281339626617e-02 2.621545988745699884e-01
8.552853767640058447e-01 9.224156281339626617e-02 2.621545988745699884e-01
8.552853767640058447e-01 9.224156281339626617e-02 2.621545988745699884e-01
2.347039107869322017e-01 6.855188034506445316e-01 3.022384492850626048e-01
2.347039107869322017e-01 6.855188034506445316e-01 3.022384492850626048e-01
2.347039107869322017e-01 6.855188034506445316e-01 3.022384492850626048e-01
2.347039107869322017e-01 6.855188034506445316e-01 3.022384492850626048e-01
2.347039107869322017e-01 6.855188034506445316e-01 3.022384492850626048e-01
2.347039107869322017e-01 6.855188034506445316e-01 3.022384492850626048e-01
5.105289943991555557e-01 4.180179259331284758e-01 4.100959533285420955e-01
5.105289943991555557e-01 4.180179259331284758e-01 4.100959533285420955e-01
2.179990673623963260e-01 2.330168122339041636e-01 1.221245549865324354e-01
2.179990673623963260e-01 2.330168122339041636e-01 1.221245549865324354e-01
2.179990673623963260e-01 2.330168122339041636e-01 1.221245549865324354e-01
2.179990673623963260e-01 2.330168122339041636e-01 1.221245549865324354e-01
6.097199169059206447e-01 2.893363368936580082e-01 4.955899098343556353e-01
6.097199169059206447e-01 2.893363368936580082e-01 4.955899098343556353e-01
6.097199169059206447e-01 2.893363368936580082e-01 4.955899098343556353e-01
6.097199169059206447e-01 2.893363368936580082e-01 4.955899098343556353e-01
6.097199169059206447e-01 2.893363368936580082e-01 4.955899098343556353e-01
