2.489132485845457765e-01 1.481402749648903505e-01 1.287991669852628276e-03
2.489132485845457765e-01 1.481402749648903505e-01 1.287991669852628276e-03
2.896017114521003410e-01 3.677540048754614488e-01 1.374519324965593238e-02
2.896017114521003410e-01 3.677540048754614488e-01 1.374519324965593238e-02
4.446016496315984279e-01 3.923692476214770686e-01 2.975467195381060331e-02
9.508980793678705190e-01 5.564332223040999725e-01 5.367194005615696234e-02
1.965936327695109620e+00 -2.099293405062319096e-04 4.776631470851541716e-02
1.965936327695109620e+00 -2.099293405062319096e-04 4.776631470851541716e-02
1.965936327695109620e+00 -2.099293405062319096e-04 4.776631470851541716e-02
1.965936327695109620e+00 -2.099293405062319096e-04 4.776631470851541716e-02
1.640632403038834397e+00 1.847565049858277408e-01 5.571743706792962186e-02
1.224461702399968877e+00 9.968823549099642412e-03 4.297470318572371717e-02
1.349685636043743031e+00 -2.386832337657134873e-01 1.172801934537083361e-02
1.349685636043743031e+00 -2.386832337657134873e-01 1.172801934537083361e-02
1.837627527751983569e+00 -3.336951255653324289e-01 2.783825364586093795e-02
1.924375721928021754e+00 -3.020403473793786819e-02 5.478900631448038044e-02
2.168635785556113138e+00 -9.332880364585104116e-02 3.839072163825073269e-02
2.168635785556113138e+00 -9.332880364585104116e-02 3.839072163825073269e-02
2.054320887403587204e+00 6.426918528915954998e-02 2.954752140695013699e-02
2.049868222509233284e+00 -1.490951621665950189e-01 5.155254787000429495e-02
2.049868222509233284e+00 -1.490951621665950189e-01 5.155254787000429495e-02
2.049868222509233284e+00 -1.490951621665950189e-01 5.155254787000429495e-02
2.049868222509233284e+00 -1.490951621665950189e-01 5.155254787000429495e-02
2.049868222509233284e+00 -1.490951621665950189e-01 5.155254787000429495e-02
1.802031471297686815e+00 -1.166720715009094134e-01 5.954584689761313610e-02
1.641303953309570351e+00 8.036267394372895168e-03 6.878598098607939526e-02
1.641303953309570351e+00 8.036267394372895168e-03 6.878598098607939526e-02
1.377409691287109217e+00 -9.954201903382978861e-03 5.405719493344076504e-02
1.390718455351411142e+00 -9.460892672373079348e-02 3.766518837835189371e-02
1.630895000275143225e+00 -2.479292337018776382e-02 6.642311141506437866e-02
1.721091498384409224e+00 -2.424924544229118684e-01 3.599775725123379594e-02
2.118204246430767768e+00 -1.188246545353711103e-01 4.522760164474072531e-02
1.611686058998606175e+00 1.412335102158934763e-03 6.846236510398762132e-02
1.611686058998606175e+00 1.412335102158934763e-03 6.846236510398762132e-02
1.611686058998606175e+00 1.412335102158934763e-03 6.846236510398762132e-02
1.238435421768926403e+00 2.169241459677074824e-01 7.666174998585886802e-02
1.238435421768926403e+00 2.169241459677074824e-01 7.666174998585886802e-02
1.240757090294394738e+00 3.935415622490215926e-01 5.975146519349522345e-02
1.240757090294394738e+00 3.935415622490215926e-01 5.975146519349522345e-02
1.343393032241487983e+00 4.167015326818155341e-01 4.390141705752495516e-02
1.343393032241487983e+00 4.167015326818155341e-01 4.390141705752495516e-02
1.654552291338618586e+00 2.099045452084819796e-01 4.964748373582601737e-02
1.654552291338618586e+00 2.099045452084819796e-01 4.964748373582601737e-02
2.165294877220378389e+00 1.879759682859328263e-01 7.958503767504355661e-03
2.454764914892595407e+00 -2.400074940519020816e-01 2.707727673230741344e-02
2.454764914892595407e+00 -2.400074940519020816e-01 2.707727673230741344e-02
2.435151210424472357e+00 -4.869259405499790638e-01 2.723329712963448723e-02
2.435151210424472357e+00 -4.869259405499790638e-01 2.723329712963448723e-02
2.435151210424472357e+00 -4.869259405499790638e-01 2.723329712963448723e-02
2.062250506967346908e+00 -3.022376684086782173e-01 4.244031612549732657e-02
1.988651142152928486e+00 -2.263199357591575978e-01 4.991025687896492868e-02
1.988651142152928486e+00 -2.263199357591575978e-01 4.991025687896492868e-02
1.685821338729411201e+00 -1.078915849540507121e-03 6.767949238767788367e-02
1.782157469060467347e+00 -1.032473011491946008e-01 6.067341826739353766e-02
1.782157469060467347e+00 -1.032473011491946008e-01 6.067341826739353766e-02
1.782157469060467347e+00 -1.032473011491946008e-01 6.067341826739353766e-02
1.782157469060467347e+00 -1.032473011491946008e-01 6.067341826739353766e-02
1.867280447398649734e+00 -2.317964033432657889e-01 4.634499483439538658e-02
1.867280447398649734e+00 -2.317964033432657889e-01 4.634499483439538658e-02
1.867280447398649734e+00 -2.317964033432657889e-01 4.634499483439538658e-02
1.867280447398649734e+00 -2.317964033432657889e-01 4.634499483439538658e-02
1.867280447398649734e+00 -2.317964033432657889e-01 4.634499483439538658e-02
1.867280447398649734e+00 -2.317964033432657889e-01 4.634499483439538658e-02
1.867280447398649734e+00 -2.317964033432657889e-01 4.634499483439538658e-02
1.867280447398649734e+00 -2.317964033432657889e-01 4.634499483439538658e-02
2.092165839484465995e+00 -1.331769923444617310e-02 3.645197633783718583e-02
2.092165839484465995e+00 -1.331769923444617310e-02 3.645197633783718583e-02
1.832957128200196406e+00 -2.942326921330883360e-01 3.412428402979215958e-02
1.477932951354280489e+00 -1.766575789303916344e-01 2.940205934401340232e-02
1.477932951354280489e+00 -1.766575789303916344e-01 2.940205934401340232e-02
1.477932951354280489e+00 -1.766575789303916344e-01 2.940205934401340232e-02
1.477932951354280489e+00 -1.766575789303916344e-01 2.940205934401340232e-02
1.647677493998584985e+00 -1.855633976865756207e-01 4.138269233579218442e-02
1.647677493998584985e+00 -1.855633976865756207e-01 4.138269233579218442e-02
1.862623666996707117e+00 -1.052467910945938251e-01 5.985618126449722409e-02
1.862623666996707117e+00 -1.052467910945938251e-01 5.985618126449722409e-02
1.862623666996707117e+00 -1.052467910945938251e-01 5.985618126449722409e-02
2.210243177324148434e+00 -7.871201177741732335e-02 3.287267316037747328e-02
2.210243177324148434e+00 -7.871201177741732335e-02 3.287267316037747328e-02
2.338818069802037769e+00 -5.989685217996680577e-02 1.967724940859840593e-02
1.874691875513492922e+00 -3.259401581635762435e-03 5.677806802309513096e-02
2.220396152517932542e+00 -2.158893050816109230e-02 2.518379006979947279e-02
2.220396152517932542e+00 -2.158893050816109230e-02 2.518379006979947279e-02
2.220396152517932542e+00 -2.158893050816109230e-02 2.518379006979947279e-02
2.220396152517932542e+00 -2.158893050816109230e-02 2.518379006979947279e-02
2.789375486701168416e+00 -2.824578495386944055e-01 9.714688809196693128e-03
2.789375486701168416e+00 -2.824578495386944055e-01 9.714688809196693128e-03
2.695732070208479492e+00 -4.644952370521662210e-01 2.172739066310733561e-02
2.646416091748761357e+00 -4.254277643128411834e-01 2.341286108533399343e-02
1.690132079000523202e+00 -2.790795322939808587e-01 2.735069385133581318e-02
1.772144255857952766e+00 3.123540566042287692e-02 6.238202225469070134e-02
1.772144255857952766e+00 3.123540566042287692e-02 6.238202225469070134e-02
1.772144255857952766e+00 3.123540566042287692e-02 6.238202225469070134e-02
1.772144255857952766e+00 3.123540566042287692e-02 6.238202225469070134e-02
1.772144255857952766e+00 3.123540566042287692e-02 6.238202225469070134e-02
1.520365039404295793e+00 -6.142489137237666652e-02 5.577433684593784136e-02
1.303727377785425023e+00 4.998808318073322265e-02 5.933063925510994457e-02
7.700936285231613221e-01 8.309136034644797053e-02 1.412491924161368186e-02
7.700936285231613221e-01 8.309136034644797053e-02 1.412491924161368186e-02
7.458040502846838837e-01 1.083849346016783483e-01 1.550359419004489377e-02
