2.489132485845457765e-01 1.481402749648903505e-01 1.068993901785719736e-03
2.249931651068005911e-01 1.624059621360867123e-01 1.089134882474066543e-03
3.179648217293862267e-01 1.365680261210224511e-01 1.440623164717447832e-03
3.179648217293862267e-01 1.365680261210224511e-01 1.440623164717447832e-03
1.198842350435785464e+00 -1.223286617469956650e-01 8.670445398954009300e-03
1.418310192160343375e+00 8.636723230241552529e-02 3.318005095619722122e-02
1.596944161268291307e+00 5.329156037328672268e-02 3.120125259228354736e-02
1.668703789307236285e+00 -8.988530563066129964e-03 2.974510205849211983e-02
1.369597836242617106e+00 -4.627778004122706096e-02 2.194838452769436871e-02
1.665447502361651955e+00 -2.542815759460133052e-01 1.399181670776935421e-02
1.792695454957000001e+00 -2.023480324829663446e-01 2.152141771072535806e-02
1.792695454957000001e+00 -2.023480324829663446e-01 2.152141771072535806e-02
1.792695454957000001e+00 -2.023480324829663446e-01 2.152141771072535806e-02
2.139589357578426387e+00 -3.198470950894173326e-01 1.880765096841739703e-02
2.139589357578426387e+00 -3.198470950894173326e-01 1.880765096841739703e-02
2.311528262324514582e+00 -5.633642223795702897e-01 8.908635553789052627e-03
2.361645688866161663e+00 -3.930159169561572297e-01 1.598868252075651142e-02
2.461116791050159236e+00 -4.283334743661958988e-01 1.452630466893368999e-02
2.149873263380727373e+00 -1.597427136871417686e-01 1.953700130133007376e-02
2.175606109589685477e+00 -1.546884514923713150e-01 1.851117314582973947e-02
2.017825169384092732e+00 -1.731220025787273409e-01 2.309429422666766166e-02
1.956313906056615259e+00 -1.100522927436910353e-01 2.422619529788017437e-02
2.062464137909120421e+00 -2.510587125809283227e-01 2.123673988825938719e-02
2.062464137909120421e+00 -2.510587125809283227e-01 2.123673988825938719e-02
1.537095377951817943e+00 5.513394829682999321e-02 3.204488217370710101e-02
1.537095377951817943e+00 5.513394829682999321e-02 3.204488217370710101e-02
1.537095377951817943e+00 5.513394829682999321e-02 3.204488217370710101e-02
1.928038200552133929e+00 4.105034108132017967e-01 1.344284814980492440e-03
1.962528004732210229e+00 1.062283659315405582e-01 1.319600045355663609e-02
1.962528004732210229e+00 1.062283659315405582e-01 1.319600045355663609e-02
1.898812736008853364e+00 9.679158711161750528e-02 1.681061215824608546e-02
2.007246064307991684e+00 -7.357990448599183164e-02 2.169553565236212803e-02
2.008813144969417763e+00 -2.416740231531339100e-01 2.163766024987223008e-02
1.466921368639495515e+00 -3.865875760738227140e-02 2.607874489930294901e-02
1.684366925942894833e+00 6.854751123244004485e-03 2.961228026798856661e-02
1.556243161001018560e+00 -3.807256286274123269e-01 3.785322642585195376e-03
1.556243161001018560e+00 -3.807256286274123269e-01 3.785322642585195376e-03
1.782069448947070978e+00 -2.892792538339203356e-01 1.473211503238435263e-02
1.654543108196816714e+00 -9.576547600699300555e-02 2.616785394673069864e-02
1.654543108196816714e+00 -9.576547600699300555e-02 2.616785394673069864e-02
1.654543108196816714e+00 -9.576547600699300555e-02 2.616785394673069864e-02
1.231439636046785413e+00 4.684663810206227685e-01 2.058668306169404022e-02
1.231244910565302275e+00 4.863545603354924585e-01 1.879704743629674948e-02
1.231244910565302275e+00 4.863545603354924585e-01 1.879704743629674948e-02
1.231244910565302275e+00 4.863545603354924585e-01 1.879704743629674948e-02
1.345804938308617471e+00 4.223042392776228393e-01 1.865050245774370688e-02
1.345804938308617471e+00 4.223042392776228393e-01 1.865050245774370688e-02
1.616937613279542330e+00 -6.910560225274986479e-02 2.725427372192746125e-02
1.616937613279542330e+00 -6.910560225274986479e-02 2.725427372192746125e-02
1.680854519050066109e+00 1.911670710964721853e-03 2.966876487127389356e-02
1.307463410628226352e+00 -4.587256440013063458e-02 1.943479267973230104e-02
1.161243396615011081e+00 4.475063562846432613e-02 2.214622117777089241e-02
9.711734349383589482e-01 3.387470707981019014e-01 3.876805116296598575e-02
6.975839222816156981e-01 5.165157816660114198e-01 3.952847673483641383e-02
8.974315614449634992e-02 7.722256624360960275e-01 3.367717441543246343e-02
3.239958470927803980e-01 9.491122382433713200e-01 1.842863495450685132e-02
3.239958470927803980e-01 9.491122382433713200e-01 1.842863495450685132e-02
3.919309442288747558e-01 6.048952274378394112e-01 3.689920621626720937e-02
-2.088754939056691740e-02 8.953348834831771352e-01 3.200174944844930147e-02
-2.088754939056691740e-02 8.953348834831771352e-01 3.200174944844930147e-02
-1.605847101301799765e-02 8.479544152840962079e-01 3.236057214968757201e-02
-1.605847101301799765e-02 8.479544152840962079e-01 3.236057214968757201e-02
-1.605847101301799765e-02 8.479544152840962079e-01 3.236057214968757201e-02
-1.605847101301799765e-02 8.479544152840962079e-01 3.236057214968757201e-02
1.442588050294366653e-01 7.523865198884203132e-01 3.465660718660916462e-02
2.553063264207707239e-01 8.903759165143861898e-01 2.732520219085045332e-02
2.553063264207707239e-01 8.903759165143861898e-01 2.732520219085045332e-02
2.553063264207707239e-01 8.903759165143861898e-01 2.732520219085045332e-02
5.413506357798070212e-01 7.526378610993196272e-01 2.864616185657408234e-02
5.413506357798070212e-01 7.526378610993196272e-01 2.864616185657408234e-02
5.413506357798070212e-01 7.526378610993196272e-01 2.864616185657408234e-02
5.413506357798070212e-01 7.526378610993196272e-01 2.864616185657408234e-02
4.210420202150966240e-01 7.654435946145203840e-01 3.248816021121064823e-02
4.210420202150966240e-01 7.654435946145203840e-01 3.248816021121064823e-02
4.210420202150966240e-01 7.654435946145203840e-01 3.248816021121064823e-02
4.653828642069419708e-01 7.840016699412289958e-01 2.897128338576975340e-02
4.653828642069419708e-01 7.840016699412289958e-01 2.897128338576975340e-02
4.653828642069419708e-01 7.840016699412289958e-01 2.897128338576975340e-02
4.653828642069419708e-01 7.840016699412289958e-01 2.897128338576975340e-02
4.228595638855416339e-01 7.720692491132884472e-01 3.185059238313131535e-02
4.228595638855416339e-01 7.720692491132884472e-01 3.185059238313131535e-02
4.228595638855416339e-01 7.720692491132884472e-01 3.185059238313131535e-02
4.228595638855416339e-01 7.720692491132884472e-01 3.185059238313131535e-02
5.287813560095298016e-01 7.553305948582709206e-01 2.896536901696604438e-02
3.663064713722040677e-01 8.479186962477378575e-01 2.691756369192782605e-02
3.663064713722040677e-01 8.479186962477378575e-01 2.691756369192782605e-02
5.487107652791315404e-01 1.013280095836228245e+00 5.311870813120265350e-03
4.934263928026933477e-01 9.869791878775571181e-01 8.379023112415990779e-03
5.862536312360102642e-01 9.211142434029830905e-01 9.864789389862436281e-03
1.839886740722935232e-01 8.259756273278441308e-01 3.395219328510832441e-02
1.839886740722935232e-01 8.259756273278441308e-01 3.395219328510832441e-02
1.839886740722935232e-01 8.259756273278441308e-01 3.395219328510832441e-02
1.839886740722935232e-01 8.259756273278441308e-01 3.395219328510832441e-02
1.839886740722935232e-01 8.259756273278441308e-01 3.395219328510832441e-02
1.839886740722935232e-01 8.259756273278441308e-01 3.395219328510832441e-02
1.839886740722935232e-01 8.259756273278441308e-01 3.395219328510832441e-02
2.076795625622720742e-01 8.154098632163941929e-01 3.419405584309199303e-02
2.662908466169029431e-01 9.149762489268128407e-01 2.446551137934135575e-02
2.662908466169029431e-01 9.149762489268128407e-01 2.446551137934135575e-02
1.458453053521479581e-01 7.633898732529367237e-01 3.487161373919604734e-02
