2.489132485845457765e-01 1.481402749648903505e-01 7.448330882647509303e-03
5.877945724835520469e-01 -7.381984617865733345e-02 3.424260487483492266e-02
6.840774753147413900e-01 -1.699855151217405380e-01 3.387318903955076344e-02
1.040648248453875713e+00 -2.055139910231726375e-02 3.199068218865606661e-01
8.569673314713293077e-01 4.386534567486142233e-01 1.380645034494228096e-01
8.569673314713293077e-01 4.386534567486142233e-01 1.380645034494228096e-01
5.606678915730121116e-01 4.095086519264545255e-01 2.487310756089840813e-01
4.571830202072945104e-01 5.281426705121678999e-01 1.918943436798709323e-01
2.781303997163888098e-01 6.736715428923887306e-01 1.103599244776762023e-01
1.739892220442847415e-01 9.825933688614706396e-01 3.430828556018487158e-02
1.739892220442847415e-01 9.825933688614706396e-01 3.430828556018487158e-02
1.739892220442847415e-01 9.825933688614706396e-01 3.430828556018487158e-02
2.690898334259050340e-01 6.679918878133366267e-01 1.080652852277345782e-01
2.690898334259050340e-01 6.679918878133366267e-01 1.080652852277345782e-01
2.690898334259050340e-01 6.679918878133366267e-01 1.080652852277345782e-01
2.690898334259050340e-01 6.679918878133366267e-01 1.080652852277345782e-01
3.777448070866472607e-01 3.360212497361468875e-01 1.019035984565422048e-01
8.717459708943714469e-02 1.203502768913128906e-01 5.203008988261961050e-04
2.511156502963236004e-01 9.302858734380195505e-02 4.172466123478572528e-03
2.882079086182580685e-01 1.432172353385314789e-01 1.140640838515383747e-02
2.882079086182580685e-01 1.432172353385314789e-01 1.140640838515383747e-02
2.882079086182580685e-01 1.432172353385314789e-01 1.140640838515383747e-02
1.579285335207293584e-01 8.157685861238755942e-01 6.398924041946614516e-02
2.305842524586571018e-01 8.043172709165083978e-01 7.667682685061714964e-02
2.305842524586571018e-01 8.043172709165083978e-01 7.667682685061714964e-02
2.305842524586571018e-01 8.043172709165083978e-01 7.667682685061714964e-02
5.506362919472489459e-01 7.549974413047342292e-01 6.415609590710380505e-02
4.508908340053094377e-01 6.202108250481446206e-01 1.583212948443388224e-01
4.508908340053094377e-01 6.202108250481446206e-01 1.583212948443388224e-01
4.508908340053094377e-01 6.202108250481446206e-01 1.583212948443388224e-01
4.771121568447094230e-01 4.374654809043059256e-01 2.068488295614397399e-01
5.831964825609647907e-02 6.567195079048152584e-01 3.500840514204350135e-02
1.418454748441099755e-01 4.466319231055650985e-01 2.715132676259783898e-02
1.418454748441099755e-01 4.466319231055650985e-01 2.715132676259783898e-02
1.418454748441099755e-01 4.466319231055650985e-01 2.715132676259783898e-02
-2.188952196643156878e-02 7.757139147573213211e-01 2.641011390688489599e-02
3.895089778486320042e-02 8.581563809349251892e-01 3.943192775851114135e-02
3.895089778486320042e-02 8.581563809349251892e-01 3.943192775851114135e-02
-2.555971424369278544e-02 8.219797876755068344e-01 2.768464405277000842e-02
-2.555971424369278544e-02 8.219797876755068344e-01 2.768464405277000842e-02
-2.555971424369278544e-02 8.219797876755068344e-01 2.768464405277000842e-02
4.142173703526820516e-02 8.182068908036328470e-01 4.051087212061550702e-02
4.593151328352713669e-01 3.437527551126183800e-01 1.667014261705622724e-01
3.794425938878945304e-01 5.181020559767807176e-01 1.582189403918692616e-01
1.062417438219672716e+00 8.082221112379706085e-02 2.784867154257004707e-01
7.468685231587888218e-01 5.981272389976144410e-03 1.865710587522713126e-01
1.087639098498343726e+00 -1.769243983586502866e-01 2.551802142810314922e-01
1.209705687530864937e+00 -6.249542752199271911e-02 2.336677480269640506e-01
1.209705687530864937e+00 -6.249542752199271911e-02 2.336677480269640506e-01
1.209705687530864937e+00 -6.249542752199271911e-02 2.336677480269640506e-01
1.209705687530864937e+00 -6.249542752199271911e-02 2.336677480269640506e-01
1.209705687530864937e+00 -6.249542752199271911e-02 2.336677480269640506e-01
9.969245826266254218e-01 -1.407216737929588984e-02 3.253982965393954485e-01
9.969245826266254218e-01 -1.407216737929588984e-02 3.253982965393954485e-01
9.969245826266254218e-01 -1.407216737929588984e-02 3.253982965393954485e-01
9.969245826266254218e-01 -1.407216737929588984e-02 3.253982965393954485e-01
9.969245826266254218e-01 -1.407216737929588984e-02 3.253982965393954485e-01
9.969245826266254218e-01 -1.407216737929588984e-02 3.253982965393954485e-01
9.969245826266254218e-01 -1.407216737929588984e-02 3.253982965393954485e-01
6.348532246147122748e-01 2.722200093061986625e-01 2.748959701494834706e-01
6.943887003634860999e-01 3.899968552149084555e-01 2.700173578480271064e-01
8.354353099105689129e-01 4.061512719389129833e-01 1.824787724186456572e-01
8.955121413870502645e-01 5.278532737280068332e-01 5.618085850155379174e-02
1.078404355697324846e+00 2.202458779456173965e-01 1.523608805512919329e-01
8.801433797636017964e-01 2.862283431396815958e-01 2.616892079121608261e-01
8.801433797636017964e-01 2.862283431396815958e-01 2.616892079121608261e-01
6.788194941724128295e-01 3.603219787819441633e-01 2.871851191121786440e-01
4.968067311379169571e-01 5.781697314120007869e-01 1.794380440308535885e-01
7.607164723236308213e-01 3.773471670829111613e-01 2.558587022743334938e-01
7.607164723236308213e-01 3.773471670829111613e-01 2.558587022743334938e-01
7.607164723236308213e-01 3.773471670829111613e-01 2.558587022743334938e-01
6.941292281423241395e-01 1.788207073818839365e-01 2.766649950823050208e-01
9.445448025669622716e-01 2.236806951520784736e-01 2.672171968987983592e-01
6.559751013350029192e-01 4.684790973207145770e-01 2.253980696134739725e-01
7.509547186946635700e-01 4.140038607041224283e-01 2.296019691944046481e-01
7.509547186946635700e-01 4.140038607041224283e-01 2.296019691944046481e-01
7.509547186946635700e-01 4.140038607041224283e-01 2.296019691944046481e-01
7.509547186946635700e-01 4.140038607041224283e-01 2.296019691944046481e-01
7.509547186946635700e-01 4.140038607041224283e-01 2.296019691944046481e-01
7.509547186946635700e-01 4.140038607041224283e-01 2.296019691944046481e-01
9.755119626928354659e-01 4.577959202053720755e-01 5.678544653216503063e-02
6.726548222997644766e-01 3.261762571644238884e-02 1.440353347579851617e-01
6.726548222997644766e-01 3.261762571644238884e-02 1.440353347579851617e-01
1.115382641634246053e+00 2.431281900274155638e-01 1.055545596283988669e-01
1.115382641634246053e+00 2.431281900274155638e-01 1.055545596283988669e-01
1.469621785395329283e+00 -1.620404745125720580e-01 8.194139124456668866e-02
1.469621785395329283e+00 -1.620404745125720580e-01 8.194139124456668866e-02
1.469621785395329283e+00 -1.620404745125720580e-01 8.194139124456668866e-02
1.455300419742132423e+00 -1.120494204605476662e-01 7.219883856374706421e-02
1.478796549436017127e+00 -2.127798637505794732e-01 9.330590354410843446e-02
1.303459919028730596e+00 -3.122840732273393649e-01 1.893270556805118632e-01
1.440329083126635545e+00 -1.553263332083853476e-01 9.710368765477524200e-02
1.227486907008691119e+00 -2.412736567742992388e-01 2.279646402523450299e-01
1.227486907008691119e+00 -2.412736567742992388e-01 2.279646402523450299e-01
8.264798038622225285e-01 -8.907838567097339788e-02 1.685677290011837748e-01
8.264798038622225285e-01 -8.907838567097339788e-02 1.685677290011837748e-01
8.264798038622225285e-01 -8.907838567097339788e-02 1.685677290011837748e-01
8.264798038622225285e-01 -8.907838567097339788e-02 1.685677290011837748e-01
8.264798038622225285e-01 -8.907838567097339788e-02 1.685677290011837748e-01
9.440180484341818001e-01 -1.343076344994311166e-01 2.176116024191524501e-01
