2.489132485845457765e-01 1.481402749648903505e-01 1.165546133382321407e-03
2.489132485845457765e-01 1.481402749648903505e-01 1.165546133382321407e-03
1.553695216079438723e-01 4.809295125147682315e-01 1.424827450277834674e-02
2.856858003736403862e-02 4.690355120507590514e-01 7.927455108982617987e-03
2.856858003736403862e-02 4.690355120507590514e-01 7.927455108982617987e-03
2.856858003736403862e-02 4.690355120507590514e-01 7.927455108982617987e-03
-2.548247209046088368e-01 9.083032467509941643e-01 2.791933081156610860e-02
-5.482028792824722441e-01 1.155256229181068406e+00 2.613976588466477083e-02
-4.709021789324338014e-01 1.179944614207022902e+00 2.611322452548852507e-02
-7.057244702319259710e-01 1.243707337340064667e+00 2.363566567293555118e-02
-1.004758054791100363e+00 1.238417662880557879e+00 1.364206689950129246e-02
-9.887982385597988699e-01 9.004159038634720336e-01 1.345689676175622178e-03
-1.170761970568002130e+00 1.400966073172940085e+00 1.429648825144394508e-02
-1.133796536227600793e+00 1.524839320441751189e+00 1.625397629664351862e-02
-1.133796536227600793e+00 1.524839320441751189e+00 1.625397629664351862e-02
-1.186597898032369480e+00 1.639853272925122951e+00 1.324750122302242351e-02
-1.812895499900817331e+00 2.044012070530131897e+00 5.157937159922851462e-03
-2.001595862882497023e+00 1.971501366552712131e+00 5.558232395313209007e-03
-2.001595862882497023e+00 1.971501366552712131e+00 5.558232395313209007e-03
-2.095628900157545438e+00 1.815603688612257738e+00 3.130938202065464398e-03
-1.829901598431107779e+00 1.620751458351612495e+00 3.747206709367717666e-03
-1.743618094535450469e+00 1.708534817496067504e+00 7.080453706688017573e-03
-1.312756113196831276e+00 1.822620747395821361e+00 7.513896441152221467e-03
-1.312756113196831276e+00 1.822620747395821361e+00 7.513896441152221467e-03
-1.481482324329930655e+00 1.626611147862103035e+00 1.105939240691228634e-02
-1.280886333870568050e+00 1.579793208593202047e+00 1.421366760745375150e-02
-1.301239888114188448e+00 1.534602833465399829e+00 1.369104496201154451e-02
-1.306495294494653736e+00 1.473453017896590334e+00 1.233393565441307134e-02
-1.071930396978121314e+00 1.668646098595439664e+00 1.056702316629007724e-02
-1.036615170613886860e+00 1.381337914538355749e+00 1.771263502812122498e-02
-8.585994502822685837e-01 1.544489184896500111e+00 1.303132607174776331e-02
-8.585994502822685837e-01 1.544489184896500111e+00 1.303132607174776331e-02
-7.782549334632232751e-01 1.043694851187226824e+00 1.215301246748969576e-02
-7.782549334632232751e-01 1.043694851187226824e+00 1.215301246748969576e-02
-6.077208028445619803e-01 1.544758435244174111e+00 6.772226464239661584e-03
-6.077208028445619803e-01 1.544758435244174111e+00 6.772226464239661584e-03
-1.103860482548518762e+00 1.495613047839055465e+00 1.688709825696261060e-02
-1.063154353775076499e+00 1.380792000122165630e+00 1.698273710970563816e-02
-8.210389827551645148e-01 1.412989676281797502e+00 1.941067407223438790e-02
-8.210389827551645148e-01 1.412989676281797502e+00 1.941067407223438790e-02
-8.210389827551645148e-01 1.412989676281797502e+00 1.941067407223438790e-02
-5.537141572383443844e-01 1.252140788313057529e+00 2.387167815281469180e-02
-5.537141572383443844e-01 1.252140788313057529e+00 2.387167815281469180e-02
-1.292493440198697607e-01 1.252861174698323143e+00 1.022182118143161525e-02
-1.292493440198697607e-01 1.252861174698323143e+00 1.022182118143161525e-02
-1.894468800059796731e-02 1.046125596180662143e+00 2.295834109601406145e-02
-1.894468800059796731e-02 1.046125596180662143e+00 2.295834109601406145e-02
-1.894468800059796731e-02 1.046125596180662143e+00 2.295834109601406145e-02
-1.894468800059796731e-02 1.046125596180662143e+00 2.295834109601406145e-02
-9.768680366079150745e-02 9.790850079434524345e-01 3.020205422868663461e-02
-9.768680366079150745e-02 9.790850079434524345e-01 3.020205422868663461e-02
-1.227707833538593252e-01 7.767706413525018450e-01 2.539971808238702597e-02
-4.088039336551632652e-01 1.029584319710315388e+00 2.744329470947290753e-02
-2.739870870987873297e-01 1.188020788080635937e+00 2.111850233740326932e-02
-2.739870870987873297e-01 1.188020788080635937e+00 2.111850233740326932e-02
-7.292843659904097997e-01 1.229258990025667631e+00 2.304548151380926557e-02
-7.292843659904097997e-01 1.229258990025667631e+00 2.304548151380926557e-02
-7.292843659904097997e-01 1.229258990025667631e+00 2.304548151380926557e-02
-7.292843659904097997e-01 1.229258990025667631e+00 2.304548151380926557e-02
-9.050837505835929164e-01 1.175156490846852808e+00 1.442651268363689607e-02
-9.142044478785553707e-01 1.446260360655422295e+00 1.869308518399675351e-02
-8.236470712629240243e-01 1.022174186681072294e+00 9.055406653785163379e-03
-8.236470712629240243e-01 1.022174186681072294e+00 9.055406653785163379e-03
-4.556499185336487789e-01 7.629286917002888746e-01 7.990379566969709607e-03
-2.104902252811125252e-01 5.997624859564394395e-01 7.283578088169108053e-03
4.721610145877900289e-01 4.274031291140564792e-01 2.555767791984159959e-02
4.273627335857809184e-01 4.885858244459876376e-01 2.863668470826897031e-02
4.273627335857809184e-01 4.885858244459876376e-01 2.863668470826897031e-02
5.514611188884486204e-01 4.088197809282445028e-01 2.746556574850312141e-02
5.514611188884486204e-01 4.088197809282445028e-01 2.746556574850312141e-02
7.445389208480528431e-01 6.632095698327271638e-01 1.911559225256223918e-02
4.762459375199966649e-01 8.549116683166781971e-01 1.608042506458850010e-02
2.472712707075819250e-01 6.541347776685201287e-01 3.257070851472452372e-02
2.472712707075819250e-01 6.541347776685201287e-01 3.257070851472452372e-02
2.164989416329611283e-01 1.030414321280443524e+00 1.336758743034712968e-02
2.164989416329611283e-01 1.030414321280443524e+00 1.336758743034712968e-02
3.734901893764074887e-01 6.097422713244980974e-01 3.354278398359994418e-02
3.734901893764074887e-01 6.097422713244980974e-01 3.354278398359994418e-02
4.033842799950689284e-01 3.576749998886638027e-01 1.568164364800458607e-02
4.033842799950689284e-01 3.576749998886638027e-01 1.568164364800458607e-02
4.326981182804638393e-01 3.996764882648256023e-01 2.106178181725215648e-02
4.326981182804638393e-01 3.996764882648256023e-01 2.106178181725215648e-02
4.326981182804638393e-01 3.996764882648256023e-01 2.106178181725215648e-02
6.667792639256149290e-01 2.392129027634585792e-01 1.764450399073118000e-02
1.315807527694866419e+00 -3.933598307006946904e-02 1.899861188738788051e-02
1.410052064548207085e+00 1.608825997902220140e-01 2.152153132722233256e-02
1.600686969440142438e+00 1.845990903562639562e-01 1.219110258361566154e-02
1.183848887742504630e+00 3.088976106585915038e-01 2.362298842476523095e-02
1.396517775035521769e+00 2.559341023135500159e-01 1.696469714702591308e-02
1.396517775035521769e+00 2.559341023135500159e-01 1.696469714702591308e-02
1.597127346040832396e+00 1.244494524148954118e-01 1.565129997378408855e-02
1.078333818751582074e+00 3.025999885357737451e-01 2.784293515651824202e-02
1.457355789656966438e+00 2.334556998072980227e-01 1.555374957258640230e-02
1.457355789656966438e+00 2.334556998072980227e-01 1.555374957258640230e-02
1.240310966316990005e+00 1.055666439278343804e-01 2.524349450001656114e-02
1.392463602061414951e+00 7.119006591582043020e-02 2.373903768419444171e-02
1.253814776195495195e+00 2.874107463796342077e-01 2.170875817844082623e-02
1.253814776195495195e+00 2.874107463796342077e-01 2.170875817844082623e-02
1.253814776195495195e+00 2.874107463796342077e-01 2.170875817844082623e-02
8.396564429432413768e-01 6.154048349182696942e-01 1.815345015723834540e-02
