2.489132485845457765e-01 1.481402749648903505e-01 1.805379420203037698e-03
3.645096718057831975e-01 7.044574582915134053e-01 9.924133758772758773e-02
9.065766654080145148e-01 6.775684478137184996e-01 5.235136148795529326e-02
8.165652983662909925e-01 6.749804798057882360e-01 6.821826820418766535e-02
1.043096257143401706e+00 5.735245691245365318e-01 6.291209601374332661e-02
1.043096257143401706e+00 5.735245691245365318e-01 6.291209601374332661e-02
1.213247545077406286e+00 2.765754404103962782e-01 1.124665722790696154e-01
1.398229073633431518e+00 2.113422848906439944e-01 9.966427538285120569e-02
1.396473079136578921e+00 3.544881501757635167e-03 8.066791202928622062e-02
1.302159056314061036e+00 -3.219135821108936452e-02 5.928447099163304534e-02
1.766346867584286162e+00 -4.669627599422705028e-03 7.508479203101385557e-02
1.279089566677003909e+00 -2.011389968074909010e-03 6.572579753320301199e-02
1.556090022319580601e+00 -4.492844251009361356e-01 4.478351613870657638e-03
1.641440099834591493e+00 -5.217584447334669973e-01 2.950366351259715164e-03
1.641440099834591493e+00 -5.217584447334669973e-01 2.950366351259715164e-03
1.461364123264577319e+00 -3.576399923460660268e-01 7.775911016392436821e-03
1.640335840174875992e+00 -3.471007635979821426e-01 1.781906907119180233e-02
1.541439526885068245e+00 -3.984142608520592765e-01 7.345814259053662192e-03
1.900875782538373748e+00 -3.264266565986044810e-01 3.754958547511362543e-02
1.782143524635331877e+00 -2.591779706687037388e-01 4.451729357351302124e-02
1.782143524635331877e+00 -2.591779706687037388e-01 4.451729357351302124e-02
1.657625875632950274e+00 -7.363570113240969217e-02 7.683305535490655980e-02
1.657625875632950274e+00 -7.363570113240969217e-02 7.683305535490655980e-02
1.657625875632950274e+00 -7.363570113240969217e-02 7.683305535490655980e-02
1.657625875632950274e+00 -7.363570113240969217e-02 7.683305535490655980e-02
1.518120120438290588e+00 -9.356656262975299176e-04 8.674312308637024960e-02
1.345156009871879332e+00 1.480704956682876716e-01 1.056100061852994348e-01
1.345156009871879332e+00 1.480704956682876716e-01 1.056100061852994348e-01
1.352290511112741456e+00 3.942685633849676852e-02 8.635685569943220286e-02
1.792452800005173597e+00 -6.788274419907891488e-02 7.348935337515832833e-02
1.439457249926977767e+00 4.124502394050781340e-01 4.183114794676479065e-02
1.355205927542906030e+00 3.662444446054709535e-01 7.053675068211232024e-02
1.167555168743378280e+00 1.374589215789727148e-01 9.462606389240521554e-02
1.243730260430578438e+00 1.254702912705203677e-01 9.887957291824549244e-02
1.094150405505054824e+00 2.670573521613468504e-01 1.155311945262340045e-01
1.377042790299216612e+00 2.577148511757454408e-02 8.489076868172024115e-02
1.377042790299216612e+00 2.577148511757454408e-02 8.489076868172024115e-02
1.548074761702269209e+00 -2.227816556206440868e-01 3.444077853091909169e-02
1.188388198737186707e+00 -7.953463793266032922e-02 3.163868021975038691e-02
9.857429659769068042e-01 1.760790619420289083e-01 8.086019166837742078e-02
1.066136046805916227e+00 2.928424698294915807e-01 1.172857760875937044e-01
1.066136046805916227e+00 2.928424698294915807e-01 1.172857760875937044e-01
1.066136046805916227e+00 2.928424698294915807e-01 1.172857760875937044e-01
7.941750381847242357e-01 7.987034575986382556e-01 3.369172386886931658e-02
7.941750381847242357e-01 7.987034575986382556e-01 3.369172386886931658e-02
1.757119423228657995e-01 1.033220682915974020e+00 4.166007707370193019e-02
1.757119423228657995e-01 1.033220682915974020e+00 4.166007707370193019e-02
1.757119423228657995e-01 1.033220682915974020e+00 4.166007707370193019e-02
1.757119423228657995e-01 1.033220682915974020e+00 4.166007707370193019e-02
6.454750334248118837e-02 1.068540058092899647e+00 4.196291987933854772e-02
6.454750334248118837e-02 1.068540058092899647e+00 4.196291987933854772e-02
6.454750334248118837e-02 1.068540058092899647e+00 4.196291987933854772e-02
-1.272850850915242527e-01 8.234535305588266407e-01 5.341794502589084642e-02
-1.272850850915242527e-01 8.234535305588266407e-01 5.341794502589084642e-02
-1.272850850915242527e-01 8.234535305588266407e-01 5.341794502589084642e-02
-3.403331965729423647e-01 1.179711544464965733e+00 3.661595959175049236e-02
-3.386431821764513961e-01 1.255684139761758855e+00 2.719874737179518720e-02
-3.386431821764513961e-01 1.255684139761758855e+00 2.719874737179518720e-02
-6.189474863275596928e-01 1.694122936141357227e+00 1.553897250819603849e-03
-6.189474863275596928e-01 1.694122936141357227e+00 1.553897250819603849e-03
-6.189474863275596928e-01 1.694122936141357227e+00 1.553897250819603849e-03
-1.843071576245871035e-01 9.750203855107287820e-01 5.663540969075688686e-02
-1.843071576245871035e-01 9.750203855107287820e-01 5.663540969075688686e-02
4.383834342741613210e-01 8.144642820856754506e-01 7.573382600391859176e-02
4.383834342741613210e-01 8.144642820856754506e-01 7.573382600391859176e-02
4.383834342741613210e-01 8.144642820856754506e-01 7.573382600391859176e-02
4.816188810666346409e-01 4.247915077527503747e-01 6.943069179743006913e-02
2.448481182229177711e-01 8.190280182209266346e-01 8.548988658214236314e-02
2.448481182229177711e-01 8.190280182209266346e-01 8.548988658214236314e-02
7.245131586428666948e-01 4.015773045451488943e-01 1.061865953465469248e-01
7.245131586428666948e-01 4.015773045451488943e-01 1.061865953465469248e-01
7.245131586428666948e-01 4.015773045451488943e-01 1.061865953465469248e-01
7.245131586428666948e-01 4.015773045451488943e-01 1.061865953465469248e-01
5.700037782511780948e-01 5.825195045406187377e-01 1.118307082150738208e-01
4.965568079147788527e-01 2.424087649859412719e-01 2.306786397873685987e-02
4.965568079147788527e-01 2.424087649859412719e-01 2.306786397873685987e-02
6.454955351579501066e-01 1.966955591128749514e-01 3.134838399518059121e-02
8.209634402271022147e-01 5.372490517061646598e-01 1.095864933362812321e-01
8.209634402271022147e-01 5.372490517061646598e-01 1.095864933362812321e-01
9.350476540868928321e-01 6.652724691682353475e-01 5.160401948507341990e-02
5.768940828595704451e-01 5.592849506754882238e-01 1.119500910120961035e-01
6.719546617060457860e-01 6.827679448688510622e-01 8.783328367367018719e-02
6.719546617060457860e-01 6.827679448688510622e-01 8.783328367367018719e-02
4.462294092607381746e-01 7.603104779330134289e-01 8.949093296280530296e-02
4.178928182779895195e-01 9.002567351743742119e-01 5.275807376214929761e-02
4.178928182779895195e-01 9.002567351743742119e-01 5.275807376214929761e-02
4.178928182779895195e-01 9.002567351743742119e-01 5.275807376214929761e-02
6.357884095974141170e-01 7.679296672087582154e-01 6.531468946021197486e-02
6.357884095974141170e-01 7.679296672087582154e-01 6.531468946021197486e-02
9.953149588333378706e-01 3.510382893117650061e-01 1.196551259436916814e-01
9.953149588333378706e-01 3.510382893117650061e-01 1.196551259436916814e-01
8.234870784156305135e-01 5.370420535024680309e-01 1.093797000246397311e-01
8.234870784156305135e-01 5.370420535024680309e-01 1.093797000246397311e-01
8.234870784156305135e-01 5.370420535024680309e-01 1.093797000246397311e-01
2.683412943462408773e-01 6.262939620296481547e-01 8.212932457732699532e-02
6.220082961278788902e-01 4.889407650017815188e-01 1.095027415908994689e-01
2.404542827851595121e-01 7.394180976124848925e-01 9.074639867870290533e-02
2.404542827851595121e-01 7.394180976124848925e-01 9.074639867870290533e-02
2.404542827851595121e-01 7.394180976124848925e-01 9.074639867870290533e-02
6.308912956919154880e-01 4.601108382263843777e-01 1.055665093340065197e-01
