2.489132485845457765e-01 1.481402749648903505e-01 3.493577271997241190e-02
2.489132485845457765e-01 1.481402749648903505e-01 3.493577271997241190e-02
1.887355491123699769e-01 4.995477266085561752e-01 2.013045053647087024e-01
1.887355491123699769e-01 4.995477266085561752e-01 2.013045053647087024e-01
3.451486693817014673e-01 4.346301508012725967e-01 3.809085793590233360e-01
5.815030827546974201e-02 6.870828455774226073e-01 1.435776882078405592e-01
1.961332977759195073e-01 3.662620667910043704e-01 1.111478216812241404e-01
4.818990354266571297e-01 2.252508457514466045e-01 4.567692859391326299e-01
4.818990354266571297e-01 2.252508457514466045e-01 4.567692859391326299e-01
4.818990354266571297e-01 2.252508457514466045e-01 4.567692859391326299e-01
4.818990354266571297e-01 2.252508457514466045e-01 4.567692859391326299e-01
4.753803165621441340e-01 3.007092296637504103e-01 4.819405455736412991e-01
8.099983457186311631e-01 -2.752693156327834512e-02 5.354776089415209661e-01
8.099983457186311631e-01 -2.752693156327834512e-02 5.354776089415209661e-01
8.536005827004197188e-01 -2.627848122883079673e-01 4.507956491757836859e-01
8.102265134700107341e-01 1.276941861440365478e-01 3.183907577981778259e-01
8.102265134700107341e-01 1.276941861440365478e-01 3.183907577981778259e-01
8.102265134700107341e-01 1.276941861440365478e-01 3.183907577981778259e-01
7.660462391724819353e-01 -1.311735990288500631e-01 5.090726295397395296e-01
7.848612269232663197e-01 1.552170750908529184e-01 3.256052205877655314e-01
7.848612269232663197e-01 1.552170750908529184e-01 3.256052205877655314e-01
1.066317406526543277e+00 -2.099402238402611753e-01 2.780910009403617100e-01
1.008454053328166733e+00 -4.325275143031574454e-01 3.878490259210997104e-01
1.008454053328166733e+00 -4.325275143031574454e-01 3.878490259210997104e-01
1.008454053328166733e+00 -4.325275143031574454e-01 3.878490259210997104e-01
1.008454053328166733e+00 -4.325275143031574454e-01 3.878490259210997104e-01
1.008454053328166733e+00 -4.325275143031574454e-01 3.878490259210997104e-01
1.008454053328166733e+00 -4.325275143031574454e-01 3.878490259210997104e-01
1.008454053328166733e+00 -4.325275143031574454e-01 3.878490259210997104e-01
1.008454053328166733e+00 -4.325275143031574454e-01 3.878490259210997104e-01
1.008454053328166733e+00 -4.325275143031574454e-01 3.878490259210997104e-01
1.008454053328166733e+00 -4.325275143031574454e-01 3.878490259210997104e-01
1.008454053328166733e+00 -4.325275143031574454e-01 3.878490259210997104e-01
1.008454053328166733e+00 -4.325275143031574454e-01 3.878490259210997104e-01
1.268531561251938555e+00 -8.133686002380793312e-01 1.586603005935152411e-01
1.427350621372863504e+00 -1.117899573276193825e+00 4.418817920223659657e-02
1.572824267466327308e+00 -9.637000546648889499e-01 7.307636942576374584e-02
1.572824267466327308e+00 -9.637000546648889499e-01 7.307636942576374584e-02
1.435626988698586182e+00 -7.357550998999882186e-01 1.235582645306138455e-01
1.435626988698586182e+00 -7.357550998999882186e-01 1.235582645306138455e-01
1.435626988698586182e+00 -7.357550998999882186e-01 1.235582645306138455e-01
1.435626988698586182e+00 -7.357550998999882186e-01 1.235582645306138455e-01
1.435626988698586182e+00 -7.357550998999882186e-01 1.235582645306138455e-01
1.435626988698586182e+00 -7.357550998999882186e-01 1.235582645306138455e-01
1.435626988698586182e+00 -7.357550998999882186e-01 1.235582645306138455e-01
1.410253641706325167e+00 -8.536596964902742890e-01 1.420055742255577347e-01
1.410253641706325167e+00 -8.536596964902742890e-01 1.420055742255577347e-01
1.410253641706325167e+00 -8.536596964902742890e-01 1.420055742255577347e-01
1.443483537412862061e+00 -8.734866460715283720e-01 1.274805127057499765e-01
1.443483537412862061e+00 -8.734866460715283720e-01 1.274805127057499765e-01
1.294940796036171848e+00 -6.397780152540812892e-01 2.244545217754503053e-01
1.294940796036171848e+00 -6.397780152540812892e-01 2.244545217754503053e-01
8.587746426528144461e-01 -9.778202322835516380e-02 5.278555338622380466e-01
8.587746426528144461e-01 -9.778202322835516380e-02 5.278555338622380466e-01
8.587746426528144461e-01 -9.778202322835516380e-02 5.278555338622380466e-01
3.496985313743719015e-01 2.215759371211446505e-01 2.029555431190183390e-01
3.211142216210580158e-01 5.652819596137064195e-01 3.365136495227650237e-01
3.211142216210580158e-01 5.652819596137064195e-01 3.365136495227650237e-01
3.211142216210580158e-01 5.652819596137064195e-01 3.365136495227650237e-01
3.211142216210580158e-01 5.652819596137064195e-01 3.365136495227650237e-01
3.211142216210580158e-01 5.652819596137064195e-01 3.365136495227650237e-01
3.211142216210580158e-01 5.652819596137064195e-01 3.365136495227650237e-01
4.267075302705007900e-01 3.374831311160571001e-01 4.442653464915743977e-01
4.267075302705007900e-01 3.374831311160571001e-01 4.442653464915743977e-01
4.267075302705007900e-01 3.374831311160571001e-01 4.442653464915743977e-01
4.267075302705007900e-01 3.374831311160571001e-01 4.442653464915743977e-01
5.033009686418590256e-01 3.003137018365137356e-01 4.951906467336968931e-01
5.033009686418590256e-01 3.003137018365137356e-01 4.951906467336968931e-01
5.033009686418590256e-01 3.003137018365137356e-01 4.951906467336968931e-01
5.033009686418590256e-01 3.003137018365137356e-01 4.951906467336968931e-01
2.628183238180100689e-01 7.279091693687271825e-01 2.182935480316255394e-01
6.824613368053880080e-01 4.888707694316789532e-01 6.224676433652332613e-02
6.824613368053880080e-01 4.888707694316789532e-01 6.224676433652332613e-02
6.824613368053880080e-01 4.888707694316789532e-01 6.224676433652332613e-02
6.824613368053880080e-01 4.888707694316789532e-01 6.224676433652332613e-02
6.005001211259392013e-01 5.589611639933615983e-01 7.787037134263176397e-02
5.870809693288373543e-01 4.348784261368182080e-01 2.374777784929748281e-01
5.870809693288373543e-01 4.348784261368182080e-01 2.374777784929748281e-01
9.499636347568934935e-02 3.454662016178171591e-01 2.568308515673708992e-02
9.499636347568934935e-02 3.454662016178171591e-01 2.568308515673708992e-02
9.499636347568934935e-02 3.454662016178171591e-01 2.568308515673708992e-02
9.499636347568934935e-02 3.454662016178171591e-01 2.568308515673708992e-02
9.499636347568934935e-02 3.454662016178171591e-01 2.568308515673708992e-02
9.499636347568934935e-02 3.454662016178171591e-01 2.568308515673708992e-02
6.131610084274241590e-01 3.097966639507258035e-01 3.950916965986762119e-01
6.299067243738724065e-01 3.853684099125047613e-01 2.430236773937668460e-01
7.264167884600221115e-01 1.873187621315116902e-01 3.912803236745401869e-01
7.264167884600221115e-01 1.873187621315116902e-01 3.912803236745401869e-01
7.159742920970973978e-01 -1.146261674089591731e-01 4.544098157236051705e-01
6.456020427470517964e-01 -6.662508995360935660e-02 3.928234125441612545e-01
6.456020427470517964e-01 -6.662508995360935660e-02 3.928234125441612545e-01
6.456020427470517964e-01 -6.662508995360935660e-02 3.928234125441612545e-01
8.160228596634749865e-01 9.863236774785066885e-03 4.885492868807729261e-01
8.160228596634749865e-01 9.863236774785066885e-03 4.885492868807729261e-01
8.160228596634749865e-01 9.863236774785066885e-03 4.885492868807729261e-01
9.498654338256278251e-01 -7.737414586544802408e-02 3.416220124530813806e-01
1.204583197647609794e+00 -3.469117056780919306e-01 1.790923593184867157e-01
1.204583197647609794e+00 -3.469117056780919306e-01 1.790923593184867157e-01
1.204583197647609794e+00 -3.469117056780919306e-01 1.790923593184867157e-01
9.683596216200134332e-01 -3.611843633520663843e-01 4.374158550760643971e-01
