2.489132485845457765e-01 1.481402749648903505e-01 6.564693179434616388e-03
4.975408182536134039e-01 2.947351717836218521e-01 1.637405319155327832e-01
5.284237392590962479e-01 5.091537992212116226e-01 3.029670532412413464e-01
4.921719733698401433e-01 4.743715830195830430e-01 3.105598936628970463e-01
4.921719733698401433e-01 4.743715830195830430e-01 3.105598936628970463e-01
4.668875818446310277e-01 3.505868853955160236e-01 2.083774839906882559e-01
4.668875818446310277e-01 3.505868853955160236e-01 2.083774839906882559e-01
7.037318331897030044e-01 3.102119557740593558e-01 2.710031841920403917e-01
7.037318331897030044e-01 3.102119557740593558e-01 2.710031841920403917e-01
6.493546088042639886e-01 3.826332598902415505e-01 2.984593335788373603e-01
5.060365844820580161e-01 4.446379915304089492e-01 3.038966511297988005e-01
4.074764568769582151e-01 4.696397218449210875e-02 4.993898462866920226e-03
4.074764568769582151e-01 4.696397218449210875e-02 4.993898462866920226e-03
4.074764568769582151e-01 4.696397218449210875e-02 4.993898462866920226e-03
9.239942817947386366e-01 -1.001987173261166264e-01 2.434372920181879923e-02
9.239942817947386366e-01 -1.001987173261166264e-01 2.434372920181879923e-02
1.094281629378448750e+00 -2.463865022492699175e-01 9.077540862080415995e-03
1.016690750977023994e+00 -1.917037726472217707e-01 1.229172688232159187e-02
1.466788067361970427e+00 -8.255850040531947931e-03 1.144185561963234066e-01
1.384918281547431018e+00 1.344061868183277220e-02 1.335981268542295874e-01
1.048458280958203925e+00 3.093048708238219438e-02 1.337408954142925155e-01
9.534742157061399936e-01 4.288194197461736024e-01 1.415881058723562347e-01
1.143503045176186728e+00 2.484867700701882398e-01 1.679315443643711603e-01
1.143503045176186728e+00 2.484867700701882398e-01 1.679315443643711603e-01
1.240728423107327671e+00 -1.315647379521658611e-01 6.600704862615364155e-02
1.240728423107327671e+00 -1.315647379521658611e-01 6.600704862615364155e-02
1.240728423107327671e+00 -1.315647379521658611e-01 6.600704862615364155e-02
1.240728423107327671e+00 -1.315647379521658611e-01 6.600704862615364155e-02
1.241997948158914733e+00 1.946476731573512642e-02 1.519891165587994308e-01
1.622322846080245906e+00 -7.149579920787405007e-02 8.096674781695024914e-02
1.622322846080245906e+00 -7.149579920787405007e-02 8.096674781695024914e-02
1.728097172508976875e+00 -4.266739424508388945e-01 1.664443100707241330e-02
1.728097172508976875e+00 -4.266739424508388945e-01 1.664443100707241330e-02
1.606088592225600742e+00 -2.341543467121418309e-01 5.816476813778966720e-02
1.000261214055154779e+00 2.899988374075740394e-01 2.188220668399971647e-01
1.000261214055154779e+00 2.899988374075740394e-01 2.188220668399971647e-01
1.000261214055154779e+00 2.899988374075740394e-01 2.188220668399971647e-01
1.000261214055154779e+00 2.899988374075740394e-01 2.188220668399971647e-01
1.000261214055154779e+00 2.899988374075740394e-01 2.188220668399971647e-01
8.574970510349726460e-01 3.697373924277592705e-01 2.463911280574072604e-01
4.630389284313016218e-01 5.390891764926880603e-01 3.055722615561589639e-01
4.630389284313016218e-01 5.390891764926880603e-01 3.055722615561589639e-01
4.630389284313016218e-01 5.390891764926880603e-01 3.055722615561589639e-01
4.630389284313016218e-01 5.390891764926880603e-01 3.055722615561589639e-01
1.043392988573253133e+00 3.827820908912889508e-01 1.282454910331636833e-01
8.903793071854773089e-01 5.754862097793290721e-01 5.883296997408916928e-02
8.903793071854773089e-01 5.754862097793290721e-01 5.883296997408916928e-02
8.903793071854773089e-01 5.754862097793290721e-01 5.883296997408916928e-02
5.691403588477059738e-01 6.148481071040297063e-01 1.918220879623271924e-01
5.691403588477059738e-01 6.148481071040297063e-01 1.918220879623271924e-01
9.917546504189078682e-01 3.233149845054604787e-01 2.041070563124854353e-01
6.543920454228625561e-01 3.108752380432524554e-01 2.576436876861516456e-01
6.543920454228625561e-01 3.108752380432524554e-01 2.576436876861516456e-01
2.796792234165608737e-01 5.512145496661934319e-01 2.889945317264012159e-01
2.796792234165608737e-01 5.512145496661934319e-01 2.889945317264012159e-01
2.280280473754273396e-01 4.247700757309375019e-01 1.449026143402155076e-01
2.280280473754273396e-01 4.247700757309375019e-01 1.449026143402155076e-01
2.280280473754273396e-01 4.247700757309375019e-01 1.449026143402155076e-01
2.280280473754273396e-01 4.247700757309375019e-01 1.449026143402155076e-01
2.280280473754273396e-01 4.247700757309375019e-01 1.449026143402155076e-01
2.818534266169365754e-01 5.832623884627092803e-01 3.000567321853319092e-01
2.818534266169365754e-01 5.832623884627092803e-01 3.000567321853319092e-01
6.536456607054499379e-01 2.600178811197159656e-01 2.077923165697968810e-01
6.536456607054499379e-01 2.600178811197159656e-01 2.077923165697968810e-01
6.536456607054499379e-01 2.600178811197159656e-01 2.077923165697968810e-01
6.536456607054499379e-01 2.600178811197159656e-01 2.077923165697968810e-01
1.006681968320274789e+00 1.222920034334551154e-01 1.951280173045879252e-01
1.006681968320274789e+00 1.222920034334551154e-01 1.951280173045879252e-01
1.048955268198301427e+00 2.299632451577435233e-01 2.191508447633161438e-01
6.077550612246092054e-01 4.951704778970487109e-01 2.839029945927218357e-01
6.077550612246092054e-01 4.951704778970487109e-01 2.839029945927218357e-01
6.077550612246092054e-01 4.951704778970487109e-01 2.839029945927218357e-01
6.077550612246092054e-01 4.951704778970487109e-01 2.839029945927218357e-01
4.431984781866791234e-01 2.473970524709289409e-01 8.939215875288805679e-02
6.992615174054808147e-01 4.224377911865160318e-01 2.875272585152797711e-01
6.992615174054808147e-01 4.224377911865160318e-01 2.875272585152797711e-01
4.922731314312451256e-01 3.759882211058294121e-01 2.490032450839618217e-01
4.758873572280454822e-01 5.099249791357094441e-01 3.111918652135636787e-01
4.758873572280454822e-01 5.099249791357094441e-01 3.111918652135636787e-01
4.758873572280454822e-01 5.099249791357094441e-01 3.111918652135636787e-01
4.758873572280454822e-01 5.099249791357094441e-01 3.111918652135636787e-01
4.758873572280454822e-01 5.099249791357094441e-01 3.111918652135636787e-01
4.758873572280454822e-01 5.099249791357094441e-01 3.111918652135636787e-01
4.758873572280454822e-01 5.099249791357094441e-01 3.111918652135636787e-01
4.432653459239405125e-01 7.785949028928844662e-01 9.255426963594685918e-02
4.867481931845852872e-01 7.113430352012053426e-01 1.349961305975917458e-01
5.444261603030990937e-01 6.940477341047427418e-01 1.216307433171651964e-01
5.444261603030990937e-01 6.940477341047427418e-01 1.216307433171651964e-01
4.586762219706533306e-01 4.458613940933857656e-01 2.923250590918843317e-01
4.586762219706533306e-01 4.458613940933857656e-01 2.923250590918843317e-01
4.586762219706533306e-01 4.458613940933857656e-01 2.923250590918843317e-01
4.586762219706533306e-01 4.458613940933857656e-01 2.923250590918843317e-01
4.586762219706533306e-01 4.458613940933857656e-01 2.923250590918843317e-01
8.509157482463549638e-01 4.118524966600355386e-01 2.196902635492313793e-01
8.465339086765376608e-01 3.063083273011702468e-01 2.702045742898693814e-01
8.465339086765376608e-01 3.063083273011702468e-01 2.702045742898693814e-01
8.465339086765376608e-01 3.063083273011702468e-01 2.702045742898693814e-01
8.465339086765376608e-01 3.063083273011702468e-01 2.702045742898693814e-01
9.161683194064506042e-01 5.182834336927797381e-01 8.699216613868045178e-02
9.161683194064506042e-01 5.182834336927797381e-01 8.699216613868045178e-02
