2.489132485845457765e-01 1.481402749648903505e-01 1.638186281878444284e-01
3.724420849609821338e-01 1.837979796518775244e-01 5.279274784052573333e-01
3.724420849609821338e-01 1.837979796518775244e-01 5.279274784052573333e-01
3.724420849609821338e-01 1.837979796518775244e-01 5.279274784052573333e-01
3.724420849609821338e-01 1.837979796518775244e-01 5.279274784052573333e-01
3.724420849609821338e-01 1.837979796518775244e-01 5.279274784052573333e-01
3.724420849609821338e-01 1.837979796518775244e-01 5.279274784052573333e-01
3.724420849609821338e-01 1.837979796518775244e-01 5.279274784052573333e-01
3.724420849609821338e-01 1.837979796518775244e-01 5.279274784052573333e-01
3.724420849609821338e-01 1.837979796518775244e-01 5.279274784052573333e-01
3.724420849609821338e-01 1.837979796518775244e-01 5.279274784052573333e-01
3.724420849609821338e-01 1.837979796518775244e-01 5.279274784052573333e-01
3.724420849609821338e-01 1.837979796518775244e-01 5.279274784052573333e-01
3.724420849609821338e-01 1.837979796518775244e-01 5.279274784052573333e-01
3.724420849609821338e-01 1.837979796518775244e-01 5.279274784052573333e-01
3.724420849609821338e-01 1.837979796518775244e-01 5.279274784052573333e-01
3.724420849609821338e-01 1.837979796518775244e-01 5.279274784052573333e-01
3.724420849609821338e-01 1.837979796518775244e-01 5.279274784052573333e-01
3.724420849609821338e-01 1.837979796518775244e-01 5.279274784052573333e-01
3.724420849609821338e-01 1.837979796518775244e-01 5.279274784052573333e-01
3.724420849609821338e-01 1.837979796518775244e-01 5.279274784052573333e-01
3.702469569246226166e-01 3.697081239868682534e-01 5.973546717287805397e-01
3.702469569246226166e-01 3.697081239868682534e-01 5.973546717287805397e-01
3.467740935257417334e-01 4.547337003183402060e-01 5.654573611459517979e-01
3.388744457909734775e-01 6.163681915241356890e-01 2.875114656978181027e-01
3.388744457909734775e-01 6.163681915241356890e-01 2.875114656978181027e-01
3.388744457909734775e-01 6.163681915241356890e-01 2.875114656978181027e-01
2.089507501825665081e-01 7.642246421619475205e-01 3.379516812195686448e-01
2.089507501825665081e-01 7.642246421619475205e-01 3.379516812195686448e-01
5.189507912979739457e-01 7.062995638536595511e-02 2.764348392166793844e-01
5.189507912979739457e-01 7.062995638536595511e-02 2.764348392166793844e-01
5.189507912979739457e-01 7.062995638536595511e-02 2.764348392166793844e-01
4.663736825338963832e-01 1.084478036496575870e-01 3.937129414176979703e-01
4.663736825338963832e-01 1.084478036496575870e-01 3.937129414176979703e-01
4.663736825338963832e-01 1.084478036496575870e-01 3.937129414176979703e-01
4.663736825338963832e-01 1.084478036496575870e-01 3.937129414176979703e-01
5.418430563555333146e-01 -7.188075519015602044e-02 1.909616602854835032e-01
5.642657867984217646e-01 -2.280733590740802452e-01 9.013759236697974075e-02
5.642657867984217646e-01 -2.280733590740802452e-01 9.013759236697974075e-02
5.642657867984217646e-01 -2.280733590740802452e-01 9.013759236697974075e-02
5.642657867984217646e-01 -2.280733590740802452e-01 9.013759236697974075e-02
5.642657867984217646e-01 -2.280733590740802452e-01 9.013759236697974075e-02
5.642657867984217646e-01 -2.280733590740802452e-01 9.013759236697974075e-02
5.771273026230202552e-01 1.132065661897997677e-01 1.346678609425878137e-01
3.396298806926109637e-01 3.257329743935467870e-02 1.958717393438249021e-01
3.396298806926109637e-01 3.257329743935467870e-02 1.958717393438249021e-01
3.031047259456277065e-01 8.758336125576168807e-02 2.024411453651902004e-01
3.828982866581447375e-01 2.428229219883192569e-01 5.920983671682950034e-01
3.828982866581447375e-01 2.428229219883192569e-01 5.920983671682950034e-01
2.372269108784326730e-01 3.767790657814209521e-01 5.305193802820148408e-01
2.372269108784326730e-01 3.767790657814209521e-01 5.305193802820148408e-01
2.372269108784326730e-01 3.767790657814209521e-01 5.305193802820148408e-01
2.372269108784326730e-01 3.767790657814209521e-01 5.305193802820148408e-01
4.247865703848192620e-01 2.825149356854089744e-01 4.907561879741232369e-01
4.247865703848192620e-01 2.825149356854089744e-01 4.907561879741232369e-01
4.247865703848192620e-01 2.825149356854089744e-01 4.907561879741232369e-01
4.095325604528557983e-01 2.273466223493460503e-01 5.464953737211685203e-01
4.095325604528557983e-01 2.273466223493460503e-01 5.464953737211685203e-01
4.095325604528557983e-01 2.273466223493460503e-01 5.464953737211685203e-01
1.594645161089638385e-01 5.100884628480770733e-01 4.161871757460079424e-01
2.708270981776647046e-01 5.955333307896117923e-01 5.372734060609953843e-01
4.038345140720929205e-01 2.821531582219845569e-01 5.564496690742719576e-01
4.038345140720929205e-01 2.821531582219845569e-01 5.564496690742719576e-01
4.038345140720929205e-01 2.821531582219845569e-01 5.564496690742719576e-01
4.038345140720929205e-01 2.821531582219845569e-01 5.564496690742719576e-01
4.038345140720929205e-01 2.821531582219845569e-01 5.564496690742719576e-01
4.038345140720929205e-01 2.821531582219845569e-01 5.564496690742719576e-01
4.038345140720929205e-01 2.821531582219845569e-01 5.564496690742719576e-01
4.038345140720929205e-01 2.821531582219845569e-01 5.564496690742719576e-01
4.038345140720929205e-01 2.821531582219845569e-01 5.564496690742719576e-01
4.038345140720929205e-01 2.821531582219845569e-01 5.564496690742719576e-01
2.375004948024626583e-01 4.405846844108403104e-01 6.167207412161476165e-01
2.375004948024626583e-01 4.405846844108403104e-01 6.167207412161476165e-01
2.375004948024626583e-01 4.405846844108403104e-01 6.167207412161476165e-01
2.375004948024626583e-01 4.405846844108403104e-01 6.167207412161476165e-01
2.375004948024626583e-01 4.405846844108403104e-01 6.167207412161476165e-01
2.375004948024626583e-01 4.405846844108403104e-01 6.167207412161476165e-01
2.375004948024626583e-01 4.405846844108403104e-01 6.167207412161476165e-01
2.375004948024626583e-01 4.405846844108403104e-01 6.167207412161476165e-01
2.375004948024626583e-01 4.405846844108403104e-01 6.167207412161476165e-01
2.375004948024626583e-01 4.405846844108403104e-01 6.167207412161476165e-01
2.375004948024626583e-01 4.405846844108403104e-01 6.167207412161476165e-01
2.375004948024626583e-01 4.405846844108403104e-01 6.167207412161476165e-01
2.375004948024626583e-01 4.405846844108403104e-01 6.167207412161476165e-01
2.375004948024626583e-01 4.405846844108403104e-01 6.167207412161476165e-01
2.375004948024626583e-01 4.405846844108403104e-01 6.167207412161476165e-01
2.375004948024626583e-01 4.405846844108403104e-01 6.167207412161476165e-01
4.894780116966573891e-02 5.755320409498193568e-01 1.252367230466708004e-01
2.115299024649185122e-01 2.192642257146154017e-01 1.680217325368761894e-01
2.115299024649185122e-01 2.192642257146154017e-01 1.680217325368761894e-01
2.115299024649185122e-01 2.192642257146154017e-01 1.680217325368761894e-01
2.115299024649185122e-01 2.192642257146154017e-01 1.680217325368761894e-01
2.115299024649185122e-01 2.192642257146154017e-01 1.680217325368761894e-01
1.825157812992670714e-01 5.132447610913932756e-01 5.058933430642787998e-01
1.825157812992670714e-01 5.132447610913932756e-01 5.058933430642787998e-01
1.825157812992670714e-01 5.132447610913932756e-01 5.058933430642787998e-01
1.825157812992670714e-01 5.132447610913932756e-01 5.058933430642787998e-01
1.123928423537119137e-01 5.219852933033795050e-01 2.553697259085625504e-01
9.320539242753414499e-02 5.198055910686375514e-01 1.928035479297418864e-01
9.320539242753414499e-02 5.198055910686375514e-01 1.928035479297418864e-01
