2.489132485845457765e-01 1.481402749648903505e-01 3.140043586666340508e-02
2.489132485845457765e-01 1.481402749648903505e-01 3.140043586666340508e-02
5.425916396274339526e-01 3.673731348498093241e-01 2.730486786256044462e-01
4.934074599816672957e-01 2.481290221964197462e-01 3.464020547990305787e-01
4.934074599816672957e-01 2.481290221964197462e-01 3.464020547990305787e-01
3.856245540533164706e-01 4.764860087312366987e-01 3.189570255036122126e-01
3.856245540533164706e-01 4.764860087312366987e-01 3.189570255036122126e-01
1.166901965493079008e-01 6.758404599125936718e-01 2.588867663456787538e-01
1.166901965493079008e-01 6.758404599125936718e-01 2.588867663456787538e-01
1.166901965493079008e-01 6.758404599125936718e-01 2.588867663456787538e-01
4.541863589270858648e-01 4.294600293569575400e-01 3.052207743131066242e-01
4.541863589270858648e-01 4.294600293569575400e-01 3.052207743131066242e-01
4.541863589270858648e-01 4.294600293569575400e-01 3.052207743131066242e-01
4.541863589270858648e-01 4.294600293569575400e-01 3.052207743131066242e-01
4.541863589270858648e-01 4.294600293569575400e-01 3.052207743131066242e-01
2.529278829675034590e-01 4.451104634448891373e-01 2.678534315015286271e-01
2.529278829675034590e-01 4.451104634448891373e-01 2.678534315015286271e-01
2.529278829675034590e-01 4.451104634448891373e-01 2.678534315015286271e-01
2.529278829675034590e-01 4.451104634448891373e-01 2.678534315015286271e-01
2.529278829675034590e-01 4.451104634448891373e-01 2.678534315015286271e-01
2.529278829675034590e-01 4.451104634448891373e-01 2.678534315015286271e-01
3.806259300535405066e-01 3.865489912439757370e-01 3.402888953523561244e-01
3.806259300535405066e-01 3.865489912439757370e-01 3.402888953523561244e-01
3.806259300535405066e-01 3.865489912439757370e-01 3.402888953523561244e-01
4.623396391062443156e-01 4.890787319851900294e-01 2.360549604350113406e-01
1.415081054756591183e-01 5.685228003495046423e-01 2.342869318289185765e-01
1.415081054756591183e-01 5.685228003495046423e-01 2.342869318289185765e-01
1.415081054756591183e-01 5.685228003495046423e-01 2.342869318289185765e-01
1.415081054756591183e-01 5.685228003495046423e-01 2.342869318289185765e-01
1.415081054756591183e-01 5.685228003495046423e-01 2.342869318289185765e-01
1.415081054756591183e-01 5.685228003495046423e-01 2.342869318289185765e-01
1.415081054756591183e-01 5.685228003495046423e-01 2.342869318289185765e-01
1.349652436619936391e-01 8.150245392463413285e-01 2.054628293552454021e-01
1.349652436619936391e-01 8.150245392463413285e-01 2.054628293552454021e-01
1.349652436619936391e-01 8.150245392463413285e-01 2.054628293552454021e-01
-2.657816271987338275e-01 1.174537956571758635e+00 1.007168394883132673e-01
-2.657816271987338275e-01 1.174537956571758635e+00 1.007168394883132673e-01
-2.904374937676298396e-01 9.848361786857617872e-01 6.948415244176804617e-02
-2.904374937676298396e-01 9.848361786857617872e-01 6.948415244176804617e-02
-2.904374937676298396e-01 9.848361786857617872e-01 6.948415244176804617e-02
-2.904374937676298396e-01 9.848361786857617872e-01 6.948415244176804617e-02
-2.904374937676298396e-01 9.848361786857617872e-01 6.948415244176804617e-02
-2.904374937676298396e-01 9.848361786857617872e-01 6.948415244176804617e-02
-2.904374937676298396e-01 9.848361786857617872e-01 6.948415244176804617e-02
1.454163049849668266e-01 7.223795905732482980e-01 2.602170377867745188e-01
1.454163049849668266e-01 7.223795905732482980e-01 2.602170377867745188e-01
1.454163049849668266e-01 7.223795905732482980e-01 2.602170377867745188e-01
1.454163049849668266e-01 7.223795905732482980e-01 2.602170377867745188e-01
1.990317284948862064e-01 8.625203271783765668e-01 1.176767508356316716e-01
1.990317284948862064e-01 8.625203271783765668e-01 1.176767508356316716e-01
-5.865393382395850397e-02 7.570408735311584536e-01 1.458172567551066778e-01
5.821336327387400811e-01 3.497255704146423061e-01 2.434258229178949406e-01
5.821336327387400811e-01 3.497255704146423061e-01 2.434258229178949406e-01
6.441854878580404176e-01 5.929721856244151157e-01 1.517238572154196337e-02
6.651952551514727086e-01 4.599343414297052401e-01 5.397934598502501791e-02
6.651952551514727086e-01 4.599343414297052401e-01 5.397934598502501791e-02
8.293993190315296360e-01 4.489843761500827979e-02 2.285227497300107991e-01
8.293993190315296360e-01 4.489843761500827979e-02 2.285227497300107991e-01
5.250370132752557595e-01 3.895226639484204445e-01 2.705259154549862211e-01
4.606260759466673793e-01 2.077861522597017896e-01 2.936970310293928188e-01
7.862078443494733282e-01 4.870525899080191401e-02 2.734219384960823729e-01
5.852774624083765254e-01 7.615447142196576924e-02 2.949291186405923471e-01
5.852774624083765254e-01 7.615447142196576924e-02 2.949291186405923471e-01
5.852774624083765254e-01 7.615447142196576924e-02 2.949291186405923471e-01
5.275090263910533483e-01 3.575184198880089204e-01 2.992464510091847329e-01
5.275090263910533483e-01 3.575184198880089204e-01 2.992464510091847329e-01
1.905837908732040953e-01 5.314311824097220915e-01 2.616389831779443176e-01
3.809408602995469351e-01 6.537744428421876641e-02 6.599878457858110448e-02
7.938504972333926268e-01 1.000601757474745279e-01 2.247326193783200365e-01
7.938504972333926268e-01 1.000601757474745279e-01 2.247326193783200365e-01
7.541169457236585050e-01 -2.112585514398778452e-01 1.654302991750876695e-01
7.541169457236585050e-01 -2.112585514398778452e-01 1.654302991750876695e-01
7.541169457236585050e-01 -2.112585514398778452e-01 1.654302991750876695e-01
9.471987404461846838e-01 -4.162487852282393264e-01 1.303162011962059608e-01
9.471987404461846838e-01 -4.162487852282393264e-01 1.303162011962059608e-01
1.067060859279216789e+00 -5.272666380792975227e-01 1.137133862124932449e-01
1.067060859279216789e+00 -5.272666380792975227e-01 1.137133862124932449e-01
1.048080084477558627e+00 -5.438240180619267061e-01 9.578315966350198218e-02
1.048080084477558627e+00 -5.438240180619267061e-01 9.578315966350198218e-02
1.048080084477558627e+00 -5.438240180619267061e-01 9.578315966350198218e-02
1.048080084477558627e+00 -5.438240180619267061e-01 9.578315966350198218e-02
1.256777671230060012e+00 -6.170921174447501212e-01 1.042580387881145570e-01
1.256777671230060012e+00 -6.170921174447501212e-01 1.042580387881145570e-01
1.256777671230060012e+00 -6.170921174447501212e-01 1.042580387881145570e-01
1.256777671230060012e+00 -6.170921174447501212e-01 1.042580387881145570e-01
1.256777671230060012e+00 -6.170921174447501212e-01 1.042580387881145570e-01
1.256777671230060012e+00 -6.170921174447501212e-01 1.042580387881145570e-01
1.256777671230060012e+00 -6.170921174447501212e-01 1.042580387881145570e-01
1.256777671230060012e+00 -6.170921174447501212e-01 1.042580387881145570e-01
1.256777671230060012e+00 -6.170921174447501212e-01 1.042580387881145570e-01
1.562155123819291891e+00 -8.893878880903902662e-01 3.619779852418375521e-02
1.726143821258380173e+00 -1.247141986319372897e+00 1.035653669834555278e-02
2.002225814824059480e+00 -1.167846217804957565e+00 2.183219179889563447e-03
1.647028841330551163e+00 -1.179169733379634044e+00 1.369677061929326992e-02
1.647028841330551163e+00 -1.179169733379634044e+00 1.369677061929326992e-02
1.281739231583397087e+00 -9.783609051557156100e-01 1.056711099181098512e-02
1.342244210660300530e+00 -9.031167355687722553e-01 3.229166999387229897e-02
1.342244210660300530e+00 -9.031167355687722553e-01 3.229166999387229897e-02
1.342244210660300530e+00 -9.031167355687722553e-01 3.229166999387229897e-02
1.107880022719406554e+00 -7.450285139370877996e-01 2.743163309879024722e-02
