2.489132485845457765e-01 1.481402749648903505e-01 5.753694957386419444e-03
9.299391830008579829e-01 5.186491840510366602e-01 9.605495375509615075e-02
9.299391830008579829e-01 5.186491840510366602e-01 9.605495375509615075e-02
1.006754241326687227e+00 1.578510750543742902e-01 1.968083509195539538e-01
1.006754241326687227e+00 1.578510750543742902e-01 1.968083509195539538e-01
8.395903958398722722e-01 4.915806464977936496e-01 1.679959995714354615e-01
8.395903958398722722e-01 4.915806464977936496e-01 1.679959995714354615e-01
8.395903958398722722e-01 4.915806464977936496e-01 1.679959995714354615e-01
1.047136010476294343e+00 3.202281058843948758e-01 1.893145979709860427e-01
1.047136010476294343e+00 3.202281058843948758e-01 1.893145979709860427e-01
1.147987020496435751e+00 1.922427658930135341e-01 1.937959546308611891e-01
6.890378606666200945e-01 5.077450592010890329e-01 2.382812003617127694e-01
9.120791361971891664e-01 3.860416246753434200e-01 2.156652856513123773e-01
9.120791361971891664e-01 3.860416246753434200e-01 2.156652856513123773e-01
9.120791361971891664e-01 3.860416246753434200e-01 2.156652856513123773e-01
9.120791361971891664e-01 3.860416246753434200e-01 2.156652856513123773e-01
9.120791361971891664e-01 3.860416246753434200e-01 2.156652856513123773e-01
3.697274634907374846e-01 3.289624758702893725e-01 1.153081116867800127e-01
4.430318644060857181e-01 2.439117528564838933e-01 7.457407177882514893e-02
1.515811676794996399e-01 6.279478868698759042e-01 2.689603479189740520e-01
1.515811676794996399e-01 6.279478868698759042e-01 2.689603479189740520e-01
1.515811676794996399e-01 6.279478868698759042e-01 2.689603479189740520e-01
1.515811676794996399e-01 6.279478868698759042e-01 2.689603479189740520e-01
1.006518872636786577e-01 6.091438694590466385e-01 2.367696623836785808e-01
2.558806032360065874e-01 5.926153417945835278e-01 2.871619689086802873e-01
2.558806032360065874e-01 5.926153417945835278e-01 2.871619689086802873e-01
1.764267327069546643e-01 5.044028866768882624e-01 1.865017907661377927e-01
1.764267327069546643e-01 5.044028866768882624e-01 1.865017907661377927e-01
8.923659936958173999e-02 6.080610467725307000e-01 2.301978893882093979e-01
8.923659936958173999e-02 6.080610467725307000e-01 2.301978893882093979e-01
-4.222820408483977939e-02 4.524827924090326636e-01 4.384849992876690278e-02
-4.222820408483977939e-02 4.524827924090326636e-01 4.384849992876690278e-02
5.457467002962769209e-01 5.344193060806139428e-01 2.811451806845618462e-01
5.457467002962769209e-01 5.344193060806139428e-01 2.811451806845618462e-01
5.457467002962769209e-01 5.344193060806139428e-01 2.811451806845618462e-01
5.457467002962769209e-01 5.344193060806139428e-01 2.811451806845618462e-01
8.674117388094455539e-01 1.943649823034077628e-01 1.971630943740666220e-01
9.174487806309307159e-01 3.096270531856726294e-01 2.462240853212346869e-01
9.174487806309307159e-01 3.096270531856726294e-01 2.462240853212346869e-01
7.109626684146100883e-01 2.869988608739554858e-01 2.310847685961606723e-01
6.387412321257909253e-01 3.894998502770431470e-01 2.830830757176580614e-01
6.387412321257909253e-01 3.894998502770431470e-01 2.830830757176580614e-01
6.387412321257909253e-01 3.894998502770431470e-01 2.830830757176580614e-01
6.387412321257909253e-01 3.894998502770431470e-01 2.830830757176580614e-01
9.926564029033622116e-01 2.302522623636377441e-01 2.283138804027880775e-01
8.264367526969251809e-01 2.737485478256055371e-01 2.465531052649428401e-01
8.264367526969251809e-01 2.737485478256055371e-01 2.465531052649428401e-01
5.124570488040434135e-01 6.305069143513040153e-01 2.148593228252664855e-01
5.124570488040434135e-01 6.305069143513040153e-01 2.148593228252664855e-01
5.581542571437140277e-01 5.732778899898549607e-01 2.470721479578654733e-01
5.581542571437140277e-01 5.732778899898549607e-01 2.470721479578654733e-01
3.335701534716232208e-01 6.719141313744547706e-01 2.565360934316337493e-01
3.335701534716232208e-01 6.719141313744547706e-01 2.565360934316337493e-01
-1.797493197499372419e-01 4.471319964887712217e-01 1.567670149031238913e-02
-3.934806564588168021e-01 7.119712243705493826e-01 6.489777894426854155e-02
-3.934806564588168021e-01 7.119712243705493826e-01 6.489777894426854155e-02
-3.934806564588168021e-01 7.119712243705493826e-01 6.489777894426854155e-02
-4.738601802640163840e-01 5.283755518135750950e-01 4.124756576009933583e-03
-4.738601802640163840e-01 5.283755518135750950e-01 4.124756576009933583e-03
-1.620067273858595280e-01 6.686105322054003430e-01 1.405641239562108735e-01
-4.165934910018253556e-01 7.120107347940454190e-01 5.714806804543037799e-02
-5.361731181610260855e-01 6.912145864269154671e-01 2.167989706006452286e-02
-7.265087444528957050e-01 9.165019104157319241e-01 4.737474685054478968e-02
-7.218916621059600081e-01 9.523588096458271979e-01 5.965718330287721888e-02
-7.218916621059600081e-01 9.523588096458271979e-01 5.965718330287721888e-02
-7.218916621059600081e-01 9.523588096458271979e-01 5.965718330287721888e-02
-7.871275794860260744e-01 1.109465495318869177e+00 7.477161975967223928e-02
-9.608013453562408435e-01 9.152373865361383976e-01 1.020293906599648547e-02
-9.608013453562408435e-01 9.152373865361383976e-01 1.020293906599648547e-02
-9.608013453562408435e-01 9.152373865361383976e-01 1.020293906599648547e-02
-7.984530443890989204e-01 9.236020573170106163e-01 3.325493933946431502e-02
-7.984530443890989204e-01 9.236020573170106163e-01 3.325493933946431502e-02
-1.090999455059796341e+00 1.069544665856063448e+00 1.617642096622753933e-02
-1.090999455059796341e+00 1.069544665856063448e+00 1.617642096622753933e-02
-1.144425691346914187e+00 1.366469879632117301e+00 2.842399765556367572e-02
-1.546803563208138499e+00 1.346389106304117789e+00 5.305664750894539990e-03
-1.418164320434340375e+00 1.541357851076296193e+00 1.079805391549147620e-02
-1.418164320434340375e+00 1.541357851076296193e+00 1.079805391549147620e-02
-1.418164320434340375e+00 1.541357851076296193e+00 1.079805391549147620e-02
-1.418164320434340375e+00 1.541357851076296193e+00 1.079805391549147620e-02
-1.418164320434340375e+00 1.541357851076296193e+00 1.079805391549147620e-02
-1.418164320434340375e+00 1.541357851076296193e+00 1.079805391549147620e-02
-1.418164320434340375e+00 1.541357851076296193e+00 1.079805391549147620e-02
-1.418164320434340375e+00 1.541357851076296193e+00 1.079805391549147620e-02
-1.428488845670728091e+00 1.399596634068247081e+00 1.195299081587212521e-02
-1.428488845670728091e+00 1.399596634068247081e+00 1.195299081587212521e-02
-1.464870749359007185e+00 1.272865890951748291e+00 5.783488607348853325e-03
-1.567665942626117026e+00 1.370031148352374606e+00 5.280478890404090644e-03
-1.567665942626117026e+00 1.370031148352374606e+00 5.280478890404090644e-03
-1.583906335574094770e+00 1.637126979463878307e+00 5.710242512710255250e-03
-2.052286004808531406e+00 1.602062878095331655e+00 7.089107719496969690e-04
-2.052286004808531406e+00 1.602062878095331655e+00 7.089107719496969690e-04
-1.822781338889507552e+00 1.774737706905457957e+00 2.067403205394259535e-03
-1.839009130606071629e+00 1.762671243100845553e+00 2.109946992226865038e-03
-1.664370353287817572e+00 1.645920014558145406e+00 4.699207211205118015e-03
-1.664370353287817572e+00 1.645920014558145406e+00 4.699207211205118015e-03
-1.664370353287817572e+00 1.645920014558145406e+00 4.699207211205118015e-03
-1.664370353287817572e+00 1.645920014558145406e+00 4.699207211205118015e-03
-1.522756000474156268e+00 1.354963447201407600e+00 6.425507840287811995e-03
-1.190120111846561857e+00 1.705163518653540100e+00 2.244512210240249845e-03
