2.489132485845457765e-01 1.481402749648903505e-01 1.393851069141184302e-03
6.222957894695033687e-01 4.805289392613849020e-01 7.915475399073532148e-02
6.741488805440973842e-01 2.857378245860036081e-01 3.989771755386731233e-02
6.741488805440973842e-01 2.857378245860036081e-01 3.989771755386731233e-02
6.741488805440973842e-01 2.857378245860036081e-01 3.989771755386731233e-02
6.741488805440973842e-01 2.857378245860036081e-01 3.989771755386731233e-02
1.318993967739272133e+00 3.944244586992081691e-01 5.649492537431456685e-02
1.525382806693807991e+00 1.659385060135637746e-01 6.197024187332923068e-02
1.282787138300020890e+00 1.726904266796175369e-01 6.676023442465847668e-02
9.107010341873846837e-01 6.300005437237150563e-01 5.694925028672608719e-02
9.107010341873846837e-01 6.300005437237150563e-01 5.694925028672608719e-02
9.107010341873846837e-01 6.300005437237150563e-01 5.694925028672608719e-02
9.107010341873846837e-01 6.300005437237150563e-01 5.694925028672608719e-02
5.673132710542481139e-01 4.887610679626355759e-01 7.571210332830614897e-02
5.673132710542481139e-01 4.887610679626355759e-01 7.571210332830614897e-02
4.147417467006560554e-01 6.100645503042056994e-01 8.144795154258037406e-02
9.005501370237523062e-01 6.051673778442258067e-01 6.408423223932131763e-02
6.688280017520402687e-01 2.707062858717638187e-01 3.583813596450880629e-02
6.534795960470193288e-01 8.052335460737010120e-01 4.508196398383420428e-02
6.534795960470193288e-01 8.052335460737010120e-01 4.508196398383420428e-02
6.721205061376642753e-01 4.306101101662180297e-01 7.429969114126198926e-02
1.086187783598474343e+00 2.707604655313385900e-01 7.421053219325893235e-02
1.086187783598474343e+00 2.707604655313385900e-01 7.421053219325893235e-02
1.033541180097812262e+00 7.412749211485085699e-01 1.951222515754333711e-02
9.253908768018805908e-01 8.798785044173296210e-02 2.249730888919851055e-02
1.019128039158731180e+00 1.394542046638690969e-01 4.128824459873564612e-02
1.019128039158731180e+00 1.394542046638690969e-01 4.128824459873564612e-02
1.019128039158731180e+00 1.394542046638690969e-01 4.128824459873564612e-02
1.128496200262622651e+00 2.043858930040052257e-01 6.508769493546637253e-02
1.128496200262622651e+00 2.043858930040052257e-01 6.508769493546637253e-02
8.487638705606050937e-01 6.092191654398957379e-01 6.930385071127746766e-02
8.487638705606050937e-01 6.092191654398957379e-01 6.930385071127746766e-02
8.260433220592704462e-01 3.508735250087431368e-01 7.192021349738562941e-02
8.260433220592704462e-01 3.508735250087431368e-01 7.192021349738562941e-02
8.260433220592704462e-01 3.508735250087431368e-01 7.192021349738562941e-02
8.260433220592704462e-01 3.508735250087431368e-01 7.192021349738562941e-02
8.260433220592704462e-01 3.508735250087431368e-01 7.192021349738562941e-02
3.458071207651304269e-01 5.240386410354094249e-01 5.783681637866490421e-02
7.863266582172274699e-01 6.560212663395347255e-01 6.600143013987665175e-02
7.505089765443377914e-01 5.504793064856450258e-01 8.615011832976432471e-02
7.505089765443377914e-01 5.504793064856450258e-01 8.615011832976432471e-02
7.276599355066100117e-01 6.561968058576272966e-01 7.244426607047044220e-02
5.747448975275166738e-01 6.390823901210092028e-01 8.572079610117659676e-02
5.575505492203713942e-01 8.124136417868984550e-01 5.428295819640924919e-02
3.837503298318321598e-01 9.824931850158038493e-01 3.215818187309949644e-02
-8.619092689578761179e-02 9.422926900934657235e-01 6.680129250727226409e-02
-8.619092689578761179e-02 9.422926900934657235e-01 6.680129250727226409e-02
-2.791213843157253072e-01 1.169745207654016905e+00 4.220106424967096093e-02
-2.791213843157253072e-01 1.169745207654016905e+00 4.220106424967096093e-02
-5.089598182649281988e-01 9.203590572152416938e-01 3.129178089683165576e-02
-2.771678423726569029e-01 1.362746305128405444e+00 1.334936905625531273e-02
-2.023912423105650449e-01 1.205925613565683285e+00 3.229296150856319353e-02
-2.238054036062792906e-01 1.119624123236195645e+00 4.812459293802196642e-02
-2.238054036062792906e-01 1.119624123236195645e+00 4.812459293802196642e-02
3.795277595793604686e-01 6.332505826637825352e-01 8.146442810665963097e-02
3.549867601108119830e-01 6.387919727102584488e-01 8.027210791811417723e-02
1.628935990716678661e-01 6.324141084588313921e-01 5.874709958980021268e-02
1.628935990716678661e-01 6.324141084588313921e-01 5.874709958980021268e-02
2.779025356046251338e-01 5.231839528911541581e-01 4.892535158645468230e-02
2.779025356046251338e-01 5.231839528911541581e-01 4.892535158645468230e-02
2.779025356046251338e-01 5.231839528911541581e-01 4.892535158645468230e-02
2.779025356046251338e-01 5.231839528911541581e-01 4.892535158645468230e-02
2.779025356046251338e-01 5.231839528911541581e-01 4.892535158645468230e-02
9.557107981262491503e-02 7.892077541423365705e-01 7.452326817949478377e-02
3.483730193334054481e-02 8.755991259465064624e-01 7.259449459644147506e-02
3.483730193334054481e-02 8.755991259465064624e-01 7.259449459644147506e-02
3.483730193334054481e-02 8.755991259465064624e-01 7.259449459644147506e-02
3.483730193334054481e-02 8.755991259465064624e-01 7.259449459644147506e-02
2.582491646199967517e-01 8.626279980786186741e-01 7.003660776958404999e-02
2.582491646199967517e-01 8.626279980786186741e-01 7.003660776958404999e-02
2.111972624401644849e-01 9.819099834201197030e-01 4.818639539753134804e-02
5.517405564666744144e-01 9.539175102526042949e-01 2.311934239964343052e-02
5.517405564666744144e-01 9.539175102526042949e-01 2.311934239964343052e-02
8.376336534268955525e-01 4.139864808297726295e-01 8.297748560841670951e-02
8.376336534268955525e-01 4.139864808297726295e-01 8.297748560841670951e-02
8.277109950670467065e-01 4.872701464787737025e-01 8.649182539760698341e-02
8.277109950670467065e-01 4.872701464787737025e-01 8.649182539760698341e-02
6.536291373421321271e-01 8.989225439840939913e-01 2.452713549750959107e-02
8.200320621605391436e-01 8.390534974026183646e-01 2.101445868928273134e-02
5.065723097512135897e-01 9.056715088565792104e-01 3.719100655062572425e-02
2.531351157334386648e-01 8.482154598226774311e-01 7.276580783430265653e-02
1.527659073685416202e-01 6.073145834948692201e-01 5.204709126058298940e-02
2.192180617329379244e-01 7.092844455648324997e-01 7.724143187015869438e-02
5.515449492492351391e-01 5.450936797464218664e-01 8.325729138549006758e-02
8.962164842431226131e-01 3.159317390259107627e-01 7.061149205054174927e-02
8.278387493181630363e-01 3.025185347015371118e-01 6.115608672784069583e-02
9.385662330272036558e-01 3.876139687054273031e-01 8.318389512155402454e-02
1.218837565793820188e+00 7.604914976917609426e-02 4.453841101591286128e-02
1.218837565793820188e+00 7.604914976917609426e-02 4.453841101591286128e-02
1.235173108706626444e+00 -1.991858246263140952e-02 2.631128704162984111e-02
1.796725174482469711e+00 -1.555253459446072628e-01 3.393026950949444565e-02
1.796725174482469711e+00 -1.555253459446072628e-01 3.393026950949444565e-02
1.796725174482469711e+00 -1.555253459446072628e-01 3.393026950949444565e-02
1.796725174482469711e+00 -1.555253459446072628e-01 3.393026950949444565e-02
1.828561242522635855e+00 1.654989246953749715e-01 3.542139240160531444e-02
1.828561242522635855e+00 1.654989246953749715e-01 3.542139240160531444e-02
1.773394503231279451e+00 1.852277230917745987e-01 3.835760866410600073e-02
1.773394503231279451e+00 1.852277230917745987e-01 3.835760866410600073e-02
1.760682938961363853e+00 7.369721730070369348e-02 4.955478824759289302e-02
1.760682938961363853e+00 7.369721730070369348e-02 4.955478824759289302e-02
