2.489132485845457765e-01 1.481402749648903505e-01 1.375104797395324072e-03
2.489132485845457765e-01 1.481402749648903505e-01 1.375104797395324072e-03
2.489132485845457765e-01 1.481402749648903505e-01 1.375104797395324072e-03
2.489132485845457765e-01 1.481402749648903505e-01 1.375104797395324072e-03
2.489132485845457765e-01 1.481402749648903505e-01 1.375104797395324072e-03
6.146970370439316378e-01 9.411636553295764374e-02 8.040206883690897630e-03
6.146970370439316378e-01 9.411636553295764374e-02 8.040206883690897630e-03
6.146970370439316378e-01 9.411636553295764374e-02 8.040206883690897630e-03
6.146970370439316378e-01 9.411636553295764374e-02 8.040206883690897630e-03
6.867179265663719834e-01 2.182634294488333959e-01 2.712791715868759571e-02
7.561256701767415933e-01 2.798110160654714296e-01 4.363157066426513742e-02
7.535249310356607610e-01 1.535304472920213381e-01 2.370385529484445725e-02
3.327108463116724701e-01 8.220438922992903130e-01 3.530978532714419693e-02
3.327108463116724701e-01 8.220438922992903130e-01 3.530978532714419693e-02
3.327108463116724701e-01 8.220438922992903130e-01 3.530978532714419693e-02
3.327108463116724701e-01 8.220438922992903130e-01 3.530978532714419693e-02
5.328191033819513756e-01 7.059230465351737926e-01 4.162477844917653741e-02
5.541916219292500889e-01 6.614156938577145928e-01 4.597840676288458828e-02
7.024280282846822043e-01 9.129728026580837819e-01 7.356956900168572927e-03
7.024280282846822043e-01 9.129728026580837819e-01 7.356956900168572927e-03
7.024280282846822043e-01 9.129728026580837819e-01 7.356956900168572927e-03
8.804267741655134039e-01 7.887427215727803587e-01 1.012480221269100936e-02
8.804267741655134039e-01 7.887427215727803587e-01 1.012480221269100936e-02
9.794045073345125640e-01 5.913274724854789000e-01 2.911263197333139804e-02
5.344562460179405061e-01 1.729025700178810077e-01 1.037863326064055423e-02
5.344562460179405061e-01 1.729025700178810077e-01 1.037863326064055423e-02
5.344562460179405061e-01 1.729025700178810077e-01 1.037863326064055423e-02
7.958243078052363861e-01 1.056992137405505516e-01 2.058400992115488534e-02
7.958243078052363861e-01 1.056992137405505516e-01 2.058400992115488534e-02
9.878716369198270453e-01 3.686227274449842550e-01 6.067110501792007810e-02
1.074434041223297553e+00 4.628809093925060902e-01 4.304330104781942112e-02
8.771105724213832389e-01 1.963828150438138853e-01 4.281779268452282766e-02
8.194121060123151778e-01 1.315787698457003829e-01 2.642581096287172082e-02
4.341900072301855817e-01 6.132422378557410292e-02 1.867889787926663983e-03
8.231731112088365165e-01 3.748920589540956083e-01 5.868857037011538519e-02
8.375302861957686362e-01 2.967030250999373453e-01 5.341822423955303739e-02
8.375302861957686362e-01 2.967030250999373453e-01 5.341822423955303739e-02
8.375302861957686362e-01 2.967030250999373453e-01 5.341822423955303739e-02
1.138238672081125058e+00 3.769640640929893816e-01 5.192472396359764514e-02
7.575474747033774658e-01 4.097795718814011279e-01 5.714059861826606412e-02
7.575474747033774658e-01 4.097795718814011279e-01 5.714059861826606412e-02
7.575474747033774658e-01 4.097795718814011279e-01 5.714059861826606412e-02
7.575474747033774658e-01 4.097795718814011279e-01 5.714059861826606412e-02
1.253608297443721709e+00 2.537461808677360375e-01 6.013656087651442911e-02
1.660372244166492983e+00 2.808431055199397397e-01 1.945304136769215528e-02
1.660372244166492983e+00 2.808431055199397397e-01 1.945304136769215528e-02
1.289328228444873714e+00 -9.528196586234133347e-02 3.346592550821192447e-02
9.548936790734945390e-01 8.612603397251278325e-02 3.220318583087584952e-02
9.548936790734945390e-01 8.612603397251278325e-02 3.220318583087584952e-02
9.821440480335953405e-01 1.807295401351825537e-01 5.068702777917960534e-02
9.821440480335953405e-01 1.807295401351825537e-01 5.068702777917960534e-02
1.350926466352332822e+00 4.123387467985405452e-01 2.628375910230528259e-02
1.761757362884478484e+00 -1.962580358627277199e-01 5.258174256458891804e-02
1.864490258876055240e+00 -2.679806889893356359e-01 4.838734202661314904e-02
2.552050336008384601e+00 -3.400086780108462214e-01 2.151941220273711694e-02
2.736167028341539798e+00 -5.967131988898388695e-01 2.500698733295509540e-02
2.736167028341539798e+00 -5.967131988898388695e-01 2.500698733295509540e-02
2.741982158072509002e+00 -4.080657165665487196e-01 1.475167987064926987e-02
2.631063025292962543e+00 -5.468642872542359701e-01 2.854981702458247311e-02
2.631063025292962543e+00 -5.468642872542359701e-01 2.854981702458247311e-02
2.631063025292962543e+00 -5.468642872542359701e-01 2.854981702458247311e-02
2.631063025292962543e+00 -5.468642872542359701e-01 2.854981702458247311e-02
2.631063025292962543e+00 -5.468642872542359701e-01 2.854981702458247311e-02
2.869132334257179728e+00 -5.520258290523895051e-01 1.675534297395956176e-02
2.869132334257179728e+00 -5.520258290523895051e-01 1.675534297395956176e-02
3.098392798721740338e+00 -6.360632986702882130e-01 1.034803557348879660e-02
3.239317944721662457e+00 -7.198828192598170084e-01 8.463455427629060571e-03
3.239317944721662457e+00 -7.198828192598170084e-01 8.463455427629060571e-03
2.892922274580865594e+00 -1.191814345242373507e+00 1.893829390731951653e-03
2.892922274580865594e+00 -1.191814345242373507e+00 1.893829390731951653e-03
3.577604065745906947e+00 -1.044968435790851524e+00 6.344629590645919394e-03
3.501502447505005389e+00 -9.911006337090317864e-01 7.267255899218246114e-03
3.501502447505005389e+00 -9.911006337090317864e-01 7.267255899218246114e-03
3.501502447505005389e+00 -9.911006337090317864e-01 7.267255899218246114e-03
3.361475568710553308e+00 -9.350779899410585072e-01 9.600561803188498861e-03
3.414246300716934801e+00 -1.404151943913989564e+00 1.560951091218354143e-03
3.753422161708078519e+00 -1.376117088872945482e+00 3.025222340630130159e-03
3.753422161708078519e+00 -1.376117088872945482e+00 3.025222340630130159e-03
3.753422161708078519e+00 -1.376117088872945482e+00 3.025222340630130159e-03
3.663154128049690872e+00 -1.193388000715111419e+00 5.228767693097304860e-03
3.222012535309245695e+00 -9.383190492032755792e-01 1.212565335164146260e-02
3.317672375265759754e+00 -8.146847365025805532e-01 8.781826907824823517e-03
3.053744820091416123e+00 -8.893888910666944980e-01 1.498607802997056759e-02
3.357031029517581366e+00 -6.205947324759943928e-01 2.787416724110261361e-03
3.357031029517581366e+00 -6.205947324759943928e-01 2.787416724110261361e-03
2.750774934770161106e+00 -5.499959331447350497e-01 2.289635035364678481e-02
2.750774934770161106e+00 -5.499959331447350497e-01 2.289635035364678481e-02
2.750774934770161106e+00 -5.499959331447350497e-01 2.289635035364678481e-02
2.750774934770161106e+00 -5.499959331447350497e-01 2.289635035364678481e-02
2.750774934770161106e+00 -5.499959331447350497e-01 2.289635035364678481e-02
2.750774934770161106e+00 -5.499959331447350497e-01 2.289635035364678481e-02
2.445829359662860636e+00 -5.882533897602831852e-01 3.061782154228728445e-02
2.369637257656359353e+00 -2.945809858764567024e-01 3.118436420882321827e-02
2.664126218917809208e+00 -6.053477621415765952e-01 2.759172696871506347e-02
2.566530509398190052e+00 -5.130815529181356194e-01 3.076037194368725497e-02
2.566530509398190052e+00 -5.130815529181356194e-01 3.076037194368725497e-02
2.566530509398190052e+00 -5.130815529181356194e-01 3.076037194368725497e-02
1.864966476216810332e+00 -1.910312609324900102e-01 5.434162610864477772e-02
1.864966476216810332e+00 -1.910312609324900102e-01 5.434162610864477772e-02
1.864966476216810332e+00 -1.910312609324900102e-01 5.434162610864477772e-02
