2.489132485845457765e-01 1.481402749648903505e-01 2.951012037541640622e-03
3.696346568918364994e-01 3.559695280400919093e-01 8.516621990675607434e-02
3.696346568918364994e-01 3.559695280400919093e-01 8.516621990675607434e-02
3.696346568918364994e-01 3.559695280400919093e-01 8.516621990675607434e-02
3.696346568918364994e-01 3.559695280400919093e-01 8.516621990675607434e-02
5.638153681162644260e-01 4.911589594111367973e-01 2.527493906410838709e-01
5.638153681162644260e-01 4.911589594111367973e-01 2.527493906410838709e-01
5.638153681162644260e-01 4.911589594111367973e-01 2.527493906410838709e-01
5.638153681162644260e-01 4.911589594111367973e-01 2.527493906410838709e-01
5.638153681162644260e-01 4.911589594111367973e-01 2.527493906410838709e-01
4.065848215756039941e-01 6.307772117590106919e-01 2.703830310605639942e-01
4.065848215756039941e-01 6.307772117590106919e-01 2.703830310605639942e-01
4.065848215756039941e-01 6.307772117590106919e-01 2.703830310605639942e-01
4.065848215756039941e-01 6.307772117590106919e-01 2.703830310605639942e-01
9.167392330499096742e-02 7.617617890706032124e-01 2.498080109006459992e-01
9.167392330499096742e-02 7.617617890706032124e-01 2.498080109006459992e-01
9.167392330499096742e-02 7.617617890706032124e-01 2.498080109006459992e-01
9.167392330499096742e-02 7.617617890706032124e-01 2.498080109006459992e-01
9.167392330499096742e-02 7.617617890706032124e-01 2.498080109006459992e-01
4.013226758072741540e-01 8.472839948561263768e-01 9.751137711527281537e-02
8.743299356060401095e-01 4.113618509016175873e-01 2.251496459196194733e-01
1.224995042034701109e+00 2.434621531500369696e-01 1.478244044647882005e-01
1.067539338085441658e+00 3.370892654514452969e-01 1.891686209063752622e-01
1.273654120195530481e+00 5.486179688520560482e-01 5.114800166099689460e-02
1.273654120195530481e+00 5.486179688520560482e-01 5.114800166099689460e-02
1.237860965137773661e+00 1.349379208770317140e-01 9.265740273275839545e-02
1.005914966459116933e+00 2.508776193826466328e-01 1.443382709609254688e-01
1.005914966459116933e+00 2.508776193826466328e-01 1.443382709609254688e-01
1.005914966459116933e+00 2.508776193826466328e-01 1.443382709609254688e-01
1.005914966459116933e+00 2.508776193826466328e-01 1.443382709609254688e-01
9.542428830113089955e-01 2.444037234679106163e-01 1.323842425824610369e-01
9.542428830113089955e-01 2.444037234679106163e-01 1.323842425824610369e-01
9.875944012711321829e-01 2.582322011930910377e-01 1.474254402156979504e-01
5.496027619167369593e-01 3.131440764172166435e-01 9.897051760198255499e-02
5.496027619167369593e-01 3.131440764172166435e-01 9.897051760198255499e-02
3.106159504550104478e-01 3.339501114053047282e-01 5.598413565062833330e-02
3.397601016333383073e-01 3.246142986357334892e-01 5.658075125446179049e-02
6.261243501942220790e-01 7.194262511941418303e-01 1.353180455112777125e-01
6.261243501942220790e-01 7.194262511941418303e-01 1.353180455112777125e-01
2.734375716214223484e-01 4.161892749699302452e-01 1.063687703247932631e-01
2.734375716214223484e-01 4.161892749699302452e-01 1.063687703247932631e-01
2.734375716214223484e-01 4.161892749699302452e-01 1.063687703247932631e-01
2.734375716214223484e-01 4.161892749699302452e-01 1.063687703247932631e-01
2.734375716214223484e-01 4.161892749699302452e-01 1.063687703247932631e-01
3.443911661322013318e-01 4.286701272032939491e-01 1.412854730117200364e-01
7.486009587803259535e-01 6.840578425939770613e-01 1.214306625021166902e-01
7.486009587803259535e-01 6.840578425939770613e-01 1.214306625021166902e-01
1.105578779273965973e+00 3.811627692290892044e-01 1.837321303239045078e-01
9.441870232435334298e-01 2.674828441162457882e-01 1.485319994839168489e-01
8.480405424964343464e-01 5.228386893806071800e-01 2.104356629532175837e-01
1.004438327491705030e+00 6.606669398946308780e-01 5.857927343052471425e-02
1.004438327491705030e+00 6.606669398946308780e-01 5.857927343052471425e-02
1.004438327491705030e+00 6.606669398946308780e-01 5.857927343052471425e-02
1.004438327491705030e+00 6.606669398946308780e-01 5.857927343052471425e-02
1.091357232473048722e+00 3.760920828792467807e-01 1.877119826021971527e-01
1.091357232473048722e+00 3.760920828792467807e-01 1.877119826021971527e-01
1.091357232473048722e+00 3.760920828792467807e-01 1.877119826021971527e-01
1.091357232473048722e+00 3.760920828792467807e-01 1.877119826021971527e-01
1.091357232473048722e+00 3.760920828792467807e-01 1.877119826021971527e-01
9.591885987001014247e-01 3.125344752954520300e-01 1.815046285091327094e-01
1.082584083929311269e+00 3.085620621483468606e-01 1.795764861261107959e-01
7.312712524708644413e-01 4.575995075685577729e-01 2.452874863047624365e-01
4.130356163977510486e-01 5.238496536831812600e-01 2.479520738915234890e-01
2.073649079309015930e-01 8.599792878386748329e-01 1.454409227401557148e-01
2.073649079309015930e-01 8.599792878386748329e-01 1.454409227401557148e-01
2.073649079309015930e-01 8.599792878386748329e-01 1.454409227401557148e-01
3.105096208170393668e-01 6.206435658030826641e-01 2.730976939729359287e-01
3.105096208170393668e-01 6.206435658030826641e-01 2.730976939729359287e-01
3.105096208170393668e-01 6.206435658030826641e-01 2.730976939729359287e-01
3.105096208170393668e-01 6.206435658030826641e-01 2.730976939729359287e-01
3.105096208170393668e-01 6.206435658030826641e-01 2.730976939729359287e-01
5.018461196924118850e-01 5.457631198904633330e-01 2.684547091906463456e-01
9.742151173598450065e-01 2.502689893107621355e-01 1.398054145450724761e-01
9.742151173598450065e-01 2.502689893107621355e-01 1.398054145450724761e-01
5.291469318198867011e-01 4.629930150433472225e-01 2.291853284403027324e-01
4.762618495766363091e-01 7.813887372549657151e-01 1.318433713405820773e-01
4.762618495766363091e-01 7.813887372549657151e-01 1.318433713405820773e-01
4.762618495766363091e-01 7.813887372549657151e-01 1.318433713405820773e-01
4.762618495766363091e-01 7.813887372549657151e-01 1.318433713405820773e-01
4.762618495766363091e-01 7.813887372549657151e-01 1.318433713405820773e-01
4.762618495766363091e-01 7.813887372549657151e-01 1.318433713405820773e-01
4.762618495766363091e-01 7.813887372549657151e-01 1.318433713405820773e-01
4.762618495766363091e-01 7.813887372549657151e-01 1.318433713405820773e-01
4.500259181146286092e-01 6.087702661344325250e-01 2.709139148699668542e-01
4.500259181146286092e-01 6.087702661344325250e-01 2.709139148699668542e-01
4.500259181146286092e-01 6.087702661344325250e-01 2.709139148699668542e-01
2.986254374855846772e-01 7.073532353940641393e-01 2.529198563267616717e-01
2.986254374855846772e-01 7.073532353940641393e-01 2.529198563267616717e-01
6.144103378511701630e-01 7.271513278855437079e-01 1.325677066607502119e-01
6.144103378511701630e-01 7.271513278855437079e-01 1.325677066607502119e-01
2.213703829654835031e-01 9.031468021664029733e-01 1.021429863792242543e-01
2.537378699875143528e-01 8.173067662496152908e-01 1.724512499247466690e-01
-2.300391153862614835e-01 8.148191441378637156e-01 2.136961235730328867e-01
-1.864630856514736257e-01 8.781217439127481095e-01 2.042671906935045745e-01
-2.420089808610755289e-01 8.631843238947498609e-01 2.076046961297501325e-01
-2.420089808610755289e-01 8.631843238947498609e-01 2.076046961297501325e-01
1.714116808282864501e-01 7.727708519355180883e-01 2.334762666290839672e-01
1.714116808282864501e-01 7.727708519355180883e-01 2.334762666290839672e-01
2.025566710591633623e-01 9.094253524109128239e-01 1.019883477549508866e-01
5.963138741098235052e-01 3.247011758819281502e-01 1.215044280730544629e-01
