2.489132485845457765e-01 1.481402749648903505e-01 4.434287605420607174e-03
1.535584211957445044e-01 5.314757506661476061e-01 1.275000122405976211e-01
2.917304604312987992e-01 8.873661126789361697e-01 1.156474075315861577e-01
2.917304604312987992e-01 8.873661126789361697e-01 1.156474075315861577e-01
2.917304604312987992e-01 8.873661126789361697e-01 1.156474075315861577e-01
2.917304604312987992e-01 8.873661126789361697e-01 1.156474075315861577e-01
2.917304604312987992e-01 8.873661126789361697e-01 1.156474075315861577e-01
2.917304604312987992e-01 8.873661126789361697e-01 1.156474075315861577e-01
2.917304604312987992e-01 8.873661126789361697e-01 1.156474075315861577e-01
2.917304604312987992e-01 8.873661126789361697e-01 1.156474075315861577e-01
2.917304604312987992e-01 8.873661126789361697e-01 1.156474075315861577e-01
2.917304604312987992e-01 8.873661126789361697e-01 1.156474075315861577e-01
4.119897437872293566e-01 1.001139042721522099e+00 2.305553924272968000e-02
-3.504162416311912276e-02 9.675718453303048250e-01 1.666569928816551416e-01
-2.714593341005207550e-01 9.691897786648684399e-01 1.683614993922659397e-01
-2.714593341005207550e-01 9.691897786648684399e-01 1.683614993922659397e-01
-2.714593341005207550e-01 9.691897786648684399e-01 1.683614993922659397e-01
-2.714593341005207550e-01 9.691897786648684399e-01 1.683614993922659397e-01
-2.714593341005207550e-01 9.691897786648684399e-01 1.683614993922659397e-01
-2.714593341005207550e-01 9.691897786648684399e-01 1.683614993922659397e-01
-5.002094552293829821e-01 1.035245923981195304e+00 1.200753841317270254e-01
-8.438373261336986619e-01 1.162500220228234848e+00 5.800978384874541649e-02
-8.438373261336986619e-01 1.162500220228234848e+00 5.800978384874541649e-02
-7.097581000354598046e-01 1.326735258865710643e+00 8.490497232669258487e-02
-7.097581000354598046e-01 1.326735258865710643e+00 8.490497232669258487e-02
-7.097581000354598046e-01 1.326735258865710643e+00 8.490497232669258487e-02
-8.803232110921429543e-01 1.133589037030174884e+00 4.301069666625099985e-02
-7.410312745876681539e-01 1.308265690389283975e+00 8.753341922267793285e-02
-7.410312745876681539e-01 1.308265690389283975e+00 8.753341922267793285e-02
-7.346037699489161854e-01 1.290950786058624011e+00 9.023747947787266743e-02
-7.346037699489161854e-01 1.290950786058624011e+00 9.023747947787266743e-02
-6.602684800903563245e-01 1.321774068845781525e+00 8.528417763670505247e-02
-6.602684800903563245e-01 1.321774068845781525e+00 8.528417763670505247e-02
-5.887164187529727588e-01 1.282827433090615532e+00 9.389835513785205201e-02
-5.796756394606304985e-01 1.148301142239687822e+00 1.168338018938779727e-01
-5.307111543331778369e-01 9.910728535464516931e-01 9.612633788337143770e-02
3.136395314364492926e-03 7.357585831933433074e-01 1.901055773429507212e-01
3.136395314364492926e-03 7.357585831933433074e-01 1.901055773429507212e-01
3.135416398404244215e-02 8.022476489559602353e-01 2.150257919150316277e-01
3.211225737695656002e-01 5.774422214820428279e-01 2.303878283258395943e-01
1.152761576060435111e-01 8.592424831114698902e-01 1.956617279643503571e-01
1.257589385745734589e-01 9.211828208117831540e-01 1.523149883698464435e-01
1.257589385745734589e-01 9.211828208117831540e-01 1.523149883698464435e-01
1.257589385745734589e-01 9.211828208117831540e-01 1.523149883698464435e-01
7.305512846601380783e-01 5.876330554219373337e-01 1.536781327149329135e-01
1.081438034568106055e+00 3.628896483524929883e-01 1.451580649219000596e-01
8.106534328326159278e-01 1.925570706866556459e-01 1.593633911380016865e-01
3.553911347471042093e-01 4.485493722850568687e-01 1.618918598428307210e-01
4.361158733674722066e-01 -2.084058051681991763e-02 1.738663215991107045e-03
9.874237299852266503e-01 9.378447763975764073e-02 1.480571189258645115e-01
9.874237299852266503e-01 9.378447763975764073e-02 1.480571189258645115e-01
9.874237299852266503e-01 9.378447763975764073e-02 1.480571189258645115e-01
9.874237299852266503e-01 9.378447763975764073e-02 1.480571189258645115e-01
1.191096265986147928e+00 2.722497562873474886e-01 1.490514129763398365e-01
1.209920015264962734e+00 1.766353055200395872e-01 1.800768300231428420e-01
1.209920015264962734e+00 1.766353055200395872e-01 1.800768300231428420e-01
1.209920015264962734e+00 1.766353055200395872e-01 1.800768300231428420e-01
1.185955042737604215e+00 1.546585926333806926e-01 1.886759760979216383e-01
9.727739590303836614e-01 1.533699760908805443e-01 1.825528450348831433e-01
6.998142656799605232e-01 1.412490023261510630e-01 7.988554904062106221e-02
6.998142656799605232e-01 1.412490023261510630e-01 7.988554904062106221e-02
4.616173846615762022e-01 3.337559130225210557e-01 1.215120558174560411e-01
8.515475899032889373e-01 1.750179467465173833e-01 1.611254177834306189e-01
5.567528519744318061e-01 3.232598567641830067e-01 1.564214228957978847e-01
5.567528519744318061e-01 3.232598567641830067e-01 1.564214228957978847e-01
5.567528519744318061e-01 3.232598567641830067e-01 1.564214228957978847e-01
6.294188827759309435e-01 3.152240664602797837e-01 1.815255922779057118e-01
7.976934212390494050e-01 3.346638639218038613e-01 2.341560559642517081e-01
9.599522149940109550e-01 1.627429825918177142e-01 1.850706992721154187e-01
9.599522149940109550e-01 1.627429825918177142e-01 1.850706992721154187e-01
9.599522149940109550e-01 1.627429825918177142e-01 1.850706992721154187e-01
5.939002612172521456e-01 2.987184042533224670e-01 1.533815842844380162e-01
5.939002612172521456e-01 2.987184042533224670e-01 1.533815842844380162e-01
3.176576601329528793e-01 4.794977813839400582e-01 1.677144095608133489e-01
2.518666917165096608e-01 6.391521053595251578e-01 2.331887638656519601e-01
2.653761174427388125e-01 8.502714540312906744e-01 1.543946986339643779e-01
5.716668400326504473e-01 4.408825004252663327e-01 2.384019919510868002e-01
5.716668400326504473e-01 4.408825004252663327e-01 2.384019919510868002e-01
5.716668400326504473e-01 4.408825004252663327e-01 2.384019919510868002e-01
7.209052216280792402e-01 5.510998384397488570e-01 1.859241302334448953e-01
7.209052216280792402e-01 5.510998384397488570e-01 1.859241302334448953e-01
7.209052216280792402e-01 5.510998384397488570e-01 1.859241302334448953e-01
7.209052216280792402e-01 5.510998384397488570e-01 1.859241302334448953e-01
7.209052216280792402e-01 5.510998384397488570e-01 1.859241302334448953e-01
7.209052216280792402e-01 5.510998384397488570e-01 1.859241302334448953e-01
5.422661544805990053e-01 3.495590039821567796e-01 1.708232717127851630e-01
8.601043782097157475e-01 1.769657690119521287e-01 1.655008072103277827e-01
1.339277594796516535e+00 1.886888621424171464e-01 1.291532419294156575e-01
1.339277594796516535e+00 1.886888621424171464e-01 1.291532419294156575e-01
1.339277594796516535e+00 1.886888621424171464e-01 1.291532419294156575e-01
1.070611181459172112e+00 1.831622523878002617e-01 2.038897480838455789e-01
1.070611181459172112e+00 1.831622523878002617e-01 2.038897480838455789e-01
2.393755763197769060e-01 6.537984415855540021e-01 2.340246350083308446e-01
1.368901311392829723e-01 7.621568687047260982e-01 2.270519449092930631e-01
1.368901311392829723e-01 7.621568687047260982e-01 2.270519449092930631e-01
1.368901311392829723e-01 7.621568687047260982e-01 2.270519449092930631e-01
6.342605552447486139e-02 6.349408558482358966e-01 1.578577258742565048e-01
3.959387804702086955e-01 3.479199007805460764e-01 1.031943423199328247e-01
4.196244961758202607e-01 4.960376528446681088e-01 2.225099818667262142e-01
4.196244961758202607e-01 4.960376528446681088e-01 2.225099818667262142e-01
