2.489132485845457765e-01 1.481402749648903505e-01 2.878232035770579306e-03
-5.554921003830859405e-02 9.056412092931810376e-01 1.723652080749776272e-01
-1.612877580308994530e-01 6.746605188042210655e-01 1.749571920454600638e-01
4.841231206967927525e-01 8.264972402447755551e-01 8.069776019012400714e-02
4.841231206967927525e-01 8.264972402447755551e-01 8.069776019012400714e-02
-2.591835443479606482e-02 1.045406524130366277e+00 5.594224571855835326e-02
1.866517017107567067e-01 6.813611982324685457e-01 2.602681321992423857e-01
1.866517017107567067e-01 6.813611982324685457e-01 2.602681321992423857e-01
1.869292874543849459e-01 5.713679628306990166e-01 2.133718431310524521e-01
1.869292874543849459e-01 5.713679628306990166e-01 2.133718431310524521e-01
2.764760650107681017e-01 6.022565868864980798e-01 2.515804246909392750e-01
2.764760650107681017e-01 6.022565868864980798e-01 2.515804246909392750e-01
3.799744011176779956e-01 4.702249412265356310e-01 1.824223327484826296e-01
3.799744011176779956e-01 4.702249412265356310e-01 1.824223327484826296e-01
3.779955411541151555e-01 3.774064083308620310e-01 9.932933004454223835e-02
3.779955411541151555e-01 3.774064083308620310e-01 9.932933004454223835e-02
3.779955411541151555e-01 3.774064083308620310e-01 9.932933004454223835e-02
5.648541823132513517e-02 4.770345994978869575e-01 8.759111761353795267e-02
5.648541823132513517e-02 4.770345994978869575e-01 8.759111761353795267e-02
2.449878307808067701e-02 6.082659230431639585e-01 1.900905834220299739e-01
2.449878307808067701e-02 6.082659230431639585e-01 1.900905834220299739e-01
2.449878307808067701e-02 6.082659230431639585e-01 1.900905834220299739e-01
6.848758558954595177e-01 7.910318151115066643e-01 5.160590800188517846e-02
9.923560026807438650e-01 4.232344493909365180e-01 1.640219245139524773e-01
9.923560026807438650e-01 4.232344493909365180e-01 1.640219245139524773e-01
9.923560026807438650e-01 4.232344493909365180e-01 1.640219245139524773e-01
9.923560026807438650e-01 4.232344493909365180e-01 1.640219245139524773e-01
9.923560026807438650e-01 4.232344493909365180e-01 1.640219245139524773e-01
9.923560026807438650e-01 4.232344493909365180e-01 1.640219245139524773e-01
8.580104345902886953e-01 5.869597057408058038e-01 1.323414341553967866e-01
8.580104345902886953e-01 5.869597057408058038e-01 1.323414341553967866e-01
8.580104345902886953e-01 5.869597057408058038e-01 1.323414341553967866e-01
7.509314335800627571e-01 5.720322993861539640e-01 1.815690138225751760e-01
4.299137413463555712e-01 7.348924294005066971e-01 1.770781870694209392e-01
2.599153576094547224e-01 9.920383515460118318e-01 3.470399899559262202e-02
2.599153576094547224e-01 9.920383515460118318e-01 3.470399899559262202e-02
3.923933493468252376e-01 8.363918965536603078e-01 1.006021062054132664e-01
3.923933493468252376e-01 8.363918965536603078e-01 1.006021062054132664e-01
3.923933493468252376e-01 8.363918965536603078e-01 1.006021062054132664e-01
3.923933493468252376e-01 8.363918965536603078e-01 1.006021062054132664e-01
3.923933493468252376e-01 8.363918965536603078e-01 1.006021062054132664e-01
4.726614430722366755e-01 5.787807432632844362e-01 2.491801961468049498e-01
4.726614430722366755e-01 5.787807432632844362e-01 2.491801961468049498e-01
3.257024119718581190e-01 6.192113460654532497e-01 2.584660172819805979e-01
3.257024119718581190e-01 6.192113460654532497e-01 2.584660172819805979e-01
2.236219985959544410e-01 9.734306417859327487e-01 4.957330878851449324e-02
-1.052471456211228062e-01 9.089457159745126802e-01 1.799933768632106523e-01
-1.052471456211228062e-01 9.089457159745126802e-01 1.799933768632106523e-01
-6.936701458203262116e-02 6.104539957041246190e-01 1.569593289792322599e-01
3.093242697461828783e-01 5.242825932730459382e-01 2.096664183794364478e-01
3.093242697461828783e-01 5.242825932730459382e-01 2.096664183794364478e-01
4.232835375705235048e-01 5.702893374014862404e-01 2.507918031581320983e-01
4.232835375705235048e-01 5.702893374014862404e-01 2.507918031581320983e-01
6.321371119761632906e-01 5.209552458640333006e-01 2.302367670293603563e-01
4.462208588657947672e-01 9.764975111782544515e-01 1.762024468000388325e-02
4.462208588657947672e-01 9.764975111782544515e-01 1.762024468000388325e-02
4.462208588657947672e-01 9.764975111782544515e-01 1.762024468000388325e-02
9.840053609029585369e-01 8.548985836448765863e-01 4.250826993655251913e-03
9.840053609029585369e-01 8.548985836448765863e-01 4.250826993655251913e-03
6.288954723401923852e-01 5.884769300773597944e-01 2.133758341954717364e-01
6.193209815337206159e-01 5.034072087073191426e-01 2.301603228973948256e-01
6.193209815337206159e-01 5.034072087073191426e-01 2.301603228973948256e-01
6.193209815337206159e-01 5.034072087073191426e-01 2.301603228973948256e-01
5.732261206312764257e-01 6.297043599419173132e-01 2.077900199867526165e-01
5.732261206312764257e-01 6.297043599419173132e-01 2.077900199867526165e-01
4.796409403246634229e-01 3.598669130186531451e-01 1.112260227856934763e-01
4.721847742710330031e-01 3.904018721482935828e-01 1.356167138724042320e-01
4.721847742710330031e-01 3.904018721482935828e-01 1.356167138724042320e-01
4.721847742710330031e-01 3.904018721482935828e-01 1.356167138724042320e-01
4.721847742710330031e-01 3.904018721482935828e-01 1.356167138724042320e-01
4.721847742710330031e-01 3.904018721482935828e-01 1.356167138724042320e-01
5.796445410061692449e-01 4.522971913595760785e-01 2.081116268418286286e-01
5.796445410061692449e-01 4.522971913595760785e-01 2.081116268418286286e-01
5.210301000867542109e-01 7.376955483059273178e-01 1.405902948919045825e-01
5.210301000867542109e-01 7.376955483059273178e-01 1.405902948919045825e-01
2.941118868457380242e-01 5.430499646272151093e-01 2.204522736142820738e-01
3.409288458506372077e-01 7.863214394993518486e-01 1.626368616923470900e-01
3.125878564747296973e-01 7.207446687693442877e-01 2.271531406443226542e-01
3.125878564747296973e-01 7.207446687693442877e-01 2.271531406443226542e-01
3.125878564747296973e-01 7.207446687693442877e-01 2.271531406443226542e-01
3.897139289409483065e-01 7.039376108208037497e-01 2.164636123511061994e-01
3.897139289409483065e-01 7.039376108208037497e-01 2.164636123511061994e-01
1.518855185706714794e-01 6.898218664485504803e-01 2.594558026306224008e-01
1.518855185706714794e-01 6.898218664485504803e-01 2.594558026306224008e-01
1.518855185706714794e-01 6.898218664485504803e-01 2.594558026306224008e-01
1.518855185706714794e-01 6.898218664485504803e-01 2.594558026306224008e-01
1.518855185706714794e-01 6.898218664485504803e-01 2.594558026306224008e-01
-1.121667422806868764e-01 7.538089484540233531e-01 2.343544067780968521e-01
-1.121667422806868764e-01 7.538089484540233531e-01 2.343544067780968521e-01
-1.121667422806868764e-01 7.538089484540233531e-01 2.343544067780968521e-01
-8.244317383356000728e-03 9.347482729851558370e-01 1.349841044209120211e-01
-8.244317383356000728e-03 9.347482729851558370e-01 1.349841044209120211e-01
-8.244317383356000728e-03 9.347482729851558370e-01 1.349841044209120211e-01
-8.244317383356000728e-03 9.347482729851558370e-01 1.349841044209120211e-01
-8.244317383356000728e-03 9.347482729851558370e-01 1.349841044209120211e-01
-8.244317383356000728e-03 9.347482729851558370e-01 1.349841044209120211e-01
-8.244317383356000728e-03 9.347482729851558370e-01 1.349841044209120211e-01
-8.244317383356000728e-03 9.347482729851558370e-01 1.349841044209120211e-01
-8.244317383356000728e-03 9.347482729851558370e-01 1.349841044209120211e-01
9.176463500375403592e-02 9.841395204541796282e-01 7.034069561740070864e-02
