2.489132485845457765e-01 1.481402749648903505e-01 1.569270371401528886e-03
-1.351308240335715172e-01 3.088586676651601248e-01 4.696470119515929928e-04
9.052086449463508933e-02 8.392520229621378003e-02 1.633632833133829274e-04
5.175181631058212162e-01 5.785624989099577564e-02 3.988560935696380989e-03
5.175181631058212162e-01 5.785624989099577564e-02 3.988560935696380989e-03
5.175181631058212162e-01 5.785624989099577564e-02 3.988560935696380989e-03
5.175181631058212162e-01 5.785624989099577564e-02 3.988560935696380989e-03
4.053339480475111056e-01 4.456730903171927105e-01 4.154387379875468939e-02
4.053339480475111056e-01 4.456730903171927105e-01 4.154387379875468939e-02
4.053339480475111056e-01 4.456730903171927105e-01 4.154387379875468939e-02
6.479676591463765511e-01 4.326784353960029805e-01 7.467436918212824737e-02
6.479676591463765511e-01 4.326784353960029805e-01 7.467436918212824737e-02
6.479676591463765511e-01 4.326784353960029805e-01 7.467436918212824737e-02
6.479676591463765511e-01 4.326784353960029805e-01 7.467436918212824737e-02
6.479676591463765511e-01 4.326784353960029805e-01 7.467436918212824737e-02
7.133674246284611442e-01 5.819134869537554433e-01 7.512579583673206773e-02
7.550568305997942264e-01 7.584884176514783416e-01 3.320111974143260397e-02
7.337096611741147356e-01 8.207988648051430802e-01 2.300152227111434619e-02
7.519288577344953595e-01 8.267181700757383345e-01 2.071930905317811988e-02
7.519288577344953595e-01 8.267181700757383345e-01 2.071930905317811988e-02
5.825170880143257790e-01 4.910416460841647290e-01 7.273315171927048628e-02
1.018771360241700119e+00 2.479500886032660056e-01 9.404810444524537572e-02
1.018771360241700119e+00 2.479500886032660056e-01 9.404810444524537572e-02
1.018771360241700119e+00 2.479500886032660056e-01 9.404810444524537572e-02
1.018771360241700119e+00 2.479500886032660056e-01 9.404810444524537572e-02
1.018771360241700119e+00 2.479500886032660056e-01 9.404810444524537572e-02
1.018771360241700119e+00 2.479500886032660056e-01 9.404810444524537572e-02
9.737420290816520829e-01 4.231030156233610007e-01 9.075647813514106654e-02
1.096280593660322600e+00 2.595375751911427331e-02 5.215692578144650454e-02
1.096280593660322600e+00 2.595375751911427331e-02 5.215692578144650454e-02
1.188479246564866809e+00 3.631445556270218589e-01 8.373912872089221693e-02
1.188479246564866809e+00 3.631445556270218589e-01 8.373912872089221693e-02
1.408871324148666559e+00 2.270634821861625963e-01 8.538473839118768116e-02
1.096643638338331561e+00 1.372035396581228195e-01 8.220827852183063000e-02
8.996158879647250250e-01 -1.625843645654717617e-02 1.823504918940334341e-02
8.648323331387033353e-01 1.234045447524114436e-01 4.208568269407911289e-02
8.648323331387033353e-01 1.234045447524114436e-01 4.208568269407911289e-02
9.739986560255076142e-01 2.913794014466057902e-01 9.501355899390694082e-02
5.315163302260036415e-01 2.843500117966521468e-01 2.968604796151405600e-02
7.713297840708481790e-01 1.080701094159039755e-01 2.625253805199940713e-02
7.713297840708481790e-01 1.080701094159039755e-01 2.625253805199940713e-02
7.713297840708481790e-01 1.080701094159039755e-01 2.625253805199940713e-02
9.372674497321888953e-01 2.645835495693157902e-02 2.992316060442597181e-02
1.530009112272134653e+00 1.759666918871241603e-02 9.240859436386694714e-02
1.530009112272134653e+00 1.759666918871241603e-02 9.240859436386694714e-02
1.868663034499888020e+00 -2.658084822604537267e-01 5.908781123399058782e-02
1.868663034499888020e+00 -2.658084822604537267e-01 5.908781123399058782e-02
2.033503611484958284e+00 -4.808517682610752297e-02 4.376506988016507643e-02
2.518617705292191644e+00 -4.917747053085655962e-01 2.597363057579301152e-02
2.135615686591114226e+00 -1.954208422259962608e-01 4.829460810799768300e-02
2.153686583314857739e+00 -2.154571738380125501e-01 4.775474362300754366e-02
2.307709015506053785e+00 -6.324345822873917999e-01 1.800303814464890642e-02
2.307709015506053785e+00 -6.324345822873917999e-01 1.800303814464890642e-02
2.417915473019618844e+00 -3.686806884090242931e-01 3.100455191925936480e-02
2.552465646763363960e+00 -2.976900057214947326e-01 1.647397766196442501e-02
2.539298466081512551e+00 -3.262497646280940189e-01 1.929043318203458104e-02
2.539298466081512551e+00 -3.262497646280940189e-01 1.929043318203458104e-02
2.539298466081512551e+00 -3.262497646280940189e-01 1.929043318203458104e-02
2.551005400262095435e+00 -4.616224058807129049e-01 2.417425541380268869e-02
2.597873869698771099e+00 -5.099220386967956431e-01 2.202781724498917987e-02
2.597873869698771099e+00 -5.099220386967956431e-01 2.202781724498917987e-02
2.597873869698771099e+00 -5.099220386967956431e-01 2.202781724498917987e-02
2.625019728979490985e+00 -7.403717466278537662e-01 1.294528952504487088e-02
3.048291301976243872e+00 -7.517959069135004002e-01 7.010363895307967878e-03
3.048291301976243872e+00 -7.517959069135004002e-01 7.010363895307967878e-03
3.048291301976243872e+00 -7.517959069135004002e-01 7.010363895307967878e-03
3.048291301976243872e+00 -7.517959069135004002e-01 7.010363895307967878e-03
3.048291301976243872e+00 -7.517959069135004002e-01 7.010363895307967878e-03
3.048291301976243872e+00 -7.517959069135004002e-01 7.010363895307967878e-03
3.048291301976243872e+00 -7.517959069135004002e-01 7.010363895307967878e-03
2.676141667364801080e+00 -9.622503554340643417e-01 3.248929798983445170e-03
2.676141667364801080e+00 -9.622503554340643417e-01 3.248929798983445170e-03
3.123159361802131162e+00 -4.517079835628716733e-01 1.685867086923942835e-03
3.014957985136016649e+00 -1.006054998655874444e+00 3.539303030303155538e-03
2.998823551231199591e+00 -1.157821229406119423e+00 1.131858713337080069e-03
2.998823551231199591e+00 -1.157821229406119423e+00 1.131858713337080069e-03
2.409771159348928826e+00 -9.735386846790364812e-01 1.226524705540143556e-03
2.794097346967289397e+00 -1.194933767162081217e+00 4.199729951181555856e-04
2.757046263095224603e+00 -8.063750152631604662e-01 9.657997590533507273e-03
2.757046263095224603e+00 -8.063750152631604662e-01 9.657997590533507273e-03
2.784532801650586364e+00 -7.777570080397540053e-01 1.068918073569236245e-02
2.784532801650586364e+00 -7.777570080397540053e-01 1.068918073569236245e-02
2.784532801650586364e+00 -7.777570080397540053e-01 1.068918073569236245e-02
2.399730783530065636e+00 -4.135716365773917103e-01 3.295993000874950646e-02
2.296383048480699962e+00 -4.067186911958838857e-01 3.861009120793548743e-02
2.368396119331012795e+00 -5.859646814210189847e-02 1.079029652498437498e-02
1.949449180121964220e+00 -1.973024417869428671e-01 6.509912707834254741e-02
1.949449180121964220e+00 -1.973024417869428671e-01 6.509912707834254741e-02
1.949449180121964220e+00 -1.973024417869428671e-01 6.509912707834254741e-02
2.396344785099819852e+00 -3.799918434813512325e-01 3.290385008807197170e-02
2.396344785099819852e+00 -3.799918434813512325e-01 3.290385008807197170e-02
2.173659432556308779e+00 -2.589590290908523329e-01 4.791316979881946048e-02
2.173659432556308779e+00 -2.589590290908523329e-01 4.791316979881946048e-02
2.510084657555141430e+00 -1.865961542067275658e-01 1.157607503974189024e-02
2.719563609934685378e+00 -4.184318093996426402e-01 1.277053340966317722e-02
2.719563609934685378e+00 -4.184318093996426402e-01 1.277053340966317722e-02
3.511091233424512126e+00 -7.945791431152662287e-01 1.019714963059323819e-03
3.100735636637529602e+00 -9.191928888409675036e-01 4.885414775761791860e-03
2.906265529467315201e+00 -6.949542761368883159e-01 1.037264054785566429e-02
2.974342299635571951e+00 -8.067505762016724535e-01 7.872354497760419498e-03
