2.489132485845457765e-01 1.481402749648903505e-01 4.483962404259574791e-03
5.403254066538312195e-01 3.207958251779591263e-01 1.182938615301452889e-01
5.403254066538312195e-01 3.207958251779591263e-01 1.182938615301452889e-01
5.403254066538312195e-01 3.207958251779591263e-01 1.182938615301452889e-01
9.467224676112857562e-01 8.700637884304854297e-02 1.612782832537117406e-01
1.169812788809437620e+00 -1.056378712891902216e-01 1.426648245316199382e-01
1.345285699718545613e+00 -2.977377996934996718e-01 1.048921293202023375e-01
1.530097829065417026e+00 -4.378959562814757067e-01 8.440169961255976350e-02
1.530097829065417026e+00 -4.378959562814757067e-01 8.440169961255976350e-02
2.090631868783698444e+00 -5.529839730871932701e-01 3.028398877423020899e-02
1.909183042838050515e+00 -4.957866891094969142e-01 5.559656309165991739e-02
1.580408298695030744e+00 -5.358236758890427831e-02 4.929494116114582769e-02
1.580408298695030744e+00 -5.358236758890427831e-02 4.929494116114582769e-02
1.580408298695030744e+00 -5.358236758890427831e-02 4.929494116114582769e-02
1.771571857127127503e+00 -4.916218578762839297e-01 7.572414642831075404e-02
1.771571857127127503e+00 -4.916218578762839297e-01 7.572414642831075404e-02
1.904601784520987273e+00 -3.294139656646530856e-01 3.301733744394056563e-02
1.904601784520987273e+00 -3.294139656646530856e-01 3.301733744394056563e-02
1.904601784520987273e+00 -3.294139656646530856e-01 3.301733744394056563e-02
1.904601784520987273e+00 -3.294139656646530856e-01 3.301733744394056563e-02
1.730379107606658584e+00 -5.455670753507113613e-01 7.057813520576648736e-02
1.432137956583460214e+00 -6.549672757399631617e-01 1.307621500511001525e-02
1.432137956583460214e+00 -6.549672757399631617e-01 1.307621500511001525e-02
1.295913995415822306e+00 -5.920477704976256916e-01 9.916347424163397817e-03
1.648111214907043154e+00 -1.016040197357991337e-01 4.379223937086219876e-02
1.868205328632042805e+00 -5.150688313587732381e-01 6.334193463826170989e-02
1.620525691763176290e+00 -2.109451058166617599e-01 8.126282465230927343e-02
1.502891773743914472e+00 -5.473699993459471558e-02 7.433577388868997660e-02
1.502891773743914472e+00 -5.473699993459471558e-02 7.433577388868997660e-02
1.502891773743914472e+00 -5.473699993459471558e-02 7.433577388868997660e-02
1.437067821143535262e+00 -4.015042181077108641e-01 8.300407464852191386e-02
1.437067821143535262e+00 -4.015042181077108641e-01 8.300407464852191386e-02
9.839358375679523316e-01 -2.185473940455926467e-01 4.317301231116131566e-02
1.004929406299432282e+00 -9.232352308120583828e-02 1.042972773748326587e-01
1.200736580187850899e+00 7.458353830683780994e-02 1.381847852174188651e-01
1.604719418084495031e+00 -3.788009710150344045e-01 9.908690153827132141e-02
1.703577203898909653e+00 -3.541616780130751874e-01 8.400572698730070231e-02
1.703577203898909653e+00 -3.541616780130751874e-01 8.400572698730070231e-02
1.703577203898909653e+00 -3.541616780130751874e-01 8.400572698730070231e-02
1.703577203898909653e+00 -3.541616780130751874e-01 8.400572698730070231e-02
1.370966759647642030e+00 -3.774037234630018833e-01 7.921783602642577804e-02
1.370966759647642030e+00 -3.774037234630018833e-01 7.921783602642577804e-02
1.370966759647642030e+00 -3.774037234630018833e-01 7.921783602642577804e-02
1.478507690714548017e+00 -2.168026906041725377e-01 1.199433476831758827e-01
1.690947905416249952e+00 -3.048154151557579405e-01 8.048067059167210435e-02
1.690947905416249952e+00 -3.048154151557579405e-01 8.048067059167210435e-02
1.538560135363178594e+00 -8.167920455715562689e-01 4.642865914104848599e-03
1.589740860100697928e+00 -7.505728048018777132e-01 1.327859708706725060e-02
1.860089941375837164e+00 -4.161253778603383191e-01 5.675292432378079011e-02
1.896534714799249732e+00 -5.610124913175540406e-01 5.977119869302613409e-02
1.842923328118665660e+00 -4.193370893816743550e-01 6.089371760265729905e-02
1.563977152196438958e+00 -3.582634888247373528e-01 1.039445985702054653e-01
1.837672680181160478e+00 -4.928668381350372885e-01 6.740463422308236308e-02
2.067302528161609310e+00 -8.491708692001320724e-01 2.919570929627000183e-02
1.916075107586839188e+00 -8.522414972459004812e-01 2.293973967505257006e-02
1.916075107586839188e+00 -8.522414972459004812e-01 2.293973967505257006e-02
1.916075107586839188e+00 -8.522414972459004812e-01 2.293973967505257006e-02
1.594194103300725196e+00 -7.647143354548670002e-01 1.187915480265054960e-02
1.594194103300725196e+00 -7.647143354548670002e-01 1.187915480265054960e-02
1.594194103300725196e+00 -7.647143354548670002e-01 1.187915480265054960e-02
1.475255758092993252e+00 -5.399574024851472309e-01 4.304888022471543840e-02
1.475255758092993252e+00 -5.399574024851472309e-01 4.304888022471543840e-02
1.470401039724349879e+00 3.609442855693845154e-02 5.464031716556086438e-02
1.684184407385648896e+00 -5.955641239505926610e-03 1.698529144125382473e-02
1.684184407385648896e+00 -5.955641239505926610e-03 1.698529144125382473e-02
1.684184407385648896e+00 -5.955641239505926610e-03 1.698529144125382473e-02
1.684184407385648896e+00 -5.955641239505926610e-03 1.698529144125382473e-02
1.754682293590659858e+00 -2.677543900149901845e-01 5.580876973993944418e-02
1.754682293590659858e+00 -2.677543900149901845e-01 5.580876973993944418e-02
1.814289732455037329e+00 -1.269724661166895807e-01 1.635234720892967883e-02
1.985853572065499506e+00 -3.101844412497015702e-01 1.708667927840459150e-02
1.985853572065499506e+00 -3.101844412497015702e-01 1.708667927840459150e-02
1.985853572065499506e+00 -3.101844412497015702e-01 1.708667927840459150e-02
1.838717843227349436e+00 -9.504850950651052566e-01 7.562148085873971436e-03
1.838717843227349436e+00 -9.504850950651052566e-01 7.562148085873971436e-03
1.926766875564734249e+00 -7.600498952055697588e-01 3.803420569824247921e-02
1.926766875564734249e+00 -7.600498952055697588e-01 3.803420569824247921e-02
1.926766875564734249e+00 -7.600498952055697588e-01 3.803420569824247921e-02
1.926766875564734249e+00 -7.600498952055697588e-01 3.803420569824247921e-02
1.926766875564734249e+00 -7.600498952055697588e-01 3.803420569824247921e-02
1.813400331321584069e+00 -6.490176934799821717e-01 5.319321794690722721e-02
1.813400331321584069e+00 -6.490176934799821717e-01 5.319321794690722721e-02
1.813400331321584069e+00 -6.490176934799821717e-01 5.319321794690722721e-02
1.704829952365891854e+00 -5.630870889238881460e-01 6.594814539172369483e-02
2.019035334952921978e+00 -8.633341628605248896e-01 2.636830310434758531e-02
2.019035334952921978e+00 -8.633341628605248896e-01 2.636830310434758531e-02
2.019035334952921978e+00 -8.633341628605248896e-01 2.636830310434758531e-02
2.019035334952921978e+00 -8.633341628605248896e-01 2.636830310434758531e-02
2.039154666687791995e+00 -5.754114476063645345e-01 4.011438077043521372e-02
2.039154666687791995e+00 -5.754114476063645345e-01 4.011438077043521372e-02
2.039154666687791995e+00 -5.754114476063645345e-01 4.011438077043521372e-02
2.039154666687791995e+00 -5.754114476063645345e-01 4.011438077043521372e-02
1.884256088443394761e+00 -8.933504808706613787e-01 1.546137855256159155e-02
2.256991157211706067e+00 -7.218978512030953532e-01 2.172965802793046242e-02
2.490963660367992993e+00 -9.090767308797147450e-01 1.067642591857845789e-02
2.490963660367992993e+00 -9.090767308797147450e-01 1.067642591857845789e-02
2.388566073858034322e+00 -1.144998301867159007e+00 9.206163565130010343e-03
2.468960946795014433e+00 -1.017816315289707507e+00 1.230247105347803162e-02
2.468960946795014433e+00 -1.017816315289707507e+00 1.230247105347803162e-02
2.290098365012248394e+00 -1.048090609733633771e+00 1.391489063215775937e-02
