2.489132485845457765e-01 1.481402749648903505e-01 2.845243553551427690e-03
3.836938062258160587e-02 5.307455268412155647e-01 7.374034597980938521e-02
3.889121075416807627e-01 5.714481824159164391e-01 2.027966736025035854e-01
6.926260497966593155e-01 5.957706055597977723e-01 1.702660756470106562e-01
7.318856722979925067e-01 5.172819043589755861e-01 1.888726934768400478e-01
3.423564277425103497e-01 6.203557242150559148e-01 2.121511644572014188e-01
3.423564277425103497e-01 6.203557242150559148e-01 2.121511644572014188e-01
6.047122191111721223e-01 6.408287179007675638e-01 1.748847876451942451e-01
3.065456700422886094e-02 9.010768509972859608e-01 1.890823921219287329e-01
3.065456700422886094e-02 9.010768509972859608e-01 1.890823921219287329e-01
2.893791790039400014e-01 1.086204002640529076e+00 2.318681922849486626e-02
1.252170443046081716e-01 1.107747582273204134e+00 4.163858488771232658e-02
-2.782960334295184190e-02 6.966847599884897768e-01 1.584134942637485388e-01
5.010478861561720176e-01 4.673491857950038408e-01 1.742984591232749070e-01
-5.705755743104101718e-02 6.321421209386796081e-01 1.056722985374796142e-01
-5.705755743104101718e-02 6.321421209386796081e-01 1.056722985374796142e-01
-5.705755743104101718e-02 6.321421209386796081e-01 1.056722985374796142e-01
1.908399359906860770e-01 6.354886804948295387e-01 1.903273328907255646e-01
1.908399359906860770e-01 6.354886804948295387e-01 1.903273328907255646e-01
1.908399359906860770e-01 6.354886804948295387e-01 1.903273328907255646e-01
1.908399359906860770e-01 6.354886804948295387e-01 1.903273328907255646e-01
1.908399359906860770e-01 6.354886804948295387e-01 1.903273328907255646e-01
5.389374486481648407e-01 8.687610698709181678e-01 5.823070219006311332e-02
5.389374486481648407e-01 8.687610698709181678e-01 5.823070219006311332e-02
5.389374486481648407e-01 8.687610698709181678e-01 5.823070219006311332e-02
4.048624554334584458e-01 6.253323548525324682e-01 2.152524884536911598e-01
5.034161266953577352e-01 9.392817759231675279e-01 3.593846471313542901e-02
4.200284540320357585e-01 8.219489877998801264e-01 1.237610943341569542e-01
4.200284540320357585e-01 8.219489877998801264e-01 1.237610943341569542e-01
6.540476502220776700e-02 8.372531909680993589e-01 2.082434097217143176e-01
-3.826860399503847487e-01 5.997250709993650064e-01 1.730112287016752695e-02
-6.721415763233296037e-01 1.104365826310410359e+00 1.374045570979105790e-01
-6.067927970060178477e-01 1.009892135751687459e+00 1.280404469618323660e-01
-6.067927970060178477e-01 1.009892135751687459e+00 1.280404469618323660e-01
-6.067927970060178477e-01 1.009892135751687459e+00 1.280404469618323660e-01
-5.810182902449972930e-01 8.723080326891725633e-01 7.275207319676930962e-02
-8.524971812734096765e-01 1.036347665339673263e+00 6.815404841032550454e-02
-8.524971812734096765e-01 1.036347665339673263e+00 6.815404841032550454e-02
-7.479614429396694852e-01 1.271390112011252738e+00 1.171340981257726899e-01
-7.479614429396694852e-01 1.271390112011252738e+00 1.171340981257726899e-01
-4.721511111109470971e-01 1.155477979464301530e+00 1.428943696371588468e-01
-4.721511111109470971e-01 1.155477979464301530e+00 1.428943696371588468e-01
-4.721511111109470971e-01 1.155477979464301530e+00 1.428943696371588468e-01
-6.423426377871066517e-01 1.195164801524969844e+00 1.369652340503461629e-01
-6.423426377871066517e-01 1.195164801524969844e+00 1.369652340503461629e-01
-9.602164833795709953e-01 1.284040964113454253e+00 1.029045031063877819e-01
-7.957328893526096625e-01 1.427530938504182334e+00 6.248443013983841915e-02
-6.560411537719867958e-01 1.274357301455192770e+00 1.105453935688151396e-01
-9.556186986108894388e-01 1.159005056337485851e+00 8.371958579007710011e-02
-9.556186986108894388e-01 1.159005056337485851e+00 8.371958579007710011e-02
-4.085615004706905085e-01 1.080558340108334958e+00 1.656264659368975045e-01
-7.409359897017153695e-01 1.260925285390041672e+00 1.199835002220625002e-01
-7.409359897017153695e-01 1.260925285390041672e+00 1.199835002220625002e-01
-7.409359897017153695e-01 1.260925285390041672e+00 1.199835002220625002e-01
-7.230359262793015773e-01 1.162857703235401274e+00 1.339480502279037644e-01
-1.234687361724564170e+00 1.401285215936075357e+00 7.033151513670585220e-02
-1.199129281567067773e+00 1.428287592467786249e+00 7.349835737381629763e-02
-1.199129281567067773e+00 1.428287592467786249e+00 7.349835737381629763e-02
-1.199129281567067773e+00 1.428287592467786249e+00 7.349835737381629763e-02
-1.199129281567067773e+00 1.428287592467786249e+00 7.349835737381629763e-02
-1.199129281567067773e+00 1.428287592467786249e+00 7.349835737381629763e-02
-1.199129281567067773e+00 1.428287592467786249e+00 7.349835737381629763e-02
-1.199129281567067773e+00 1.428287592467786249e+00 7.349835737381629763e-02
-1.489791946870295591e+00 1.476159666880298538e+00 4.394520210122814657e-02
-1.422725543177858709e+00 1.727362472820626493e+00 2.624769995305255635e-02
-1.671119440301016112e+00 1.898769544137608456e+00 1.157684129082660329e-02
-1.671119440301016112e+00 1.898769544137608456e+00 1.157684129082660329e-02
-1.671119440301016112e+00 1.898769544137608456e+00 1.157684129082660329e-02
-1.671119440301016112e+00 1.898769544137608456e+00 1.157684129082660329e-02
-1.374391649375184654e+00 1.853659618002616138e+00 8.260973292201800530e-03
-1.374391649375184654e+00 1.853659618002616138e+00 8.260973292201800530e-03
-1.536126496903738037e+00 1.721342130009652749e+00 2.966829799343394941e-02
-1.536126496903738037e+00 1.721342130009652749e+00 2.966829799343394941e-02
-1.536126496903738037e+00 1.721342130009652749e+00 2.966829799343394941e-02
-1.536126496903738037e+00 1.721342130009652749e+00 2.966829799343394941e-02
-1.536126496903738037e+00 1.721342130009652749e+00 2.966829799343394941e-02
-1.386212033221497997e+00 1.166339551234785610e+00 1.300386138452820292e-02
-1.386212033221497997e+00 1.166339551234785610e+00 1.300386138452820292e-02
-1.386212033221497997e+00 1.166339551234785610e+00 1.300386138452820292e-02
-1.386212033221497997e+00 1.166339551234785610e+00 1.300386138452820292e-02
-1.327788193748435930e+00 1.169262296481013763e+00 1.865147957478142590e-02
-9.726816677221168383e-01 1.453162557676445754e+00 6.995035273977787127e-02
-9.726816677221168383e-01 1.453162557676445754e+00 6.995035273977787127e-02
-1.211342458243547249e+00 1.197088758862300484e+00 4.001322473883778957e-02
-1.211342458243547249e+00 1.197088758862300484e+00 4.001322473883778957e-02
-9.733096282061861615e-01 1.552765845917486454e+00 3.875369353514925702e-02
-1.193767077358047102e+00 1.352109744167085958e+00 7.297680063375300286e-02
-1.193767077358047102e+00 1.352109744167085958e+00 7.297680063375300286e-02
-1.193767077358047102e+00 1.352109744167085958e+00 7.297680063375300286e-02
-9.632505141208440591e-01 1.637195779052222910e+00 1.825609851218170515e-02
-9.774554464845854884e-01 1.512699613764273643e+00 5.118457332532493076e-02
-9.774554464845854884e-01 1.512699613764273643e+00 5.118457332532493076e-02
-9.774554464845854884e-01 1.512699613764273643e+00 5.118457332532493076e-02
-9.774554464845854884e-01 1.512699613764273643e+00 5.118457332532493076e-02
-9.164787811358133807e-01 1.302586103113355653e+00 1.062138062021254631e-01
-1.037087981709153173e+00 1.669987034951342153e+00 1.703712530795148394e-02
-1.037087981709153173e+00 1.669987034951342153e+00 1.703712530795148394e-02
-1.063167301494062578e+00 1.475739146394894785e+00 6.797107716239135511e-02
-9.650438052857861493e-01 1.434908546970986798e+00 7.524483241899330987e-02
-1.278014963566418638e+00 1.533462889285293507e+00 5.787852106866304969e-02
