2.489132485845457765e-01 1.481402749648903505e-01 2.024496324043286322e-03
1.936657591256916444e-01 4.961946300213038175e-01 5.112084287500483215e-02
7.040951286341999849e-01 5.739587044833214247e-01 5.206187272708876629e-02
6.350223059916680901e-01 5.962317923058759739e-01 6.014974595578411604e-02
5.564746318227308253e-01 5.654641084991496314e-01 7.474331515357404698e-02
5.564746318227308253e-01 5.654641084991496314e-01 7.474331515357404698e-02
9.337497721747711754e-02 6.841390099289396121e-01 1.015567475179044860e-01
9.337497721747711754e-02 6.841390099289396121e-01 1.015567475179044860e-01
9.337497721747711754e-02 6.841390099289396121e-01 1.015567475179044860e-01
-2.228857765626066079e-02 1.185984715252084820e+00 4.093864222284138155e-02
-2.772977349920038304e-01 1.329337190569623628e+00 4.757916101233728573e-02
-2.772977349920038304e-01 1.329337190569623628e+00 4.757916101233728573e-02
-4.602967552136592588e-01 1.167779151861660258e+00 1.559708842330494727e-01
-4.602967552136592588e-01 1.167779151861660258e+00 1.559708842330494727e-01
-4.602967552136592588e-01 1.167779151861660258e+00 1.559708842330494727e-01
-4.602967552136592588e-01 1.167779151861660258e+00 1.559708842330494727e-01
-5.393973748217419928e-01 1.358175788700115350e+00 1.047856311495183185e-01
-5.393973748217419928e-01 1.358175788700115350e+00 1.047856311495183185e-01
-5.393973748217419928e-01 1.358175788700115350e+00 1.047856311495183185e-01
-5.393973748217419928e-01 1.358175788700115350e+00 1.047856311495183185e-01
-5.393973748217419928e-01 1.358175788700115350e+00 1.047856311495183185e-01
-1.040458999493649728e+00 1.513236811552077565e+00 1.392805255846607804e-01
-8.754500453697184881e-01 1.410073463252663473e+00 1.505040665918747911e-01
-9.061383925306356613e-01 1.432365837927555008e+00 1.481498079963520786e-01
-9.061383925306356613e-01 1.432365837927555008e+00 1.481498079963520786e-01
-9.061383925306356613e-01 1.432365837927555008e+00 1.481498079963520786e-01
-4.871576574191382458e-01 1.299007229348396741e+00 1.179132712370973973e-01
-4.672603060571710043e-01 1.273762392284230938e+00 1.237458840328468507e-01
-4.672603060571710043e-01 1.273762392284230938e+00 1.237458840328468507e-01
-7.030634887085638329e-01 1.147716830608568106e+00 1.361634915214453012e-01
-7.134738133358847767e-01 1.627946185282840741e+00 3.370545960322238188e-02
-6.943136279385452303e-01 1.510632713908808933e+00 7.431629325567920552e-02
-1.169589006511331242e+00 1.677219246482071435e+00 1.036232796649053794e-01
-1.169589006511331242e+00 1.677219246482071435e+00 1.036232796649053794e-01
-1.169589006511331242e+00 1.677219246482071435e+00 1.036232796649053794e-01
-1.169589006511331242e+00 1.677219246482071435e+00 1.036232796649053794e-01
-9.636557940639884912e-01 1.380539888016115491e+00 1.479822115307407315e-01
-8.701931844447560183e-01 1.068338183870522817e+00 5.529551955076333902e-02
-7.238685156790234387e-01 1.523253700311971937e+00 7.600439234590021520e-02
-9.710311404946472269e-01 1.687851994034683445e+00 6.131932326498670816e-02
-1.130283646174401913e+00 1.765990354279374674e+00 6.146598192609774303e-02
-1.302928925501681157e+00 1.903806949377895297e+00 4.188892107213437049e-02
-1.152942180638519165e+00 1.782329241846319690e+00 5.934322936989203795e-02
-1.218141277034017200e+00 1.490897906404140993e+00 1.231540995601600741e-01
-1.218141277034017200e+00 1.490897906404140993e+00 1.231540995601600741e-01
-1.218141277034017200e+00 1.490897906404140993e+00 1.231540995601600741e-01
-1.218141277034017200e+00 1.490897906404140993e+00 1.231540995601600741e-01
-1.474209540581593370e+00 1.707722638624441291e+00 1.049014515003723197e-01
-1.474209540581593370e+00 1.707722638624441291e+00 1.049014515003723197e-01
-1.474209540581593370e+00 1.707722638624441291e+00 1.049014515003723197e-01
-1.474209540581593370e+00 1.707722638624441291e+00 1.049014515003723197e-01
-1.727887468173021634e+00 1.927150020060171665e+00 7.323497616629430496e-02
-1.727887468173021634e+00 1.927150020060171665e+00 7.323497616629430496e-02
-1.570762624655201556e+00 1.623523997326564272e+00 7.557971317561221203e-02
-1.570762624655201556e+00 1.623523997326564272e+00 7.557971317561221203e-02
-1.705295622347380080e+00 2.019848273814460082e+00 5.398873973789807684e-02
-1.875270089372589100e+00 1.847772995193889267e+00 5.879726123774246110e-02
-1.875270089372589100e+00 1.847772995193889267e+00 5.879726123774246110e-02
-1.807414155541068768e+00 1.927772563001334927e+00 6.997485643579527681e-02
-1.807414155541068768e+00 1.927772563001334927e+00 6.997485643579527681e-02
-1.807414155541068768e+00 1.927772563001334927e+00 6.997485643579527681e-02
-1.807414155541068768e+00 1.927772563001334927e+00 6.997485643579527681e-02
-1.568831591255492652e+00 1.813548631282524415e+00 9.169695874345584752e-02
-1.568831591255492652e+00 1.813548631282524415e+00 9.169695874345584752e-02
-1.568831591255492652e+00 1.813548631282524415e+00 9.169695874345584752e-02
-1.329668655611125239e+00 1.913785635982608202e+00 4.258091039933530747e-02
-1.329668655611125239e+00 1.913785635982608202e+00 4.258091039933530747e-02
-1.329668655611125239e+00 1.913785635982608202e+00 4.258091039933530747e-02
-1.035880246202093957e+00 1.699755178876436013e+00 6.973659515069209613e-02
-1.035880246202093957e+00 1.699755178876436013e+00 6.973659515069209613e-02
-1.035880246202093957e+00 1.699755178876436013e+00 6.973659515069209613e-02
-8.249727631709721232e-01 1.651944212076000174e+00 4.577822543192876931e-02
-1.011061904817282198e+00 1.680489681770900967e+00 7.271156994982552746e-02
-1.011061904817282198e+00 1.680489681770900967e+00 7.271156994982552746e-02
-1.011061904817282198e+00 1.680489681770900967e+00 7.271156994982552746e-02
-1.448051027976200000e+00 1.679214134970309358e+00 1.074642015638086201e-01
-1.692849316100352386e+00 1.616424076538068855e+00 4.722790794198878511e-02
-1.692849316100352386e+00 1.616424076538068855e+00 4.722790794198878511e-02
-2.012822494286179875e+00 1.815979478481218434e+00 3.257852466243404271e-02
-1.905054152803181688e+00 1.681853617236311438e+00 2.548932654877714490e-02
-1.978152957588839911e+00 2.112806029870819557e+00 4.639145913582324449e-02
-1.978152957588839911e+00 2.112806029870819557e+00 4.639145913582324449e-02
-1.978152957588839911e+00 2.112806029870819557e+00 4.639145913582324449e-02
-1.978152957588839911e+00 2.112806029870819557e+00 4.639145913582324449e-02
-1.978152957588839911e+00 2.112806029870819557e+00 4.639145913582324449e-02
-1.978152957588839911e+00 2.112806029870819557e+00 4.639145913582324449e-02
-1.978152957588839911e+00 2.112806029870819557e+00 4.639145913582324449e-02
-1.978152957588839911e+00 2.112806029870819557e+00 4.639145913582324449e-02
-2.017459640030336843e+00 2.333870500131085102e+00 1.515621392432585021e-02
-2.017459640030336843e+00 2.333870500131085102e+00 1.515621392432585021e-02
-2.017459640030336843e+00 2.333870500131085102e+00 1.515621392432585021e-02
-2.201557524835297208e+00 2.237111157169798137e+00 3.214130775159271952e-02
-2.201557524835297208e+00 2.237111157169798137e+00 3.214130775159271952e-02
-2.333483065803887868e+00 2.800969849855925453e+00 3.476237301728297806e-04
-2.266303125791722550e+00 2.724124993359062330e+00 6.834099286510671254e-04
-2.961588880363210663e+00 2.355689614075866523e+00 4.221639801897501647e-03
-2.961588880363210663e+00 2.355689614075866523e+00 4.221639801897501647e-03
-2.882369982992707413e+00 2.487767279978750246e+00 8.409559313876106140e-03
-2.735049527749550347e+00 2.533457090926147792e+00 1.064103895592575719e-02
-2.360335350008631483e+00 2.258176943697495442e+00 2.726062300125641630e-02
