2.489132485845457765e-01 1.481402749648903505e-01 2.742681803903284071e-03
2.489132485845457765e-01 1.481402749648903505e-01 2.742681803903284071e-03
2.489132485845457765e-01 1.481402749648903505e-01 2.742681803903284071e-03
4.181397693790950831e-01 2.721161247195933441e-01 3.177922767893447131e-02
2.532346020884596038e-01 5.549995999985778417e-01 7.257819622086707223e-02
3.350690979392293434e-01 5.028816365477637440e-01 7.799906665120284743e-02
8.330423342786665852e-01 1.029095529856017266e-01 7.067161891565115761e-02
3.674826487277067510e-01 4.369385055063778611e-01 6.701479317111309897e-02
2.384315989385989987e-01 5.114760957457183954e-01 5.788863963925074824e-02
2.384315989385989987e-01 5.114760957457183954e-01 5.788863963925074824e-02
5.684986785907385487e-01 3.518211604692218497e-01 9.087067830953718395e-02
5.684986785907385487e-01 3.518211604692218497e-01 9.087067830953718395e-02
5.684986785907385487e-01 3.518211604692218497e-01 9.087067830953718395e-02
5.694884621433480287e-01 4.872664352715596614e-01 1.189377867836732133e-01
7.171132150992445276e-01 5.784109318696250002e-01 9.475553238951137103e-02
8.256065552282720876e-01 5.085552053934982997e-02 5.036332176666322158e-02
8.256065552282720876e-01 5.085552053934982997e-02 5.036332176666322158e-02
8.256065552282720876e-01 5.085552053934982997e-02 5.036332176666322158e-02
1.153803503680994602e+00 2.475677000614927015e-01 1.175717661259879088e-01
9.709905369069031789e-01 2.915694714758796380e-01 1.333904647312533498e-01
9.709905369069031789e-01 2.915694714758796380e-01 1.333904647312533498e-01
1.622753460743935561e+00 8.166021546562035605e-02 5.731819107610294090e-02
1.622753460743935561e+00 8.166021546562035605e-02 5.731819107610294090e-02
1.622753460743935561e+00 8.166021546562035605e-02 5.731819107610294090e-02
1.190972355652253345e+00 -1.753842849603563792e-02 1.104515811286763682e-01
9.536270011423746418e-01 1.246706167467638987e-01 1.089982940231125907e-01
5.670836492171088539e-01 3.782033548594034844e-01 9.853283046838848258e-02
6.756077264019196837e-01 6.783765673989230471e-01 6.695928869715847553e-02
5.213879718498422022e-01 7.716754235305219867e-01 6.325191698664230089e-02
5.213879718498422022e-01 7.716754235305219867e-01 6.325191698664230089e-02
5.213879718498422022e-01 7.716754235305219867e-01 6.325191698664230089e-02
5.213879718498422022e-01 7.716754235305219867e-01 6.325191698664230089e-02
2.625525119729493762e-01 5.667659939559187565e-01 7.750196588674090892e-02
2.625525119729493762e-01 5.667659939559187565e-01 7.750196588674090892e-02
2.773101757831192837e-01 8.162515880060682294e-01 8.140096092813627060e-02
1.445085827719324589e-01 5.943593174223980036e-01 5.823741069878773935e-02
2.775849109834136463e-01 5.160078771706080314e-01 6.806561058399772379e-02
2.775849109834136463e-01 5.160078771706080314e-01 6.806561058399772379e-02
2.775849109834136463e-01 5.160078771706080314e-01 6.806561058399772379e-02
2.556419597366935692e-01 5.793711657131281889e-01 7.888401185557987472e-02
2.556419597366935692e-01 5.793711657131281889e-01 7.888401185557987472e-02
1.726631758228517610e-01 7.456350728933565097e-01 8.691555055282956799e-02
1.726631758228517610e-01 7.456350728933565097e-01 8.691555055282956799e-02
1.726631758228517610e-01 7.456350728933565097e-01 8.691555055282956799e-02
1.726631758228517610e-01 7.456350728933565097e-01 8.691555055282956799e-02
1.726631758228517610e-01 7.456350728933565097e-01 8.691555055282956799e-02
8.747050689812901902e-01 6.582595550665940598e-01 3.575401017399965770e-02
7.336089219524036809e-01 6.184246486485711625e-01 7.701333477017199836e-02
5.778432105083678438e-01 5.461057332991708924e-01 1.175182791152891981e-01
5.778432105083678438e-01 5.461057332991708924e-01 1.175182791152891981e-01
5.778432105083678438e-01 5.461057332991708924e-01 1.175182791152891981e-01
5.778432105083678438e-01 5.461057332991708924e-01 1.175182791152891981e-01
5.778432105083678438e-01 5.461057332991708924e-01 1.175182791152891981e-01
5.778432105083678438e-01 5.461057332991708924e-01 1.175182791152891981e-01
4.389613658922595363e-01 4.453968297474677485e-01 8.695880424272377229e-02
8.815126557162196175e-01 1.775605266921621572e-01 1.102947193439317991e-01
6.019532289031891414e-01 3.944987150640970608e-01 1.104994512282485158e-01
6.019532289031891414e-01 3.944987150640970608e-01 1.104994512282485158e-01
6.459730578952166402e-01 2.089304877002696459e-01 6.178187923909320145e-02
1.177134302721055015e+00 5.612401211079753871e-04 1.136872869432545563e-01
1.177134302721055015e+00 5.612401211079753871e-04 1.136872869432545563e-01
1.177134302721055015e+00 5.612401211079753871e-04 1.136872869432545563e-01
1.295057552386696953e+00 5.120102190870130798e-02 1.302934494318506997e-01
1.295057552386696953e+00 5.120102190870130798e-02 1.302934494318506997e-01
1.295057552386696953e+00 5.120102190870130798e-02 1.302934494318506997e-01
1.166860480938340050e+00 1.094369272002843618e-01 1.338339526493650955e-01
1.166860480938340050e+00 1.094369272002843618e-01 1.338339526493650955e-01
1.166860480938340050e+00 1.094369272002843618e-01 1.338339526493650955e-01
1.166860480938340050e+00 1.094369272002843618e-01 1.338339526493650955e-01
9.048910417923394789e-01 3.834042058488549842e-01 1.233756790003599085e-01
5.284592028137407027e-01 6.362657175484278671e-01 1.037639308591159215e-01
5.284592028137407027e-01 6.362657175484278671e-01 1.037639308591159215e-01
5.651658493995773691e-01 6.308584225672496659e-01 1.014081360706871049e-01
5.651658493995773691e-01 6.308584225672496659e-01 1.014081360706871049e-01
7.706969414356193981e-01 6.247613243745858691e-01 6.692002483216272224e-02
8.335737001875473950e-01 5.514517934062802551e-01 8.071348273518083594e-02
8.335737001875473950e-01 5.514517934062802551e-01 8.071348273518083594e-02
1.067841909601886519e+00 3.762326457580706940e-01 9.288921387328837043e-02
1.135686480175634783e+00 1.653014582212588013e-01 1.345972822485598519e-01
8.575538960309108116e-01 1.602404703161773858e-01 9.856608570774103018e-02
8.367120543662560639e-01 -4.668770716832820744e-02 2.543386658144360449e-02
8.367120543662560639e-01 -4.668770716832820744e-02 2.543386658144360449e-02
8.367120543662560639e-01 -4.668770716832820744e-02 2.543386658144360449e-02
8.367120543662560639e-01 -4.668770716832820744e-02 2.543386658144360449e-02
8.071887169125993022e-01 -2.672289542337060592e-02 2.551574569643820165e-02
1.123966756318864002e+00 1.392033073443927627e-01 1.347682844770575206e-01
1.123966756318864002e+00 1.392033073443927627e-01 1.347682844770575206e-01
1.123966756318864002e+00 1.392033073443927627e-01 1.347682844770575206e-01
1.123966756318864002e+00 1.392033073443927627e-01 1.347682844770575206e-01
1.123966756318864002e+00 1.392033073443927627e-01 1.347682844770575206e-01
1.091825958988186684e+00 3.032647305369832180e-01 1.133560631012593273e-01
1.091825958988186684e+00 3.032647305369832180e-01 1.133560631012593273e-01
8.043050590413485246e-01 1.910802823739669309e-01 9.625545555358192007e-02
8.043050590413485246e-01 1.910802823739669309e-01 9.625545555358192007e-02
8.823872543187302186e-01 4.355988519757967303e-01 1.122465224536460526e-01
6.909745979805612670e-01 3.423456445928828584e-01 1.161665374438981824e-01
6.909745979805612670e-01 3.423456445928828584e-01 1.161665374438981824e-01
1.123468543060330394e+00 4.363535819080269218e-01 5.642624140307184871e-02
1.123468543060330394e+00 4.363535819080269218e-01 5.642624140307184871e-02
1.123468543060330394e+00 4.363535819080269218e-01 5.642624140307184871e-02
