2.489132485845457765e-01 1.481402749648903505e-01 1.094001319716873680e-03
2.489132485845457765e-01 1.481402749648903505e-01 1.094001319716873680e-03
2.489132485845457765e-01 1.481402749648903505e-01 1.094001319716873680e-03
4.288357435206489598e-01 4.189747103904891135e-01 2.470486597671029891e-02
4.288357435206489598e-01 4.189747103904891135e-01 2.470486597671029891e-02
2.624006136604497552e-01 4.092028914476680823e-01 1.363458851277445441e-02
-1.348647788910099510e-01 9.319768125970340211e-01 2.950757922732690289e-02
-2.121021860062375364e-01 7.905399518595165320e-01 2.063923398080042687e-02
-3.101960844684235608e-01 7.519976013265331494e-01 1.285591689248745395e-02
2.456723711568638557e-01 7.002677309551370577e-01 3.762832693906061066e-02
-3.052877034753309626e-02 7.266647308239940761e-01 2.591490577145065533e-02
-3.052877034753309626e-02 7.266647308239940761e-01 2.591490577145065533e-02
2.399255527366737639e-01 7.184690237197401963e-01 3.779926501299610969e-02
1.765217981167811478e-01 8.142071861447357506e-01 3.570035426329479927e-02
1.588614152900292842e-01 6.992846974015803907e-01 3.413145436455403831e-02
1.588614152900292842e-01 6.992846974015803907e-01 3.413145436455403831e-02
4.248949817639225413e-01 6.573439768478188672e-01 4.121508821007773687e-02
4.248949817639225413e-01 6.573439768478188672e-01 4.121508821007773687e-02
5.153314538533322331e-01 7.186571507533561221e-01 3.664201178744382753e-02
5.153314538533322331e-01 7.186571507533561221e-01 3.664201178744382753e-02
4.451734634224088771e-01 6.030306085325399801e-01 4.125963143844306458e-02
4.451734634224088771e-01 6.030306085325399801e-01 4.125963143844306458e-02
4.451734634224088771e-01 6.030306085325399801e-01 4.125963143844306458e-02
4.451734634224088771e-01 6.030306085325399801e-01 4.125963143844306458e-02
4.451734634224088771e-01 6.030306085325399801e-01 4.125963143844306458e-02
3.255559860474492861e-01 6.272528919323731023e-01 3.786463554196763809e-02
3.255559860474492861e-01 6.272528919323731023e-01 3.786463554196763809e-02
-6.449391189958664228e-02 6.475743519752338306e-01 1.725695788991949906e-02
-1.715401811847238056e-01 7.140653994297152529e-01 1.693438345276204390e-02
-1.161999365150750835e-01 1.220011973768748481e+00 1.099945525310866770e-02
-4.279126095435751842e-01 8.126481398977942749e-01 1.162155269462087671e-02
-4.279126095435751842e-01 8.126481398977942749e-01 1.162155269462087671e-02
-4.279126095435751842e-01 8.126481398977942749e-01 1.162155269462087671e-02
-4.196316442179180983e-01 7.745304942300648143e-01 9.667062205982649911e-03
-1.698813412220316066e-01 1.004682650581648629e+00 2.739422231304898536e-02
-1.698813412220316066e-01 1.004682650581648629e+00 2.739422231304898536e-02
-1.698813412220316066e-01 1.004682650581648629e+00 2.739422231304898536e-02
-1.698813412220316066e-01 1.004682650581648629e+00 2.739422231304898536e-02
-1.698813412220316066e-01 1.004682650581648629e+00 2.739422231304898536e-02
1.586563599045195116e-01 8.558133341803930705e-01 3.379078604443508382e-02
1.586563599045195116e-01 8.558133341803930705e-01 3.379078604443508382e-02
3.234706237227482628e-01 5.744479336843821837e-01 3.411173643655784210e-02
2.786540916649810073e-01 3.544106130771653151e-01 9.876010427234127587e-03
7.449431458115876037e-01 6.041827020123575753e-01 3.891965731494852199e-02
7.449431458115876037e-01 6.041827020123575753e-01 3.891965731494852199e-02
6.822437993057000050e-01 6.593830391869359708e-01 3.595509454283028067e-02
6.822437993057000050e-01 6.593830391869359708e-01 3.595509454283028067e-02
6.594708225135137436e-01 5.533883422208881742e-01 4.416217476317498003e-02
6.594708225135137436e-01 5.533883422208881742e-01 4.416217476317498003e-02
6.594708225135137436e-01 5.533883422208881742e-01 4.416217476317498003e-02
7.661663708085200142e-01 5.307948009602694306e-01 4.390675788291101278e-02
7.661663708085200142e-01 5.307948009602694306e-01 4.390675788291101278e-02
7.207523800204694853e-01 3.222939380133270082e-01 3.285106565447445948e-02
3.753718615274891923e-01 4.931781486420519500e-01 2.945233441580328779e-02
3.753718615274891923e-01 4.931781486420519500e-01 2.945233441580328779e-02
3.753718615274891923e-01 4.931781486420519500e-01 2.945233441580328779e-02
1.859786182480619721e-01 4.879604727386149254e-01 1.682619713908006451e-02
3.362429942264031357e-01 4.414852411933030685e-01 2.117199076257114676e-02
3.362429942264031357e-01 4.414852411933030685e-01 2.117199076257114676e-02
4.113709391271985760e-02 4.348509289987131377e-01 6.384379714434962501e-03
4.113709391271985760e-02 4.348509289987131377e-01 6.384379714434962501e-03
3.376950318868202072e-01 1.321378931891532549e-01 1.595406091067674836e-03
3.376950318868202072e-01 1.321378931891532549e-01 1.595406091067674836e-03
3.376950318868202072e-01 1.321378931891532549e-01 1.595406091067674836e-03
2.648461742852764589e-02 4.287860568196183442e-01 5.645152536470639248e-03
2.648461742852764589e-02 4.287860568196183442e-01 5.645152536470639248e-03
2.648461742852764589e-02 4.287860568196183442e-01 5.645152536470639248e-03
-7.895039775553470973e-02 4.271943629174320134e-01 3.189536108312307234e-03
-7.895039775553470973e-02 4.271943629174320134e-01 3.189536108312307234e-03
-2.240135342898398330e-01 9.280189566168388637e-01 2.707415886760006218e-02
-2.240135342898398330e-01 9.280189566168388637e-01 2.707415886760006218e-02
1.035153510735040139e-01 9.992339538825726342e-01 2.327550006159420995e-02
1.035153510735040139e-01 9.992339538825726342e-01 2.327550006159420995e-02
1.035153510735040139e-01 9.992339538825726342e-01 2.327550006159420995e-02
-7.077741233949305655e-02 9.118365005200013140e-01 3.087372940110624450e-02
1.545294856824352969e-01 8.439261390205662350e-01 3.444838221528522676e-02
1.545294856824352969e-01 8.439261390205662350e-01 3.444838221528522676e-02
-2.296877420139182280e-01 9.341971695024015032e-01 2.700791984199988130e-02
-5.909180877716078140e-01 1.069024435531664041e+00 1.794161862254602460e-02
-5.909180877716078140e-01 1.069024435531664041e+00 1.794161862254602460e-02
-5.148960179500143841e-01 1.242031540658991906e+00 1.720229722816569995e-02
-1.375335719900418474e-01 1.163043521170301631e+00 1.597945107872637133e-02
-1.375335719900418474e-01 1.163043521170301631e+00 1.597945107872637133e-02
1.503575798937630825e-01 1.021525760385469717e+00 1.941223678212530487e-02
7.761315808196424249e-02 7.634092633933811101e-01 3.350630393988673905e-02
5.288866543519229330e-02 5.184031265927304677e-01 1.248059872570798749e-02
5.288866543519229330e-02 5.184031265927304677e-01 1.248059872570798749e-02
3.306273130268372329e-01 5.912370391723192897e-01 3.584496123056155059e-02
3.306273130268372329e-01 5.912370391723192897e-01 3.584496123056155059e-02
3.306273130268372329e-01 5.912370391723192897e-01 3.584496123056155059e-02
5.441004090797112447e-01 6.752746949961883072e-01 3.946931705637945348e-02
5.441004090797112447e-01 6.752746949961883072e-01 3.946931705637945348e-02
5.441004090797112447e-01 6.752746949961883072e-01 3.946931705637945348e-02
6.420917167894297783e-01 6.632852025416247077e-01 3.728829410425488211e-02
6.420917167894297783e-01 6.632852025416247077e-01 3.728829410425488211e-02
8.496723429297813324e-01 4.965600608295533958e-01 4.398020962997400279e-02
8.496723429297813324e-01 4.965600608295533958e-01 4.398020962997400279e-02
1.260298266360903474e+00 2.485958881791080211e-01 4.490108840067272289e-02
1.371019437780134576e+00 2.186418214741196187e-01 4.303666433368784350e-02
1.371019437780134576e+00 2.186418214741196187e-01 4.303666433368784350e-02
