2.489132485845457765e-01 1.481402749648903505e-01 3.035745382769211576e-02
3.779077896920308710e-01 1.996912199399393240e-01 2.116399401551013193e-01
3.748091486372749359e-01 5.750222469401047309e-01 4.483655981229366927e-01
4.418317355426022441e-01 1.750640313169457007e-01 2.942094326146872940e-01
4.418317355426022441e-01 1.750640313169457007e-01 2.942094326146872940e-01
4.418317355426022441e-01 1.750640313169457007e-01 2.942094326146872940e-01
6.521212741209971853e-01 3.486161948548441858e-01 4.583598200686784807e-01
6.521212741209971853e-01 3.486161948548441858e-01 4.583598200686784807e-01
6.521212741209971853e-01 3.486161948548441858e-01 4.583598200686784807e-01
6.521212741209971853e-01 3.486161948548441858e-01 4.583598200686784807e-01
6.521212741209971853e-01 3.486161948548441858e-01 4.583598200686784807e-01
6.521212741209971853e-01 3.486161948548441858e-01 4.583598200686784807e-01
6.521212741209971853e-01 3.486161948548441858e-01 4.583598200686784807e-01
6.521212741209971853e-01 3.486161948548441858e-01 4.583598200686784807e-01
6.521212741209971853e-01 3.486161948548441858e-01 4.583598200686784807e-01
5.570658769872289806e-01 2.456753451440717717e-01 6.216840756849997263e-01
5.870587044170493263e-01 2.375110797504566273e-01 6.383413537991630138e-01
5.870587044170493263e-01 2.375110797504566273e-01 6.383413537991630138e-01
5.870587044170493263e-01 2.375110797504566273e-01 6.383413537991630138e-01
5.870587044170493263e-01 2.375110797504566273e-01 6.383413537991630138e-01
5.870587044170493263e-01 2.375110797504566273e-01 6.383413537991630138e-01
5.870587044170493263e-01 2.375110797504566273e-01 6.383413537991630138e-01
5.870587044170493263e-01 2.375110797504566273e-01 6.383413537991630138e-01
5.870587044170493263e-01 2.375110797504566273e-01 6.383413537991630138e-01
5.870587044170493263e-01 2.375110797504566273e-01 6.383413537991630138e-01
1.530287161596183276e-01 5.739476022634986130e-01 2.936514126960226845e-01
2.969119233307179195e-01 3.321691305449873122e-01 2.627896439977485676e-01
4.445598879019720950e-01 4.163957361266265034e-01 5.813207890049482129e-01
4.445598879019720950e-01 4.163957361266265034e-01 5.813207890049482129e-01
4.445598879019720950e-01 4.163957361266265034e-01 5.813207890049482129e-01
6.014964091612803321e-01 1.667259834776570748e-01 5.944079760201752549e-01
6.014964091612803321e-01 1.667259834776570748e-01 5.944079760201752549e-01
6.570806840859402254e-01 7.583026665272302180e-02 5.394408353746061868e-01
6.570806840859402254e-01 7.583026665272302180e-02 5.394408353746061868e-01
6.570806840859402254e-01 7.583026665272302180e-02 5.394408353746061868e-01
5.685106334322692634e-01 1.219681740173668150e-01 4.622382201507907462e-01
5.685106334322692634e-01 1.219681740173668150e-01 4.622382201507907462e-01
1.308271951493942264e+00 -3.888349043928552851e-01 1.682263622425845262e-01
1.308271951493942264e+00 -3.888349043928552851e-01 1.682263622425845262e-01
9.149124952086933327e-01 -4.020858112443481125e-01 1.014205382076019679e-01
1.197669708942759481e+00 -3.320640563887994889e-01 2.586631325683433347e-01
1.197669708942759481e+00 -3.320640563887994889e-01 2.586631325683433347e-01
1.197669708942759481e+00 -3.320640563887994889e-01 2.586631325683433347e-01
1.197669708942759481e+00 -3.320640563887994889e-01 2.586631325683433347e-01
1.197669708942759481e+00 -3.320640563887994889e-01 2.586631325683433347e-01
1.197669708942759481e+00 -3.320640563887994889e-01 2.586631325683433347e-01
1.197669708942759481e+00 -3.320640563887994889e-01 2.586631325683433347e-01
1.197669708942759481e+00 -3.320640563887994889e-01 2.586631325683433347e-01
8.606263572731753797e-01 2.003205747387784563e-01 2.999666737952584872e-01
8.606263572731753797e-01 2.003205747387784563e-01 2.999666737952584872e-01
7.177270393378774038e-01 2.110621933195365452e-01 5.740793629828452316e-01
4.088017848528067710e-01 2.062208835920200656e-01 2.817679977192641405e-01
4.088017848528067710e-01 2.062208835920200656e-01 2.817679977192641405e-01
4.088017848528067710e-01 2.062208835920200656e-01 2.817679977192641405e-01
6.602178214379288423e-01 3.601477501498688838e-01 4.185419414140570393e-01
6.602178214379288423e-01 3.601477501498688838e-01 4.185419414140570393e-01
1.361110683887656325e-01 7.522299345271192816e-01 3.088187214499943378e-01
2.174542392804401092e-01 9.255251213717151648e-01 1.027625323298313326e-01
2.174542392804401092e-01 9.255251213717151648e-01 1.027625323298313326e-01
2.174542392804401092e-01 9.255251213717151648e-01 1.027625323298313326e-01
2.174542392804401092e-01 9.255251213717151648e-01 1.027625323298313326e-01
2.174542392804401092e-01 9.255251213717151648e-01 1.027625323298313326e-01
1.633296084368249246e-01 6.202534943397904899e-01 3.391569103046419564e-01
1.633296084368249246e-01 6.202534943397904899e-01 3.391569103046419564e-01
1.633296084368249246e-01 6.202534943397904899e-01 3.391569103046419564e-01
4.596248408772553029e-01 6.843511017134747965e-01 1.618245313860457169e-01
2.669176523797560652e-01 6.750456463402534357e-01 3.768330121005901701e-01
2.102319146377072123e-01 6.351701358440174916e-01 3.916378605890094566e-01
2.102319146377072123e-01 6.351701358440174916e-01 3.916378605890094566e-01
2.102319146377072123e-01 6.351701358440174916e-01 3.916378605890094566e-01
2.102319146377072123e-01 6.351701358440174916e-01 3.916378605890094566e-01
2.102319146377072123e-01 6.351701358440174916e-01 3.916378605890094566e-01
1.274321928566171103e-01 7.155873889936189558e-01 3.157831985515881512e-01
1.274321928566171103e-01 7.155873889936189558e-01 3.157831985515881512e-01
1.274321928566171103e-01 7.155873889936189558e-01 3.157831985515881512e-01
3.964431946692044129e-01 3.529936516523088375e-01 4.971118642170304081e-01
3.964431946692044129e-01 3.529936516523088375e-01 4.971118642170304081e-01
6.192271541835923099e-01 7.431528571960227536e-02 4.698416222587492030e-01
5.430776710005962293e-01 3.827678497283187320e-01 5.714693847737810639e-01
5.430776710005962293e-01 3.827678497283187320e-01 5.714693847737810639e-01
5.430776710005962293e-01 3.827678497283187320e-01 5.714693847737810639e-01
4.424546472286586818e-01 6.011326296683723314e-01 3.242287192287182651e-01
4.424546472286586818e-01 6.011326296683723314e-01 3.242287192287182651e-01
8.816162726283822693e-01 1.457439036934548016e-01 3.504216317222942356e-01
8.816162726283822693e-01 1.457439036934548016e-01 3.504216317222942356e-01
8.816162726283822693e-01 1.457439036934548016e-01 3.504216317222942356e-01
8.816162726283822693e-01 1.457439036934548016e-01 3.504216317222942356e-01
4.079334612478569544e-01 2.908904947463787360e-01 4.294920081215233276e-01
6.075741616831528136e-01 -9.958171401225668351e-02 1.334709901285350830e-01
4.814986450318753386e-01 7.341500026141908886e-03 1.086208979504644789e-01
2.697629903785486172e-01 2.651813616559651754e-01 1.294038399841912490e-01
8.148418649436015571e-01 3.867669913904978607e-01 1.038828897987660455e-01
9.900577750652411746e-01 2.266157000496420160e-01 7.204954036266138229e-02
9.900577750652411746e-01 2.266157000496420160e-01 7.204954036266138229e-02
9.900577750652411746e-01 2.266157000496420160e-01 7.204954036266138229e-02
8.907399042918658916e-01 1.517336699750418960e-01 3.205938026895351900e-01
7.771391509064685676e-01 3.883573048778741210e-01 1.491670151111547382e-01
8.597748995253701176e-01 1.079686875528789169e-01 4.590309423890381324e-01
5.014826347691947461e-01 2.790769959495638108e-01 5.857386741962850030e-01
6.467013783080624023e-01 3.155254348333879078e-01 5.309872680492651043e-01
