2.489132485845457765e-01 1.481402749648903505e-01 2.489556079331091965e-01
2.489132485845457765e-01 1.481402749648903505e-01 2.489556079331091965e-01
2.489132485845457765e-01 1.481402749648903505e-01 2.489556079331091965e-01
2.489132485845457765e-01 1.481402749648903505e-01 2.489556079331091965e-01
2.489132485845457765e-01 1.481402749648903505e-01 2.489556079331091965e-01
2.489132485845457765e-01 1.481402749648903505e-01 2.489556079331091965e-01
5.399820028903712377e-01 -2.230319903070696053e-02 1.996284152424474545e-01
5.399820028903712377e-01 -2.230319903070696053e-02 1.996284152424474545e-01
4.100033529519406805e-01 2.655421692367453401e-01 3.473761792889229483e-01
4.100033529519406805e-01 2.655421692367453401e-01 3.473761792889229483e-01
3.874942329796020601e-01 4.486976525790077330e-01 1.348493490289183472e-01
3.874942329796020601e-01 4.486976525790077330e-01 1.348493490289183472e-01
3.874942329796020601e-01 4.486976525790077330e-01 1.348493490289183472e-01
3.874942329796020601e-01 4.486976525790077330e-01 1.348493490289183472e-01
3.874942329796020601e-01 4.486976525790077330e-01 1.348493490289183472e-01
3.874942329796020601e-01 4.486976525790077330e-01 1.348493490289183472e-01
3.844489797033586176e-01 2.110884386354298370e-01 4.923303336798367513e-01
3.844489797033586176e-01 2.110884386354298370e-01 4.923303336798367513e-01
3.844489797033586176e-01 2.110884386354298370e-01 4.923303336798367513e-01
3.844489797033586176e-01 2.110884386354298370e-01 4.923303336798367513e-01
3.844489797033586176e-01 2.110884386354298370e-01 4.923303336798367513e-01
3.003948273403088121e-01 3.028153716070378088e-01 6.148636186553771976e-01
3.003948273403088121e-01 3.028153716070378088e-01 6.148636186553771976e-01
3.003948273403088121e-01 3.028153716070378088e-01 6.148636186553771976e-01
5.210469229487580956e-01 4.361712742024959066e-03 2.314936657887978200e-01
5.210469229487580956e-01 4.361712742024959066e-03 2.314936657887978200e-01
5.734120947794204559e-01 -1.906152987646979879e-01 1.303542849713161811e-01
5.734120947794204559e-01 -1.906152987646979879e-01 1.303542849713161811e-01
5.593657438872011722e-01 -2.264105540210993861e-01 1.160066843169002410e-01
2.885459032914340916e-01 3.049081645940963647e-01 6.200666947728118439e-01
2.885459032914340916e-01 3.049081645940963647e-01 6.200666947728118439e-01
3.520799336543077862e-01 3.674743855678685445e-01 3.945457728071198322e-01
3.520799336543077862e-01 3.674743855678685445e-01 3.945457728071198322e-01
2.510047789098626136e-01 3.176088016956134519e-01 5.955027688271516961e-01
5.180313718841940140e-01 -6.291402995297623590e-04 2.383053706779665604e-01
5.180313718841940140e-01 -6.291402995297623590e-04 2.383053706779665604e-01
5.180313718841940140e-01 -6.291402995297623590e-04 2.383053706779665604e-01
5.180313718841940140e-01 -6.291402995297623590e-04 2.383053706779665604e-01
4.172386843966093828e-01 4.007407668178451787e-02 3.773810381266851643e-01
4.172386843966093828e-01 4.007407668178451787e-02 3.773810381266851643e-01
4.172386843966093828e-01 4.007407668178451787e-02 3.773810381266851643e-01
4.172386843966093828e-01 4.007407668178451787e-02 3.773810381266851643e-01
4.172386843966093828e-01 4.007407668178451787e-02 3.773810381266851643e-01
4.441859342897592766e-01 9.933143191068571909e-02 3.826997338560600426e-01
4.441859342897592766e-01 9.933143191068571909e-02 3.826997338560600426e-01
4.441859342897592766e-01 9.933143191068571909e-02 3.826997338560600426e-01
4.441859342897592766e-01 9.933143191068571909e-02 3.826997338560600426e-01
4.073658572654662580e-01 -7.938755748324718975e-02 1.873482805219300884e-01
4.073658572654662580e-01 -7.938755748324718975e-02 1.873482805219300884e-01
5.300108683026166778e-01 1.997294655560522825e-01 8.465698844014200863e-02
7.089541071875190559e-01 -1.491338029285366462e-01 2.381096819946151161e-02
6.021510234216842505e-01 -2.042380498421202950e-01 1.077165292984029743e-01
5.687443207868191353e-01 -1.026147717419199912e-01 1.579530077515121367e-01
5.687443207868191353e-01 -1.026147717419199912e-01 1.579530077515121367e-01
5.687443207868191353e-01 -1.026147717419199912e-01 1.579530077515121367e-01
5.687443207868191353e-01 -1.026147717419199912e-01 1.579530077515121367e-01
5.687443207868191353e-01 -1.026147717419199912e-01 1.579530077515121367e-01
5.687443207868191353e-01 -1.026147717419199912e-01 1.579530077515121367e-01
4.579813801395116180e-01 -2.045353221139153965e-01 9.303191816551176219e-02
4.579813801395116180e-01 -2.045353221139153965e-01 9.303191816551176219e-02
5.282743377882954672e-01 -1.184005897277490837e-01 1.936219387203986231e-01
5.403289046033693532e-01 -5.032742020680569528e-02 2.013530011811085207e-01
5.403289046033693532e-01 -5.032742020680569528e-02 2.013530011811085207e-01
2.068593999781480619e-01 3.993271039470183137e-01 5.930109898778049837e-01
2.068593999781480619e-01 3.993271039470183137e-01 5.930109898778049837e-01
2.068593999781480619e-01 3.993271039470183137e-01 5.930109898778049837e-01
2.068593999781480619e-01 3.993271039470183137e-01 5.930109898778049837e-01
3.249342390629406108e-01 4.431358490184123533e-01 3.451112087347889545e-01
3.249342390629406108e-01 4.431358490184123533e-01 3.451112087347889545e-01
4.012222349894287721e-01 3.529864234509139109e-01 2.376656468644481324e-01
4.012222349894287721e-01 3.529864234509139109e-01 2.376656468644481324e-01
4.012222349894287721e-01 3.529864234509139109e-01 2.376656468644481324e-01
4.012222349894287721e-01 3.529864234509139109e-01 2.376656468644481324e-01
5.974607195393671910e-02 5.698059629927051395e-01 3.215020719599805954e-01
5.974607195393671910e-02 5.698059629927051395e-01 3.215020719599805954e-01
2.787725433523259300e-01 2.618342397311176351e-01 5.712127717862729437e-01
2.787725433523259300e-01 2.618342397311176351e-01 5.712127717862729437e-01
2.787725433523259300e-01 2.618342397311176351e-01 5.712127717862729437e-01
2.787725433523259300e-01 2.618342397311176351e-01 5.712127717862729437e-01
1.442304854514918633e-01 4.000353629293281199e-01 3.897579989568215608e-01
1.442304854514918633e-01 4.000353629293281199e-01 3.897579989568215608e-01
1.514449565208891013e-01 4.015162091171970427e-01 4.202890024827277138e-01
1.514449565208891013e-01 4.015162091171970427e-01 4.202890024827277138e-01
1.514449565208891013e-01 4.015162091171970427e-01 4.202890024827277138e-01
1.514449565208891013e-01 4.015162091171970427e-01 4.202890024827277138e-01
3.695727985607091814e-01 1.788966028573244771e-01 5.218165214289107734e-01
3.695727985607091814e-01 1.788966028573244771e-01 5.218165214289107734e-01
3.695727985607091814e-01 1.788966028573244771e-01 5.218165214289107734e-01
3.695727985607091814e-01 1.788966028573244771e-01 5.218165214289107734e-01
3.731159138091096894e-01 7.496605319806172452e-02 4.016554242971005495e-01
3.731159138091096894e-01 7.496605319806172452e-02 4.016554242971005495e-01
3.731159138091096894e-01 7.496605319806172452e-02 4.016554242971005495e-01
3.731159138091096894e-01 7.496605319806172452e-02 4.016554242971005495e-01
3.731159138091096894e-01 7.496605319806172452e-02 4.016554242971005495e-01
3.731159138091096894e-01 7.496605319806172452e-02 4.016554242971005495e-01
3.731159138091096894e-01 7.496605319806172452e-02 4.016554242971005495e-01
2.336868057229279927e-01 3.952051160807353303e-01 6.274431288663240291e-01
2.336868057229279927e-01 3.952051160807353303e-01 6.274431288663240291e-01
2.336868057229279927e-01 3.952051160807353303e-01 6.274431288663240291e-01
2.336868057229279927e-01 3.952051160807353303e-01 6.274431288663240291e-01
