2.489132485845457765e-01 1.481402749648903505e-01 1.683647799095977678e-03
3.656145694284414494e-01 4.437596239731037562e-01 6.288253432302323698e-02
1.661223174349843179e-01 6.491194244350876330e-01 1.080270719217547998e-01
-3.058025360540478355e-02 4.272719567076162517e-01 1.130871482933398439e-02
-3.058025360540478355e-02 4.272719567076162517e-01 1.130871482933398439e-02
-8.480843703641484377e-02 7.114762553527196332e-01 8.283722104341732784e-02
-8.480843703641484377e-02 7.114762553527196332e-01 8.283722104341732784e-02
-2.894545374075804256e-01 8.817101204688209126e-01 9.981271978985531423e-02
-2.894545374075804256e-01 8.817101204688209126e-01 9.981271978985531423e-02
-1.693827749294917751e-01 1.015723272805544308e+00 1.142940781078803786e-01
-1.693827749294917751e-01 1.015723272805544308e+00 1.142940781078803786e-01
1.317618676721831195e-01 9.364895760423904703e-01 1.088468753842053299e-01
1.317618676721831195e-01 9.364895760423904703e-01 1.088468753842053299e-01
1.660227033547640729e-01 9.052417768005206478e-01 1.148914096523685341e-01
1.660227033547640729e-01 9.052417768005206478e-01 1.148914096523685341e-01
4.776543226011878973e-01 8.072205296402874541e-01 9.954438557831865597e-02
8.148305494794723103e-01 5.798710463911322943e-01 1.123192098544139178e-01
6.198360446591788531e-01 5.897264323314935774e-01 1.317418136268450335e-01
6.198360446591788531e-01 5.897264323314935774e-01 1.317418136268450335e-01
6.198360446591788531e-01 5.897264323314935774e-01 1.317418136268450335e-01
5.993112136818288249e-01 5.992088016334986555e-01 1.324838680258171586e-01
1.016636090679505999e+00 4.431544923893695476e-01 1.073369822378427013e-01
1.212737653623327638e+00 5.180253798644536278e-01 5.761302851380044332e-02
7.967377971020815908e-01 5.370611619198909503e-01 1.218222462709322301e-01
7.967377971020815908e-01 5.370611619198909503e-01 1.218222462709322301e-01
7.305898101554493262e-01 5.260068134254726191e-01 1.268872124005838986e-01
8.861769757577411255e-01 2.831150198913108262e-01 7.954486932764531781e-02
1.155654234674750702e+00 7.568219885140393677e-01 1.224565952758129017e-02
1.164809930856098852e+00 7.575877713649127321e-01 1.157016225239688133e-02
1.177098059357035265e+00 7.920260494673870832e-01 7.476441601429613913e-03
1.177098059357035265e+00 7.920260494673870832e-01 7.476441601429613913e-03
9.611982904850941978e-01 9.711570376430509466e-01 3.209491016332994499e-03
9.611982904850941978e-01 9.711570376430509466e-01 3.209491016332994499e-03
1.133787386585038748e+00 7.368991020796089586e-01 1.663030953993957853e-02
1.057483627118450897e+00 6.677002412154469102e-01 4.064710806062937082e-02
1.173408265943299611e+00 6.456354601020971584e-01 3.000514593721434822e-02
5.778041306287706735e-01 4.319035419951547383e-01 9.374137682060870724e-02
5.136961569159005370e-01 4.636940511896731065e-01 9.621511171405811025e-02
6.286060713154759672e-01 5.763636112538186307e-01 1.314630239427336533e-01
6.421294054545022556e-01 5.595006535096955780e-01 1.306471010556114754e-01
6.421294054545022556e-01 5.595006535096955780e-01 1.306471010556114754e-01
6.421294054545022556e-01 5.595006535096955780e-01 1.306471010556114754e-01
8.571363484208420758e-01 3.882500927799802382e-01 1.091016856787169892e-01
8.571363484208420758e-01 3.882500927799802382e-01 1.091016856787169892e-01
8.571363484208420758e-01 3.882500927799802382e-01 1.091016856787169892e-01
8.571363484208420758e-01 3.882500927799802382e-01 1.091016856787169892e-01
8.571363484208420758e-01 3.882500927799802382e-01 1.091016856787169892e-01
1.687881787842498982e-01 5.389370438203188174e-01 6.490214825621036521e-02
1.687881787842498982e-01 5.389370438203188174e-01 6.490214825621036521e-02
4.104332077658373046e-01 7.326463400739173792e-01 1.320466885557875780e-01
3.973363283140063373e-02 6.322656876427461548e-01 7.700360928303534580e-02
1.321919144728593842e-01 6.192862348852617993e-01 9.011643995871360113e-02
-3.894415586300454812e-01 6.941182597523880560e-01 2.609721788761547312e-02
-4.805443723311205173e-01 1.104076667217548602e+00 1.010171332176539871e-01
-4.805443723311205173e-01 1.104076667217548602e+00 1.010171332176539871e-01
-1.533439483256310853e-01 1.137515969733754462e+00 7.365479257389750956e-02
-1.533439483256310853e-01 1.137515969733754462e+00 7.365479257389750956e-02
-6.312566142223319243e-01 1.022105161387635519e+00 7.480005931804317720e-02
-4.337223466458648979e-01 1.130360491258722178e+00 9.868110382254141610e-02
-4.337223466458648979e-01 1.130360491258722178e+00 9.868110382254141610e-02
-3.654368384751553456e-01 1.120960837775409669e+00 9.893389907175280384e-02
-3.654368384751553456e-01 1.120960837775409669e+00 9.893389907175280384e-02
-4.887758773006439239e-01 8.775717187519207485e-01 6.111913384193286974e-02
-9.999482531849873679e-02 5.922049746689319605e-01 3.810435061016586439e-02
-9.999482531849873679e-02 5.922049746689319605e-01 3.810435061016586439e-02
-9.999482531849873679e-02 5.922049746689319605e-01 3.810435061016586439e-02
-9.999482531849873679e-02 5.922049746689319605e-01 3.810435061016586439e-02
-5.663412846244151450e-02 6.252440475202345471e-01 5.595364279517774098e-02
-1.005082423649663464e-02 1.129073329362495937e+00 5.648188429602936378e-02
-2.893831766553816437e-02 1.103097049647815631e+00 6.897305427692280999e-02
2.971921054768280057e-01 6.310049514663906844e-01 1.226778222923830264e-01
3.030204076245616163e-01 6.547169159280488149e-01 1.294668857995247835e-01
4.750398040002055122e-01 4.668237560576928846e-01 9.116695842819871887e-02
4.750398040002055122e-01 4.668237560576928846e-01 9.116695842819871887e-02
4.750398040002055122e-01 4.668237560576928846e-01 9.116695842819871887e-02
3.379062582190575093e-01 8.641547521110038987e-01 1.030191371014891194e-01
2.853157457771023364e-01 6.027684418600509630e-01 1.117497449429323830e-01
4.571706357111331442e-01 5.459166551163240344e-01 1.175959305588732129e-01
4.571706357111331442e-01 5.459166551163240344e-01 1.175959305588732129e-01
4.571706357111331442e-01 5.459166551163240344e-01 1.175959305588732129e-01
5.285093478585383142e-01 5.319027543823870996e-01 1.214981921868615727e-01
7.359664029062797930e-01 5.808398802013784445e-01 1.229344876441974127e-01
7.816099470056580012e-01 7.153611641343224914e-01 7.463307479909493669e-02
7.816099470056580012e-01 7.153611641343224914e-01 7.463307479909493669e-02
4.194861676162865982e-01 9.841465261630599759e-01 4.227808970009405698e-02
5.052446281268200279e-01 9.984805146364666983e-01 2.708225917832215307e-02
4.454057697761655277e-01 1.046213751415960402e+00 2.260421084478539747e-02
4.454057697761655277e-01 1.046213751415960402e+00 2.260421084478539747e-02
1.514351813792258472e-02 7.258035859485700847e-01 1.076336159662344555e-01
1.514351813792258472e-02 7.258035859485700847e-01 1.076336159662344555e-01
1.514351813792258472e-02 7.258035859485700847e-01 1.076336159662344555e-01
1.514351813792258472e-02 7.258035859485700847e-01 1.076336159662344555e-01
4.633516143048876240e-02 7.469092035875088964e-01 1.193928346143279806e-01
-1.334868472735992878e-02 8.040621113099853945e-01 1.244087315276652811e-01
8.428081591025726738e-02 6.037107779674532049e-01 7.442536083525166934e-02
1.776737656544180033e-01 7.311232847775444021e-01 1.321533268953349050e-01
5.900359281873368555e-01 7.652383437829266555e-01 9.402965133008779619e-02
5.900359281873368555e-01 7.652383437829266555e-01 9.402965133008779619e-02
5.900359281873368555e-01 7.652383437829266555e-01 9.402965133008779619e-02
4.126269805183653272e-01 7.460074388365939280e-01 1.291719114075997321e-01
