2.489132485845457765e-01 1.481402749648903505e-01 2.285888564658257460e-02
2.489132485845457765e-01 1.481402749648903505e-01 2.285888564658257460e-02
5.031635513759906697e-01 5.701947028530153505e-02 2.118294213039860485e-01
5.031635513759906697e-01 5.701947028530153505e-02 2.118294213039860485e-01
5.031635513759906697e-01 5.701947028530153505e-02 2.118294213039860485e-01
5.973608485881057861e-01 7.837242800163364553e-02 3.626970990670803641e-01
5.973608485881057861e-01 7.837242800163364553e-02 3.626970990670803641e-01
4.640991343456475349e-01 4.014516207414967064e-01 2.418331053062102165e-01
3.750557791079398018e-01 1.357940088940828849e-01 1.007353009436447872e-01
3.785465448214214712e-01 8.744803919977983675e-02 7.832753679417685244e-02
3.785465448214214712e-01 8.744803919977983675e-02 7.832753679417685244e-02
3.785465448214214712e-01 8.744803919977983675e-02 7.832753679417685244e-02
3.785465448214214712e-01 8.744803919977983675e-02 7.832753679417685244e-02
2.980321558189324982e-01 2.126922629220265315e-01 6.855798505307787727e-02
4.888039619334680896e-01 4.348974456655420040e-01 2.139069744265225115e-01
4.888039619334680896e-01 4.348974456655420040e-01 2.139069744265225115e-01
4.888039619334680896e-01 4.348974456655420040e-01 2.139069744265225115e-01
4.888039619334680896e-01 4.348974456655420040e-01 2.139069744265225115e-01
4.888039619334680896e-01 4.348974456655420040e-01 2.139069744265225115e-01
4.747474496637026364e-01 4.704342063324201129e-01 1.919049283835473352e-01
4.758197038118965883e-01 4.669974916954650057e-01 1.941232102673869364e-01
4.758197038118965883e-01 4.669974916954650057e-01 1.941232102673869364e-01
5.894632560670637345e-01 2.148197734864892849e-02 3.180294782219137972e-01
5.894632560670637345e-01 2.148197734864892849e-02 3.180294782219137972e-01
1.058305818854495595e+00 -6.123613386862136743e-01 2.603300564380142124e-01
1.058305818854495595e+00 -6.123613386862136743e-01 2.603300564380142124e-01
1.058305818854495595e+00 -6.123613386862136743e-01 2.603300564380142124e-01
1.096956520773554100e+00 -5.233371722115151004e-01 3.351144496707469389e-01
1.096956520773554100e+00 -5.233371722115151004e-01 3.351144496707469389e-01
1.040275148873851530e+00 -5.763197787102146696e-01 2.830048784234968640e-01
1.040275148873851530e+00 -5.763197787102146696e-01 2.830048784234968640e-01
7.448719034355255619e-01 -2.998465165840771829e-01 2.303897475221315938e-01
7.448719034355255619e-01 -2.998465165840771829e-01 2.303897475221315938e-01
7.448719034355255619e-01 -2.998465165840771829e-01 2.303897475221315938e-01
7.448719034355255619e-01 -2.998465165840771829e-01 2.303897475221315938e-01
7.448719034355255619e-01 -2.998465165840771829e-01 2.303897475221315938e-01
7.448719034355255619e-01 -2.998465165840771829e-01 2.303897475221315938e-01
7.448719034355255619e-01 -2.998465165840771829e-01 2.303897475221315938e-01
7.448719034355255619e-01 -2.998465165840771829e-01 2.303897475221315938e-01
7.921561458149358748e-01 -2.425276074329710818e-01 3.741894628822938773e-01
9.857316135796704293e-01 6.983914948213643115e-02 6.999119981846087246e-02
9.857316135796704293e-01 6.983914948213643115e-02 6.999119981846087246e-02
9.857316135796704293e-01 6.983914948213643115e-02 6.999119981846087246e-02
9.857316135796704293e-01 6.983914948213643115e-02 6.999119981846087246e-02
6.951898693465625723e-01 1.056125869611666823e-01 3.882968114688363226e-01
8.636841690586818387e-01 1.817209002300787246e-01 1.034591571488907707e-01
8.636841690586818387e-01 1.817209002300787246e-01 1.034591571488907707e-01
8.636841690586818387e-01 1.817209002300787246e-01 1.034591571488907707e-01
8.636841690586818387e-01 1.817209002300787246e-01 1.034591571488907707e-01
6.131350548735534645e-01 5.075071207396922301e-02 3.689333896867065810e-01
4.886182200489872507e-01 1.254175938086491415e-01 2.423000037349101465e-01
5.495114221032438850e-01 -1.891039872386016674e-01 7.684451117764452832e-02
7.077285185368148435e-01 -1.252726692264220232e-01 3.707377319501577451e-01
7.542872505785013226e-01 1.044611755945689113e-01 3.354174409109111910e-01
7.542872505785013226e-01 1.044611755945689113e-01 3.354174409109111910e-01
7.542872505785013226e-01 1.044611755945689113e-01 3.354174409109111910e-01
7.542872505785013226e-01 1.044611755945689113e-01 3.354174409109111910e-01
7.542872505785013226e-01 1.044611755945689113e-01 3.354174409109111910e-01
4.581500849272142628e-01 5.343988174096194754e-01 1.504365106729516899e-01
4.581500849272142628e-01 5.343988174096194754e-01 1.504365106729516899e-01
4.581500849272142628e-01 5.343988174096194754e-01 1.504365106729516899e-01
4.581500849272142628e-01 5.343988174096194754e-01 1.504365106729516899e-01
4.581500849272142628e-01 5.343988174096194754e-01 1.504365106729516899e-01
4.581500849272142628e-01 5.343988174096194754e-01 1.504365106729516899e-01
4.581500849272142628e-01 5.343988174096194754e-01 1.504365106729516899e-01
4.581500849272142628e-01 5.343988174096194754e-01 1.504365106729516899e-01
4.581500849272142628e-01 5.343988174096194754e-01 1.504365106729516899e-01
4.581500849272142628e-01 5.343988174096194754e-01 1.504365106729516899e-01
4.581500849272142628e-01 5.343988174096194754e-01 1.504365106729516899e-01
4.581500849272142628e-01 5.343988174096194754e-01 1.504365106729516899e-01
4.581500849272142628e-01 5.343988174096194754e-01 1.504365106729516899e-01
4.026859871411679892e-01 4.109632925846971596e-01 2.233207162363532172e-01
4.026859871411679892e-01 4.109632925846971596e-01 2.233207162363532172e-01
4.026859871411679892e-01 4.109632925846971596e-01 2.233207162363532172e-01
4.026859871411679892e-01 4.109632925846971596e-01 2.233207162363532172e-01
6.842110023717531408e-01 -2.412310760910796881e-01 2.017568375337330244e-01
6.842110023717531408e-01 -2.412310760910796881e-01 2.017568375337330244e-01
6.842110023717531408e-01 -2.412310760910796881e-01 2.017568375337330244e-01
8.123654881193478339e-01 -3.017439551877831860e-01 3.359421808275043220e-01
1.003433492969429075e+00 -1.350911636041822461e-01 2.340337138886008361e-01
1.125532979101222963e+00 -3.864839219592153263e-01 2.737463516480372894e-01
1.125532979101222963e+00 -3.864839219592153263e-01 2.737463516480372894e-01
1.125203317296038730e+00 -5.551831521034336081e-01 3.155913743457378073e-01
1.125203317296038730e+00 -5.551831521034336081e-01 3.155913743457378073e-01
1.125220397924403093e+00 -4.589214955640643079e-01 3.133743963213152517e-01
1.125220397924403093e+00 -4.589214955640643079e-01 3.133743963213152517e-01
8.547194720986898142e-01 -7.228710813901850774e-02 3.998294690930745410e-01
9.120962326918886642e-01 -2.929796956405278929e-01 4.352325262462450328e-01
9.346494880968684305e-01 -2.862586644229496713e-01 4.351954322119434004e-01
7.068870038498304975e-01 -1.551636288919414075e-01 3.391365951022128344e-01
7.068870038498304975e-01 -1.551636288919414075e-01 3.391365951022128344e-01
7.068870038498304975e-01 -1.551636288919414075e-01 3.391365951022128344e-01
8.053433327355253857e-01 -1.087446303542722870e-01 4.541765114264679215e-01
8.053433327355253857e-01 -1.087446303542722870e-01 4.541765114264679215e-01
6.324838504315715149e-01 1.640887393029152874e-01 3.705579706759734582e-01
6.324838504315715149e-01 1.640887393029152874e-01 3.705579706759734582e-01
6.324838504315715149e-01 1.640887393029152874e-01 3.705579706759734582e-01
6.324838504315715149e-01 1.640887393029152874e-01 3.705579706759734582e-01
6.324838504315715149e-01 1.640887393029152874e-01 3.705579706759734582e-01
3.447816929958179566e-01 4.894989223811221923e-01 1.808279233902928551e-01
