2.489132485845457765e-01 1.481402749648903505e-01 1.168160998899802350e-01
3.294666432591439875e-01 9.069915780698495356e-02 2.217116658124518302e-01
3.294666432591439875e-01 9.069915780698495356e-02 2.217116658124518302e-01
4.871338764197892246e-01 5.132903974782805356e-01 1.744521872656931427e-01
4.871338764197892246e-01 5.132903974782805356e-01 1.744521872656931427e-01
2.199440674866683931e-01 4.883167235504494164e-01 4.008678418850343816e-01
3.832913399467074989e-01 4.625947159209195525e-01 5.774813182542255507e-01
3.832913399467074989e-01 4.625947159209195525e-01 5.774813182542255507e-01
3.832913399467074989e-01 4.625947159209195525e-01 5.774813182542255507e-01
1.980280174286195016e-01 4.613490584153761009e-01 3.051516282051018880e-01
1.980280174286195016e-01 4.613490584153761009e-01 3.051516282051018880e-01
4.270694325865972973e-01 4.904434279148826570e-01 3.947623322845510985e-01
4.270694325865972973e-01 4.904434279148826570e-01 3.947623322845510985e-01
4.385333213398638907e-01 8.651466680688073563e-01 1.415788722620980530e-02
4.055151920270285704e-01 7.605474951178903265e-01 7.902555584216425233e-02
4.055151920270285704e-01 7.605474951178903265e-01 7.902555584216425233e-02
2.774553339369190130e-01 4.151938151187765103e-01 5.458495671680296812e-01
2.774553339369190130e-01 4.151938151187765103e-01 5.458495671680296812e-01
3.224898903224542868e-01 5.329930614715275849e-01 5.751244793070350303e-01
3.224898903224542868e-01 5.329930614715275849e-01 5.751244793070350303e-01
3.224898903224542868e-01 5.329930614715275849e-01 5.751244793070350303e-01
3.224898903224542868e-01 5.329930614715275849e-01 5.751244793070350303e-01
3.224898903224542868e-01 5.329930614715275849e-01 5.751244793070350303e-01
3.144095649540540327e-01 1.876699350910513431e-01 3.407278257750429029e-01
3.144095649540540327e-01 1.876699350910513431e-01 3.407278257750429029e-01
3.144095649540540327e-01 1.876699350910513431e-01 3.407278257750429029e-01
3.144095649540540327e-01 1.876699350910513431e-01 3.407278257750429029e-01
4.327423757011286121e-01 4.270709524752315245e-01 4.786929000866617656e-01
3.607133718829412250e-01 5.892918154325651470e-01 4.133641029430573655e-01
3.607133718829412250e-01 5.892918154325651470e-01 4.133641029430573655e-01
3.114683987202932491e-01 3.531794916670020767e-01 5.922313619450038091e-01
3.114683987202932491e-01 3.531794916670020767e-01 5.922313619450038091e-01
3.114683987202932491e-01 3.531794916670020767e-01 5.922313619450038091e-01
3.114683987202932491e-01 3.531794916670020767e-01 5.922313619450038091e-01
3.114683987202932491e-01 3.531794916670020767e-01 5.922313619450038091e-01
3.114683987202932491e-01 3.531794916670020767e-01 5.922313619450038091e-01
1.325233467031795564e-01 5.142071260291345425e-01 1.513385556488753281e-01
2.947384112298182535e-01 7.765293089040996577e-01 2.126308901217887071e-01
1.366179171249496116e-01 6.879325875504704868e-01 2.075134419186356050e-01
1.366179171249496116e-01 6.879325875504704868e-01 2.075134419186356050e-01
2.433849864713043820e-01 4.372754742929950700e-01 4.467329977375315009e-01
2.433849864713043820e-01 4.372754742929950700e-01 4.467329977375315009e-01
4.605952603725020911e-01 6.351287706961822321e-01 1.050897670685606300e-01
4.539928973081582830e-01 6.009638713641589636e-01 1.516374906468265782e-01
4.179063166073325730e-01 5.728996451397394551e-01 2.831159344180552151e-01
3.703927686928040752e-01 6.776691183736427426e-01 2.335755108691464632e-01
3.703927686928040752e-01 6.776691183736427426e-01 2.335755108691464632e-01
3.703927686928040752e-01 6.776691183736427426e-01 2.335755108691464632e-01
3.703927686928040752e-01 6.776691183736427426e-01 2.335755108691464632e-01
3.703927686928040752e-01 6.776691183736427426e-01 2.335755108691464632e-01
3.703927686928040752e-01 6.776691183736427426e-01 2.335755108691464632e-01
3.703927686928040752e-01 6.776691183736427426e-01 2.335755108691464632e-01
2.868086272888997201e-01 4.958851460615213425e-01 5.890853600766728926e-01
3.654181656499436159e-01 1.534810609907535928e-01 4.239318683606944638e-01
2.272149096857643824e-01 6.944496895492755506e-01 3.558899172114568521e-01
2.272149096857643824e-01 6.944496895492755506e-01 3.558899172114568521e-01
2.272149096857643824e-01 6.944496895492755506e-01 3.558899172114568521e-01
4.106807235256064170e-01 6.819908887695034228e-01 1.454564650129097358e-01
4.106807235256064170e-01 6.819908887695034228e-01 1.454564650129097358e-01
4.106807235256064170e-01 6.819908887695034228e-01 1.454564650129097358e-01
4.106807235256064170e-01 6.819908887695034228e-01 1.454564650129097358e-01
4.106807235256064170e-01 6.819908887695034228e-01 1.454564650129097358e-01
1.952061104559376647e-01 3.365249437200262261e-01 1.779710554086446073e-01
1.952061104559376647e-01 3.365249437200262261e-01 1.779710554086446073e-01
2.896563984097565436e-01 2.362868024983484916e-01 3.433892856574628505e-01
2.896563984097565436e-01 2.362868024983484916e-01 3.433892856574628505e-01
2.896563984097565436e-01 2.362868024983484916e-01 3.433892856574628505e-01
4.847767754446599131e-01 3.949102810598002500e-01 3.339859438030409744e-01
3.194184318243897813e-01 6.660550807368742499e-01 3.563201597228315420e-01
3.194184318243897813e-01 6.660550807368742499e-01 3.563201597228315420e-01
2.371774632756007695e-01 1.793452158407713437e-01 1.233064129142249638e-01
3.550891370269750880e-01 1.268908529995827761e-01 3.476695862251578117e-01
3.550891370269750880e-01 1.268908529995827761e-01 3.476695862251578117e-01
3.550891370269750880e-01 1.268908529995827761e-01 3.476695862251578117e-01
3.550891370269750880e-01 1.268908529995827761e-01 3.476695862251578117e-01
3.550891370269750880e-01 1.268908529995827761e-01 3.476695862251578117e-01
3.550891370269750880e-01 1.268908529995827761e-01 3.476695862251578117e-01
3.550891370269750880e-01 1.268908529995827761e-01 3.476695862251578117e-01
3.550891370269750880e-01 1.268908529995827761e-01 3.476695862251578117e-01
3.550891370269750880e-01 1.268908529995827761e-01 3.476695862251578117e-01
3.550891370269750880e-01 1.268908529995827761e-01 3.476695862251578117e-01
3.247354811652007345e-01 1.746818618525171063e-01 3.493531411515936047e-01
3.247354811652007345e-01 1.746818618525171063e-01 3.493531411515936047e-01
3.247354811652007345e-01 1.746818618525171063e-01 3.493531411515936047e-01
3.247354811652007345e-01 1.746818618525171063e-01 3.493531411515936047e-01
3.247354811652007345e-01 1.746818618525171063e-01 3.493531411515936047e-01
5.236225812856852846e-01 3.572492447313120878e-01 2.452975108526248837e-01
5.236225812856852846e-01 3.572492447313120878e-01 2.452975108526248837e-01
4.676264801124599968e-01 3.508279871424582197e-01 4.538572306572059012e-01
4.676264801124599968e-01 3.508279871424582197e-01 4.538572306572059012e-01
4.676264801124599968e-01 3.508279871424582197e-01 4.538572306572059012e-01
4.676264801124599968e-01 3.508279871424582197e-01 4.538572306572059012e-01
4.676264801124599968e-01 3.508279871424582197e-01 4.538572306572059012e-01
4.676264801124599968e-01 3.508279871424582197e-01 4.538572306572059012e-01
4.676264801124599968e-01 3.508279871424582197e-01 4.538572306572059012e-01
4.718192625898414150e-01 3.792674302364090755e-02 3.621179232602067533e-01
4.718192625898414150e-01 3.792674302364090755e-02 3.621179232602067533e-01
4.718192625898414150e-01 3.792674302364090755e-02 3.621179232602067533e-01
4.718192625898414150e-01 3.792674302364090755e-02 3.621179232602067533e-01
4.023203761005503809e-01 3.673480349611317197e-01 6.386844832921038106e-01
