2.489132485845457765e-01 1.481402749648903505e-01 2.574009103730807643e-02
3.152109925079546460e-01 3.627581477843051516e-01 2.472502522022358429e-01
3.152109925079546460e-01 3.627581477843051516e-01 2.472502522022358429e-01
3.152109925079546460e-01 3.627581477843051516e-01 2.472502522022358429e-01
3.152109925079546460e-01 3.627581477843051516e-01 2.472502522022358429e-01
2.966042815992771531e-01 4.379946774859011516e-01 2.776647299660656709e-01
2.542325529934210682e-01 4.796123486097916278e-01 2.338232420985602023e-01
2.542325529934210682e-01 4.796123486097916278e-01 2.338232420985602023e-01
1.910649758261710185e-01 8.741552957604910024e-01 1.302841542703790378e-01
1.910649758261710185e-01 8.741552957604910024e-01 1.302841542703790378e-01
1.910649758261710185e-01 8.741552957604910024e-01 1.302841542703790378e-01
1.755572965913207439e-01 9.082706466947144675e-01 1.110889510497425348e-01
-4.290436050743279273e-02 1.054051723105420724e+00 4.299754827450229938e-02
1.497535135524471206e-01 5.667596751576697844e-01 1.353939187370753472e-01
3.192200569019919554e-01 5.035146406307777767e-01 3.490157346763561041e-01
3.192200569019919554e-01 5.035146406307777767e-01 3.490157346763561041e-01
3.192200569019919554e-01 5.035146406307777767e-01 3.490157346763561041e-01
3.192200569019919554e-01 5.035146406307777767e-01 3.490157346763561041e-01
3.322905144470661987e-01 1.005596102261678615e+00 2.643166753352137188e-02
3.322905144470661987e-01 1.005596102261678615e+00 2.643166753352137188e-02
6.290499658608217359e-02 1.109652041783200316e+00 3.703391589237016446e-02
6.290499658608217359e-02 1.109652041783200316e+00 3.703391589237016446e-02
6.290499658608217359e-02 1.109652041783200316e+00 3.703391589237016446e-02
6.290499658608217359e-02 1.109652041783200316e+00 3.703391589237016446e-02
6.290499658608217359e-02 1.109652041783200316e+00 3.703391589237016446e-02
6.290499658608217359e-02 1.109652041783200316e+00 3.703391589237016446e-02
6.290499658608217359e-02 1.109652041783200316e+00 3.703391589237016446e-02
-4.068717752731214332e-02 9.357501352538200035e-01 5.400690660343138855e-02
-4.068717752731214332e-02 9.357501352538200035e-01 5.400690660343138855e-02
-4.068717752731214332e-02 9.357501352538200035e-01 5.400690660343138855e-02
5.163332648759516585e-01 6.407974524727214627e-01 1.907700460248813734e-01
5.757455892227412164e-01 3.168862385360448064e-01 6.003114053270520722e-01
5.757455892227412164e-01 3.168862385360448064e-01 6.003114053270520722e-01
5.757455892227412164e-01 3.168862385360448064e-01 6.003114053270520722e-01
5.757455892227412164e-01 3.168862385360448064e-01 6.003114053270520722e-01
5.757455892227412164e-01 3.168862385360448064e-01 6.003114053270520722e-01
6.009089721949449903e-01 -3.712618198901063149e-03 3.309813306062858729e-01
5.510707159021389634e-01 2.542153807197012338e-01 5.949769959409313413e-01
4.642083397670360712e-01 1.313436985510220145e-01 2.617644682232094233e-01
4.642083397670360712e-01 1.313436985510220145e-01 2.617644682232094233e-01
4.642083397670360712e-01 1.313436985510220145e-01 2.617644682232094233e-01
4.642083397670360712e-01 1.313436985510220145e-01 2.617644682232094233e-01
4.642083397670360712e-01 1.313436985510220145e-01 2.617644682232094233e-01
9.610571325931239750e-01 1.590729605355270804e-01 1.588997440378791814e-01
8.336413834630707065e-01 -6.390644894084310246e-02 5.530717367388502392e-01
8.336413834630707065e-01 -6.390644894084310246e-02 5.530717367388502392e-01
8.336413834630707065e-01 -6.390644894084310246e-02 5.530717367388502392e-01
8.336413834630707065e-01 -6.390644894084310246e-02 5.530717367388502392e-01
9.477391189500422586e-01 5.751389826894307000e-02 3.079120024792272314e-01
7.698422391030681489e-01 4.410509474786922235e-01 1.225779284020155208e-01
8.592456209993944993e-01 1.531145221953680302e-01 3.711907297208773548e-01
8.592456209993944993e-01 1.531145221953680302e-01 3.711907297208773548e-01
8.537085504314462225e-01 1.837650417601283392e-01 3.355928280408747022e-01
8.537085504314462225e-01 1.837650417601283392e-01 3.355928280408747022e-01
8.773586177900423166e-01 -2.797085402424417389e-01 2.994649484614625989e-01
8.773586177900423166e-01 -2.797085402424417389e-01 2.994649484614625989e-01
8.773586177900423166e-01 -2.797085402424417389e-01 2.994649484614625989e-01
1.004787334675495858e+00 -2.806706250905312006e-01 3.455976887922896923e-01
8.171043372526534121e-01 -9.974269885218436937e-02 5.134261986234541775e-01
8.171043372526534121e-01 -9.974269885218436937e-02 5.134261986234541775e-01
8.171043372526534121e-01 -9.974269885218436937e-02 5.134261986234541775e-01
8.055485873788278406e-01 -2.124648492446153392e-01 3.227220342940690379e-01
8.055485873788278406e-01 -2.124648492446153392e-01 3.227220342940690379e-01
8.055485873788278406e-01 -2.124648492446153392e-01 3.227220342940690379e-01
8.055485873788278406e-01 -2.124648492446153392e-01 3.227220342940690379e-01
8.055485873788278406e-01 -2.124648492446153392e-01 3.227220342940690379e-01
8.055485873788278406e-01 -2.124648492446153392e-01 3.227220342940690379e-01
8.055485873788278406e-01 -2.124648492446153392e-01 3.227220342940690379e-01
8.055485873788278406e-01 -2.124648492446153392e-01 3.227220342940690379e-01
8.055485873788278406e-01 -2.124648492446153392e-01 3.227220342940690379e-01
8.055485873788278406e-01 -2.124648492446153392e-01 3.227220342940690379e-01
8.055485873788278406e-01 -2.124648492446153392e-01 3.227220342940690379e-01
8.055485873788278406e-01 -2.124648492446153392e-01 3.227220342940690379e-01
8.055485873788278406e-01 -2.124648492446153392e-01 3.227220342940690379e-01
6.573824499010824107e-01 3.045539042170614663e-01 5.420858808724344780e-01
6.573824499010824107e-01 3.045539042170614663e-01 5.420858808724344780e-01
6.573824499010824107e-01 3.045539042170614663e-01 5.420858808724344780e-01
1.656638701295018445e-01 5.972694219282479455e-01 1.665884468809842034e-01
1.656638701295018445e-01 5.972694219282479455e-01 1.665884468809842034e-01
5.630656765409863818e-01 7.402579647998813739e-01 5.585995441613542112e-02
3.880629513522078633e-01 4.433199826465542004e-01 4.351490975154576613e-01
3.880629513522078633e-01 4.433199826465542004e-01 4.351490975154576613e-01
3.880629513522078633e-01 4.433199826465542004e-01 4.351490975154576613e-01
3.880629513522078633e-01 4.433199826465542004e-01 4.351490975154576613e-01
4.297238633878762704e-01 4.122464463196274798e-01 4.859497731045511193e-01
4.297238633878762704e-01 4.122464463196274798e-01 4.859497731045511193e-01
1.996159937347714020e-01 1.433210710784292852e-01 1.121211185738015849e-02
2.185781770979172145e-01 4.485659792565767079e-01 1.582488327712995579e-01
4.174912970413449109e-01 1.502358749085342948e-01 1.970303482958523367e-01
6.690292199210514656e-01 4.917145292663060441e-01 1.983072031937792856e-01
8.137673683396180468e-01 4.061527245683587140e-01 1.057478946655113911e-01
6.071742510723652231e-01 2.823445488084648236e-01 6.166655799751428191e-01
3.597137085457412509e-01 5.386047730741092554e-01 3.919118643752931286e-01
3.597137085457412509e-01 5.386047730741092554e-01 3.919118643752931286e-01
4.146401115127916759e-01 3.359867526438767849e-01 4.217625482886482313e-01
4.146401115127916759e-01 3.359867526438767849e-01 4.217625482886482313e-01
4.146401115127916759e-01 3.359867526438767849e-01 4.217625482886482313e-01
3.332829726943046245e-01 4.045778403546680946e-01 3.197819958486768921e-01
4.746924363287492454e-01 2.614674868039393862e-01 4.696370147809615370e-01
4.746924363287492454e-01 2.614674868039393862e-01 4.696370147809615370e-01
