2.489132485845457765e-01 1.481402749648903505e-01 2.580831294684198494e-03
7.925750212541383677e-01 -1.318582227686643238e-01 1.238330657639052316e-03
7.925750212541383677e-01 -1.318582227686643238e-01 1.238330657639052316e-03
1.068269782653668232e+00 -1.390453974593776343e-02 2.684828496467729989e-02
9.980165259259342614e-01 2.815962101282271646e-01 1.591273132357421127e-01
1.262212535658964185e+00 2.588852719242389910e-01 1.448563688221933543e-01
1.262212535658964185e+00 2.588852719242389910e-01 1.448563688221933543e-01
1.262212535658964185e+00 2.588852719242389910e-01 1.448563688221933543e-01
1.262212535658964185e+00 2.588852719242389910e-01 1.448563688221933543e-01
1.035593704355505018e+00 6.289650110207085643e-01 6.794997837561321530e-02
1.137892522841788212e+00 7.221210654413338093e-01 1.724811179921110355e-02
1.118582532803310325e+00 5.993482609298693697e-01 6.014935254827413064e-02
1.268084073533238376e+00 3.455343648790970001e-01 1.310463463157404973e-01
1.268084073533238376e+00 3.455343648790970001e-01 1.310463463157404973e-01
1.268084073533238376e+00 3.455343648790970001e-01 1.310463463157404973e-01
1.268084073533238376e+00 3.455343648790970001e-01 1.310463463157404973e-01
7.899699926951123663e-01 6.159744613839328586e-01 1.578544210877924070e-01
1.185669898924099908e+00 1.829614629020868133e-01 1.294104272857502236e-01
1.185669898924099908e+00 1.829614629020868133e-01 1.294104272857502236e-01
1.163217595960891471e+00 3.758265709952057776e-01 1.504391879299182000e-01
1.163217595960891471e+00 3.758265709952057776e-01 1.504391879299182000e-01
1.163217595960891471e+00 3.758265709952057776e-01 1.504391879299182000e-01
6.444114427844904736e-01 3.795844353038521635e-01 1.547575651690532572e-01
5.403731624833627567e-01 2.823094491106198367e-01 6.287156314391420531e-02
5.403731624833627567e-01 2.823094491106198367e-01 6.287156314391420531e-02
5.403731624833627567e-01 2.823094491106198367e-01 6.287156314391420531e-02
5.403731624833627567e-01 2.823094491106198367e-01 6.287156314391420531e-02
5.403731624833627567e-01 2.823094491106198367e-01 6.287156314391420531e-02
5.403731624833627567e-01 2.823094491106198367e-01 6.287156314391420531e-02
4.030244296116330949e-01 2.808055846586654525e-01 3.565141497901779671e-02
9.203388405289452123e-01 2.031916498316785891e-01 1.021616801469359126e-01
1.027320289262324771e+00 7.021416454509158411e-01 3.835757490378834123e-02
1.114881957423813352e+00 4.483912872604835509e-01 1.378354122594682707e-01
7.847129811676278877e-01 4.976631609614714513e-01 2.078277426939567907e-01
7.847129811676278877e-01 4.976631609614714513e-01 2.078277426939567907e-01
7.847129811676278877e-01 4.976631609614714513e-01 2.078277426939567907e-01
8.606896822636587174e-01 5.304982824161018629e-01 1.807144559347697577e-01
4.810322725848094061e-01 3.888471658317751434e-01 1.144341211665269170e-01
9.644826777709712973e-01 6.153721296050714828e-01 9.693232981735913634e-02
9.644826777709712973e-01 6.153721296050714828e-01 9.693232981735913634e-02
9.644826777709712973e-01 6.153721296050714828e-01 9.693232981735913634e-02
9.644826777709712973e-01 6.153721296050714828e-01 9.693232981735913634e-02
9.644826777709712973e-01 6.153721296050714828e-01 9.693232981735913634e-02
9.644826777709712973e-01 6.153721296050714828e-01 9.693232981735913634e-02
9.941848155116900232e-01 4.969629062085118565e-01 1.542666442006987992e-01
1.037010866684211940e+00 4.426814367383861137e-01 1.640045112295653029e-01
9.749470718500840016e-01 4.486077527487869476e-01 1.787829709500303177e-01
1.091117299566377374e+00 3.747868931798649106e-01 1.679358174282694072e-01
1.091117299566377374e+00 3.747868931798649106e-01 1.679358174282694072e-01
1.091117299566377374e+00 3.747868931798649106e-01 1.679358174282694072e-01
1.091117299566377374e+00 3.747868931798649106e-01 1.679358174282694072e-01
1.018817783498269680e+00 2.596970379348322311e-01 1.508043169379805759e-01
9.798046982459204246e-01 2.385773462374345399e-01 1.345587208838666393e-01
8.326639639454972430e-01 4.427728343084612606e-01 2.035096632115454551e-01
8.326639639454972430e-01 4.427728343084612606e-01 2.035096632115454551e-01
8.326639639454972430e-01 4.427728343084612606e-01 2.035096632115454551e-01
8.326639639454972430e-01 4.427728343084612606e-01 2.035096632115454551e-01
8.326639639454972430e-01 4.427728343084612606e-01 2.035096632115454551e-01
1.146034711125866412e+00 4.108884283963081807e-01 1.437546452640233174e-01
1.146034711125866412e+00 4.108884283963081807e-01 1.437546452640233174e-01
9.549770182067304214e-01 3.547429351364884131e-01 1.835286073123862383e-01
9.549770182067304214e-01 3.547429351364884131e-01 1.835286073123862383e-01
9.549770182067304214e-01 3.547429351364884131e-01 1.835286073123862383e-01
9.549770182067304214e-01 3.547429351364884131e-01 1.835286073123862383e-01
1.055927126134597938e+00 2.887050662050004712e-01 1.644587982863713882e-01
1.055927126134597938e+00 2.887050662050004712e-01 1.644587982863713882e-01
1.246255826860148463e+00 4.392633368159687413e-01 1.001058930873452713e-01
1.246255826860148463e+00 4.392633368159687413e-01 1.001058930873452713e-01
1.254274041661923356e+00 -1.012008181085763958e-01 2.145009362133126762e-02
1.309178434444677741e+00 -7.464502444361285904e-02 3.302456686229598981e-02
1.538773962939813611e+00 2.090040459308624698e-01 9.745146491416675771e-02
1.303281853074882202e+00 -5.807022309334480825e-02 3.755616164743596358e-02
1.303281853074882202e+00 -5.807022309334480825e-02 3.755616164743596358e-02
1.303281853074882202e+00 -5.807022309334480825e-02 3.755616164743596358e-02
1.223033233071437298e+00 6.785997591737988888e-01 1.696935152424381213e-02
6.265195498726275902e-01 7.286137395527974014e-01 1.402811425761286979e-01
4.791674419207210822e-01 7.467652177495728294e-01 1.779154325404548598e-01
3.456285294338771186e-01 7.746600628224561413e-01 1.982586388689090151e-01
2.648930869922094811e-01 6.181722040489530112e-01 2.043504826409084651e-01
8.001274305342670479e-01 4.342326823313453765e-01 2.037284072318828743e-01
8.001274305342670479e-01 4.342326823313453765e-01 2.037284072318828743e-01
8.001274305342670479e-01 4.342326823313453765e-01 2.037284072318828743e-01
3.189133388069755881e-01 6.001014838577314325e-01 2.084721069208331223e-01
8.392984744773047678e-01 7.208069044941936010e-01 7.461029569053806432e-02
8.392984744773047678e-01 7.208069044941936010e-01 7.461029569053806432e-02
8.392984744773047678e-01 7.208069044941936010e-01 7.461029569053806432e-02
1.150364989797611148e+00 5.790458942488893035e-01 6.123628534457693090e-02
9.547565114473581804e-01 6.586604605386703337e-01 7.535385270549815884e-02
7.938963059062420502e-01 6.042076406884401285e-01 1.636791527355806186e-01
7.938963059062420502e-01 6.042076406884401285e-01 1.636791527355806186e-01
7.938963059062420502e-01 6.042076406884401285e-01 1.636791527355806186e-01
7.938963059062420502e-01 6.042076406884401285e-01 1.636791527355806186e-01
3.954555275024807526e-01 5.676985970293398909e-01 2.096819914445764987e-01
3.954555275024807526e-01 5.676985970293398909e-01 2.096819914445764987e-01
3.380156054575955693e-02 4.498517949824468731e-01 3.509074341175892620e-02
2.676511357477290298e-01 4.725560884178783283e-01 1.066224433184843889e-01
5.815806918997572517e-01 7.102387964223326744e-01 1.688683101544527221e-01
5.815806918997572517e-01 7.102387964223326744e-01 1.688683101544527221e-01
5.815806918997572517e-01 7.102387964223326744e-01 1.688683101544527221e-01
5.815806918997572517e-01 7.102387964223326744e-01 1.688683101544527221e-01
