2.489132485845457765e-01 1.481402749648903505e-01 1.316659134293541034e-01
3.613622942638563540e-01 3.264938546887814486e-01 6.337542986469940631e-01
3.613622942638563540e-01 3.264938546887814486e-01 6.337542986469940631e-01
3.682739025125040255e-01 3.529606085513664615e-01 6.042109306491707521e-01
5.485899821923689856e-01 -3.126228382557122432e-02 3.479937122588012133e-01
5.485899821923689856e-01 -3.126228382557122432e-02 3.479937122588012133e-01
5.049419338450042982e-01 4.009216368590938495e-02 4.291951119165681727e-01
5.049419338450042982e-01 4.009216368590938495e-02 4.291951119165681727e-01
6.095232107608927752e-01 9.710518940007224764e-02 2.934087892086364446e-01
4.235206580202167670e-01 7.676884559122824914e-02 3.925029375829280909e-01
7.473642914109233093e-01 -3.069100691450748486e-01 1.029191980545918483e-01
7.473642914109233093e-01 -3.069100691450748486e-01 1.029191980545918483e-01
8.447861368337274968e-01 -1.806051750789762211e-01 6.000789323627701149e-02
8.447861368337274968e-01 -1.806051750789762211e-01 6.000789323627701149e-02
7.391314892104549061e-01 -3.507913644296237754e-01 7.840994150339261615e-02
7.391314892104549061e-01 -3.507913644296237754e-01 7.840994150339261615e-02
7.391314892104549061e-01 -3.507913644296237754e-01 7.840994150339261615e-02
7.391314892104549061e-01 -3.507913644296237754e-01 7.840994150339261615e-02
7.391314892104549061e-01 -3.507913644296237754e-01 7.840994150339261615e-02
6.161738346301549596e-01 8.121902214229093087e-02 2.910730945338180220e-01
6.900602131485588098e-01 -9.721958759354817903e-02 2.190364183871945092e-01
5.656132809210122625e-01 3.850521631717116477e-01 6.497877379813003784e-02
5.656132809210122625e-01 3.850521631717116477e-01 6.497877379813003784e-02
3.447355480340019707e-01 5.230310574750970387e-01 3.294024885938953706e-01
3.447355480340019707e-01 5.230310574750970387e-01 3.294024885938953706e-01
2.042649929432373002e-01 6.207724525479205724e-01 4.271246106620936733e-01
2.042649929432373002e-01 6.207724525479205724e-01 4.271246106620936733e-01
2.042649929432373002e-01 6.207724525479205724e-01 4.271246106620936733e-01
2.042649929432373002e-01 6.207724525479205724e-01 4.271246106620936733e-01
2.042649929432373002e-01 6.207724525479205724e-01 4.271246106620936733e-01
-1.208674110098681420e-01 9.477569218057562139e-01 1.055113384536990467e-01
-1.208674110098681420e-01 9.477569218057562139e-01 1.055113384536990467e-01
-1.208674110098681420e-01 9.477569218057562139e-01 1.055113384536990467e-01
1.600840368857276430e-01 4.791560734037698666e-01 4.546869858067605352e-01
1.600840368857276430e-01 4.791560734037698666e-01 4.546869858067605352e-01
1.885132344992079545e-01 3.295137601729090648e-01 2.916631495542650887e-01
1.885132344992079545e-01 3.295137601729090648e-01 2.916631495542650887e-01
1.885132344992079545e-01 3.295137601729090648e-01 2.916631495542650887e-01
1.885132344992079545e-01 3.295137601729090648e-01 2.916631495542650887e-01
1.885132344992079545e-01 3.295137601729090648e-01 2.916631495542650887e-01
1.287298837617371627e-01 2.937538944561239873e-01 9.846794794835823927e-02
1.287298837617371627e-01 2.937538944561239873e-01 9.846794794835823927e-02
1.287298837617371627e-01 2.937538944561239873e-01 9.846794794835823927e-02
1.287298837617371627e-01 2.937538944561239873e-01 9.846794794835823927e-02
1.287298837617371627e-01 2.937538944561239873e-01 9.846794794835823927e-02
2.910989253642434771e-01 2.137593618314713451e-01 3.617503538918829809e-01
1.158038982110525805e-01 6.485052283804743078e-01 4.151459845885427935e-01
1.158038982110525805e-01 6.485052283804743078e-01 4.151459845885427935e-01
1.158038982110525805e-01 6.485052283804743078e-01 4.151459845885427935e-01
1.158038982110525805e-01 6.485052283804743078e-01 4.151459845885427935e-01
1.933238673782117223e-01 6.436340556166004756e-01 3.990003751022752621e-01
1.933238673782117223e-01 6.436340556166004756e-01 3.990003751022752621e-01
-2.322033034051346201e-02 7.157204728890680379e-01 2.065903723147675675e-01
4.068557609085129978e-02 8.890607105454805259e-01 1.609749854056977125e-01
4.068557609085129978e-02 8.890607105454805259e-01 1.609749854056977125e-01
4.068557609085129978e-02 8.890607105454805259e-01 1.609749854056977125e-01
-2.070245700386040277e-01 1.051691683860546123e+00 5.110113680667173475e-02
-2.070245700386040277e-01 1.051691683860546123e+00 5.110113680667173475e-02
-2.070245700386040277e-01 1.051691683860546123e+00 5.110113680667173475e-02
3.401314985413045333e-03 8.244292864231000939e-01 2.253079941231062588e-01
1.797109033012612989e-02 6.392205071893055646e-01 2.446437707306324538e-01
3.607072932085428341e-02 5.535675148145409175e-01 2.079002456831280932e-01
3.607072932085428341e-02 5.535675148145409175e-01 2.079002456831280932e-01
3.607072932085428341e-02 5.535675148145409175e-01 2.079002456831280932e-01
3.607072932085428341e-02 5.535675148145409175e-01 2.079002456831280932e-01
3.607072932085428341e-02 5.535675148145409175e-01 2.079002456831280932e-01
3.607072932085428341e-02 5.535675148145409175e-01 2.079002456831280932e-01
3.607072932085428341e-02 5.535675148145409175e-01 2.079002456831280932e-01
3.607072932085428341e-02 5.535675148145409175e-01 2.079002456831280932e-01
3.607072932085428341e-02 5.535675148145409175e-01 2.079002456831280932e-01
1.742588100739674850e-01 6.168003454579870093e-01 4.588527486416276169e-01
1.742588100739674850e-01 6.168003454579870093e-01 4.588527486416276169e-01
1.742588100739674850e-01 6.168003454579870093e-01 4.588527486416276169e-01
-3.506640089927934301e-02 8.021105703600805992e-01 2.023097680864703318e-01
4.194398947777885356e-01 3.223219839097263284e-01 5.318837064434209783e-01
4.194398947777885356e-01 3.223219839097263284e-01 5.318837064434209783e-01
4.194398947777885356e-01 3.223219839097263284e-01 5.318837064434209783e-01
4.194398947777885356e-01 3.223219839097263284e-01 5.318837064434209783e-01
4.194398947777885356e-01 3.223219839097263284e-01 5.318837064434209783e-01
4.194398947777885356e-01 3.223219839097263284e-01 5.318837064434209783e-01
4.194398947777885356e-01 3.223219839097263284e-01 5.318837064434209783e-01
4.194398947777885356e-01 3.223219839097263284e-01 5.318837064434209783e-01
6.254364280293250866e-02 6.800652731125403916e-01 3.438105804806059207e-01
6.254364280293250866e-02 6.800652731125403916e-01 3.438105804806059207e-01
-1.426767490034440977e-01 9.116132898710627153e-01 9.408803885100190667e-02
-1.404130719250432091e-01 6.324213552599484700e-01 2.402596126132592463e-02
-1.404130719250432091e-01 6.324213552599484700e-01 2.402596126132592463e-02
-1.404130719250432091e-01 6.324213552599484700e-01 2.402596126132592463e-02
-1.897324330969288042e-01 1.010995950685188660e+00 6.169560841704803400e-02
-1.897324330969288042e-01 1.010995950685188660e+00 6.169560841704803400e-02
-1.897324330969288042e-01 1.010995950685188660e+00 6.169560841704803400e-02
-1.897324330969288042e-01 1.010995950685188660e+00 6.169560841704803400e-02
-1.897324330969288042e-01 1.010995950685188660e+00 6.169560841704803400e-02
-1.897324330969288042e-01 1.010995950685188660e+00 6.169560841704803400e-02
-7.667692349181536027e-02 1.043993159441368501e+00 7.304549402917177858e-02
-7.667692349181536027e-02 1.043993159441368501e+00 7.304549402917177858e-02
-7.667692349181536027e-02 1.043993159441368501e+00 7.304549402917177858e-02
-7.667692349181536027e-02 1.043993159441368501e+00 7.304549402917177858e-02
-7.667692349181536027e-02 1.043993159441368501e+00 7.304549402917177858e-02
1.085373728492297490e-01 7.049807083023063026e-01 3.607289152813202282e-01
