2.489132485845457765e-01 1.481402749648903505e-01 1.146772398402349791e-01
2.489132485845457765e-01 1.481402749648903505e-01 1.146772398402349791e-01
2.489132485845457765e-01 1.481402749648903505e-01 1.146772398402349791e-01
2.489132485845457765e-01 1.481402749648903505e-01 1.146772398402349791e-01
4.352422447917206338e-02 7.193678182545362176e-01 6.019825537607995103e-02
4.352422447917206338e-02 7.193678182545362176e-01 6.019825537607995103e-02
4.352422447917206338e-02 7.193678182545362176e-01 6.019825537607995103e-02
4.352422447917206338e-02 7.193678182545362176e-01 6.019825537607995103e-02
1.871233903938208654e-01 4.461404712506181203e-01 2.530724627163865592e-01
1.871233903938208654e-01 4.461404712506181203e-01 2.530724627163865592e-01
1.871233903938208654e-01 4.461404712506181203e-01 2.530724627163865592e-01
4.043085333150183702e-01 2.549492764833889424e-01 7.310405029993561898e-01
4.043085333150183702e-01 2.549492764833889424e-01 7.310405029993561898e-01
5.373505937216160877e-01 3.553481762593247995e-01 3.063375658930624357e-01
2.044831874896305690e-01 4.964737479436965861e-01 3.529469986231237866e-01
2.424923507745458673e-01 7.249050275388317921e-01 3.424961047631374655e-01
2.424923507745458673e-01 7.249050275388317921e-01 3.424961047631374655e-01
2.424923507745458673e-01 7.249050275388317921e-01 3.424961047631374655e-01
2.424923507745458673e-01 7.249050275388317921e-01 3.424961047631374655e-01
3.711863766836028811e-01 6.590916818124229470e-01 3.148487040145592220e-01
3.711863766836028811e-01 6.590916818124229470e-01 3.148487040145592220e-01
3.711863766836028811e-01 6.590916818124229470e-01 3.148487040145592220e-01
4.618946260914726376e-01 2.494945688111956938e-01 6.857007492041432561e-01
4.618946260914726376e-01 2.494945688111956938e-01 6.857007492041432561e-01
4.618946260914726376e-01 2.494945688111956938e-01 6.857007492041432561e-01
4.618946260914726376e-01 2.494945688111956938e-01 6.857007492041432561e-01
3.895468534019297935e-01 1.420482088183376568e-01 5.060020659710943169e-01
3.895468534019297935e-01 1.420482088183376568e-01 5.060020659710943169e-01
3.895468534019297935e-01 1.420482088183376568e-01 5.060020659710943169e-01
3.895468534019297935e-01 1.420482088183376568e-01 5.060020659710943169e-01
3.895468534019297935e-01 1.420482088183376568e-01 5.060020659710943169e-01
5.290227471519395319e-01 1.432126803413130700e-01 5.013810091221735377e-01
5.290227471519395319e-01 1.432126803413130700e-01 5.013810091221735377e-01
5.290227471519395319e-01 1.432126803413130700e-01 5.013810091221735377e-01
5.290227471519395319e-01 1.432126803413130700e-01 5.013810091221735377e-01
5.290227471519395319e-01 1.432126803413130700e-01 5.013810091221735377e-01
5.290227471519395319e-01 1.432126803413130700e-01 5.013810091221735377e-01
5.290227471519395319e-01 1.432126803413130700e-01 5.013810091221735377e-01
5.290227471519395319e-01 1.432126803413130700e-01 5.013810091221735377e-01
5.290227471519395319e-01 1.432126803413130700e-01 5.013810091221735377e-01
5.290227471519395319e-01 1.432126803413130700e-01 5.013810091221735377e-01
5.290227471519395319e-01 1.432126803413130700e-01 5.013810091221735377e-01
3.849275094217671223e-01 4.224313857219010870e-01 7.311558738849214256e-01
3.849275094217671223e-01 4.224313857219010870e-01 7.311558738849214256e-01
3.849275094217671223e-01 4.224313857219010870e-01 7.311558738849214256e-01
3.849275094217671223e-01 4.224313857219010870e-01 7.311558738849214256e-01
3.849275094217671223e-01 4.224313857219010870e-01 7.311558738849214256e-01
3.849275094217671223e-01 4.224313857219010870e-01 7.311558738849214256e-01
3.849275094217671223e-01 4.224313857219010870e-01 7.311558738849214256e-01
3.849275094217671223e-01 4.224313857219010870e-01 7.311558738849214256e-01
3.931240724120035335e-01 3.901474625297596810e-01 7.514355856111509802e-01
3.931240724120035335e-01 3.901474625297596810e-01 7.514355856111509802e-01
3.931240724120035335e-01 3.901474625297596810e-01 7.514355856111509802e-01
3.124423829179349132e-01 4.925672917649207005e-01 6.719758319779495226e-01
3.124423829179349132e-01 4.925672917649207005e-01 6.719758319779495226e-01
3.124423829179349132e-01 4.925672917649207005e-01 6.719758319779495226e-01
3.124423829179349132e-01 4.925672917649207005e-01 6.719758319779495226e-01
3.124423829179349132e-01 4.925672917649207005e-01 6.719758319779495226e-01
3.124423829179349132e-01 4.925672917649207005e-01 6.719758319779495226e-01
3.124423829179349132e-01 4.925672917649207005e-01 6.719758319779495226e-01
3.124423829179349132e-01 4.925672917649207005e-01 6.719758319779495226e-01
3.124423829179349132e-01 4.925672917649207005e-01 6.719758319779495226e-01
4.233659456907313268e-01 2.004761330242131878e-01 6.789746762042649930e-01
4.233659456907313268e-01 2.004761330242131878e-01 6.789746762042649930e-01
4.182672902126606806e-01 3.179290744471513497e-01 7.559134990136340271e-01
4.182672902126606806e-01 3.179290744471513497e-01 7.559134990136340271e-01
4.182672902126606806e-01 3.179290744471513497e-01 7.559134990136340271e-01
4.182672902126606806e-01 3.179290744471513497e-01 7.559134990136340271e-01
4.182672902126606806e-01 3.179290744471513497e-01 7.559134990136340271e-01
4.182672902126606806e-01 3.179290744471513497e-01 7.559134990136340271e-01
2.075140458307702662e-01 4.107950362848656889e-01 2.891356489723383993e-01
2.075140458307702662e-01 4.107950362848656889e-01 2.891356489723383993e-01
2.572610597386809639e-01 5.123896389891103853e-01 5.430146409372563765e-01
2.572610597386809639e-01 5.123896389891103853e-01 5.430146409372563765e-01
2.572610597386809639e-01 5.123896389891103853e-01 5.430146409372563765e-01
2.572610597386809639e-01 5.123896389891103853e-01 5.430146409372563765e-01
2.572610597386809639e-01 5.123896389891103853e-01 5.430146409372563765e-01
2.572610597386809639e-01 5.123896389891103853e-01 5.430146409372563765e-01
5.321790069509197973e-01 4.450496657712474935e-01 2.058304638526519403e-01
6.296976583172143593e-01 3.616026709404718820e-01 6.907109899821588239e-02
4.022810119996277356e-01 1.119350080874925712e-02 2.712228949982914417e-01
4.022810119996277356e-01 1.119350080874925712e-02 2.712228949982914417e-01
4.022810119996277356e-01 1.119350080874925712e-02 2.712228949982914417e-01
4.022810119996277356e-01 1.119350080874925712e-02 2.712228949982914417e-01
3.739483183331531180e-01 4.582562621725663754e-02 2.673435100818541410e-01
4.621561218033953811e-01 -1.455668913204319348e-02 3.323144618278160989e-01
4.621561218033953811e-01 -1.455668913204319348e-02 3.323144618278160989e-01
4.621561218033953811e-01 -1.455668913204319348e-02 3.323144618278160989e-01
4.621561218033953811e-01 -1.455668913204319348e-02 3.323144618278160989e-01
4.621561218033953811e-01 -1.455668913204319348e-02 3.323144618278160989e-01
4.621561218033953811e-01 -1.455668913204319348e-02 3.323144618278160989e-01
4.621561218033953811e-01 -1.455668913204319348e-02 3.323144618278160989e-01
5.031282359301399998e-01 4.062520644137019854e-01 3.621058576142042185e-01
5.130283645068992593e-01 4.073302897394272537e-01 3.226142085447626373e-01
2.658805517273510333e-01 3.578166786956871182e-01 4.527988798737522247e-01
3.727193224701277341e-01 6.197111635261536300e-01 3.904412025360790017e-01
3.727193224701277341e-01 6.197111635261536300e-01 3.904412025360790017e-01
3.727193224701277341e-01 6.197111635261536300e-01 3.904412025360790017e-01
2.910673206280300351e-01 5.604400436264025398e-01 5.877255437727791909e-01
2.408801743609551294e-01 1.067456692243959004e+00 2.602406946515080366e-02
