2.489132485845457765e-01 1.481402749648903505e-01 1.141229068746447235e-03
2.489132485845457765e-01 1.481402749648903505e-01 1.141229068746447235e-03
1.643433527556823481e-01 2.100361980937950901e-01 1.368596406858241027e-03
4.189159678911327789e-02 2.640481840472228559e-01 1.144816897080539950e-03
1.241260515805404224e-01 2.571996970420578621e-01 1.816931819295839650e-03
3.872885812816632134e-01 2.794667020591987683e-01 9.581847953137602805e-03
7.054591252241297905e-01 3.043741092952444993e-01 3.482546840280025674e-02
1.014584231521532764e+00 4.305880586969222934e-01 5.714834739091748800e-02
1.014584231521532764e+00 4.305880586969222934e-01 5.714834739091748800e-02
1.014584231521532764e+00 4.305880586969222934e-01 5.714834739091748800e-02
1.323777858702067434e+00 4.680279689231101603e-01 3.030887456160803045e-02
9.975013291439827068e-01 5.983101837796039879e-02 2.102525610457003577e-02
1.194434165453456043e+00 1.521600049324045578e-01 5.009635802397946480e-02
7.545135260950959211e-01 5.324748544607993406e-01 5.546426823886011631e-02
5.300291829397363319e-01 5.192619686224874131e-01 4.766560395283261226e-02
5.300291829397363319e-01 5.192619686224874131e-01 4.766560395283261226e-02
6.047678842249613052e-01 5.132543015584480894e-01 5.165427101167562041e-02
6.202638542706424563e-01 5.905951471329929925e-01 5.275023614319410137e-02
3.881727054576353253e-01 6.192948485167929507e-01 4.542462063506161329e-02
3.700323156921312973e-01 5.948796077199398624e-01 4.287365086949278259e-02
3.700323156921312973e-01 5.948796077199398624e-01 4.287365086949278259e-02
3.700323156921312973e-01 5.948796077199398624e-01 4.287365086949278259e-02
3.700323156921312973e-01 5.948796077199398624e-01 4.287365086949278259e-02
8.425063457468042749e-01 5.458145386704179591e-01 5.255169749463244055e-02
9.208462359075589854e-01 4.082923789144554672e-02 1.393057856959176166e-02
9.208462359075589854e-01 4.082923789144554672e-02 1.393057856959176166e-02
7.716041579307478804e-01 -1.226838170999595967e-02 4.322433580182094733e-03
7.716041579307478804e-01 -1.226838170999595967e-02 4.322433580182094733e-03
5.605554292925116755e-01 4.489735188498083507e-01 4.275510599401238093e-02
4.865726233076047569e-01 4.250514961810414327e-01 3.334995345690631996e-02
4.865726233076047569e-01 4.250514961810414327e-01 3.334995345690631996e-02
8.333560071718122408e-01 1.993981418315931009e-01 2.935623286641120266e-02
8.333560071718122408e-01 1.993981418315931009e-01 2.935623286641120266e-02
6.323793542405041768e-01 5.268011284336437949e-01 5.343051760267419209e-02
6.323793542405041768e-01 5.268011284336437949e-01 5.343051760267419209e-02
8.285917010360399626e-01 6.226131381817733290e-01 4.313915724723955264e-02
8.285917010360399626e-01 6.226131381817733290e-01 4.313915724723955264e-02
1.226562077042321341e-01 1.105858214369674464e+00 1.342838965589198200e-02
4.089930228434688897e-01 6.683253092103994542e-01 4.714839879366485020e-02
4.089930228434688897e-01 6.683253092103994542e-01 4.714839879366485020e-02
2.212338451166806219e-01 7.352508787601955698e-01 4.066661983691279014e-02
2.212338451166806219e-01 7.352508787601955698e-01 4.066661983691279014e-02
2.077404073455447198e-01 8.732319272914845776e-01 3.463065032440645896e-02
2.077404073455447198e-01 8.732319272914845776e-01 3.463065032440645896e-02
-1.856735858626745728e-02 6.817875327723715850e-01 2.276657082705801569e-02
1.127494611983392847e-01 6.011140396027339072e-01 2.438347177243132061e-02
1.127494611983392847e-01 6.011140396027339072e-01 2.438347177243132061e-02
1.127494611983392847e-01 6.011140396027339072e-01 2.438347177243132061e-02
4.989240470825565543e-01 6.079313411106064269e-01 5.001854140896778295e-02
2.654615538944412045e-01 8.670346211317299101e-01 3.432836669742914126e-02
2.654615538944412045e-01 8.670346211317299101e-01 3.432836669742914126e-02
3.214584504948937438e-01 9.082302748891061261e-01 2.797195720217424478e-02
2.121972523811818112e-01 1.215353547896369069e+00 4.226212508845240273e-03
4.574392714662453008e-01 1.342925489796400695e+00 2.497115168688952402e-04
4.574392714662453008e-01 1.342925489796400695e+00 2.497115168688952402e-04
2.217830850057054826e-01 1.259196072412727796e+00 2.595357890037969066e-03
4.503783922176186616e-01 1.248781928742328518e+00 9.599661766965003444e-04
4.503783922176186616e-01 1.248781928742328518e+00 9.599661766965003444e-04
3.433186061900056485e-01 1.071683850602332955e+00 9.653449358394679963e-03
3.634757447992257862e-01 9.489169182886912912e-01 2.127005114028720015e-02
2.453300070998733484e-01 1.019291757628909334e+00 1.787415723595584677e-02
2.453300070998733484e-01 1.019291757628909334e+00 1.787415723595584677e-02
3.947372167184554081e-01 6.494803184740844948e-01 4.664050431043284539e-02
3.947372167184554081e-01 6.494803184740844948e-01 4.664050431043284539e-02
3.947372167184554081e-01 6.494803184740844948e-01 4.664050431043284539e-02
7.828809971322030492e-01 7.357617639602614945e-01 2.835099684410197912e-02
7.032996469383533400e-01 7.063388601126215915e-01 3.787610372555810095e-02
1.360726181282542857e+00 4.712925614475064195e-01 2.678055768579425816e-02
1.349673673823100772e+00 3.710662074707397617e-01 4.350456741813513162e-02
1.269874619046760245e+00 5.208106477600105144e-01 2.641185466324207781e-02
1.269874619046760245e+00 5.208106477600105144e-01 2.641185466324207781e-02
1.429723269611133274e+00 -1.009069368145357748e-01 2.653222854138154174e-02
1.429723269611133274e+00 -1.009069368145357748e-01 2.653222854138154174e-02
2.123242931362438135e+00 8.601177901228745926e-03 2.555388326307213645e-02
1.977160587638240319e+00 2.967238169523161995e-01 8.076551585749719084e-03
1.977160587638240319e+00 2.967238169523161995e-01 8.076551585749719084e-03
1.997681819873145415e+00 3.397644382899144833e-01 4.985902346178564502e-03
1.737280039554623734e+00 8.660587375379291686e-02 4.635768124348462610e-02
1.747729080760093368e+00 -7.342833325702502467e-02 4.441727350109016953e-02
1.879949082211380018e+00 9.491102929338079974e-02 3.532808355081969859e-02
1.879949082211380018e+00 9.491102929338079974e-02 3.532808355081969859e-02
1.684305054481337383e+00 7.190605871991770370e-02 4.982134950835821058e-02
1.684305054481337383e+00 7.190605871991770370e-02 4.982134950835821058e-02
1.964361759993764611e+00 2.541164781719493226e-02 3.560274035961657341e-02
1.964361759993764611e+00 2.541164781719493226e-02 3.560274035961657341e-02
1.592080489613874938e+00 -1.063016185899920418e-01 3.527433769623077031e-02
1.592080489613874938e+00 -1.063016185899920418e-01 3.527433769623077031e-02
1.671660708206207158e+00 -1.505992566629553719e-01 3.292678447621504023e-02
1.671660708206207158e+00 -1.505992566629553719e-01 3.292678447621504023e-02
1.663266001161250562e+00 -2.228199021331478402e-03 4.905496860278236310e-02
1.663266001161250562e+00 -2.228199021331478402e-03 4.905496860278236310e-02
1.837535286919863786e+00 2.022584516191362203e-01 2.596176858341013582e-02
1.648275019808298714e+00 2.110781434038642157e-01 4.068930281723397852e-02
1.116106556190088028e+00 1.912265870716059191e-01 5.054276075103865395e-02
1.196621767304535844e+00 7.037303755809161399e-02 3.763862013714362048e-02
1.757998148051830967e+00 2.706142735728583881e-01 2.351522820105940437e-02
1.758404130412112076e+00 5.189414012275278543e-02 4.701093960312378167e-02
1.654101095767487761e+00 1.225706964215891870e-01 4.902066224751491785e-02
1.835852369657823058e+00 3.597337360272742091e-01 9.428428467042520092e-03
1.908736026596038027e+00 2.395705157139317310e-01 1.647631299627926385e-02
