2.489132485845457765e-01 1.481402749648903505e-01 3.080387253791333404e-03
2.921781661461000379e-01 2.058274246596234203e-01 9.244016913463928495e-03
1.558983412703348059e-01 5.803369404434604029e-01 1.365774145606985235e-01
1.558983412703348059e-01 5.803369404434604029e-01 1.365774145606985235e-01
1.558983412703348059e-01 5.803369404434604029e-01 1.365774145606985235e-01
1.558983412703348059e-01 5.803369404434604029e-01 1.365774145606985235e-01
1.558983412703348059e-01 5.803369404434604029e-01 1.365774145606985235e-01
1.558983412703348059e-01 5.803369404434604029e-01 1.365774145606985235e-01
1.558983412703348059e-01 5.803369404434604029e-01 1.365774145606985235e-01
1.558983412703348059e-01 5.803369404434604029e-01 1.365774145606985235e-01
1.558983412703348059e-01 5.803369404434604029e-01 1.365774145606985235e-01
1.558983412703348059e-01 5.803369404434604029e-01 1.365774145606985235e-01
2.200079699510913422e-01 8.692901581684686629e-01 1.266429519221550504e-01
2.200079699510913422e-01 8.692901581684686629e-01 1.266429519221550504e-01
2.200079699510913422e-01 8.692901581684686629e-01 1.266429519221550504e-01
8.779231377453214358e-02 9.473324643949208035e-01 1.345171013845805064e-01
3.706163459422644885e-02 8.874582212658326252e-01 1.883886625543499671e-01
3.706163459422644885e-02 8.874582212658326252e-01 1.883886625543499671e-01
1.233059384470380493e-01 7.968720481365121344e-01 1.939142218004590024e-01
-7.057579245203410290e-02 6.311443504810202443e-01 1.017376273901150346e-01
-7.057579245203410290e-02 6.311443504810202443e-01 1.017376273901150346e-01
-7.057579245203410290e-02 6.311443504810202443e-01 1.017376273901150346e-01
-7.057579245203410290e-02 6.311443504810202443e-01 1.017376273901150346e-01
3.456596737929784613e-01 6.138760855451285137e-01 1.651768155804626270e-01
-6.923797564967082430e-03 7.328555929189126683e-01 1.861558337615130954e-01
-6.923797564967082430e-03 7.328555929189126683e-01 1.861558337615130954e-01
-6.923797564967082430e-03 7.328555929189126683e-01 1.861558337615130954e-01
-6.923797564967082430e-03 7.328555929189126683e-01 1.861558337615130954e-01
-6.923797564967082430e-03 7.328555929189126683e-01 1.861558337615130954e-01
-6.923797564967082430e-03 7.328555929189126683e-01 1.861558337615130954e-01
1.487781798433148728e-01 9.032539470837548379e-01 1.362910863204847833e-01
6.119867282001315578e-01 4.489064490053621959e-01 1.177321682798593561e-01
1.081766695509045917e+00 1.370001189669849406e-01 4.480047746831190836e-02
5.588871993515283076e-01 1.723543923333230865e-01 2.433918988956191437e-02
5.588871993515283076e-01 1.723543923333230865e-01 2.433918988956191437e-02
1.177696682407268325e+00 1.275490051808567948e-01 3.917684288065554493e-02
8.437046344520707786e-01 6.754563897611221002e-02 2.448698041302031086e-02
8.792151365703078092e-01 3.345100733149523609e-01 7.712071683700419400e-02
8.792151365703078092e-01 3.345100733149523609e-01 7.712071683700419400e-02
8.230109054753861342e-01 3.399653924248519088e-01 8.428088809072938059e-02
8.743981247822811831e-01 1.834786412934122923e-01 5.397796234348534172e-02
6.498064280392114034e-01 3.573392293795291108e-01 9.585300568949477185e-02
6.498064280392114034e-01 3.573392293795291108e-01 9.585300568949477185e-02
6.029709193012806612e-01 5.736138660239624709e-01 1.117044411333381337e-01
3.678543867512523713e-01 6.464190331283991009e-01 1.613255900326029668e-01
3.678543867512523713e-01 6.464190331283991009e-01 1.613255900326029668e-01
1.026080664847998092e-01 7.668478742970855633e-01 2.006976044562746309e-01
1.026080664847998092e-01 7.668478742970855633e-01 2.006976044562746309e-01
1.026080664847998092e-01 7.668478742970855633e-01 2.006976044562746309e-01
1.026080664847998092e-01 7.668478742970855633e-01 2.006976044562746309e-01
1.026080664847998092e-01 7.668478742970855633e-01 2.006976044562746309e-01
1.967579480575220585e-01 9.259992580730633804e-01 1.023656326750325279e-01
1.967579480575220585e-01 9.259992580730633804e-01 1.023656326750325279e-01
1.967579480575220585e-01 9.259992580730633804e-01 1.023656326750325279e-01
1.967579480575220585e-01 9.259992580730633804e-01 1.023656326750325279e-01
1.967579480575220585e-01 9.259992580730633804e-01 1.023656326750325279e-01
1.967579480575220585e-01 9.259992580730633804e-01 1.023656326750325279e-01
1.967579480575220585e-01 9.259992580730633804e-01 1.023656326750325279e-01
1.967579480575220585e-01 9.259992580730633804e-01 1.023656326750325279e-01
1.967579480575220585e-01 9.259992580730633804e-01 1.023656326750325279e-01
1.967579480575220585e-01 9.259992580730633804e-01 1.023656326750325279e-01
1.967579480575220585e-01 9.259992580730633804e-01 1.023656326750325279e-01
3.104733101161524234e-01 7.935435665126983062e-01 1.311462479313598439e-01
3.104733101161524234e-01 7.935435665126983062e-01 1.311462479313598439e-01
1.559002875206873528e-01 1.129094003968759585e+00 2.317949652813359324e-02
1.559002875206873528e-01 1.129094003968759585e+00 2.317949652813359324e-02
2.499985360024228331e-01 1.217569293273719655e+00 3.572276814970791903e-03
-5.057295869705169533e-01 1.304195656324382835e+00 1.165203081517289935e-01
-3.240493242300305221e-01 1.325062617326887349e+00 5.093219968504907741e-02
-3.240493242300305221e-01 1.325062617326887349e+00 5.093219968504907741e-02
-3.240493242300305221e-01 1.325062617326887349e+00 5.093219968504907741e-02
-4.144872435217153983e-01 1.265794515856408786e+00 1.128719824885675710e-01
-5.430737499567861448e-01 1.315485908494465006e+00 1.203168383958902604e-01
-5.673158274016867342e-01 1.165935877213342131e+00 1.977256663836297890e-01
-5.023488524849836212e-01 9.426290607751218742e-01 1.467898022907694611e-01
-5.174720106366124117e-01 1.072215807140247668e+00 2.020774553633037929e-01
-5.174720106366124117e-01 1.072215807140247668e+00 2.020774553633037929e-01
-8.719056335901430588e-01 1.435643954240218845e+00 1.211480909247909243e-01
-1.180163579113167271e+00 1.355656564648170637e+00 8.497835139082690614e-02
-1.425782278872445019e+00 1.556371825152958799e+00 6.315197872239540489e-02
-1.425782278872445019e+00 1.556371825152958799e+00 6.315197872239540489e-02
-1.425782278872445019e+00 1.556371825152958799e+00 6.315197872239540489e-02
-1.339347413604157655e+00 1.427907804274377135e+00 6.105915771944932929e-02
-1.339347413604157655e+00 1.427907804274377135e+00 6.105915771944932929e-02
-1.107823318820617908e+00 1.342174447712031649e+00 1.024882652175932440e-01
-1.244077888099931029e+00 1.284410004212993339e+00 4.629938589799383053e-02
-1.244077888099931029e+00 1.284410004212993339e+00 4.629938589799383053e-02
-1.513195487085135849e+00 1.158639696393836793e+00 1.774121253437946442e-03
-1.513195487085135849e+00 1.158639696393836793e+00 1.774121253437946442e-03
-1.513195487085135849e+00 1.158639696393836793e+00 1.774121253437946442e-03
-1.513195487085135849e+00 1.158639696393836793e+00 1.774121253437946442e-03
-1.112593425637310229e+00 1.055112210594528532e+00 1.529822337969726810e-02
-1.112593425637310229e+00 1.055112210594528532e+00 1.529822337969726810e-02
-6.249980962221145520e-01 1.102595350108542815e+00 1.824312220142224050e-01
-6.249980962221145520e-01 1.102595350108542815e+00 1.824312220142224050e-01
-1.040097377017156433e+00 1.383633797898163431e+00 1.260496937738162515e-01
-1.368405911975857370e+00 1.650858267183815009e+00 6.742785015325995779e-02
-1.547719326977222254e+00 1.970004748710783016e+00 1.458193775075737955e-02
-1.547719326977222254e+00 1.970004748710783016e+00 1.458193775075737955e-02
-1.547719326977222254e+00 1.970004748710783016e+00 1.458193775075737955e-02
