2.489132485845457765e-01 1.481402749648903505e-01 6.024795385960888573e-03
7.225372249307101535e-01 2.032288104948378749e-01 2.214284124650575392e-01
5.760303626899703211e-01 4.226949558063127776e-01 2.233744086009190333e-01
4.250614608315289034e-01 4.944300826198502752e-01 1.804842295286940845e-01
4.250614608315289034e-01 4.944300826198502752e-01 1.804842295286940845e-01
4.250614608315289034e-01 4.944300826198502752e-01 1.804842295286940845e-01
4.250614608315289034e-01 4.944300826198502752e-01 1.804842295286940845e-01
6.645138427220477206e-01 3.787943220786288423e-01 2.393886306274226050e-01
6.645138427220477206e-01 3.787943220786288423e-01 2.393886306274226050e-01
6.239716596887495692e-01 1.705350668586563812e-02 5.192811910573818385e-02
7.354892318261609940e-01 3.097807334778290289e-01 2.513156352267219562e-01
2.313055299263160336e-01 6.835893620779384117e-01 1.290372850443327613e-01
2.313055299263160336e-01 6.835893620779384117e-01 1.290372850443327613e-01
2.313055299263160336e-01 6.835893620779384117e-01 1.290372850443327613e-01
5.764875271165817439e-02 8.068020489006598739e-01 8.398288893961071422e-02
5.764875271165817439e-02 8.068020489006598739e-01 8.398288893961071422e-02
2.196181415576560492e-01 7.965375063471338279e-01 1.129758743451774738e-01
2.196181415576560492e-01 7.965375063471338279e-01 1.129758743451774738e-01
2.196181415576560492e-01 7.965375063471338279e-01 1.129758743451774738e-01
2.196181415576560492e-01 7.965375063471338279e-01 1.129758743451774738e-01
2.196181415576560492e-01 7.965375063471338279e-01 1.129758743451774738e-01
4.315244994867093453e-01 8.625046984097992642e-01 5.577404109818652478e-02
3.084383198389221703e-01 9.168536892877737765e-01 6.005078342417596166e-02
4.716781606484033995e-01 5.785438069545633111e-01 1.849779201068904033e-01
4.716781606484033995e-01 5.785438069545633111e-01 1.849779201068904033e-01
6.391339088013190395e-01 5.994258814988118189e-01 1.331827057521632884e-01
6.391339088013190395e-01 5.994258814988118189e-01 1.331827057521632884e-01
7.767170136620943355e-01 4.208306465117828687e-01 1.957253858715688188e-01
7.658448136294773168e-01 4.004793408588097625e-01 2.134099729105118082e-01
8.388960190688549146e-01 1.919991914487876594e-01 2.580926864482531169e-01
8.388960190688549146e-01 1.919991914487876594e-01 2.580926864482531169e-01
8.388960190688549146e-01 1.919991914487876594e-01 2.580926864482531169e-01
8.388960190688549146e-01 1.919991914487876594e-01 2.580926864482531169e-01
8.388960190688549146e-01 1.919991914487876594e-01 2.580926864482531169e-01
8.388960190688549146e-01 1.919991914487876594e-01 2.580926864482531169e-01
8.388960190688549146e-01 1.919991914487876594e-01 2.580926864482531169e-01
1.401111680792531899e+00 -2.321104160928269267e-01 1.654462769104838860e-01
1.401111680792531899e+00 -2.321104160928269267e-01 1.654462769104838860e-01
1.401111680792531899e+00 -2.321104160928269267e-01 1.654462769104838860e-01
1.401111680792531899e+00 -2.321104160928269267e-01 1.654462769104838860e-01
1.401111680792531899e+00 -2.321104160928269267e-01 1.654462769104838860e-01
1.065313231660372839e+00 -7.064683755908060525e-02 2.139827192794147015e-01
1.065313231660372839e+00 -7.064683755908060525e-02 2.139827192794147015e-01
1.065313231660372839e+00 -7.064683755908060525e-02 2.139827192794147015e-01
1.065313231660372839e+00 -7.064683755908060525e-02 2.139827192794147015e-01
1.065313231660372839e+00 -7.064683755908060525e-02 2.139827192794147015e-01
1.065313231660372839e+00 -7.064683755908060525e-02 2.139827192794147015e-01
1.065313231660372839e+00 -7.064683755908060525e-02 2.139827192794147015e-01
1.065313231660372839e+00 -7.064683755908060525e-02 2.139827192794147015e-01
1.047062997573960930e+00 1.062080035519824273e-01 2.418638384257005836e-01
4.002345982636232868e-01 4.229089008354890433e-01 1.447813796737397463e-01
4.002345982636232868e-01 4.229089008354890433e-01 1.447813796737397463e-01
4.002345982636232868e-01 4.229089008354890433e-01 1.447813796737397463e-01
3.010203019714348116e-01 3.043723998264353803e-01 4.397942034851931581e-02
3.010203019714348116e-01 3.043723998264353803e-01 4.397942034851931581e-02
3.010203019714348116e-01 3.043723998264353803e-01 4.397942034851931581e-02
1.611256296452480696e-01 6.177429077298458582e-01 9.213698007555108649e-02
1.611256296452480696e-01 6.177429077298458582e-01 9.213698007555108649e-02
3.770521200268621420e-02 6.382092583941963992e-01 5.072390132178056232e-02
1.934271312151999433e-01 4.225094800918385296e-01 4.461683077897030808e-02
1.787685320749574647e-01 4.104553031431891208e-01 3.671556189334482939e-02
3.934599040922721613e-01 6.875288068869094271e-01 1.477563695737254823e-01
5.483645157512093693e-01 5.991141697128632426e-01 1.652549703676824688e-01
5.483645157512093693e-01 5.991141697128632426e-01 1.652549703676824688e-01
5.483645157512093693e-01 5.991141697128632426e-01 1.652549703676824688e-01
7.125754662042242948e-01 6.726312298316989846e-01 5.993090970744775065e-02
7.125754662042242948e-01 6.726312298316989846e-01 5.993090970744775065e-02
1.047059310835831480e+00 -1.273726677281861175e-02 2.362015439779314996e-01
1.047059310835831480e+00 -1.273726677281861175e-02 2.362015439779314996e-01
1.047059310835831480e+00 -1.273726677281861175e-02 2.362015439779314996e-01
1.047059310835831480e+00 -1.273726677281861175e-02 2.362015439779314996e-01
1.365793488568780800e+00 -1.416230549590691834e-01 1.709977992477190178e-01
1.365793488568780800e+00 -1.416230549590691834e-01 1.709977992477190178e-01
1.365793488568780800e+00 -1.416230549590691834e-01 1.709977992477190178e-01
1.365793488568780800e+00 -1.416230549590691834e-01 1.709977992477190178e-01
1.306396947112876683e+00 2.619705401092682906e-01 3.014665601206428097e-02
1.612829168178298023e+00 -7.404310826328031059e-03 2.193285928341500227e-02
1.240665075885100554e+00 -1.170355832486293796e-02 1.943531921706204701e-01
1.237788486707021240e+00 -5.530778555026393678e-02 2.073790189588444743e-01
1.237788486707021240e+00 -5.530778555026393678e-02 2.073790189588444743e-01
1.238714908324581199e+00 -2.214234818052190357e-01 1.751032512798913754e-01
1.524509054414606934e+00 -1.068856082833434112e-01 8.038386232458828717e-02
1.354691149546961348e+00 1.004390604111311674e-01 7.296311105507589934e-02
1.354691149546961348e+00 1.004390604111311674e-01 7.296311105507589934e-02
1.041189683655559639e+00 -3.247901300979225137e-01 4.778152826722942975e-02
6.891342770120862937e-01 2.694130054878264846e-01 2.342456673620472163e-01
7.674162830965891580e-01 -7.864653682723232730e-02 6.433351708645979050e-02
6.204577047356976127e-01 -7.940009853871175804e-02 2.058732737323291234e-02
6.204577047356976127e-01 -7.940009853871175804e-02 2.058732737323291234e-02
9.310466829059516058e-01 -1.745983812213545427e-01 8.262062105576063742e-02
1.169235425144342200e+00 -2.962462299412876865e-02 2.265338816734673577e-01
1.169235425144342200e+00 -2.962462299412876865e-02 2.265338816734673577e-01
1.169235425144342200e+00 -2.962462299412876865e-02 2.265338816734673577e-01
1.169235425144342200e+00 -2.962462299412876865e-02 2.265338816734673577e-01
1.296532595977295532e+00 -4.058385811169917812e-01 8.773788329090412286e-02
1.332562076901820269e+00 9.484404415983227477e-02 8.670953109852130858e-02
1.332562076901820269e+00 9.484404415983227477e-02 8.670953109852130858e-02
1.332562076901820269e+00 9.484404415983227477e-02 8.670953109852130858e-02
1.373401519588321573e+00 -3.425879690160912872e-01 1.374780982756245995e-01
1.373401519588321573e+00 -3.425879690160912872e-01 1.374780982756245995e-01
