2.489132485845457765e-01 1.481402749648903505e-01 1.326073438978957230e-03
-1.169238517285217105e-01 6.846529462361070628e-01 1.588069145712417418e-02
-3.488417168643790922e-01 5.302808137465713223e-01 1.352741557888044975e-03
-3.488417168643790922e-01 5.302808137465713223e-01 1.352741557888044975e-03
-2.393433762955146649e-01 5.450703675617233346e-01 3.248161482065198367e-03
-2.393433762955146649e-01 5.450703675617233346e-01 3.248161482065198367e-03
6.397177397428941426e-01 4.685615609131983383e-01 6.302791394716660001e-02
6.397177397428941426e-01 4.685615609131983383e-01 6.302791394716660001e-02
6.861253480012740047e-01 8.315553815816607575e-01 2.298055248755973001e-02
1.953594015046029031e-01 9.960118841294109959e-01 2.325215617621380002e-02
7.281087635236010991e-02 9.058074383950837083e-01 3.339957590693402173e-02
1.083879400200443710e-01 5.800679759157937321e-01 2.304912406363702690e-02
2.098712511834649463e-01 3.960726544967769769e-01 1.182407072033708588e-02
2.098712511834649463e-01 3.960726544967769769e-01 1.182407072033708588e-02
7.551373099629988817e-01 1.391035097139733945e-01 2.163080582511194006e-02
7.551373099629988817e-01 1.391035097139733945e-01 2.163080582511194006e-02
8.859381564945061349e-01 3.595389998289943989e-01 7.361959292427754098e-02
8.859381564945061349e-01 3.595389998289943989e-01 7.361959292427754098e-02
8.859381564945061349e-01 3.595389998289943989e-01 7.361959292427754098e-02
8.859381564945061349e-01 3.595389998289943989e-01 7.361959292427754098e-02
8.859381564945061349e-01 3.595389998289943989e-01 7.361959292427754098e-02
5.076890889328462553e-01 4.281689564749825427e-01 4.364628758834403904e-02
7.086644941126402086e-01 4.125197637551917262e-01 6.378500351346874653e-02
3.448292627680001887e-01 5.543870317113787083e-01 4.287808497092567700e-02
3.852981934445895429e-01 5.613403867323559782e-01 4.769359673688076257e-02
7.491672307261203478e-01 3.827969997356562848e-01 6.419008108137769231e-02
6.465980334722527534e-01 4.122452268177217993e-01 5.724526596225047725e-02
8.240387270213700432e-01 6.353640519224542649e-01 4.948929745830100979e-02
6.905304989350877776e-01 7.380941947171882900e-01 3.908588028879793341e-02
6.446510033469255996e-01 3.253757070608427338e-01 4.245149670185482949e-02
4.100922475610614959e-01 1.648923491881797432e-01 4.680416094187707723e-03
2.163325835792409002e-01 1.658734945304888575e-01 1.297734846170192332e-03
2.163325835792409002e-01 1.658734945304888575e-01 1.297734846170192332e-03
2.163325835792409002e-01 1.658734945304888575e-01 1.297734846170192332e-03
2.163325835792409002e-01 1.658734945304888575e-01 1.297734846170192332e-03
4.709790182141969095e-01 3.951779475498290450e-01 3.417161585723691580e-02
6.103854738562781712e-01 9.767040671375346594e-01 9.368655324032068576e-03
5.692165044423225240e-01 5.057296467324785549e-01 5.992526556479874089e-02
5.340688608453930675e-01 6.172645626745942860e-01 6.007376787254278122e-02
5.340688608453930675e-01 6.172645626745942860e-01 6.007376787254278122e-02
4.636620548812457887e-01 4.876754834196884159e-01 4.730156002776469276e-02
4.636620548812457887e-01 4.876754834196884159e-01 4.730156002776469276e-02
4.636620548812457887e-01 4.876754834196884159e-01 4.730156002776469276e-02
5.093773099708008845e-01 5.635457934620478060e-01 5.867228815331090863e-02
6.602639702440926683e-01 4.117119508434032293e-01 5.867098869731576793e-02
6.602639702440926683e-01 4.117119508434032293e-01 5.867098869731576793e-02
3.192468092772579036e-01 4.815192256386792713e-01 3.077360367232798849e-02
3.192468092772579036e-01 4.815192256386792713e-01 3.077360367232798849e-02
8.229421761494998266e-01 4.580930629606899673e-01 7.329166901000616630e-02
6.351516441055505835e-01 4.226292453962696705e-01 5.742620753308872589e-02
6.351516441055505835e-01 4.226292453962696705e-01 5.742620753308872589e-02
6.351516441055505835e-01 4.226292453962696705e-01 5.742620753308872589e-02
6.351516441055505835e-01 4.226292453962696705e-01 5.742620753308872589e-02
4.060031539168063031e-01 4.483900595826271762e-01 3.522371866684482350e-02
4.915409841778448641e-01 5.685533476970594524e-01 5.758676895218732550e-02
3.899254556540658889e-01 8.016808673607515034e-01 4.280311707127369691e-02
3.899254556540658889e-01 8.016808673607515034e-01 4.280311707127369691e-02
3.899254556540658889e-01 8.016808673607515034e-01 4.280311707127369691e-02
4.579354528711919725e-01 5.475241128488548270e-01 5.335367359859304048e-02
4.579354528711919725e-01 5.475241128488548270e-01 5.335367359859304048e-02
4.579354528711919725e-01 5.475241128488548270e-01 5.335367359859304048e-02
3.109653405599367426e-01 4.508943155044898288e-01 2.579576978806226092e-02
4.872582641282139360e-01 5.691511367387562803e-01 5.729400337712986513e-02
4.872582641282139360e-01 5.691511367387562803e-01 5.729400337712986513e-02
4.872582641282139360e-01 5.691511367387562803e-01 5.729400337712986513e-02
4.872582641282139360e-01 5.691511367387562803e-01 5.729400337712986513e-02
4.872582641282139360e-01 5.691511367387562803e-01 5.729400337712986513e-02
3.849242184955109503e-01 2.976975240738810591e-01 1.326785343422711393e-02
2.013275682136690115e-01 4.661685183686111733e-01 1.818335009150619935e-02
6.951241899761673171e-02 8.261282100747782131e-01 3.610563535862757606e-02
-2.609441105570418640e-01 1.100713988397114429e+00 1.847416149543109135e-02
-4.609400568182578928e-01 1.131681387560708352e+00 1.419627705595274438e-02
-2.050285385480968281e-01 1.279521880020808133e+00 7.836050456491806815e-03
-2.050285385480968281e-01 1.279521880020808133e+00 7.836050456491806815e-03
-2.050285385480968281e-01 1.279521880020808133e+00 7.836050456491806815e-03
-2.523647957337369352e-01 1.253155354282920797e+00 9.868144098126785044e-03
-2.642378100807836194e-01 8.890177186643826168e-01 1.923331451789863505e-02
-3.207159314156948215e-01 1.044259892482277019e+00 1.892948729959965590e-02
-2.949246652223005416e-01 1.386849650278344281e+00 4.196307216079078924e-03
-4.763261277181333186e-01 1.033396169949676313e+00 1.360272805187262568e-02
-3.935610524892378947e-01 1.180429430570793414e+00 1.391729782226257088e-02
-3.935610524892378947e-01 1.180429430570793414e+00 1.391729782226257088e-02
-4.209122382804204032e-01 9.989465964005719290e-01 1.508239089327340424e-02
-7.373257315535921563e-01 1.081885207817009142e+00 6.441568557479938027e-03
-7.373257315535921563e-01 1.081885207817009142e+00 6.441568557479938027e-03
-7.373257315535921563e-01 1.081885207817009142e+00 6.441568557479938027e-03
-7.373257315535921563e-01 1.081885207817009142e+00 6.441568557479938027e-03
-6.310129483439079756e-01 1.180935224472333678e+00 1.009518401001276676e-02
-6.310129483439079756e-01 1.180935224472333678e+00 1.009518401001276676e-02
-4.216362192482998594e-01 1.463846009077160115e+00 2.943931879125550460e-03
-3.372389229751109885e-01 1.070518018798953364e+00 1.807917060181983906e-02
-3.372389229751109885e-01 1.070518018798953364e+00 1.807917060181983906e-02
-5.519109683487996021e-01 1.230432471844152831e+00 1.080053866194279066e-02
-5.519109683487996021e-01 1.230432471844152831e+00 1.080053866194279066e-02
-5.519109683487996021e-01 1.230432471844152831e+00 1.080053866194279066e-02
-5.519109683487996021e-01 1.230432471844152831e+00 1.080053866194279066e-02
-5.519109683487996021e-01 1.230432471844152831e+00 1.080053866194279066e-02
-5.519109683487996021e-01 1.230432471844152831e+00 1.080053866194279066e-02
-5.519109683487996021e-01 1.230432471844152831e+00 1.080053866194279066e-02
-5.202053268562846222e-01 8.222999989038519697e-01 5.287964578694816058e-03
