2.489132485845457765e-01 1.481402749648903505e-01 1.168155489637259271e-03
2.489132485845457765e-01 1.481402749648903505e-01 1.168155489637259271e-03
-4.341850756760495811e-02 2.476650502623163330e-01 5.056632794050383312e-04
-4.341850756760495811e-02 2.476650502623163330e-01 5.056632794050383312e-04
-4.341850756760495811e-02 2.476650502623163330e-01 5.056632794050383312e-04
-2.321147539719134803e-02 3.385912474243261139e-01 1.749547124460243928e-03
1.111318292462241952e-01 4.360159587543567805e-01 9.238691373149022362e-03
1.111318292462241952e-01 4.360159587543567805e-01 9.238691373149022362e-03
1.111318292462241952e-01 4.360159587543567805e-01 9.238691373149022362e-03
1.111318292462241952e-01 4.360159587543567805e-01 9.238691373149022362e-03
-1.109523698861051011e-01 8.990942321010078064e-01 2.853742492116833826e-02
-1.289225002713633439e-01 8.808643309928764209e-01 2.755520315394868747e-02
2.721991877623871625e-01 1.005090037099700018e+00 1.860696147665264269e-02
3.826751724833671320e-01 1.120069894479509554e+00 5.569124600329592410e-03
2.509771849545125999e-01 1.202705555161432294e+00 4.148190552249561569e-03
4.091281214028961721e-01 7.647254082520016372e-01 4.259867834958468158e-02
4.091281214028961721e-01 7.647254082520016372e-01 4.259867834958468158e-02
4.091281214028961721e-01 7.647254082520016372e-01 4.259867834958468158e-02
2.234254848651378578e-01 4.515020818991715146e-01 1.669652129991401959e-02
5.446446505037787489e-01 4.646824885263409199e-01 4.478723696144279454e-02
2.721936394451194841e-01 7.825682924096853954e-01 4.153804084246474210e-02
2.721936394451194841e-01 7.825682924096853954e-01 4.153804084246474210e-02
2.721936394451194841e-01 7.825682924096853954e-01 4.153804084246474210e-02
2.721936394451194841e-01 7.825682924096853954e-01 4.153804084246474210e-02
2.721936394451194841e-01 7.825682924096853954e-01 4.153804084246474210e-02
2.721936394451194841e-01 7.825682924096853954e-01 4.153804084246474210e-02
3.584450369244058798e-01 5.417920105837268352e-01 3.796477883285655219e-02
3.584450369244058798e-01 5.417920105837268352e-01 3.796477883285655219e-02
3.584450369244058798e-01 5.417920105837268352e-01 3.796477883285655219e-02
3.584450369244058798e-01 5.417920105837268352e-01 3.796477883285655219e-02
3.584450369244058798e-01 5.417920105837268352e-01 3.796477883285655219e-02
3.584450369244058798e-01 5.417920105837268352e-01 3.796477883285655219e-02
3.584450369244058798e-01 5.417920105837268352e-01 3.796477883285655219e-02
6.919578610846155442e-01 7.113719897568784312e-01 3.876620076382458063e-02
6.919578610846155442e-01 7.113719897568784312e-01 3.876620076382458063e-02
8.306705940332965721e-01 7.464175918150357525e-01 2.428084209608297878e-02
4.706837571804208809e-01 1.167849649656075517e+00 2.316884101749380146e-03
4.706837571804208809e-01 1.167849649656075517e+00 2.316884101749380146e-03
7.764985218216167162e-01 8.780988971936577459e-01 1.105988818791674502e-02
7.764985218216167162e-01 8.780988971936577459e-01 1.105988818791674502e-02
7.079000996421149772e-01 6.347145921338405161e-01 4.904614991805791163e-02
7.079000996421149772e-01 6.347145921338405161e-01 4.904614991805791163e-02
7.079000996421149772e-01 6.347145921338405161e-01 4.904614991805791163e-02
7.079000996421149772e-01 6.347145921338405161e-01 4.904614991805791163e-02
7.079000996421149772e-01 6.347145921338405161e-01 4.904614991805791163e-02
6.475321630964268049e-01 7.495248031483507933e-01 3.538303338215310206e-02
1.098754025196575945e+00 4.899556838306181605e-01 4.699493190576380097e-02
1.776254162806735204e+00 -4.649574403555145619e-02 4.988495830216994192e-02
1.886748754625065860e+00 -1.909247281980148633e-02 4.621059491816231074e-02
2.124330038891354633e+00 -2.713062854586872352e-01 3.418000820851133104e-02
2.124330038891354633e+00 -2.713062854586872352e-01 3.418000820851133104e-02
2.124330038891354633e+00 -2.713062854586872352e-01 3.418000820851133104e-02
2.365534855196465447e+00 -2.660489372657741658e-01 2.857561636141343550e-02
2.365534855196465447e+00 -2.660489372657741658e-01 2.857561636141343550e-02
2.030511253575199238e+00 -2.446394839265774168e-01 3.590094420824513355e-02
1.901403042028632306e+00 -3.364822938677509145e-01 2.136556745756708342e-02
1.901403042028632306e+00 -3.364822938677509145e-01 2.136556745756708342e-02
1.901403042028632306e+00 -3.364822938677509145e-01 2.136556745756708342e-02
1.901403042028632306e+00 -3.364822938677509145e-01 2.136556745756708342e-02
1.471825488131579984e+00 -1.580551526881649183e-01 2.296764517454049151e-02
1.284322919475896718e+00 1.619993801771390241e-01 5.902449661763130295e-02
1.284322919475896718e+00 1.619993801771390241e-01 5.902449661763130295e-02
9.847181326908343024e-01 2.269556738760914738e-01 4.909521224812291029e-02
9.847181326908343024e-01 2.269556738760914738e-01 4.909521224812291029e-02
1.404369855129359301e+00 8.951155042887820601e-03 4.534854477206053808e-02
1.404369855129359301e+00 8.951155042887820601e-03 4.534854477206053808e-02
1.752092824540349980e+00 -1.151742828260445412e-01 4.410084621144098882e-02
1.752092824540349980e+00 -1.151742828260445412e-01 4.410084621144098882e-02
1.605531669772985115e+00 -8.808472243917263300e-02 4.196973325173885411e-02
1.605531669772985115e+00 -8.808472243917263300e-02 4.196973325173885411e-02
1.605531669772985115e+00 -8.808472243917263300e-02 4.196973325173885411e-02
2.026150454910400800e+00 -4.428879626855944940e-01 1.442389129063139513e-02
2.026150454910400800e+00 -4.428879626855944940e-01 1.442389129063139513e-02
2.026150454910400800e+00 -4.428879626855944940e-01 1.442389129063139513e-02
2.026150454910400800e+00 -4.428879626855944940e-01 1.442389129063139513e-02
2.026150454910400800e+00 -4.428879626855944940e-01 1.442389129063139513e-02
2.270242463762471630e+00 -2.114618942436847782e-01 3.195051420833842221e-02
2.220882203800161658e+00 -2.343868415702287655e-01 3.407327584304845752e-02
2.220882203800161658e+00 -2.343868415702287655e-01 3.407327584304845752e-02
2.122857425537413079e+00 -3.222095996921574002e-01 2.990106292869118207e-02
1.847813589020682601e+00 -2.994770653039929287e-01 2.369054309788555177e-02
1.750083989035417842e+00 -2.293540216748468641e-01 2.857058445512717856e-02
2.019684447000451577e+00 -1.219340767713506524e-01 4.193363038957304695e-02
2.019684447000451577e+00 -1.219340767713506524e-01 4.193363038957304695e-02
1.930338954223287828e+00 1.767334643406447414e-01 2.287367954157661087e-02
1.930338954223287828e+00 1.767334643406447414e-01 2.287367954157661087e-02
1.790732008785716145e+00 3.262361763457626296e-01 1.524673065202335372e-02
1.730201731365291540e+00 1.851584984652842047e-01 3.905671572323755197e-02
1.648010227255231497e+00 7.214169051549333689e-02 5.477007784853245992e-02
1.693643106240327212e+00 2.398793469956690960e-01 3.455302402749944879e-02
1.850767139786252624e+00 9.736117626483895005e-02 3.955353744468949329e-02
1.617452353419126077e+00 1.628459519233259323e-01 5.118434638842413870e-02
1.617452353419126077e+00 1.628459519233259323e-01 5.118434638842413870e-02
1.104826542504021347e+00 2.734804971242322247e-01 6.159613037558007986e-02
6.158230613597626135e-01 4.123457528744991496e-01 4.431744483894702741e-02
6.158230613597626135e-01 4.123457528744991496e-01 4.431744483894702741e-02
6.158230613597626135e-01 4.123457528744991496e-01 4.431744483894702741e-02
6.158230613597626135e-01 4.123457528744991496e-01 4.431744483894702741e-02
6.158230613597626135e-01 4.123457528744991496e-01 4.431744483894702741e-02
7.876862843456821084e-01 2.873164926491802995e-01 4.133524441216192974e-02
