2.489132485845457765e-01 1.481402749648903505e-01 1.204272676284215849e-03
2.489132485845457765e-01 1.481402749648903505e-01 1.204272676284215849e-03
2.489132485845457765e-01 1.481402749648903505e-01 1.204272676284215849e-03
6.196751356765500818e-02 6.022430832939382750e-01 2.112473672608714340e-02
3.338001277911066822e-01 1.070029651165322448e+00 1.030904572942386958e-02
3.338001277911066822e-01 1.070029651165322448e+00 1.030904572942386958e-02
3.338001277911066822e-01 1.070029651165322448e+00 1.030904572942386958e-02
3.338001277911066822e-01 1.070029651165322448e+00 1.030904572942386958e-02
3.338001277911066822e-01 1.070029651165322448e+00 1.030904572942386958e-02
2.677506362798750539e-01 1.018556131460027325e+00 1.753512206207447424e-02
1.525068200150344611e-01 1.224513116185502515e+00 4.863128510479450793e-03
1.525068200150344611e-01 1.224513116185502515e+00 4.863128510479450793e-03
-7.772726177173822082e-02 8.478080921314055107e-01 2.901720749418190692e-02
-1.518937689205952513e-01 7.847030163663506475e-01 2.162089876306230382e-02
-1.518937689205952513e-01 7.847030163663506475e-01 2.162089876306230382e-02
-2.011822252112566156e-02 1.003951887296125278e+00 2.588124565352159165e-02
-2.011822252112566156e-02 1.003951887296125278e+00 2.588124565352159165e-02
-2.011822252112566156e-02 1.003951887296125278e+00 2.588124565352159165e-02
-2.011822252112566156e-02 1.003951887296125278e+00 2.588124565352159165e-02
3.920081006407588053e-01 8.057633334955667248e-01 3.949766284417600970e-02
4.257062240468248993e-01 6.022433980554148247e-01 4.934160102533666215e-02
7.673130029232420046e-01 4.620411996736787374e-01 6.173638053553810040e-02
8.893002083924351764e-01 5.253920601734823892e-01 5.766319036775362228e-02
7.871878587498126745e-01 6.539782081742268049e-01 4.380947191811183222e-02
7.871878587498126745e-01 6.539782081742268049e-01 4.380947191811183222e-02
1.194278549387482347e+00 5.474158802517953282e-01 3.042910570799375186e-02
1.194278549387482347e+00 5.474158802517953282e-01 3.042910570799375186e-02
1.114182901389040747e+00 3.942990665126833161e-01 6.261852643001895868e-02
1.034427724229140866e+00 6.490132443165596010e-01 2.612288289830126675e-02
8.487035852175142114e-01 4.595227927581032046e-01 6.364812377523464126e-02
9.564006071133686060e-01 6.051995661645732660e-01 4.011529210631556430e-02
9.564006071133686060e-01 6.051995661645732660e-01 4.011529210631556430e-02
6.358411423693166586e-01 6.875069785015293089e-01 4.672947311080596217e-02
6.898510190224437233e-01 8.350451230884382570e-01 2.074342028620781986e-02
6.933947563262499170e-01 5.960818682135409219e-01 5.593438931177651535e-02
5.456287043524390423e-01 5.171665203944579847e-01 5.212344232543844602e-02
5.456287043524390423e-01 5.171665203944579847e-01 5.212344232543844602e-02
6.570779958591117520e-01 3.877466506069146557e-01 4.699945810358927695e-02
6.188280193809807539e-01 3.800280007186724318e-01 4.213326516489060425e-02
7.635482875248648105e-01 2.354535955074267273e-01 3.274658195092235852e-02
3.869689987925283847e-01 6.152626116278707702e-01 4.754712847181789825e-02
8.658978860201244077e-02 7.714539808139191379e-01 3.566115544431084500e-02
-1.006365115201400540e-01 6.885170702432936718e-01 1.777836968792727290e-02
2.358727437661722048e-01 8.501199940762717011e-01 3.730941495970332283e-02
3.041649576051311255e-02 1.035532834885451781e+00 2.257173913019408854e-02
-4.683765419362641291e-02 1.123248054846926136e+00 1.622511205007276525e-02
-4.683765419362641291e-02 1.123248054846926136e+00 1.622511205007276525e-02
-2.098979592250264647e-01 1.204844578525457122e+00 1.281200181235611982e-02
-3.604671124332838872e-01 1.373021600936519482e+00 5.622395734027220600e-03
-3.604671124332838872e-01 1.373021600936519482e+00 5.622395734027220600e-03
-3.604671124332838872e-01 1.373021600936519482e+00 5.622395734027220600e-03
-7.322504631271429254e-01 1.056658189795616876e+00 7.759341259797787778e-03
-7.322504631271429254e-01 1.056658189795616876e+00 7.759341259797787778e-03
-4.535429344165697318e-01 8.650312228717640384e-01 1.056523343738390019e-02
-9.188898609051876498e-02 8.852460657847447401e-01 2.899034858760724670e-02
-9.188898609051876498e-02 8.852460657847447401e-01 2.899034858760724670e-02
-5.275632131864478325e-01 9.696203836329861936e-01 1.192200889522801802e-02
-5.275632131864478325e-01 9.696203836329861936e-01 1.192200889522801802e-02
-6.724298862318703884e-01 1.295550756604872289e+00 9.717721329649956982e-03
-6.724298862318703884e-01 1.295550756604872289e+00 9.717721329649956982e-03
-6.724298862318703884e-01 1.295550756604872289e+00 9.717721329649956982e-03
-6.724298862318703884e-01 1.295550756604872289e+00 9.717721329649956982e-03
-6.217881051531600756e-01 1.002049995610983402e+00 9.607968205985757681e-03
-8.262311203347029176e-01 1.408077487652922066e+00 6.390976519079968714e-03
-9.607013148408516390e-01 1.701407303827334294e+00 1.329945455487137503e-03
-9.607013148408516390e-01 1.701407303827334294e+00 1.329945455487137503e-03
-7.259450167933483300e-01 1.725692704653891685e+00 5.938326927548854411e-04
-7.259450167933483300e-01 1.725692704653891685e+00 5.938326927548854411e-04
-7.259450167933483300e-01 1.725692704653891685e+00 5.938326927548854411e-04
-7.259450167933483300e-01 1.725692704653891685e+00 5.938326927548854411e-04
-7.259450167933483300e-01 1.725692704653891685e+00 5.938326927548854411e-04
-7.259450167933483300e-01 1.725692704653891685e+00 5.938326927548854411e-04
-7.726077052311008941e-01 1.501651664854437573e+00 4.191561872965147983e-03
-7.726077052311008941e-01 1.501651664854437573e+00 4.191561872965147983e-03
-4.545880927086594081e-01 1.643194708565677731e+00 5.598627959129683996e-04
-4.545880927086594081e-01 1.643194708565677731e+00 5.598627959129683996e-04
-6.146578325196554449e-01 1.387887930594092545e+00 6.972620806867556829e-03
-8.051444269482805893e-01 1.552332550397382605e+00 3.169314680163538671e-03
-1.067545425765712430e+00 1.616360889525864541e+00 2.547406564507141442e-03
-1.067545425765712430e+00 1.616360889525864541e+00 2.547406564507141442e-03
-1.067545425765712430e+00 1.616360889525864541e+00 2.547406564507141442e-03
-1.067545425765712430e+00 1.616360889525864541e+00 2.547406564507141442e-03
-8.561214775902733498e-01 1.496640437167775062e+00 4.465417172043663341e-03
-1.114648252401954531e+00 1.381500034785676734e+00 4.232048171903515267e-03
-1.114648252401954531e+00 1.381500034785676734e+00 4.232048171903515267e-03
-1.114648252401954531e+00 1.381500034785676734e+00 4.232048171903515267e-03
-1.456534562930834609e+00 1.664180739864347780e+00 1.559609579816361368e-03
-1.456534562930834609e+00 1.664180739864347780e+00 1.559609579816361368e-03
-1.456534562930834609e+00 1.664180739864347780e+00 1.559609579816361368e-03
-1.456534562930834609e+00 1.664180739864347780e+00 1.559609579816361368e-03
-1.411901860420312405e+00 1.676022476455268695e+00 1.622596099387345163e-03
-1.824011520134102060e+00 1.624541347771697675e+00 5.046153288858849220e-04
-1.824011520134102060e+00 1.624541347771697675e+00 5.046153288858849220e-04
-1.820290521450124155e+00 1.699435991484880448e+00 5.788657891159211749e-04
-1.820290521450124155e+00 1.699435991484880448e+00 5.788657891159211749e-04
-1.820290521450124155e+00 1.699435991484880448e+00 5.788657891159211749e-04
-1.694375096787584578e+00 1.722308532451504837e+00 8.522625923654451137e-04
-2.122369649490117194e+00 1.893566199261036420e+00 2.148179114744778030e-04
-2.122369649490117194e+00 1.893566199261036420e+00 2.148179114744778030e-04
-1.898016557837609364e+00 1.793074254569086756e+00 4.570928909526001424e-04
