2.489132485845457765e-01 1.481402749648903505e-01 1.061740578558295492e-03
4.390914668797090137e-01 -3.321892544252066926e-02 3.637993302341631396e-04
1.129784348202487188e-01 1.985327571255233459e-01 8.091926016408028518e-04
-3.238546713731502713e-01 4.895783075229339643e-01 1.470607060987879104e-03
-3.238546713731502713e-01 4.895783075229339643e-01 1.470607060987879104e-03
1.666601577010594082e-01 5.828634822845408792e-01 2.436336256810906625e-02
-2.885308071401139207e-01 9.269950497298291570e-01 2.622523734245088903e-02
-2.885308071401139207e-01 9.269950497298291570e-01 2.622523734245088903e-02
-2.942183577377259218e-01 1.182778306150670034e+00 1.951720567571564591e-02
-2.942183577377259218e-01 1.182778306150670034e+00 1.951720567571564591e-02
-6.398008271111921275e-01 1.369729282062096765e+00 1.408170169029340606e-02
-6.398008271111921275e-01 1.369729282062096765e+00 1.408170169029340606e-02
-6.398008271111921275e-01 1.369729282062096765e+00 1.408170169029340606e-02
-6.538604824689661088e-01 1.388974200022981886e+00 1.320770626466858874e-02
-3.295168901071240941e-01 1.132659431616660051e+00 2.349838728926675543e-02
-3.295168901071240941e-01 1.132659431616660051e+00 2.349838728926675543e-02
-3.295168901071240941e-01 1.132659431616660051e+00 2.349838728926675543e-02
-3.295168901071240941e-01 1.132659431616660051e+00 2.349838728926675543e-02
-1.954893819402312993e-01 1.014288119862164272e+00 2.819554588467148779e-02
-8.783466893000522191e-01 1.117426505252409719e+00 1.183141735964371617e-02
-1.088106647963686280e+00 1.007285665456427726e+00 2.547878517218075609e-03
-1.088106647963686280e+00 1.007285665456427726e+00 2.547878517218075609e-03
-7.668850073566111369e-01 1.384987565026482903e+00 1.483453467796159650e-02
-7.668850073566111369e-01 1.384987565026482903e+00 1.483453467796159650e-02
-9.227433680617878053e-01 1.410747845931661804e+00 1.436213657701088629e-02
-4.927625480318749140e-01 1.189128101664962411e+00 2.191877055400473506e-02
-2.706909623089853167e-01 9.049391160447037841e-01 2.597841140925919237e-02
-5.781345982480867729e-01 1.419379184421796669e+00 1.000028793438256791e-02
-5.781345982480867729e-01 1.419379184421796669e+00 1.000028793438256791e-02
-2.407245286749024604e-01 8.977271005102935852e-01 2.684776889598918664e-02
-2.772610944302446589e-01 9.422799291454682091e-01 2.714346942877777016e-02
-2.772610944302446589e-01 9.422799291454682091e-01 2.714346942877777016e-02
-2.642381618931227694e-01 7.382235994002840362e-01 1.474814726970880702e-02
2.091196445380092417e-01 1.002973017948932011e+00 1.799443079910793830e-02
2.091196445380092417e-01 1.002973017948932011e+00 1.799443079910793830e-02
2.091196445380092417e-01 1.002973017948932011e+00 1.799443079910793830e-02
2.091196445380092417e-01 1.002973017948932011e+00 1.799443079910793830e-02
2.802713326985897813e-01 1.062056476590993226e+00 1.007360357157332381e-02
3.863855110852104646e-01 1.009420961398671102e+00 1.028728858593450091e-02
3.863855110852104646e-01 1.009420961398671102e+00 1.028728858593450091e-02
3.863855110852104646e-01 1.009420961398671102e+00 1.028728858593450091e-02
3.863855110852104646e-01 1.009420961398671102e+00 1.028728858593450091e-02
7.597738623127781032e-01 7.303318273702279484e-01 1.906534630033415029e-02
3.868732376837620834e-01 5.374834661860259377e-01 3.209036815284960209e-02
3.868732376837620834e-01 5.374834661860259377e-01 3.209036815284960209e-02
3.868732376837620834e-01 5.374834661860259377e-01 3.209036815284960209e-02
3.868732376837620834e-01 5.374834661860259377e-01 3.209036815284960209e-02
-1.456694380488307572e-01 9.328960855617336456e-01 3.025248104695738363e-02
-1.456694380488307572e-01 9.328960855617336456e-01 3.025248104695738363e-02
-6.125725111647394028e-02 8.273585806706992285e-01 3.065249377387436677e-02
1.670746260705636144e-01 6.459409096835337927e-01 2.992646789919110525e-02
1.670746260705636144e-01 6.459409096835337927e-01 2.992646789919110525e-02
1.670746260705636144e-01 6.459409096835337927e-01 2.992646789919110525e-02
1.223366564673748769e-01 6.902223941224112647e-01 3.096650434818150679e-02
1.223366564673748769e-01 6.902223941224112647e-01 3.096650434818150679e-02
-8.888658632565138440e-02 8.934502279311143935e-01 3.123553537841805561e-02
-2.288066545322526846e-01 8.032474315178844693e-01 2.161277267607208952e-02
-2.288066545322526846e-01 8.032474315178844693e-01 2.161277267607208952e-02
-2.288066545322526846e-01 8.032474315178844693e-01 2.161277267607208952e-02
2.754587061868529752e-02 9.900981903128615036e-01 2.609207550324240191e-02
2.754587061868529752e-02 9.900981903128615036e-01 2.609207550324240191e-02
5.597946847713115848e-02 7.445596239426384155e-01 3.134305324219383015e-02
5.502275760699251173e-01 1.012727415091700500e+00 5.199456726731967876e-03
3.887144946893277830e-01 1.020584650394104287e+00 9.384142423803717645e-03
3.887144946893277830e-01 1.020584650394104287e+00 9.384142423803717645e-03
3.887144946893277830e-01 1.020584650394104287e+00 9.384142423803717645e-03
1.047751917853088077e-01 1.169040348278528541e+00 8.235058593048438444e-03
-1.178350707699837852e-03 1.113974145608403576e+00 1.606188404493277821e-02
-4.269789210875273300e-01 1.353978855390402414e+00 1.063023994661753228e-02
-4.269789210875273300e-01 1.353978855390402414e+00 1.063023994661753228e-02
-4.269789210875273300e-01 1.353978855390402414e+00 1.063023994661753228e-02
-4.269789210875273300e-01 1.353978855390402414e+00 1.063023994661753228e-02
-4.269789210875273300e-01 1.353978855390402414e+00 1.063023994661753228e-02
-4.269789210875273300e-01 1.353978855390402414e+00 1.063023994661753228e-02
-5.124046391997267857e-01 1.387543799411742551e+00 1.049805688623318793e-02
-5.124046391997267857e-01 1.387543799411742551e+00 1.049805688623318793e-02
-7.221151393630392823e-01 1.136228373063504993e+00 1.808799740668626602e-02
-8.488209764848075878e-01 1.435674809983998879e+00 1.323601306927985749e-02
-8.488209764848075878e-01 1.435674809983998879e+00 1.323601306927985749e-02
-8.488209764848075878e-01 1.435674809983998879e+00 1.323601306927985749e-02
-8.488209764848075878e-01 1.435674809983998879e+00 1.323601306927985749e-02
-8.874399925921634402e-01 1.445929502656569277e+00 1.307421914471227319e-02
-8.009988936025909112e-01 1.236060493016691186e+00 1.782058308019550744e-02
-8.009988936025909112e-01 1.236060493016691186e+00 1.782058308019550744e-02
-8.009988936025909112e-01 1.236060493016691186e+00 1.782058308019550744e-02
-8.091089038157602831e-01 1.323269954652142921e+00 1.703592057777125399e-02
-8.091089038157602831e-01 1.323269954652142921e+00 1.703592057777125399e-02
-1.017087489749076479e+00 1.624723661807295993e+00 6.973546236445670940e-03
-1.014495173781908344e+00 1.604466496006588194e+00 7.725323271576680501e-03
-1.186773218494044269e+00 1.938498620875013678e+00 9.459868712231915772e-04
-1.085321049369962321e+00 1.903942545690418431e+00 9.043306552102307536e-04
-1.085321049369962321e+00 1.903942545690418431e+00 9.043306552102307536e-04
-1.120966883129674407e+00 1.442839666104651641e+00 1.237502274355957964e-02
-1.092062317870077237e+00 1.449928208110504935e+00 1.261586781999197299e-02
-9.240843017996359654e-01 1.299750906266702311e+00 1.564040924468308377e-02
-1.074519480931905191e+00 1.319078596593173947e+00 1.242672299362879498e-02
-1.499174491516315655e+00 1.536264128081642699e+00 7.028097215655299684e-03
-1.499174491516315655e+00 1.536264128081642699e+00 7.028097215655299684e-03
-1.499174491516315655e+00 1.536264128081642699e+00 7.028097215655299684e-03
-1.499174491516315655e+00 1.536264128081642699e+00 7.028097215655299684e-03
