2.489132485845457765e-01 1.481402749648903505e-01 3.153060016695187831e-03
4.633037585795986568e-01 1.750766864476497320e-01 1.830025446687972429e-02
4.042200378411759942e-01 3.034827816355807339e-01 4.986836808844950786e-02
4.045967348286921839e-01 5.948821567904238883e-01 1.869784829334759646e-01
4.045967348286921839e-01 5.948821567904238883e-01 1.869784829334759646e-01
4.045967348286921839e-01 5.948821567904238883e-01 1.869784829334759646e-01
-1.074343857325358309e-01 9.304997655895423936e-01 2.035580142195483611e-01
-4.058852422890494860e-01 7.499921474550530487e-01 6.117583160617264676e-02
-4.058852422890494860e-01 7.499921474550530487e-01 6.117583160617264676e-02
-3.723389787313907684e-01 7.467391749882174024e-01 6.945058682526350502e-02
-3.723389787313907684e-01 7.467391749882174024e-01 6.945058682526350502e-02
-3.723389787313907684e-01 7.467391749882174024e-01 6.945058682526350502e-02
-9.026012754229689738e-02 7.554613052856637978e-01 1.743588753542338332e-01
-6.062375632317245078e-01 1.113465489368307804e+00 1.734004304249366080e-01
-4.736424147423269337e-01 8.765044630345208976e-01 1.098770176517578911e-01
-4.736424147423269337e-01 8.765044630345208976e-01 1.098770176517578911e-01
-8.387580964668803762e-01 1.113465730142401577e+00 1.053709071598029762e-01
-6.484419402921350883e-01 9.697889972315385521e-01 9.954200887930508834e-02
-6.484419402921350883e-01 9.697889972315385521e-01 9.954200887930508834e-02
-5.753400973349582781e-01 1.149755191952293254e+00 1.779505181169746819e-01
-5.753400973349582781e-01 1.149755191952293254e+00 1.779505181169746819e-01
-7.269115670738328649e-01 1.301273168463826346e+00 1.423891029100576300e-01
-7.269115670738328649e-01 1.301273168463826346e+00 1.423891029100576300e-01
-8.750882511438422551e-01 1.457683536072719610e+00 9.343003522736741118e-02
-8.750882511438422551e-01 1.457683536072719610e+00 9.343003522736741118e-02
-6.739588020966477133e-01 1.319269322529326161e+00 1.276605790043153499e-01
-3.736098015885260804e-01 1.295693554923946555e+00 6.925240032767709941e-02
-3.736098015885260804e-01 1.295693554923946555e+00 6.925240032767709941e-02
-3.736098015885260804e-01 1.295693554923946555e+00 6.925240032767709941e-02
-9.296583538333665908e-01 1.507821827657662705e+00 7.932243983444428603e-02
-9.296583538333665908e-01 1.507821827657662705e+00 7.932243983444428603e-02
-8.213462249390581782e-01 1.325471055319556335e+00 1.392296189506877224e-01
-8.213462249390581782e-01 1.325471055319556335e+00 1.392296189506877224e-01
-6.188975686626965178e-01 8.182672063270297613e-01 3.718779349058143335e-02
-1.021222081253768676e-01 9.137447369616534809e-01 2.070306024392153110e-01
-2.097202690771804157e-01 9.047225280450674756e-01 2.051292232835553175e-01
-1.637950444165406638e-01 6.818679550275952295e-01 1.006329819334402798e-01
-1.637950444165406638e-01 6.818679550275952295e-01 1.006329819334402798e-01
-1.637950444165406638e-01 6.818679550275952295e-01 1.006329819334402798e-01
-3.430206703347396524e-02 7.499381703510417108e-01 1.872328060185280973e-01
8.098890583471743398e-02 6.416417248867454237e-01 1.589453663614081025e-01
-1.746661410211740317e-02 6.828584891317459604e-01 1.535340321176599798e-01
-1.746661410211740317e-02 6.828584891317459604e-01 1.535340321176599798e-01
5.073813906799471418e-01 3.329886691329871917e-01 8.761413298151947415e-02
2.582556021757632658e-01 7.000427047965100957e-01 1.997301206818578034e-01
2.582556021757632658e-01 7.000427047965100957e-01 1.997301206818578034e-01
2.582556021757632658e-01 7.000427047965100957e-01 1.997301206818578034e-01
-7.769432014375632356e-02 6.936274997412558152e-01 1.396505291181207864e-01
-7.769432014375632356e-02 6.936274997412558152e-01 1.396505291181207864e-01
5.994553498623428345e-02 6.779429531993119706e-01 1.743863768108843693e-01
3.408729471075409023e-01 7.385369820353799852e-01 1.712322478811224014e-01
3.408729471075409023e-01 7.385369820353799852e-01 1.712322478811224014e-01
5.287335903122066805e-01 5.827035039908901037e-01 1.710183474192744357e-01
9.105966671079894770e-01 2.845861289696342555e-01 1.179683761996466879e-01
1.184637707233725523e+00 5.005275687218399550e-02 6.388685789858150610e-02
1.086012309157428080e+00 3.163889857432193864e-01 9.461350895214146184e-02
7.127128312817723188e-01 4.477979517230216144e-01 1.511276133584211201e-01
1.064415774748370014e+00 2.449959081353202395e-01 1.026091743455588012e-01
7.904581604808640360e-01 2.874671202975657702e-01 1.148176260599284154e-01
9.015220574694829958e-01 2.986749599661661647e-01 1.208876671275631448e-01
9.015220574694829958e-01 2.986749599661661647e-01 1.208876671275631448e-01
9.015220574694829958e-01 2.986749599661661647e-01 1.208876671275631448e-01
9.015220574694829958e-01 2.986749599661661647e-01 1.208876671275631448e-01
5.936441506345775387e-01 4.051607772453771905e-01 1.421055285431218895e-01
8.963358721715196653e-01 1.444275627254603678e-01 6.897760641139651094e-02
9.884439849939681277e-01 4.129316322001667094e-01 9.589739104569974804e-02
1.265326454566205738e+00 2.275465738308830310e-01 7.254564530182290583e-02
1.265326454566205738e+00 2.275465738308830310e-01 7.254564530182290583e-02
1.265326454566205738e+00 2.275465738308830310e-01 7.254564530182290583e-02
1.056740775993423087e+00 3.673093392140280855e-01 9.060347682314350004e-02
9.276349113998842988e-01 2.757412759855185636e-01 1.157588848748253157e-01
1.139897279400939656e+00 2.946000915022172206e-01 8.688914678870320041e-02
7.561493026508507853e-01 2.749845674724304412e-01 1.056473002943082995e-01
9.566107457011724380e-01 7.510237242251792678e-01 8.807129284127128421e-03
6.531009308563882065e-01 7.101428587472150555e-01 7.596041182102063194e-02
6.531009308563882065e-01 7.101428587472150555e-01 7.596041182102063194e-02
6.952809179586266763e-01 4.842560598788284154e-01 1.519797560438658768e-01
1.033032222172107994e+00 4.534697831128022827e-01 7.047950368519076414e-02
1.397978119450185464e+00 2.060919773909218600e-01 5.162200014357982980e-02
1.397978119450185464e+00 2.060919773909218600e-01 5.162200014357982980e-02
1.515691754311203843e+00 -2.405874919684775071e-03 5.054706701426851106e-02
1.828394999029007373e+00 -1.494331443140022031e-01 2.730208560323602734e-02
1.828394999029007373e+00 -1.494331443140022031e-01 2.730208560323602734e-02
1.828394999029007373e+00 -1.494331443140022031e-01 2.730208560323602734e-02
2.138405032107572712e+00 -2.864028387129725073e-01 1.309535629705765522e-02
2.086409303093492706e+00 -2.033522687606820478e-01 1.393727441063481558e-02
1.802394817888320011e+00 -3.287026103650161346e-01 1.623840041074598936e-02
1.802394817888320011e+00 -3.287026103650161346e-01 1.623840041074598936e-02
1.802394817888320011e+00 -3.287026103650161346e-01 1.623840041074598936e-02
1.802394817888320011e+00 -3.287026103650161346e-01 1.623840041074598936e-02
2.109917389348137551e+00 -5.654380729565537944e-01 4.798919387252892528e-03
2.278504801605249153e+00 -4.006933394596537967e-01 9.023563285935990233e-03
1.899308564521838383e+00 -4.963340713271797711e-01 5.591616590173099401e-03
2.122447062197365231e+00 -3.530614927832559369e-01 1.303697692592087343e-02
2.331862698940758261e+00 -5.527857044697073174e-01 5.781590451178044224e-03
2.358388009098724147e+00 -4.502494854280260084e-01 7.199767580948136098e-03
2.358388009098724147e+00 -4.502494854280260084e-01 7.199767580948136098e-03
2.358388009098724147e+00 -4.502494854280260084e-01 7.199767580948136098e-03
2.358388009098724147e+00 -4.502494854280260084e-01 7.199767580948136098e-03
1.546833636796395739e+00 3.583463370378243695e-01 8.788511764403369314e-03
