2.489132485845457765e-01 1.481402749648903505e-01 5.155975422952180365e-02
2.489132485845457765e-01 1.481402749648903505e-01 5.155975422952180365e-02
6.333200253239526512e-02 4.166863044666331839e-01 3.591976664465997698e-02
6.333200253239526512e-02 4.166863044666331839e-01 3.591976664465997698e-02
2.241455157520486074e-03 5.908195183766176140e-01 5.548733415862823481e-02
2.241455157520486074e-03 5.908195183766176140e-01 5.548733415862823481e-02
2.241455157520486074e-03 5.908195183766176140e-01 5.548733415862823481e-02
-4.170028690108044944e-02 6.082163433223789495e-01 3.293309153538839101e-02
8.225601962956066715e-02 6.475143047851364964e-01 1.795144229699426885e-01
8.225601962956066715e-02 6.475143047851364964e-01 1.795144229699426885e-01
8.225601962956066715e-02 6.475143047851364964e-01 1.795144229699426885e-01
8.225601962956066715e-02 6.475143047851364964e-01 1.795144229699426885e-01
5.398374588816227115e-01 7.412938677287606026e-01 3.554467825804385334e-02
5.343616484653866960e-01 3.399558278144402257e-01 7.354501998782053684e-01
5.343616484653866960e-01 3.399558278144402257e-01 7.354501998782053684e-01
5.343616484653866960e-01 3.399558278144402257e-01 7.354501998782053684e-01
5.343616484653866960e-01 3.399558278144402257e-01 7.354501998782053684e-01
5.343616484653866960e-01 3.399558278144402257e-01 7.354501998782053684e-01
5.909527441377561141e-01 3.957477772862331156e-01 4.618192158422502747e-01
6.610530019144952307e-01 6.797287674714758143e-02 8.234097468835728240e-01
6.610530019144952307e-01 6.797287674714758143e-02 8.234097468835728240e-01
6.610530019144952307e-01 6.797287674714758143e-02 8.234097468835728240e-01
6.610530019144952307e-01 6.797287674714758143e-02 8.234097468835728240e-01
5.574899757438223080e-01 3.756215966295971265e-02 5.860358964536805937e-01
5.574899757438223080e-01 3.756215966295971265e-02 5.860358964536805937e-01
6.854453142671721455e-01 -2.552098542346319388e-01 2.395830679342442482e-01
6.854453142671721455e-01 -2.552098542346319388e-01 2.395830679342442482e-01
7.609152095854944120e-01 3.245370138857043285e-01 1.629705733013116775e-01
5.465720789592998230e-01 1.722218038079862401e-01 8.138326750257998121e-01
5.465720789592998230e-01 1.722218038079862401e-01 8.138326750257998121e-01
5.465720789592998230e-01 1.722218038079862401e-01 8.138326750257998121e-01
3.543147849023199347e-01 3.111777634137478099e-01 5.007307777941985005e-01
3.543147849023199347e-01 3.111777634137478099e-01 5.007307777941985005e-01
3.543147849023199347e-01 3.111777634137478099e-01 5.007307777941985005e-01
6.287580650348663092e-01 1.693636762124288153e-01 8.258823804831769699e-01
6.287580650348663092e-01 1.693636762124288153e-01 8.258823804831769699e-01
6.287580650348663092e-01 1.693636762124288153e-01 8.258823804831769699e-01
6.287580650348663092e-01 1.693636762124288153e-01 8.258823804831769699e-01
6.287580650348663092e-01 1.693636762124288153e-01 8.258823804831769699e-01
6.287580650348663092e-01 1.693636762124288153e-01 8.258823804831769699e-01
7.083423502926495807e-01 2.012863409383734425e-01 5.642180741247270204e-01
7.083423502926495807e-01 2.012863409383734425e-01 5.642180741247270204e-01
7.083423502926495807e-01 2.012863409383734425e-01 5.642180741247270204e-01
9.425430294157681743e-01 -1.081770377674012851e-02 2.347037220621692455e-01
8.210103517292995923e-01 -3.800350063445334658e-01 2.421567975161105224e-01
9.222773301878536278e-01 -4.539508186688194225e-01 2.371745846750485665e-01
1.102914272130713691e+00 -6.404968212736060762e-01 1.206242946233331004e-01
1.102914272130713691e+00 -6.404968212736060762e-01 1.206242946233331004e-01
1.102914272130713691e+00 -6.404968212736060762e-01 1.206242946233331004e-01
1.102914272130713691e+00 -6.404968212736060762e-01 1.206242946233331004e-01
1.556446245155432839e+00 -7.443731895601630733e-01 3.468393431847074330e-03
1.491537881340513572e+00 -6.398684604194506687e-01 5.648635470535848940e-03
1.491537881340513572e+00 -6.398684604194506687e-01 5.648635470535848940e-03
1.491537881340513572e+00 -6.398684604194506687e-01 5.648635470535848940e-03
1.776509337431053215e+00 -8.154470319500891629e-01 7.059200689546062026e-05
1.687296108096183467e+00 -9.604043062321184765e-01 1.086007834396007744e-03
1.687296108096183467e+00 -9.604043062321184765e-01 1.086007834396007744e-03
1.492322378780083003e+00 -6.322775921876719885e-01 5.330422889210420165e-03
1.132072603539687083e+00 -8.075617639012262483e-01 4.126564206879409363e-02
1.132072603539687083e+00 -8.075617639012262483e-01 4.126564206879409363e-02
1.132072603539687083e+00 -8.075617639012262483e-01 4.126564206879409363e-02
1.132072603539687083e+00 -8.075617639012262483e-01 4.126564206879409363e-02
1.132072603539687083e+00 -8.075617639012262483e-01 4.126564206879409363e-02
1.132072603539687083e+00 -8.075617639012262483e-01 4.126564206879409363e-02
1.350689297921629617e+00 -5.970608695364681973e-01 3.330617311812275605e-02
1.252315432487693503e+00 -3.942606047094493471e-01 4.957757221377114693e-02
1.252315432487693503e+00 -3.942606047094493471e-01 4.957757221377114693e-02
1.252315432487693503e+00 -3.942606047094493471e-01 4.957757221377114693e-02
1.256411174580185808e+00 -1.412859788708410447e-01 5.905090024083342083e-03
1.348403294307991995e+00 -3.032922151262598121e-01 5.251000282659012974e-03
8.725352179208325509e-01 -1.638093298357386485e-01 5.580157697982071063e-01
8.725352179208325509e-01 -1.638093298357386485e-01 5.580157697982071063e-01
6.473481325942954667e-01 -2.766958346593587081e-02 6.727270774979273726e-01
7.545613103074911843e-01 9.089352278923210071e-02 6.367910808543263412e-01
7.545613103074911843e-01 9.089352278923210071e-02 6.367910808543263412e-01
7.545613103074911843e-01 9.089352278923210071e-02 6.367910808543263412e-01
7.545613103074911843e-01 9.089352278923210071e-02 6.367910808543263412e-01
7.545613103074911843e-01 9.089352278923210071e-02 6.367910808543263412e-01
7.545613103074911843e-01 9.089352278923210071e-02 6.367910808543263412e-01
7.545613103074911843e-01 9.089352278923210071e-02 6.367910808543263412e-01
7.545613103074911843e-01 9.089352278923210071e-02 6.367910808543263412e-01
7.545613103074911843e-01 9.089352278923210071e-02 6.367910808543263412e-01
7.545613103074911843e-01 9.089352278923210071e-02 6.367910808543263412e-01
4.603713640583571576e-01 1.719856728199415374e-01 5.844887245927296027e-01
4.603713640583571576e-01 1.719856728199415374e-01 5.844887245927296027e-01
5.567360136306362950e-01 2.777644754571781394e-02 5.593506014664663128e-01
8.877050304222289245e-01 -1.294148173089912646e-01 5.198225480933968967e-01
1.050481772839570560e+00 -4.754296236297286260e-01 2.385367357375209052e-01
1.050481772839570560e+00 -4.754296236297286260e-01 2.385367357375209052e-01
1.050481772839570560e+00 -4.754296236297286260e-01 2.385367357375209052e-01
1.029116166708937019e+00 -4.093417539961227147e-01 2.891039512438969283e-01
7.699908927921502722e-01 -3.968660397348944824e-01 1.489023292414907162e-01
8.472985461835227383e-01 -2.739705505183051004e-01 4.622699391971966665e-01
4.050750476111052434e-01 1.180110482345310685e-01 2.892520134616216043e-01
5.981242617819766405e-01 3.939054880431704375e-01 4.453678820206970479e-01
5.981242617819766405e-01 3.939054880431704375e-01 4.453678820206970479e-01
5.981242617819766405e-01 3.939054880431704375e-01 4.453678820206970479e-01
5.981242617819766405e-01 3.939054880431704375e-01 4.453678820206970479e-01
5.105984019635536608e-01 3.731754164381748673e-01 7.126072005727346337e-01
5.105984019635536608e-01 3.731754164381748673e-01 7.126072005727346337e-01
