2.489132485845457765e-01 1.481402749648903505e-01 2.079016066045936018e-03
2.489132485845457765e-01 1.481402749648903505e-01 2.079016066045936018e-03
8.685970925761756778e-01 4.770134110727711763e-01 8.030665134602543720e-02
9.137707004794368704e-01 3.932049587231840615e-01 8.344124571245123412e-02
9.137707004794368704e-01 3.932049587231840615e-01 8.344124571245123412e-02
9.137707004794368704e-01 3.932049587231840615e-01 8.344124571245123412e-02
9.137707004794368704e-01 3.932049587231840615e-01 8.344124571245123412e-02
9.137707004794368704e-01 3.932049587231840615e-01 8.344124571245123412e-02
1.526324806812122903e+00 2.387805403307308449e-01 2.706083558541844819e-02
1.526324806812122903e+00 2.387805403307308449e-01 2.706083558541844819e-02
1.526324806812122903e+00 2.387805403307308449e-01 2.706083558541844819e-02
1.526324806812122903e+00 2.387805403307308449e-01 2.706083558541844819e-02
1.526324806812122903e+00 2.387805403307308449e-01 2.706083558541844819e-02
1.650715842762219276e+00 2.434065323436553629e-01 1.524575735669190732e-02
1.650715842762219276e+00 2.434065323436553629e-01 1.524575735669190732e-02
1.445626045003605586e+00 -2.204308135490461174e-01 1.546959319320994654e-02
1.445626045003605586e+00 -2.204308135490461174e-01 1.546959319320994654e-02
1.543468001184245431e+00 6.715899205650657788e-02 4.179782597897217095e-02
1.525404835330462339e+00 -2.530579909914189018e-01 1.504848091310103352e-02
9.201170529897630956e-01 1.536280453829522163e-01 4.791092011961992775e-02
1.097622563278089158e+00 4.515063637089914983e-01 4.798982339817211423e-02
1.109702993405345950e+00 5.579165278210218570e-01 2.481621566910062124e-02
1.314127641842435912e+00 8.810410651620426137e-02 5.330000105251064824e-02
1.314127641842435912e+00 8.810410651620426137e-02 5.330000105251064824e-02
1.810640320220492594e+00 -8.687124160586287558e-02 2.873676767246466021e-02
1.810640320220492594e+00 -8.687124160586287558e-02 2.873676767246466021e-02
1.652069381026974648e+00 -4.321092956560423914e-02 3.641724703512136396e-02
1.652069381026974648e+00 -4.321092956560423914e-02 3.641724703512136396e-02
1.652069381026974648e+00 -4.321092956560423914e-02 3.641724703512136396e-02
1.871403736364026127e+00 4.082123777907040174e-02 1.740930848597084177e-02
2.022087160113164916e+00 -1.665406955403260225e-01 1.974265501887238761e-02
1.706987666674512072e+00 5.177388706882715685e-02 2.938984110295472449e-02
1.037690933421683503e+00 4.170723938715100720e-01 6.441100732720238253e-02
1.377446091251863125e+00 -2.134711555526913607e-03 4.340949910759896863e-02
1.377446091251863125e+00 -2.134711555526913607e-03 4.340949910759896863e-02
1.619815670269018071e+00 9.891902528943355422e-03 3.808152598600093169e-02
1.619815670269018071e+00 9.891902528943355422e-03 3.808152598600093169e-02
1.372420721577268798e+00 2.302171862966317373e-01 4.592907005603554665e-02
1.500393546695588221e+00 3.035024476968749552e-01 2.126839597380595498e-02
1.500393546695588221e+00 3.035024476968749552e-01 2.126839597380595498e-02
1.756682942001305925e+00 -8.097597364869602021e-02 3.140170497870253818e-02
1.756682942001305925e+00 -8.097597364869602021e-02 3.140170497870253818e-02
1.756682942001305925e+00 -8.097597364869602021e-02 3.140170497870253818e-02
1.255393772132944674e+00 -1.623549875012385568e-01 1.362167235982738971e-02
1.763473600233811389e+00 -4.328373113704460373e-02 3.041378210873822013e-02
1.690589187714390818e+00 -2.432509403327354214e-01 2.161180603164458702e-02
1.530016583020205267e+00 -2.245096404872845841e-01 1.847197648899386035e-02
1.421932088662081206e+00 6.314007846594973938e-02 4.883369482492184305e-02
1.721215162262844434e+00 -2.048819321932713600e-01 2.590533483415388694e-02
1.721215162262844434e+00 -2.048819321932713600e-01 2.590533483415388694e-02
1.721215162262844434e+00 -2.048819321932713600e-01 2.590533483415388694e-02
1.721215162262844434e+00 -2.048819321932713600e-01 2.590533483415388694e-02
1.721215162262844434e+00 -2.048819321932713600e-01 2.590533483415388694e-02
1.599806716527208295e+00 -3.234730185884374665e-01 1.082196999433516528e-02
1.599806716527208295e+00 -3.234730185884374665e-01 1.082196999433516528e-02
1.599806716527208295e+00 -3.234730185884374665e-01 1.082196999433516528e-02
1.511859569843563511e+00 -5.567060972134890706e-02 3.864846851068744205e-02
1.511859569843563511e+00 -5.567060972134890706e-02 3.864846851068744205e-02
1.584355299434037079e+00 -1.615311457883426005e-01 2.800757817315461390e-02
1.908555870051378056e+00 -2.455043636046080335e-01 2.287066409631086095e-02
1.908555870051378056e+00 -2.455043636046080335e-01 2.287066409631086095e-02
1.908555870051378056e+00 -2.455043636046080335e-01 2.287066409631086095e-02
1.908555870051378056e+00 -2.455043636046080335e-01 2.287066409631086095e-02
1.908555870051378056e+00 -2.455043636046080335e-01 2.287066409631086095e-02
1.908555870051378056e+00 -2.455043636046080335e-01 2.287066409631086095e-02
1.908555870051378056e+00 -2.455043636046080335e-01 2.287066409631086095e-02
1.908555870051378056e+00 -2.455043636046080335e-01 2.287066409631086095e-02
1.908555870051378056e+00 -2.455043636046080335e-01 2.287066409631086095e-02
1.519104172597705027e+00 -1.623366350601972430e-01 2.588930266486129048e-02
1.249852815688887064e+00 -1.345877366376731499e-01 1.679431508348055643e-02
9.747989809210264589e-01 -2.226494454866332351e-01 1.743699609941961118e-03
9.747989809210264589e-01 -2.226494454866332351e-01 1.743699609941961118e-03
9.747989809210264589e-01 -2.226494454866332351e-01 1.743699609941961118e-03
9.747989809210264589e-01 -2.226494454866332351e-01 1.743699609941961118e-03
9.747989809210264589e-01 -2.226494454866332351e-01 1.743699609941961118e-03
9.799128956083470454e-01 1.267425533382270930e-01 4.672357631838294778e-02
2.279899571689093518e-01 2.458049376553152754e-01 6.463490202016647888e-03
2.279899571689093518e-01 2.458049376553152754e-01 6.463490202016647888e-03
3.622830281237268690e-01 3.703822372269527374e-01 4.072268880432315663e-02
6.340175556320019057e-01 4.378079689598928237e-01 9.473529039848327393e-02
1.848043220735927084e-01 2.430677340835133704e-01 4.756925450781822849e-03
2.173547228615931859e-01 6.849747308150052616e-01 1.197429034245135748e-01
2.865536309671431470e-01 9.672135515718363052e-01 5.393974576278010025e-02
2.865536309671431470e-01 9.672135515718363052e-01 5.393974576278010025e-02
3.725810556747929381e-01 6.285932230608650695e-01 1.166729222064320226e-01
4.759808012947340794e-01 1.035367077243090961e+00 1.198344773173291855e-02
4.759808012947340794e-01 1.035367077243090961e+00 1.198344773173291855e-02
3.182269429563115981e-01 1.262376420840170432e+00 2.275613495651165191e-03
-6.348587546072143040e-02 1.292560969406757021e+00 1.950012426217647560e-02
-2.794461317859852079e-01 1.173151773061374969e+00 9.639386565336553747e-02
-2.794461317859852079e-01 1.173151773061374969e+00 9.639386565336553747e-02
-1.235509514733090786e-01 9.413756575959542072e-01 1.323806259698223631e-01
3.851139361223703261e-01 4.078030129629841571e-01 5.600777702540221670e-02
3.450131829862749799e-01 8.017982666289509286e-01 9.875844058283329840e-02
1.240939656124474266e-01 9.960421191309425382e-01 7.848405451123915966e-02
3.104632684284071020e-01 6.955101808830815857e-01 1.211954463915150132e-01
3.104632684284071020e-01 6.955101808830815857e-01 1.211954463915150132e-01
4.291537808432061007e-01 1.784356650717283665e-01 9.543513987477027227e-03
7.336957309420694129e-01 1.394669434083146142e-01 2.606882529333548817e-02
7.336957309420694129e-01 1.394669434083146142e-01 2.606882529333548817e-02
