2.489132485845457765e-01 1.481402749648903505e-01 4.293120164635183186e-03
2.489132485845457765e-01 1.481402749648903505e-01 4.293120164635183186e-03
2.721105199329129642e-01 1.807484422745821717e-01 8.518765694395124058e-03
2.721105199329129642e-01 1.807484422745821717e-01 8.518765694395124058e-03
-1.520050285104889709e-01 3.530105446777905831e-01 5.671951051589536191e-03
-1.520050285104889709e-01 3.530105446777905831e-01 5.671951051589536191e-03
-1.176922353917394803e-01 4.015401817942210183e-01 1.519616750896561619e-02
-1.176922353917394803e-01 4.015401817942210183e-01 1.519616750896561619e-02
-1.176922353917394803e-01 4.015401817942210183e-01 1.519616750896561619e-02
-1.176922353917394803e-01 4.015401817942210183e-01 1.519616750896561619e-02
-1.176922353917394803e-01 4.015401817942210183e-01 1.519616750896561619e-02
-1.176922353917394803e-01 4.015401817942210183e-01 1.519616750896561619e-02
-1.176922353917394803e-01 4.015401817942210183e-01 1.519616750896561619e-02
-4.641673599781123705e-02 7.860961858443458183e-01 2.445214110556561404e-01
-4.641673599781123705e-02 7.860961858443458183e-01 2.445214110556561404e-01
2.066228550271146103e-01 7.160435601057330013e-01 2.312980222121277796e-01
2.066228550271146103e-01 7.160435601057330013e-01 2.312980222121277796e-01
2.066228550271146103e-01 7.160435601057330013e-01 2.312980222121277796e-01
8.740053664950479806e-02 7.138614952335258224e-01 2.532724369270881737e-01
8.740053664950479806e-02 7.138614952335258224e-01 2.532724369270881737e-01
1.832207166813497046e-01 4.200127176164391019e-01 9.201845418962094347e-02
-1.501040352663505217e-01 9.308247307516974711e-01 1.829798134687890820e-01
-4.615376596997836089e-02 7.627519977421186592e-01 2.463106041400072443e-01
-4.615376596997836089e-02 7.627519977421186592e-01 2.463106041400072443e-01
3.750223024922103021e-02 9.847913226134862308e-01 7.909555130214993013e-02
3.750223024922103021e-02 9.847913226134862308e-01 7.909555130214993013e-02
-3.538260005044951972e-02 9.461929767369863242e-01 1.355234297959847511e-01
-3.538260005044951972e-02 9.461929767369863242e-01 1.355234297959847511e-01
-3.538260005044951972e-02 9.461929767369863242e-01 1.355234297959847511e-01
-6.090342955226537569e-01 1.206400674055721822e+00 7.185045904608451661e-02
-6.090342955226537569e-01 1.206400674055721822e+00 7.185045904608451661e-02
-6.090342955226537569e-01 1.206400674055721822e+00 7.185045904608451661e-02
-7.295563921194203605e-01 9.299715257837635196e-01 6.729678877072250986e-02
-7.295563921194203605e-01 9.299715257837635196e-01 6.729678877072250986e-02
-7.295563921194203605e-01 9.299715257837635196e-01 6.729678877072250986e-02
-7.295563921194203605e-01 9.299715257837635196e-01 6.729678877072250986e-02
-3.394764029137221639e-01 9.337564618266327443e-01 1.912251392295504782e-01
-3.394764029137221639e-01 9.337564618266327443e-01 1.912251392295504782e-01
-1.941111537547879906e-01 9.962610987072549884e-01 1.419744843086765962e-01
-1.941111537547879906e-01 9.962610987072549884e-01 1.419744843086765962e-01
-1.941111537547879906e-01 9.962610987072549884e-01 1.419744843086765962e-01
-2.023075405957562301e-01 4.665979404274535058e-01 2.031503567834033741e-02
9.276685432994452585e-03 9.411918857744252520e-01 1.237267045019073558e-01
9.276685432994452585e-03 9.411918857744252520e-01 1.237267045019073558e-01
-2.574048502274511874e-01 8.137346156478375558e-01 2.043630272379153290e-01
-1.350236329841473792e-01 7.306715069348486136e-01 2.127977871056737635e-01
-1.350236329841473792e-01 7.306715069348486136e-01 2.127977871056737635e-01
-1.938488656809151389e-01 8.715163895181715636e-01 2.198021582541179464e-01
-8.270286005569664478e-02 1.010882305600326880e+00 9.733003937767224778e-02
-8.270286005569664478e-02 1.010882305600326880e+00 9.733003937767224778e-02
-3.738076584060541219e-01 1.136781386308639785e+00 7.990913456938818216e-02
-7.358808540151147159e-01 1.043832293140827039e+00 9.564605346875332259e-02
-7.358808540151147159e-01 1.043832293140827039e+00 9.564605346875332259e-02
-7.358808540151147159e-01 1.043832293140827039e+00 9.564605346875332259e-02
-7.358808540151147159e-01 1.043832293140827039e+00 9.564605346875332259e-02
-6.066764782313478488e-01 1.132773793067719525e+00 1.043980682183377889e-01
-6.066764782313478488e-01 1.132773793067719525e+00 1.043980682183377889e-01
-6.066764782313478488e-01 1.132773793067719525e+00 1.043980682183377889e-01
-6.066764782313478488e-01 1.132773793067719525e+00 1.043980682183377889e-01
-6.066764782313478488e-01 1.132773793067719525e+00 1.043980682183377889e-01
-3.793741777528046866e-01 1.009164242567188507e+00 1.608430441049981952e-01
-3.793741777528046866e-01 1.009164242567188507e+00 1.608430441049981952e-01
-3.793741777528046866e-01 1.009164242567188507e+00 1.608430441049981952e-01
-3.793741777528046866e-01 1.009164242567188507e+00 1.608430441049981952e-01
-1.496774395623819698e-01 8.936284026663666724e-01 2.080099172172558408e-01
-1.496774395623819698e-01 8.936284026663666724e-01 2.080099172172558408e-01
-1.496774395623819698e-01 8.936284026663666724e-01 2.080099172172558408e-01
-1.496774395623819698e-01 8.936284026663666724e-01 2.080099172172558408e-01
7.119822428460492736e-02 5.972200524436646063e-01 2.017488319601776492e-01
7.119822428460492736e-02 5.972200524436646063e-01 2.017488319601776492e-01
7.119822428460492736e-02 5.972200524436646063e-01 2.017488319601776492e-01
7.119822428460492736e-02 5.972200524436646063e-01 2.017488319601776492e-01
7.119822428460492736e-02 5.972200524436646063e-01 2.017488319601776492e-01
7.119822428460492736e-02 5.972200524436646063e-01 2.017488319601776492e-01
7.119822428460492736e-02 5.972200524436646063e-01 2.017488319601776492e-01
7.119822428460492736e-02 5.972200524436646063e-01 2.017488319601776492e-01
2.027068870711686704e-02 6.276170546140651396e-01 2.056631926439612124e-01
2.027068870711686704e-02 6.276170546140651396e-01 2.056631926439612124e-01
2.027068870711686704e-02 6.276170546140651396e-01 2.056631926439612124e-01
3.974677552819899096e-01 5.979089133662388589e-01 2.203562475957219768e-01
3.336399623873737008e-01 6.648843234731353080e-01 2.144573213090198438e-01
3.336399623873737008e-01 6.648843234731353080e-01 2.144573213090198438e-01
3.336399623873737008e-01 6.648843234731353080e-01 2.144573213090198438e-01
3.336399623873737008e-01 6.648843234731353080e-01 2.144573213090198438e-01
3.336399623873737008e-01 6.648843234731353080e-01 2.144573213090198438e-01
3.336399623873737008e-01 6.648843234731353080e-01 2.144573213090198438e-01
3.336399623873737008e-01 6.648843234731353080e-01 2.144573213090198438e-01
3.309437328231169539e-01 6.160559047479053918e-01 2.340528816199555218e-01
3.309437328231169539e-01 6.160559047479053918e-01 2.340528816199555218e-01
3.309437328231169539e-01 6.160559047479053918e-01 2.340528816199555218e-01
-1.462082325064323340e-02 4.647344988883710948e-01 5.957321409765560516e-02
-5.361378431128901306e-02 5.796008804062777742e-01 1.313356158447471222e-01
-5.361378431128901306e-02 5.796008804062777742e-01 1.313356158447471222e-01
-4.280902352385383691e-02 8.290733659147309087e-01 2.290719421669108469e-01
7.875937485400198723e-02 4.226496959649012064e-01 6.116414537313783623e-02
4.418208246338443113e-01 3.044183476757988949e-01 8.167947458895459534e-02
4.418208246338443113e-01 3.044183476757988949e-01 8.167947458895459534e-02
9.202695487005260189e-01 2.448244186420679425e-01 9.277628868150786245e-02
9.202695487005260189e-01 2.448244186420679425e-01 9.277628868150786245e-02
9.202695487005260189e-01 2.448244186420679425e-01 9.277628868150786245e-02
