2.489132485845457765e-01 1.481402749648903505e-01 1.633269276171053601e-03
2.489132485845457765e-01 1.481402749648903505e-01 1.633269276171053601e-03
2.489132485845457765e-01 1.481402749648903505e-01 1.633269276171053601e-03
2.489132485845457765e-01 1.481402749648903505e-01 1.633269276171053601e-03
5.729329210367690717e-01 4.839833492989373265e-01 7.457811395482739913e-02
7.976725455803558296e-01 5.039606963108010929e-01 7.532508901998438700e-02
7.976725455803558296e-01 5.039606963108010929e-01 7.532508901998438700e-02
1.145695861168895879e+00 5.519995172517361270e-02 4.461395218641124594e-02
1.114110486968881375e+00 4.154302803608418970e-01 5.754817259023178866e-02
1.114110486968881375e+00 4.154302803608418970e-01 5.754817259023178866e-02
8.789330265557370181e-01 3.349565257241652327e-01 7.353669524075027997e-02
8.789330265557370181e-01 3.349565257241652327e-01 7.353669524075027997e-02
6.349046942542475591e-01 3.794497671582106602e-01 6.191746348717665910e-02
6.349046942542475591e-01 3.794497671582106602e-01 6.191746348717665910e-02
6.349046942542475591e-01 3.794497671582106602e-01 6.191746348717665910e-02
6.349046942542475591e-01 3.794497671582106602e-01 6.191746348717665910e-02
2.103365522737222215e-01 5.901115266748105936e-01 5.620684550046278760e-02
4.328903173788741787e-01 4.656946004174918330e-01 5.710873670055365003e-02
2.742192050126966429e-01 4.803778429360232027e-01 4.037717968049125972e-02
6.863356484932947588e-01 5.467896192527057497e-01 7.790904572257494054e-02
5.854257103582231059e-01 6.378215063637945326e-01 7.439208998104751558e-02
5.854257103582231059e-01 6.378215063637945326e-01 7.439208998104751558e-02
5.854257103582231059e-01 6.378215063637945326e-01 7.439208998104751558e-02
5.854257103582231059e-01 6.378215063637945326e-01 7.439208998104751558e-02
5.854257103582231059e-01 6.378215063637945326e-01 7.439208998104751558e-02
4.189835005941692225e-01 4.790580199226009417e-01 5.833147807501688070e-02
5.049300073611528994e-02 6.842529691955324678e-01 5.526907415056492301e-02
5.049300073611528994e-02 6.842529691955324678e-01 5.526907415056492301e-02
5.049300073611528994e-02 6.842529691955324678e-01 5.526907415056492301e-02
5.049300073611528994e-02 6.842529691955324678e-01 5.526907415056492301e-02
-2.603848709538406636e-01 7.962265579053577902e-01 3.819962146762703736e-02
-2.603848709538406636e-01 7.962265579053577902e-01 3.819962146762703736e-02
9.598226280529814636e-02 9.846339996031283626e-01 5.429834183870446696e-02
9.598226280529814636e-02 9.846339996031283626e-01 5.429834183870446696e-02
-5.086480736177989570e-01 1.158341508235977813e+00 5.290251214152856540e-02
-4.950178117078868345e-01 1.524767338180226250e+00 9.647777994042375932e-03
-4.950178117078868345e-01 1.524767338180226250e+00 9.647777994042375932e-03
-5.894881234694865357e-01 1.294739476757515551e+00 4.330287616621859847e-02
-9.941779300536517372e-01 1.464420802063301386e+00 3.200223327708220933e-02
-8.626540396228870033e-01 1.169776943712743433e+00 2.920854309188875703e-02
-6.822622578629460310e-01 1.058310457847094099e+00 3.279756717276995082e-02
-3.818855962446302543e-01 8.382894878764026725e-01 3.160327146763586975e-02
-3.522267905352364226e-01 9.879141245874287769e-01 5.633228278141715756e-02
-2.553768261822602637e-01 1.182329188278335330e+00 4.437091428370257967e-02
-2.678473847702667610e-01 1.233882397410263287e+00 3.605099294341582161e-02
-5.959327115315403711e-01 1.275492477952641091e+00 4.531958740761287546e-02
-5.959327115315403711e-01 1.275492477952641091e+00 4.531958740761287546e-02
-7.727575686154777301e-01 1.349402735042394053e+00 4.009579915708105097e-02
-2.896750632456472907e-01 1.257100314104256711e+00 3.354151308120084662e-02
3.979404050860391173e-02 1.023599070073987427e+00 5.142297283203133007e-02
3.979404050860391173e-02 1.023599070073987427e+00 5.142297283203133007e-02
3.979404050860391173e-02 1.023599070073987427e+00 5.142297283203133007e-02
7.025485979760254240e-02 1.060152955251963292e+00 4.097024086271221222e-02
7.025485979760254240e-02 1.060152955251963292e+00 4.097024086271221222e-02
-6.809534753235952920e-01 1.278134014953518083e+00 4.492654603456011642e-02
-6.117551222303438951e-01 1.263508528814028420e+00 4.636117517022230600e-02
-7.173900728280022676e-01 1.092105739939153386e+00 3.359986127245159077e-02
-8.104105405840248411e-01 1.351511541276237516e+00 3.959336456376991858e-02
-6.995414334490974717e-01 1.261091576223629884e+00 4.506865322394257994e-02
-6.995414334490974717e-01 1.261091576223629884e+00 4.506865322394257994e-02
-6.995414334490974717e-01 1.261091576223629884e+00 4.506865322394257994e-02
-5.206789052928321171e-01 1.453686751706645630e+00 1.832877016528145636e-02
-5.206789052928321171e-01 1.453686751706645630e+00 1.832877016528145636e-02
-7.272503168756934144e-01 1.471620375896248945e+00 2.630571837164865506e-02
-7.272503168756934144e-01 1.471620375896248945e+00 2.630571837164865506e-02
-7.272503168756934144e-01 1.471620375896248945e+00 2.630571837164865506e-02
-6.493395264205700235e-01 1.189439019173884393e+00 4.698774286493213187e-02
-1.562806818557116451e-01 1.155964215022631691e+00 4.187646371110499699e-02
1.378443119863844712e-01 1.084687744485058225e+00 2.952161085688213490e-02
1.378443119863844712e-01 1.084687744485058225e+00 2.952161085688213490e-02
1.378443119863844712e-01 1.084687744485058225e+00 2.952161085688213490e-02
-2.180068676911210979e-01 1.238802747664848436e+00 3.139124222158289762e-02
-2.180068676911210979e-01 1.238802747664848436e+00 3.139124222158289762e-02
-1.835769848005346372e-01 1.245598586928004847e+00 2.754874693859596380e-02
-1.835769848005346372e-01 1.245598586928004847e+00 2.754874693859596380e-02
-1.835769848005346372e-01 1.245598586928004847e+00 2.754874693859596380e-02
-1.572989992238922607e-01 1.248561157873129046e+00 2.505265269344190276e-02
-1.572989992238922607e-01 1.248561157873129046e+00 2.505265269344190276e-02
-3.558136548577678360e-02 1.136005583902580884e+00 3.544556662660511281e-02
-3.558136548577678360e-02 1.136005583902580884e+00 3.544556662660511281e-02
-2.295026880888768051e-01 7.156327888646067947e-01 2.745213625285512771e-02
-2.295026880888768051e-01 7.156327888646067947e-01 2.745213625285512771e-02
-2.428429797287500469e-01 1.156544122544151065e+00 4.801174621495152284e-02
-3.247694262364872464e-01 1.178485562130339614e+00 4.906579677593057159e-02
-2.391792927420947623e-01 8.062338429657029959e-01 4.254406950746280475e-02
-2.391792927420947623e-01 8.062338429657029959e-01 4.254406950746280475e-02
-2.391792927420947623e-01 8.062338429657029959e-01 4.254406950746280475e-02
-5.826876051246973609e-02 8.517953281812695732e-01 6.800911618757961297e-02
6.158723902649089199e-01 6.956992124278474909e-01 6.115905305495232536e-02
8.349768777560347965e-01 2.699174690251131548e-01 5.976815474951358009e-02
1.194550232476284668e+00 9.783510087750935114e-02 5.655923810578471211e-02
1.864731890338091613e+00 8.124959101465500932e-02 2.701478887072409837e-02
1.556016224379440649e+00 -5.099113831818505305e-02 5.105773724006538311e-02
1.556016224379440649e+00 -5.099113831818505305e-02 5.105773724006538311e-02
1.556016224379440649e+00 -5.099113831818505305e-02 5.105773724006538311e-02
1.556016224379440649e+00 -5.099113831818505305e-02 5.105773724006538311e-02
1.556016224379440649e+00 -5.099113831818505305e-02 5.105773724006538311e-02
1.556016224379440649e+00 -5.099113831818505305e-02 5.105773724006538311e-02
7.651861577599241571e-01 1.876735214918873462e-01 3.422804388946013021e-02
1.236523384056683827e+00 7.145800162106408226e-02 5.477447733112368600e-02
