2.489132485845457765e-01 1.481402749648903505e-01 2.030023578494586159e-03
-3.903891077407040111e-02 6.339243302895168908e-01 6.291593079310522918e-02
-3.903891077407040111e-02 6.339243302895168908e-01 6.291593079310522918e-02
2.631443717469840182e-01 6.801142556968606812e-01 1.046175419735627388e-01
-1.151325298968092770e-01 9.083539750544141755e-01 1.400374641407593490e-01
-1.151325298968092770e-01 9.083539750544141755e-01 1.400374641407593490e-01
-1.151325298968092770e-01 9.083539750544141755e-01 1.400374641407593490e-01
-1.151325298968092770e-01 9.083539750544141755e-01 1.400374641407593490e-01
-1.151325298968092770e-01 9.083539750544141755e-01 1.400374641407593490e-01
-1.151325298968092770e-01 9.083539750544141755e-01 1.400374641407593490e-01
-1.943608179687235094e-01 7.401061575944659632e-01 7.574644359860585596e-02
-2.071436926577230608e-01 7.162250512917669454e-01 6.310500735759143331e-02
2.718944162130928488e-01 8.035972535550567342e-01 9.356050628407669434e-02
5.176939956074189109e-01 6.374475275654032380e-01 7.503715269462191140e-02
3.353761548469375020e-01 5.930003902555023299e-01 9.160149056288810487e-02
5.554610812959628330e-01 4.670068703364483875e-01 7.079487611491272481e-02
5.561041883124162588e-01 5.125867644656323385e-01 7.515683131342454359e-02
5.561041883124162588e-01 5.125867644656323385e-01 7.515683131342454359e-02
6.149819776810182548e-01 6.124511097827207706e-01 6.195191789862702220e-02
6.300943242494998486e-01 8.572712812863462206e-01 1.480321615773691479e-02
6.300943242494998486e-01 8.572712812863462206e-01 1.480321615773691479e-02
6.979699927612589283e-01 6.741259828767368623e-01 3.637208600015871818e-02
4.861704702376307141e-01 5.487321974717136452e-01 8.179303120357019063e-02
4.861704702376307141e-01 5.487321974717136452e-01 8.179303120357019063e-02
4.861704702376307141e-01 5.487321974717136452e-01 8.179303120357019063e-02
4.861704702376307141e-01 5.487321974717136452e-01 8.179303120357019063e-02
2.293127481111160715e-01 5.823897483281879062e-01 8.367284850580924971e-02
4.665309499049632991e-02 8.754770050692310956e-01 1.245389292312986812e-01
4.665309499049632991e-02 8.754770050692310956e-01 1.245389292312986812e-01
-2.532099335978680310e-01 7.402168104800790349e-01 6.334572162856871858e-02
-2.532099335978680310e-01 7.402168104800790349e-01 6.334572162856871858e-02
-2.532099335978680310e-01 7.402168104800790349e-01 6.334572162856871858e-02
-3.159666015893964341e-01 9.495423599013251836e-01 1.380110260863505467e-01
-1.555769051200273922e-01 8.830443310420070802e-01 1.358740685774120216e-01
-1.555769051200273922e-01 8.830443310420070802e-01 1.358740685774120216e-01
3.739818834917868484e-01 7.483659714131678520e-01 8.358384525049628033e-02
4.602124860251446958e-01 4.389590780461661845e-01 6.281562117416812641e-02
4.810673737713099807e-01 4.692062090803718055e-01 7.062370325595364318e-02
4.810673737713099807e-01 4.692062090803718055e-01 7.062370325595364318e-02
4.810673737713099807e-01 4.692062090803718055e-01 7.062370325595364318e-02
4.810673737713099807e-01 4.692062090803718055e-01 7.062370325595364318e-02
1.445771188395583162e-01 9.508566088471817057e-01 8.225444925380587247e-02
1.445771188395583162e-01 9.508566088471817057e-01 8.225444925380587247e-02
-1.354734871106494931e-01 8.784865157472007136e-01 1.359638497225590936e-01
-1.003688601718871476e-01 9.578926061952792725e-01 1.369978489887149209e-01
-3.764583000367902610e-01 8.047579569248686227e-01 6.335425238011761773e-02
-3.764583000367902610e-01 8.047579569248686227e-01 6.335425238011761773e-02
-3.764583000367902610e-01 8.047579569248686227e-01 6.335425238011761773e-02
1.931322071092836934e-01 9.123454895322469227e-01 8.240884647268956198e-02
1.931322071092836934e-01 9.123454895322469227e-01 8.240884647268956198e-02
1.931322071092836934e-01 9.123454895322469227e-01 8.240884647268956198e-02
-3.004036796354158656e-01 8.872854479540663863e-01 1.176119556587353343e-01
2.975140177436755295e-01 7.956880910252475125e-01 8.973074558859810146e-02
2.975140177436755295e-01 7.956880910252475125e-01 8.973074558859810146e-02
2.975140177436755295e-01 7.956880910252475125e-01 8.973074558859810146e-02
-4.537534058640452228e-02 7.541915018199460974e-01 1.088074232041155442e-01
6.058876370357710872e-01 4.533826090598694902e-01 6.795883923871966215e-02
6.058876370357710872e-01 4.533826090598694902e-01 6.795883923871966215e-02
4.278065918497512277e-01 7.589603379763039115e-01 6.967806162668810366e-02
3.586250335316141236e-01 5.608672558315002110e-01 8.590407846396543035e-02
3.586250335316141236e-01 5.608672558315002110e-01 8.590407846396543035e-02
3.586250335316141236e-01 5.608672558315002110e-01 8.590407846396543035e-02
6.583874817969574966e-01 4.344235816090339930e-01 6.417998701894984948e-02
6.583874817969574966e-01 4.344235816090339930e-01 6.417998701894984948e-02
6.583874817969574966e-01 4.344235816090339930e-01 6.417998701894984948e-02
6.583874817969574966e-01 4.344235816090339930e-01 6.417998701894984948e-02
7.600342416729658490e-01 4.420380938548869043e-01 5.692394936003460082e-02
7.600342416729658490e-01 4.420380938548869043e-01 5.692394936003460082e-02
6.434369723439671285e-01 5.863767360523937100e-01 6.097303207587811968e-02
6.434369723439671285e-01 5.863767360523937100e-01 6.097303207587811968e-02
6.434369723439671285e-01 5.863767360523937100e-01 6.097303207587811968e-02
4.025573739291127273e-01 5.244772968413440317e-01 7.961750638520168066e-02
4.025573739291127273e-01 5.244772968413440317e-01 7.961750638520168066e-02
3.410848707598133633e-01 4.592760844324959013e-01 5.798766492104833609e-02
5.144545472515209550e-01 6.048570847283271101e-01 7.885226662528332930e-02
5.144545472515209550e-01 6.048570847283271101e-01 7.885226662528332930e-02
8.565195908770122379e-01 5.239924999131867489e-01 3.704224208491892906e-02
6.004174428681874343e-01 3.540309418718765588e-01 5.162555760956750311e-02
6.004174428681874343e-01 3.540309418718765588e-01 5.162555760956750311e-02
1.080138115116531683e+00 3.318073425787709252e-01 3.015755759536405470e-02
5.220551473092071015e-01 4.079695499667345127e-01 5.922923309535699232e-02
5.220551473092071015e-01 4.079695499667345127e-01 5.922923309535699232e-02
5.220551473092071015e-01 4.079695499667345127e-01 5.922923309535699232e-02
5.220551473092071015e-01 4.079695499667345127e-01 5.922923309535699232e-02
5.220551473092071015e-01 4.079695499667345127e-01 5.922923309535699232e-02
6.570054119641535184e-01 4.009761847938686508e-01 6.076020367823514040e-02
2.826497524379401605e-01 5.286428640864156980e-01 7.263828873847033574e-02
2.957083847486728367e-01 4.895108504822409112e-01 6.207021701191054591e-02
2.957083847486728367e-01 4.895108504822409112e-01 6.207021701191054591e-02
2.730702222225560583e-01 3.275972933910193396e-01 1.845230048001850892e-02
-1.762766063201727240e-01 5.701537202511177682e-01 2.234058638347663495e-02
-1.389109569629223828e-01 5.106572053150570945e-01 1.497813340057945093e-02
-3.243877319077613786e-01 6.474912587212287018e-01 2.204990135220057795e-02
-3.243877319077613786e-01 6.474912587212287018e-01 2.204990135220057795e-02
-3.243877319077613786e-01 6.474912587212287018e-01 2.204990135220057795e-02
-2.191463206950949316e-01 6.316631190943169383e-01 3.187585783902406600e-02
-2.191463206950949316e-01 6.316631190943169383e-01 3.187585783902406600e-02
2.389509878448317637e-01 5.326944191148197394e-01 6.905679779899713544e-02
2.389509878448317637e-01 5.326944191148197394e-01 6.905679779899713544e-02
3.011736847115205062e-01 7.265195852330620374e-01 1.002912663221800227e-01
