2.489132485845457765e-01 1.481402749648903505e-01 2.673657951829840063e-03
3.797587277854477250e-01 8.540161927883777038e-02 2.548427370365769981e-03
5.269488327274066686e-01 1.888092925413856760e-01 2.501574340193867679e-02
4.442536437241592084e-01 4.337814966624546353e-01 1.400632411505468855e-01
4.442536437241592084e-01 4.337814966624546353e-01 1.400632411505468855e-01
2.896768145213679535e-01 2.351540999912117014e-01 1.215163310404704725e-02
4.079446096808910238e-01 5.750933063889686059e-01 2.197927046188532796e-01
4.079446096808910238e-01 5.750933063889686059e-01 2.197927046188532796e-01
4.079446096808910238e-01 5.750933063889686059e-01 2.197927046188532796e-01
4.079446096808910238e-01 5.750933063889686059e-01 2.197927046188532796e-01
4.079446096808910238e-01 5.750933063889686059e-01 2.197927046188532796e-01
4.079446096808910238e-01 5.750933063889686059e-01 2.197927046188532796e-01
4.079446096808910238e-01 5.750933063889686059e-01 2.197927046188532796e-01
4.166087810557733695e-02 8.125581567130749638e-01 2.149599298839692529e-01
4.166087810557733695e-02 8.125581567130749638e-01 2.149599298839692529e-01
4.166087810557733695e-02 8.125581567130749638e-01 2.149599298839692529e-01
4.166087810557733695e-02 8.125581567130749638e-01 2.149599298839692529e-01
-2.640962982428640693e-02 8.555836363147982793e-01 2.069052194620653040e-01
-2.640962982428640693e-02 8.555836363147982793e-01 2.069052194620653040e-01
-2.640962982428640693e-02 8.555836363147982793e-01 2.069052194620653040e-01
-2.640962982428640693e-02 8.555836363147982793e-01 2.069052194620653040e-01
-8.190334766115080489e-01 1.268865342373523442e+00 8.495508080428385012e-02
-8.427860309795850435e-01 1.127611282581955754e+00 8.214618256968903021e-02
-7.998510705715300428e-01 1.078123347537045307e+00 8.123464859270866645e-02
-7.998510705715300428e-01 1.078123347537045307e+00 8.123464859270866645e-02
-7.998510705715300428e-01 1.078123347537045307e+00 8.123464859270866645e-02
-7.998510705715300428e-01 1.078123347537045307e+00 8.123464859270866645e-02
-7.998510705715300428e-01 1.078123347537045307e+00 8.123464859270866645e-02
-7.998510705715300428e-01 1.078123347537045307e+00 8.123464859270866645e-02
-7.998510705715300428e-01 1.078123347537045307e+00 8.123464859270866645e-02
-7.567381747506695122e-01 1.298665476607103297e+00 7.855431077675990859e-02
-7.567381747506695122e-01 1.298665476607103297e+00 7.855431077675990859e-02
-7.567381747506695122e-01 1.298665476607103297e+00 7.855431077675990859e-02
-7.567381747506695122e-01 1.298665476607103297e+00 7.855431077675990859e-02
-9.673520903709614815e-01 1.450543094621647544e+00 4.347787269374026736e-02
-1.044565545498650661e+00 1.416844734540631201e+00 5.133562885644495088e-02
-1.044565545498650661e+00 1.416844734540631201e+00 5.133562885644495088e-02
-9.428931272512037776e-01 9.358474118315682766e-01 1.941692456543300110e-02
-9.428931272512037776e-01 9.358474118315682766e-01 1.941692456543300110e-02
-8.696873038216028640e-01 1.110495992617165584e+00 7.319411938070752299e-02
-8.696873038216028640e-01 1.110495992617165584e+00 7.319411938070752299e-02
-8.696873038216028640e-01 1.110495992617165584e+00 7.319411938070752299e-02
-8.033480013305142053e-01 1.279322182729464075e+00 8.342869287459306338e-02
-5.094430604060493639e-01 1.178803588802864288e+00 1.114784003568285581e-01
-4.138757479474568513e-01 9.686954713222102331e-01 1.502926150048872755e-01
-4.138757479474568513e-01 9.686954713222102331e-01 1.502926150048872755e-01
-4.138757479474568513e-01 9.686954713222102331e-01 1.502926150048872755e-01
-4.138757479474568513e-01 9.686954713222102331e-01 1.502926150048872755e-01
-4.138757479474568513e-01 9.686954713222102331e-01 1.502926150048872755e-01
-5.978880565755221310e-01 1.088156741053206922e+00 1.250580742321246996e-01
-8.509032867162291680e-01 1.463289889282071599e+00 3.495742217592514439e-02
-8.509032867162291680e-01 1.463289889282071599e+00 3.495742217592514439e-02
-9.359154522016916999e-01 1.486450616430651017e+00 3.385383724235754149e-02
-9.359154522016916999e-01 1.486450616430651017e+00 3.385383724235754149e-02
-9.359154522016916999e-01 1.486450616430651017e+00 3.385383724235754149e-02
-9.359154522016916999e-01 1.486450616430651017e+00 3.385383724235754149e-02
-8.187074725388856500e-01 1.170202375938005135e+00 9.164428117382303340e-02
-4.443994563169627043e-01 1.172596374390839413e+00 1.095973242238276607e-01
-4.443994563169627043e-01 1.172596374390839413e+00 1.095973242238276607e-01
-3.307238627316903545e-01 9.016289270813560019e-01 1.553644403662062523e-01
-4.461357532980277929e-01 9.180931550214512793e-01 1.270051142088442775e-01
-4.559169704174788063e-01 7.550017758809267621e-01 5.152983115097215655e-02
-1.255726361481849684e+00 1.073575023989323363e+00 1.058728277360647743e-02
-1.255726361481849684e+00 1.073575023989323363e+00 1.058728277360647743e-02
-1.096063105890072054e+00 1.401956016888339374e+00 5.220494202390241895e-02
-8.984420962308405922e-01 1.471985540769096712e+00 3.542282678541616020e-02
-1.341113471576892202e+00 1.487591525501544165e+00 3.353823405358842547e-02
-1.316984851445594629e+00 1.516366370069067271e+00 3.230127039147432516e-02
-7.976734403639996751e-01 1.410811060762301672e+00 4.600734119446476394e-02
-5.306248822904360285e-01 1.136373113754459041e+00 1.257302681060887273e-01
-5.306248822904360285e-01 1.136373113754459041e+00 1.257302681060887273e-01
-6.569571985881370590e-01 1.271749139762278435e+00 8.389189844638363092e-02
-6.367706433125294163e-01 1.197365233951376506e+00 1.071476320779147923e-01
-5.502604247058917597e-01 1.234805321757975749e+00 9.133120856275103727e-02
-5.502604247058917597e-01 1.234805321757975749e+00 9.133120856275103727e-02
-5.502604247058917597e-01 1.234805321757975749e+00 9.133120856275103727e-02
-5.502604247058917597e-01 1.234805321757975749e+00 9.133120856275103727e-02
-5.502604247058917597e-01 1.234805321757975749e+00 9.133120856275103727e-02
-5.825704899090656808e-01 1.042344038806440887e+00 1.241200191711702844e-01
-6.346694208829573025e-02 9.937753798826248763e-01 1.544203442325094711e-01
-6.346694208829573025e-02 9.937753798826248763e-01 1.544203442325094711e-01
-6.600505726433838483e-01 1.214372370815507862e+00 1.022379506087040257e-01
-6.600505726433838483e-01 1.214372370815507862e+00 1.022379506087040257e-01
-6.600505726433838483e-01 1.214372370815507862e+00 1.022379506087040257e-01
-6.600505726433838483e-01 1.214372370815507862e+00 1.022379506087040257e-01
-6.600505726433838483e-01 1.214372370815507862e+00 1.022379506087040257e-01
-1.134578784156080156e+00 1.293206066392329934e+00 5.251945658164092201e-02
-1.275467050986658357e+00 1.380166310315966038e+00 4.043190569916959437e-02
-1.275467050986658357e+00 1.380166310315966038e+00 4.043190569916959437e-02
-1.216292447335180604e+00 1.640348788769548261e+00 1.657591530630434656e-02
-1.216292447335180604e+00 1.640348788769548261e+00 1.657591530630434656e-02
-1.216292447335180604e+00 1.640348788769548261e+00 1.657591530630434656e-02
-1.127651406377297771e+00 1.372085882781323374e+00 5.318557139988336346e-02
-7.681576189599236271e-01 1.241860684244612933e+00 9.241575300889916245e-02
-7.681576189599236271e-01 1.241860684244612933e+00 9.241575300889916245e-02
-7.917585878609472161e-01 1.257236009176780245e+00 8.838240935510280338e-02
-7.917585878609472161e-01 1.257236009176780245e+00 8.838240935510280338e-02
-7.917585878609472161e-01 1.257236009176780245e+00 8.838240935510280338e-02
-7.917585878609472161e-01 1.257236009176780245e+00 8.838240935510280338e-02
-7.468575531394816558e-01 1.258944750862807993e+00 8.939591641730368354e-02
