2.489132485845457765e-01 1.481402749648903505e-01 1.373519033255475325e-03
2.489132485845457765e-01 1.481402749648903505e-01 1.373519033255475325e-03
2.489132485845457765e-01 1.481402749648903505e-01 1.373519033255475325e-03
4.557874958568362556e-01 2.446958666177707076e-01 1.046624144295491346e-02
9.133637532076992471e-01 3.497588176697608575e-01 2.456978072507816357e-02
9.133637532076992471e-01 3.497588176697608575e-01 2.456978072507816357e-02
6.709865746035009737e-01 3.133754546724586976e-01 2.505381529921838282e-02
8.382089867892698054e-01 4.334944603789019357e-01 2.395869776372298865e-02
8.382089867892698054e-01 4.334944603789019357e-01 2.395869776372298865e-02
8.382089867892698054e-01 4.334944603789019357e-01 2.395869776372298865e-02
7.629487867170257065e-01 2.020357422451913298e-01 2.039306899851254726e-02
7.629487867170257065e-01 2.020357422451913298e-01 2.039306899851254726e-02
7.629487867170257065e-01 2.020357422451913298e-01 2.039306899851254726e-02
7.629487867170257065e-01 2.020357422451913298e-01 2.039306899851254726e-02
5.630900892282230119e-01 1.763210971726655862e-01 1.005898564396357636e-02
5.766696610206192286e-01 3.644624426752496316e-01 2.542807086885107495e-02
5.041231012296860658e-01 2.905472118802805981e-01 1.628142817713248980e-02
5.041231012296860658e-01 2.905472118802805981e-01 1.628142817713248980e-02
6.277816981810443453e-01 2.598611391251051117e-01 1.944947684615238800e-02
8.282157315223710459e-01 3.993983126329871958e-01 2.588394846149235512e-02
6.586333188941573269e-01 3.450499995491361216e-01 2.657801072948530116e-02
6.586333188941573269e-01 3.450499995491361216e-01 2.657801072948530116e-02
5.662290285477786789e-01 5.912929987495125772e-01 2.765818894925419283e-02
5.662290285477786789e-01 5.912929987495125772e-01 2.765818894925419283e-02
4.176442007478910479e-01 9.203833118261395274e-01 1.015992519492103438e-02
4.176442007478910479e-01 9.203833118261395274e-01 1.015992519492103438e-02
-3.303839828499250397e-01 1.075101417988569619e+00 3.072326991469050486e-02
-4.968995316244951832e-01 9.034780594589790770e-01 1.420633479141332652e-02
-4.968995316244951832e-01 9.034780594589790770e-01 1.420633479141332652e-02
-5.895141602742234310e-01 8.418597325796071118e-01 6.093029052376249845e-03
-5.022397646697910334e-01 1.193930253803533237e+00 2.874957728530730741e-02
-5.586706747056189304e-01 1.351519806469141383e+00 2.242086898122493469e-02
-3.963077064967521768e-01 1.126779421064276754e+00 2.994839166803419175e-02
-3.963077064967521768e-01 1.126779421064276754e+00 2.994839166803419175e-02
-5.602290739796077501e-01 1.323287247293658098e+00 2.431934744836013879e-02
-9.122790524500219433e-01 1.473014419862409774e+00 2.242103228112592508e-02
-1.018225695970563338e+00 1.353046145937228495e+00 1.739297249140861826e-02
-1.018225695970563338e+00 1.353046145937228495e+00 1.739297249140861826e-02
-9.197395169469526621e-01 1.402109666387156173e+00 2.268178056897104250e-02
-8.242048478916975673e-01 1.504991946065668884e+00 2.011531654970744390e-02
-1.063859446813988585e+00 1.565418443001665993e+00 2.002458430156253341e-02
-1.063859446813988585e+00 1.565418443001665993e+00 2.002458430156253341e-02
-1.187637628310901139e+00 1.647524235262310510e+00 1.792030750403659015e-02
-1.187637628310901139e+00 1.647524235262310510e+00 1.792030750403659015e-02
-1.187637628310901139e+00 1.647524235262310510e+00 1.792030750403659015e-02
-1.187637628310901139e+00 1.647524235262310510e+00 1.792030750403659015e-02
-1.121328328006057085e+00 1.443277327285301448e+00 1.709599565748052066e-02
-8.366683019380806163e-01 1.602071965526531194e+00 1.423690128411682874e-02
-7.998102981546548751e-01 1.575286392283496983e+00 1.483254756640553160e-02
-7.998102981546548751e-01 1.575286392283496983e+00 1.483254756640553160e-02
-7.998102981546548751e-01 1.575286392283496983e+00 1.483254756640553160e-02
-8.676086445175594797e-01 1.319053781203044506e+00 2.225256187448443335e-02
-8.676086445175594797e-01 1.319053781203044506e+00 2.225256187448443335e-02
-1.192738871992051086e+00 1.403081506465654549e+00 1.218548688642372667e-02
-1.157054218305487048e+00 1.361398566314746539e+00 1.156823748462956769e-02
-1.352717909587938916e+00 1.199214842437640982e+00 1.125701297469068260e-03
-1.075166868100829287e+00 1.460545310809451713e+00 1.937539999032396321e-02
-1.075166868100829287e+00 1.460545310809451713e+00 1.937539999032396321e-02
-1.075166868100829287e+00 1.460545310809451713e+00 1.937539999032396321e-02
-1.194886240481391138e+00 1.677458198783445598e+00 1.721379447730194204e-02
-1.194886240481391138e+00 1.677458198783445598e+00 1.721379447730194204e-02
-1.063198780675196575e+00 1.678365153297680878e+00 1.569805513338018085e-02
-1.383968718750049787e+00 1.781576135454416399e+00 1.461344557079124855e-02
-1.490979176100613035e+00 1.463303281233417019e+00 4.511812544652949071e-03
-1.490979176100613035e+00 1.463303281233417019e+00 4.511812544652949071e-03
-1.473086969654734180e+00 1.743898927948084099e+00 1.367174514922776113e-02
-1.473086969654734180e+00 1.743898927948084099e+00 1.367174514922776113e-02
-1.062677081968702364e+00 1.868616677890275524e+00 5.675553038536952991e-03
-1.245868705560127410e+00 1.907280216265206496e+00 7.945954186877896702e-03
-1.245868705560127410e+00 1.907280216265206496e+00 7.945954186877896702e-03
-1.245868705560127410e+00 1.907280216265206496e+00 7.945954186877896702e-03
-1.855902977281153943e+00 1.874808476437709093e+00 6.981789008202734896e-03
-1.603781983897194729e+00 1.826934544565633090e+00 1.177117664469201630e-02
-1.107500105695674808e+00 1.658182086001483979e+00 1.733574262407336017e-02
-1.257712707244750261e+00 1.685819401424943242e+00 1.688621006773617997e-02
-1.257712707244750261e+00 1.685819401424943242e+00 1.688621006773617997e-02
-1.257712707244750261e+00 1.685819401424943242e+00 1.688621006773617997e-02
-1.023479678525368808e+00 1.507008186822848872e+00 2.110924607299553835e-02
-1.023479678525368808e+00 1.507008186822848872e+00 2.110924607299553835e-02
-1.193970887968536676e+00 1.583443445001839311e+00 1.824127298493885899e-02
-1.063577420212520108e+00 1.594524369589291668e+00 1.929796403950004638e-02
-1.083521628017120930e+00 1.255370630400846066e+00 9.034391609878622553e-03
-1.083521628017120930e+00 1.255370630400846066e+00 9.034391609878622553e-03
-1.083521628017120930e+00 1.255370630400846066e+00 9.034391609878622553e-03
-1.252743256849591980e+00 1.651677739428546454e+00 1.729368516683491008e-02
-1.252743256849591980e+00 1.651677739428546454e+00 1.729368516683491008e-02
-1.252743256849591980e+00 1.651677739428546454e+00 1.729368516683491008e-02
-1.551838515216451553e+00 1.754568934604170405e+00 1.199570640305133024e-02
-1.551838515216451553e+00 1.754568934604170405e+00 1.199570640305133024e-02
-1.588117155571603378e+00 1.410228933114597183e+00 1.624077881028293101e-03
-1.231134370038713177e+00 1.683443365243984413e+00 1.704740277873758106e-02
-1.231134370038713177e+00 1.683443365243984413e+00 1.704740277873758106e-02
-1.088396551598135531e+00 1.688615147479740619e+00 1.565718277702548428e-02
-1.088396551598135531e+00 1.688615147479740619e+00 1.565718277702548428e-02
-1.011787427362639047e+00 1.617199044039743239e+00 1.785894805663826301e-02
-1.441517079483392472e+00 1.770874409472088518e+00 1.427141375047588125e-02
-1.441517079483392472e+00 1.770874409472088518e+00 1.427141375047588125e-02
-1.441517079483392472e+00 1.770874409472088518e+00 1.427141375047588125e-02
-1.441517079483392472e+00 1.770874409472088518e+00 1.427141375047588125e-02
-1.441517079483392472e+00 1.770874409472088518e+00 1.427141375047588125e-02
