2.489132485845457765e-01 1.481402749648903505e-01 2.550817202260912374e-03
4.496864123716219908e-01 3.056769256381189903e-01 5.422989981834372419e-02
6.357093287727590969e-01 1.039792263964408603e-01 1.461371168179437414e-02
1.226408309298513633e+00 -1.291515151844616904e-01 1.366472364919812769e-02
1.246179169260063224e+00 3.814325658763898508e-01 1.248412997550461256e-01
1.246179169260063224e+00 3.814325658763898508e-01 1.248412997550461256e-01
1.123823195563214972e+00 4.281428521478740645e-01 1.433417481488521161e-01
1.085893522112050924e+00 1.162849549322658160e-01 8.108154610673884433e-02
1.085893522112050924e+00 1.162849549322658160e-01 8.108154610673884433e-02
1.149251482422875892e+00 1.259772545188679038e-01 9.572374400900104940e-02
1.149251482422875892e+00 1.259772545188679038e-01 9.572374400900104940e-02
1.149251482422875892e+00 1.259772545188679038e-01 9.572374400900104940e-02
1.149251482422875892e+00 1.259772545188679038e-01 9.572374400900104940e-02
1.158208770751896877e+00 7.865631481935295155e-02 7.323959295946960713e-02
1.457655614959703305e+00 -1.942700086112178481e-02 6.464440955355238438e-02
1.457655614959703305e+00 -1.942700086112178481e-02 6.464440955355238438e-02
1.457655614959703305e+00 -1.942700086112178481e-02 6.464440955355238438e-02
1.773021166402969806e+00 1.504728204895913191e-01 6.120889427698814750e-02
1.302490081209514816e+00 -5.629618870685804133e-02 3.680443578369009539e-02
1.302490081209514816e+00 -5.629618870685804133e-02 3.680443578369009539e-02
1.302490081209514816e+00 -5.629618870685804133e-02 3.680443578369009539e-02
1.302490081209514816e+00 -5.629618870685804133e-02 3.680443578369009539e-02
1.302490081209514816e+00 -5.629618870685804133e-02 3.680443578369009539e-02
1.302490081209514816e+00 -5.629618870685804133e-02 3.680443578369009539e-02
1.882494657993511122e+00 1.584876258170443974e-01 4.098633411535789611e-02
1.747350273490016148e+00 2.922904868939205647e-01 3.406552419116791464e-02
1.872680960598788635e+00 -5.427105574698093404e-02 5.810786046518643527e-02
1.396933914124440346e+00 -1.349574071630426086e-01 2.354783139657599944e-02
1.400995797047192903e+00 -1.762396258063778920e-01 1.568014992325234697e-02
1.290413234098411133e+00 1.328181477303691238e-01 1.126528664635119692e-01
6.668603590722925745e-01 6.270574684313874325e-01 1.913383993799249727e-01
6.668603590722925745e-01 6.270574684313874325e-01 1.913383993799249727e-01
7.291143153875329075e-01 3.608034986082906959e-01 1.601052766537219840e-01
3.799730694071469239e-01 3.859087203887830442e-01 8.196573874635795787e-02
3.799730694071469239e-01 3.859087203887830442e-01 8.196573874635795787e-02
3.799730694071469239e-01 3.859087203887830442e-01 8.196573874635795787e-02
1.034952833193482080e-01 4.347201295329651272e-01 4.189464939877796112e-02
-2.632246049985162428e-01 6.732592653145003103e-01 6.638592702037861282e-02
1.275014025523689698e-01 7.024419615363727276e-01 2.079929115153715258e-01
1.275014025523689698e-01 7.024419615363727276e-01 2.079929115153715258e-01
1.275014025523689698e-01 7.024419615363727276e-01 2.079929115153715258e-01
5.631963851010115540e-01 6.309011496566223620e-01 2.152394743584253034e-01
7.905106917228531538e-01 4.185724304537316587e-01 1.973806647636676126e-01
9.453483553858167410e-01 4.622489891716766164e-01 1.812832613680158134e-01
1.255533743723500129e+00 6.698749438463127426e-01 1.572797913164370592e-02
1.255533743723500129e+00 6.698749438463127426e-01 1.572797913164370592e-02
1.255533743723500129e+00 6.698749438463127426e-01 1.572797913164370592e-02
1.089556422254509771e+00 5.790092439470849728e-01 7.848495545713440880e-02
1.091148519660693594e+00 2.904423940953906880e-01 1.623582297464772062e-01
1.091148519660693594e+00 2.904423940953906880e-01 1.623582297464772062e-01
1.091148519660693594e+00 2.904423940953906880e-01 1.623582297464772062e-01
1.091148519660693594e+00 2.904423940953906880e-01 1.623582297464772062e-01
1.091148519660693594e+00 2.904423940953906880e-01 1.623582297464772062e-01
1.091148519660693594e+00 2.904423940953906880e-01 1.623582297464772062e-01
1.091148519660693594e+00 2.904423940953906880e-01 1.623582297464772062e-01
1.091148519660693594e+00 2.904423940953906880e-01 1.623582297464772062e-01
9.033777282162369637e-01 4.653030958789962646e-01 1.900856431496208976e-01
9.033777282162369637e-01 4.653030958789962646e-01 1.900856431496208976e-01
1.048158292281173853e+00 4.170609425703877826e-01 1.680087081245977831e-01
1.048158292281173853e+00 4.170609425703877826e-01 1.680087081245977831e-01
1.048158292281173853e+00 4.170609425703877826e-01 1.680087081245977831e-01
8.104764703193285680e-01 3.156931277668175162e-01 1.483432674931479123e-01
8.104764703193285680e-01 3.156931277668175162e-01 1.483432674931479123e-01
8.796086345404487972e-01 4.392183975530980500e-01 1.969494879371817830e-01
8.796086345404487972e-01 4.392183975530980500e-01 1.969494879371817830e-01
9.514048214736825493e-01 3.819652932080960239e-01 1.866508930245059650e-01
6.685514100236601420e-01 1.010440032424261836e-01 1.663089685330926618e-02
5.282591140539518726e-01 1.391577394117662070e-01 1.289375103658470592e-02
5.282591140539518726e-01 1.391577394117662070e-01 1.289375103658470592e-02
9.341575247665077075e-01 -1.346381455759163015e-02 1.497603108378169068e-02
1.476429404670764445e+00 -3.461044862198950356e-02 6.063584161341296908e-02
1.412260155579521781e+00 1.413616471935834618e-01 1.148233819797355587e-01
1.412260155579521781e+00 1.413616471935834618e-01 1.148233819797355587e-01
1.412260155579521781e+00 1.413616471935834618e-01 1.148233819797355587e-01
1.412260155579521781e+00 1.413616471935834618e-01 1.148233819797355587e-01
1.412260155579521781e+00 1.413616471935834618e-01 1.148233819797355587e-01
1.045482757960648712e+00 3.214093195047684759e-01 1.710500007393412902e-01
1.045482757960648712e+00 3.214093195047684759e-01 1.710500007393412902e-01
1.045482757960648712e+00 3.214093195047684759e-01 1.710500007393412902e-01
1.045482757960648712e+00 3.214093195047684759e-01 1.710500007393412902e-01
1.443416190081137085e+00 2.151009330640872019e-01 1.152202491551481550e-01
1.733475815160242517e+00 1.675648340285388338e-01 6.536276766992686615e-02
1.733475815160242517e+00 1.675648340285388338e-01 6.536276766992686615e-02
1.733475815160242517e+00 1.675648340285388338e-01 6.536276766992686615e-02
1.868541868669475026e+00 2.717221495210566662e-01 2.196257146167962526e-02
1.770698678744215826e+00 3.311349900467807639e-01 2.287644316923295035e-02
2.004119300929269709e+00 9.550493496768769353e-02 3.407474506404628567e-02
2.004119300929269709e+00 9.550493496768769353e-02 3.407474506404628567e-02
2.176343973046376945e+00 -1.489858357440809744e-01 3.329412672636036102e-02
2.176343973046376945e+00 -1.489858357440809744e-01 3.329412672636036102e-02
2.176343973046376945e+00 -1.489858357440809744e-01 3.329412672636036102e-02
1.912088382512145301e+00 -1.382951990931024500e-01 4.600640191940627566e-02
1.912088382512145301e+00 -1.382951990931024500e-01 4.600640191940627566e-02
1.919205906413505192e+00 2.697345673534634614e-02 5.388973809425432610e-02
1.919205906413505192e+00 2.697345673534634614e-02 5.388973809425432610e-02
1.807427395508572010e+00 -9.112625141380947813e-02 5.552252905046353715e-02
1.807427395508572010e+00 -9.112625141380947813e-02 5.552252905046353715e-02
1.807427395508572010e+00 -9.112625141380947813e-02 5.552252905046353715e-02
1.807427395508572010e+00 -9.112625141380947813e-02 5.552252905046353715e-02
1.807427395508572010e+00 -9.112625141380947813e-02 5.552252905046353715e-02
