2.489132485845457765e-01 1.481402749648903505e-01 3.769885853348157925e-03
2.489132485845457765e-01 1.481402749648903505e-01 3.769885853348157925e-03
3.654077768269216042e-01 3.693887561452811052e-01 5.056302616019233559e-02
6.770006334275112669e-01 2.504789085810884552e-01 1.173876935117384446e-01
7.446608440635762438e-01 4.151032408601466606e-01 1.167205792833827388e-01
7.446608440635762438e-01 4.151032408601466606e-01 1.167205792833827388e-01
9.762868523926463427e-01 2.429818304951528729e-01 1.339052926761658546e-01
1.063401444485641223e+00 -1.843400038649539163e-01 9.084703238231250921e-02
1.156404269286370523e+00 2.302756467376368410e-01 8.324536334364036894e-02
1.156404269286370523e+00 2.302756467376368410e-01 8.324536334364036894e-02
1.168069960185920575e+00 1.243849447071476572e-01 1.253853298323639454e-01
1.168069960185920575e+00 1.243849447071476572e-01 1.253853298323639454e-01
1.168069960185920575e+00 1.243849447071476572e-01 1.253853298323639454e-01
1.179308931379242420e+00 1.249784366749543268e-01 1.213765874018000873e-01
1.752603151357943423e+00 -2.288347712478419060e-01 4.917682191548124887e-02
1.407268211189731444e+00 6.411744042319894588e-02 6.460614096921860061e-02
1.055136123771848178e+00 1.208761273625012511e-01 1.544435521660104393e-01
7.016494803818489334e-01 9.361446286228128355e-02 7.570680566221667240e-02
7.016494803818489334e-01 9.361446286228128355e-02 7.570680566221667240e-02
7.473057671165332927e-01 2.161048697352514480e-01 1.302527510246578868e-01
5.967683064611269961e-01 -7.013978734325027053e-02 1.116284543554886197e-02
9.119181614243374590e-01 4.349698455897711702e-02 1.327041306742792748e-01
9.119181614243374590e-01 4.349698455897711702e-02 1.327041306742792748e-01
9.119181614243374590e-01 4.349698455897711702e-02 1.327041306742792748e-01
9.119181614243374590e-01 4.349698455897711702e-02 1.327041306742792748e-01
1.013332049267945845e+00 -1.700439084853883620e-01 7.985246712515391143e-02
1.274951925465268587e+00 -5.166378667808020353e-01 2.732255298075060221e-02
1.149393229947987427e+00 -3.989171491278823423e-01 3.434852898374982783e-02
1.149393229947987427e+00 -3.989171491278823423e-01 3.434852898374982783e-02
1.149393229947987427e+00 -3.989171491278823423e-01 3.434852898374982783e-02
1.149393229947987427e+00 -3.989171491278823423e-01 3.434852898374982783e-02
1.149393229947987427e+00 -3.989171491278823423e-01 3.434852898374982783e-02
1.149393229947987427e+00 -3.989171491278823423e-01 3.434852898374982783e-02
1.225648421832767676e+00 -1.037715013851203127e-01 1.565065120054197623e-01
9.771670466781331443e-01 -1.140545228689730656e-01 9.155683208286913288e-02
9.771670466781331443e-01 -1.140545228689730656e-01 9.155683208286913288e-02
9.771670466781331443e-01 -1.140545228689730656e-01 9.155683208286913288e-02
7.861071225073490432e-01 -1.295498490698395455e-01 2.913893050591447736e-02
7.312184149051732529e-01 2.463676955260890311e-01 1.314124948278264093e-01
7.312184149051732529e-01 2.463676955260890311e-01 1.314124948278264093e-01
6.032379044037053939e-01 5.238782797327928842e-01 9.907451358943515640e-02
6.877862756922401566e-01 1.957173399948980430e-01 1.061944359068331678e-01
6.877862756922401566e-01 1.957173399948980430e-01 1.061944359068331678e-01
6.801634049118275849e-01 5.259471618395707981e-01 8.923716629820641066e-02
4.635838887794905272e-01 5.846371579691576059e-01 8.861928913281112707e-02
4.635838887794905272e-01 5.846371579691576059e-01 8.861928913281112707e-02
5.563434727034248795e-01 2.385966201142913912e-01 7.390997237383892249e-02
7.549726565218164431e-01 5.671160484013444414e-01 5.939114272671128236e-02
7.549726565218164431e-01 5.671160484013444414e-01 5.939114272671128236e-02
9.993043715043165021e-01 3.134002031371850294e-01 9.832803584783665618e-02
7.443150623425603962e-01 5.687502773418089408e-01 6.107885145930821297e-02
7.443150623425603962e-01 5.687502773418089408e-01 6.107885145930821297e-02
7.443150623425603962e-01 5.687502773418089408e-01 6.107885145930821297e-02
7.443150623425603962e-01 5.687502773418089408e-01 6.107885145930821297e-02
7.443150623425603962e-01 5.687502773418089408e-01 6.107885145930821297e-02
2.013672241955211106e-01 9.715919826903458567e-01 2.587905002901242160e-02
3.675103777424613694e-01 4.980390518375721332e-01 7.497216988009682004e-02
3.675103777424613694e-01 4.980390518375721332e-01 7.497216988009682004e-02
5.835168203990953595e-01 5.959036888132861476e-01 8.013994825709641612e-02
5.835168203990953595e-01 5.959036888132861476e-01 8.013994825709641612e-02
3.963710341091954414e-01 6.460148734175842344e-01 7.715429300720341721e-02
3.963710341091954414e-01 6.460148734175842344e-01 7.715429300720341721e-02
3.963710341091954414e-01 6.460148734175842344e-01 7.715429300720341721e-02
4.000562567309391415e-01 6.319767229824138077e-01 7.928959598588165847e-02
4.000562567309391415e-01 6.319767229824138077e-01 7.928959598588165847e-02
1.013997909956744881e+00 1.442972281813140190e-01 1.549309476220392945e-01
1.013997909956744881e+00 1.442972281813140190e-01 1.549309476220392945e-01
1.013997909956744881e+00 1.442972281813140190e-01 1.549309476220392945e-01
1.013997909956744881e+00 1.442972281813140190e-01 1.549309476220392945e-01
1.013997909956744881e+00 1.442972281813140190e-01 1.549309476220392945e-01
8.747820218741906295e-01 5.173193012445205241e-01 5.007262847402064315e-02
8.747820218741906295e-01 5.173193012445205241e-01 5.007262847402064315e-02
4.078891136758204805e-01 3.474530100087045437e-01 5.720626698118500691e-02
3.307774207537329536e-01 6.262879201910578342e-01 7.381700739166151271e-02
2.038375049397918859e-01 5.574020293207802013e-01 4.541931023776774046e-02
2.038375049397918859e-01 5.574020293207802013e-01 4.541931023776774046e-02
6.352174990749892558e-01 4.182286957560514273e-01 1.194463418459573156e-01
1.221392565419972875e+00 2.105606442947804968e-01 6.954426383805072109e-02
1.221392565419972875e+00 2.105606442947804968e-01 6.954426383805072109e-02
9.674686575142522615e-01 4.335651614251619934e-01 5.729022015906547888e-02
8.010359697717283067e-01 7.063675515235403601e-01 1.591574247812687845e-02
6.931147088968780956e-01 6.014484541379799820e-01 6.005552375526412856e-02
5.269627453170029341e-01 6.386227884509224628e-01 7.387553772987930090e-02
5.269627453170029341e-01 6.386227884509224628e-01 7.387553772987930090e-02
5.269627453170029341e-01 6.386227884509224628e-01 7.387553772987930090e-02
-1.868181580809535891e-02 4.765499711007836203e-01 6.234914893438190872e-03
2.382456753911156855e-01 7.168907167966067639e-01 5.956824457470684397e-02
2.382456753911156855e-01 7.168907167966067639e-01 5.956824457470684397e-02
2.382456753911156855e-01 7.168907167966067639e-01 5.956824457470684397e-02
2.382456753911156855e-01 7.168907167966067639e-01 5.956824457470684397e-02
2.382456753911156855e-01 7.168907167966067639e-01 5.956824457470684397e-02
2.382456753911156855e-01 7.168907167966067639e-01 5.956824457470684397e-02
2.382456753911156855e-01 7.168907167966067639e-01 5.956824457470684397e-02
4.436520125313253571e-01 8.881268860131926735e-01 2.183405774843551542e-02
3.274408714377974317e-01 7.686335980565175419e-01 5.582990884112124658e-02
3.274408714377974317e-01 7.686335980565175419e-01 5.582990884112124658e-02
6.146576957227972704e-01 7.452976644049092991e-01 3.135936684701343125e-02
6.170605621079603420e-01 7.580162877351557249e-01 2.815374998671949652e-02
2.189736989169752124e-01 5.691220404602328475e-01 5.014282893671598990e-02
2.189736989169752124e-01 5.691220404602328475e-01 5.014282893671598990e-02
