2.489132485845457765e-01 1.481402749648903505e-01 1.731092516934863886e-03
2.489132485845457765e-01 1.481402749648903505e-01 1.731092516934863886e-03
5.164714930274876270e-01 4.175589261447474332e-01 8.101419781620265714e-02
5.164714930274876270e-01 4.175589261447474332e-01 8.101419781620265714e-02
5.164714930274876270e-01 4.175589261447474332e-01 8.101419781620265714e-02
1.663023593621695828e-01 5.597511963128430912e-01 7.354799285824281663e-02
2.277144830312091695e-01 5.749404846236422229e-01 9.204974441239885397e-02
6.350040063372345278e-01 5.621553742015000799e-01 1.348709082446608309e-01
6.295023249349438466e-01 4.218829529009011647e-01 1.013329200365915839e-01
9.682025109639418314e-01 4.778976802593849493e-01 1.133401861482073586e-01
9.682025109639418314e-01 4.778976802593849493e-01 1.133401861482073586e-01
9.682025109639418314e-01 4.778976802593849493e-01 1.133401861482073586e-01
9.682025109639418314e-01 4.778976802593849493e-01 1.133401861482073586e-01
7.742631749756223591e-01 4.069397723799852984e-01 1.134170309297578977e-01
7.742631749756223591e-01 4.069397723799852984e-01 1.134170309297578977e-01
6.245529609096294177e-01 2.668250957507742327e-01 4.164906782737840679e-02
6.992089694243346365e-01 8.320119874472275967e-01 4.851890866336331515e-02
6.992089694243346365e-01 8.320119874472275967e-01 4.851890866336331515e-02
6.992089694243346365e-01 8.320119874472275967e-01 4.851890866336331515e-02
8.162864888462756374e-01 7.182870070960880593e-01 6.785891515576779331e-02
7.287834249595348535e-01 5.590736488501659718e-01 1.300775355493210272e-01
7.287834249595348535e-01 5.590736488501659718e-01 1.300775355493210272e-01
7.287834249595348535e-01 5.590736488501659718e-01 1.300775355493210272e-01
7.287834249595348535e-01 5.590736488501659718e-01 1.300775355493210272e-01
7.287834249595348535e-01 5.590736488501659718e-01 1.300775355493210272e-01
7.287834249595348535e-01 5.590736488501659718e-01 1.300775355493210272e-01
4.874549409306153658e-01 7.355977598989424937e-01 1.243828528353920215e-01
-5.640744636746797269e-04 8.514663379119556952e-01 1.310209265741059670e-01
-5.640744636746797269e-04 8.514663379119556952e-01 1.310209265741059670e-01
6.843655052337126454e-01 3.332015651590223282e-01 7.479234231643065722e-02
6.099332463412048266e-01 4.570295016894377338e-01 1.114069971892538841e-01
6.018416595795590407e-01 4.169137043093426587e-01 9.516190258571985416e-02
6.018416595795590407e-01 4.169137043093426587e-01 9.516190258571985416e-02
8.477320293205746760e-01 6.553268161958725191e-01 8.506520990439458973e-02
6.398852786188603536e-01 7.573162823375970687e-01 8.859810195599795990e-02
4.375407573874641187e-01 6.987787939679325211e-01 1.373412059869403568e-01
4.375407573874641187e-01 6.987787939679325211e-01 1.373412059869403568e-01
2.300940137649448713e-02 5.920360633078316503e-01 5.842529982104117947e-02
2.300940137649448713e-02 5.920360633078316503e-01 5.842529982104117947e-02
-2.139272190618480007e-01 6.603924471472745195e-01 4.038755634254821703e-02
-2.139272190618480007e-01 6.603924471472745195e-01 4.038755634254821703e-02
-4.090820009101105437e-01 7.573842554969436591e-01 3.783859707435054814e-02
-3.338263264656142759e-01 7.732105722849824669e-01 5.503488010543368392e-02
-3.338263264656142759e-01 7.732105722849824669e-01 5.503488010543368392e-02
-3.338263264656142759e-01 7.732105722849824669e-01 5.503488010543368392e-02
-3.338263264656142759e-01 7.732105722849824669e-01 5.503488010543368392e-02
-4.903661876552917187e-01 8.327883697932486617e-01 4.578205719594788392e-02
-4.903661876552917187e-01 8.327883697932486617e-01 4.578205719594788392e-02
-4.903661876552917187e-01 8.327883697932486617e-01 4.578205719594788392e-02
-4.903661876552917187e-01 8.327883697932486617e-01 4.578205719594788392e-02
-4.903661876552917187e-01 8.327883697932486617e-01 4.578205719594788392e-02
-3.938825317016546590e-01 8.343990560815466306e-01 6.345695608320446601e-02
-2.533367443055084545e-01 1.110207956024976017e+00 9.384713551927843789e-02
7.179239572053408569e-02 9.013060972720996489e-01 1.259685783624677480e-01
7.179239572053408569e-02 9.013060972720996489e-01 1.259685783624677480e-01
-9.972329921388878304e-02 7.538666884187752437e-01 9.488256659081535649e-02
-4.726864651943712414e-01 1.020067587746922744e+00 9.638614979698670315e-02
-7.485803926100114136e-01 1.212224163480109196e+00 7.743689264899765445e-02
-4.969036644516979795e-01 1.030966885550915979e+00 9.450765074849591663e-02
-4.969036644516979795e-01 1.030966885550915979e+00 9.450765074849591663e-02
-4.969036644516979795e-01 1.030966885550915979e+00 9.450765074849591663e-02
-4.969036644516979795e-01 1.030966885550915979e+00 9.450765074849591663e-02
-6.616761218015860813e-01 1.116700050508796060e+00 8.262758348364135363e-02
-6.616761218015860813e-01 1.116700050508796060e+00 8.262758348364135363e-02
-7.896903940276776002e-01 1.050917154631830774e+00 5.239384728313514067e-02
-7.896903940276776002e-01 1.050917154631830774e+00 5.239384728313514067e-02
-7.896903940276776002e-01 1.050917154631830774e+00 5.239384728313514067e-02
-6.055615875369325662e-01 1.143860586463347984e+00 8.928635398860218508e-02
1.071706369774506618e-01 8.774237870043093412e-01 1.288053052790624764e-01
1.223000777454311544e-01 7.936063838842851714e-01 1.356832469907558458e-01
3.675875215219426284e-01 5.808632567559964821e-01 1.193776175834389136e-01
5.043052129090712654e-01 5.062926448048814532e-01 1.140361225652661153e-01
5.403750884304179269e-01 7.998881512408071437e-01 9.155509900201749818e-02
5.403750884304179269e-01 7.998881512408071437e-01 9.155509900201749818e-02
1.952911569918712731e-01 9.561275823591373069e-01 9.176884897308441869e-02
2.377077124292162336e-01 9.486777348480005534e-01 8.745095395096959268e-02
1.595362394006042961e-01 1.055456674422280194e+00 5.792136319060707528e-02
8.464243443999042160e-03 1.206420831247433600e+00 3.005050602380618732e-02
1.482056649313691077e-01 9.106252079637238150e-01 1.160292084840515991e-01
1.482056649313691077e-01 9.106252079637238150e-01 1.160292084840515991e-01
3.354161464450429175e-01 6.298412646008832994e-01 1.293865037117990502e-01
3.354161464450429175e-01 6.298412646008832994e-01 1.293865037117990502e-01
5.706812610448240841e-01 6.669023122016362048e-01 1.303632433008386493e-01
5.706812610448240841e-01 6.669023122016362048e-01 1.303632433008386493e-01
5.622543048399907262e-01 8.390439158588181012e-01 7.115931512802221859e-02
3.790071589648988382e-01 8.903559928526957323e-01 8.570198913314465428e-02
3.722454387142954402e-01 1.004547241393173085e+00 4.289464871332353962e-02
-1.009609638308232582e-01 1.260159248476256044e+00 2.780702992462443998e-02
2.647798580804641699e-01 9.279557635705851792e-01 9.120589056272301876e-02
2.647798580804641699e-01 9.279557635705851792e-01 9.120589056272301876e-02
1.325663408446393909e-01 8.455278509934022191e-01 1.330942498914830796e-01
1.325663408446393909e-01 8.455278509934022191e-01 1.330942498914830796e-01
6.930045656666390386e-01 8.074982554987661931e-01 5.831868621907983913e-02
6.930045656666390386e-01 8.074982554987661931e-01 5.831868621907983913e-02
6.930045656666390386e-01 8.074982554987661931e-01 5.831868621907983913e-02
7.135810851027609703e-01 1.903405593095215398e-01 3.040331720639013677e-02
1.284783024885910008e+00 6.658300540247549248e-01 1.513513218768018816e-02
1.284783024885910008e+00 6.658300540247549248e-01 1.513513218768018816e-02
1.284783024885910008e+00 6.658300540247549248e-01 1.513513218768018816e-02
1.104236965183165831e+00 5.230390553836723466e-01 7.829881636934485356e-02
