2.489132485845457765e-01 1.481402749648903505e-01 3.186375795928208295e-03
6.657451457536837092e-01 2.706041398372295292e-01 1.045993359237064740e-01
8.496329897048168212e-01 4.100822238653406560e-01 2.397879336566314801e-01
8.496329897048168212e-01 4.100822238653406560e-01 2.397879336566314801e-01
1.134465451053229934e+00 3.800835334868026827e-01 1.811708181439057597e-01
1.134465451053229934e+00 3.800835334868026827e-01 1.811708181439057597e-01
1.134465451053229934e+00 3.800835334868026827e-01 1.811708181439057597e-01
1.105541569186855977e+00 4.968059343924999260e-01 1.285971298957180320e-01
1.135057295331426186e+00 1.191966221050004271e-01 8.532656675034164251e-02
1.135057295331426186e+00 1.191966221050004271e-01 8.532656675034164251e-02
1.135057295331426186e+00 1.191966221050004271e-01 8.532656675034164251e-02
1.135057295331426186e+00 1.191966221050004271e-01 8.532656675034164251e-02
1.152097296811249283e+00 7.890474271289898978e-02 6.366106600259756332e-02
1.152097296811249283e+00 7.890474271289898978e-02 6.366106600259756332e-02
1.152097296811249283e+00 7.890474271289898978e-02 6.366106600259756332e-02
1.152097296811249283e+00 7.890474271289898978e-02 6.366106600259756332e-02
1.152097296811249283e+00 7.890474271289898978e-02 6.366106600259756332e-02
1.152097296811249283e+00 7.890474271289898978e-02 6.366106600259756332e-02
1.152097296811249283e+00 7.890474271289898978e-02 6.366106600259756332e-02
1.425406820681903497e+00 2.562634748012444508e-01 1.266041084542698647e-01
1.425406820681903497e+00 2.562634748012444508e-01 1.266041084542698647e-01
1.425406820681903497e+00 2.562634748012444508e-01 1.266041084542698647e-01
1.373984877048207709e+00 2.605967943680835286e-01 1.382595595366684638e-01
1.438234329168661452e+00 1.304101108380063545e-01 1.088154137938248944e-01
1.410912413592758430e+00 2.921114293324236222e-01 1.233834490506952181e-01
1.410912413592758430e+00 2.921114293324236222e-01 1.233834490506952181e-01
1.268408823872576807e+00 3.951771176903018934e-01 1.292664632897818078e-01
1.268408823872576807e+00 3.951771176903018934e-01 1.292664632897818078e-01
1.268408823872576807e+00 3.951771176903018934e-01 1.292664632897818078e-01
1.268408823872576807e+00 3.951771176903018934e-01 1.292664632897818078e-01
1.268408823872576807e+00 3.951771176903018934e-01 1.292664632897818078e-01
8.850816267794410219e-01 3.031924631121692415e-01 1.842312097030391893e-01
7.049572119095065537e-01 4.650869684609991728e-01 2.607241486326910551e-01
7.366897818971928080e-01 2.858600637663257782e-01 1.371467046396500911e-01
5.515541305490886392e-01 3.896963250556561009e-01 1.829730442530253243e-01
1.423597433584443128e-01 6.811556986875626496e-01 2.677867306127575953e-01
2.892741323072157700e-01 7.245797133696880721e-01 2.461441693671247988e-01
9.188229835504091447e-02 7.740714364911486234e-01 2.450424794463960665e-01
-2.125572618926024893e-01 8.254329565022970883e-01 2.129200116240510254e-01
2.697323164787159833e-01 5.611057810006032653e-01 2.453429231403347344e-01
2.332981272801792905e-04 9.823613039232929056e-01 9.294743258148126241e-02
-2.781259595183259159e-01 7.053096826920373097e-01 1.420120964563376387e-01
-2.781259595183259159e-01 7.053096826920373097e-01 1.420120964563376387e-01
-1.212011670532145424e-01 7.412516453179373022e-01 2.214349458805032755e-01
-1.212011670532145424e-01 7.412516453179373022e-01 2.214349458805032755e-01
-1.212011670532145424e-01 7.412516453179373022e-01 2.214349458805032755e-01
-1.212011670532145424e-01 7.412516453179373022e-01 2.214349458805032755e-01
-1.212011670532145424e-01 7.412516453179373022e-01 2.214349458805032755e-01
-5.022104868035786041e-01 7.762522295397764616e-01 1.033428713285605427e-01
-5.022104868035786041e-01 7.762522295397764616e-01 1.033428713285605427e-01
-5.022104868035786041e-01 7.762522295397764616e-01 1.033428713285605427e-01
-1.759475343935457126e-01 6.210026710729110722e-01 1.193692906705022816e-01
-1.759475343935457126e-01 6.210026710729110722e-01 1.193692906705022816e-01
4.885705620229119361e-02 4.983329702227961011e-01 1.036032471511123265e-01
4.885705620229119361e-02 4.983329702227961011e-01 1.036032471511123265e-01
3.519560411139048828e-01 5.956261182004376487e-01 2.794802858645607513e-01
3.519560411139048828e-01 5.956261182004376487e-01 2.794802858645607513e-01
3.519560411139048828e-01 5.956261182004376487e-01 2.794802858645607513e-01
-1.165744086221013331e-01 6.524989617278572629e-01 1.687403316279801335e-01
-1.165744086221013331e-01 6.524989617278572629e-01 1.687403316279801335e-01
-1.165744086221013331e-01 6.524989617278572629e-01 1.687403316279801335e-01
2.474495571841466846e-01 4.411463432385713812e-01 1.252728857213610825e-01
2.474495571841466846e-01 4.411463432385713812e-01 1.252728857213610825e-01
4.093595108165699603e-01 4.242798332911539294e-01 1.689256074899704307e-01
4.093595108165699603e-01 4.242798332911539294e-01 1.689256074899704307e-01
5.671128366331948945e-01 8.178651491599193690e-01 7.064147962360342592e-02
5.671128366331948945e-01 8.178651491599193690e-01 7.064147962360342592e-02
4.398630607493971278e-01 9.281420497013143089e-01 3.587963061919945129e-02
5.166573799515850052e-01 7.982874256066235796e-01 1.007945050496521638e-01
5.166573799515850052e-01 7.982874256066235796e-01 1.007945050496521638e-01
4.036338731456157736e-01 5.191752299867016252e-01 2.532908824143572657e-01
3.431626088381848905e-01 6.119186454740143111e-01 2.811210260628163593e-01
1.644332220168228942e-01 5.464280866197642750e-01 1.939141999470737066e-01
2.680461606084741932e-01 2.571035672256972715e-01 1.959935020517488899e-02
2.680461606084741932e-01 2.571035672256972715e-01 1.959935020517488899e-02
2.680461606084741932e-01 2.571035672256972715e-01 1.959935020517488899e-02
2.680461606084741932e-01 2.571035672256972715e-01 1.959935020517488899e-02
9.106133827365811562e-02 5.975305763135130288e-01 2.095682014868529008e-01
9.106133827365811562e-02 5.975305763135130288e-01 2.095682014868529008e-01
4.956674495263238001e-01 7.140951856073999293e-01 1.893885878099908493e-01
2.369611170259758870e-01 7.145099423843334074e-01 2.616541683068439039e-01
2.369611170259758870e-01 7.145099423843334074e-01 2.616541683068439039e-01
3.996094642104874861e-02 7.072459266048595206e-01 2.537213650958653477e-01
3.996094642104874861e-02 7.072459266048595206e-01 2.537213650958653477e-01
3.996094642104874861e-02 7.072459266048595206e-01 2.537213650958653477e-01
3.996094642104874861e-02 7.072459266048595206e-01 2.537213650958653477e-01
3.996094642104874861e-02 7.072459266048595206e-01 2.537213650958653477e-01
3.996094642104874861e-02 7.072459266048595206e-01 2.537213650958653477e-01
3.996094642104874861e-02 7.072459266048595206e-01 2.537213650958653477e-01
3.996094642104874861e-02 7.072459266048595206e-01 2.537213650958653477e-01
-2.843667875140960533e-01 8.566471151552130792e-01 1.983471605900998247e-01
-2.843667875140960533e-01 8.566471151552130792e-01 1.983471605900998247e-01
-2.843667875140960533e-01 8.566471151552130792e-01 1.983471605900998247e-01
-2.843667875140960533e-01 8.566471151552130792e-01 1.983471605900998247e-01
-2.843667875140960533e-01 8.566471151552130792e-01 1.983471605900998247e-01
-2.843667875140960533e-01 8.566471151552130792e-01 1.983471605900998247e-01
-2.843667875140960533e-01 8.566471151552130792e-01 1.983471605900998247e-01
-2.843667875140960533e-01 8.566471151552130792e-01 1.983471605900998247e-01
-2.843667875140960533e-01 8.566471151552130792e-01 1.983471605900998247e-01
-2.843667875140960533e-01 8.566471151552130792e-01 1.983471605900998247e-01
