2.489132485845457765e-01 1.481402749648903505e-01 2.586349305891133543e-02
2.489132485845457765e-01 1.481402749648903505e-01 2.586349305891133543e-02
5.460098846111705040e-02 4.993728620582343902e-01 5.118450339927133746e-02
5.460098846111705040e-02 4.993728620582343902e-01 5.118450339927133746e-02
5.460098846111705040e-02 4.993728620582343902e-01 5.118450339927133746e-02
8.848621126152637906e-02 6.753110018159954597e-01 1.508864905638331588e-01
4.788830071907828473e-02 8.127983536324289160e-01 1.485735062013167629e-01
2.139572342429559848e-01 7.924867623770097680e-01 1.430339394830761612e-01
2.139572342429559848e-01 7.924867623770097680e-01 1.430339394830761612e-01
2.139572342429559848e-01 7.924867623770097680e-01 1.430339394830761612e-01
2.139572342429559848e-01 7.924867623770097680e-01 1.430339394830761612e-01
1.715467129153114834e-01 8.974955843044767345e-01 9.957153741901557387e-02
2.892737557936772563e-02 9.221595479125275219e-01 1.271466194646290737e-01
2.629417414362265060e-01 8.551792337383363751e-01 7.705536371556653830e-02
-1.277410433767108833e-01 7.504699419481988265e-01 3.933446966523337224e-02
2.774314011875021468e-01 8.271527703404354392e-01 8.538641556060326543e-02
2.774314011875021468e-01 8.271527703404354392e-01 8.538641556060326543e-02
5.902172734929769238e-01 6.835411887921523100e-01 1.304472013142804997e-02
5.961313704894943832e-01 4.420756816017038515e-01 1.241174790905834047e-01
6.121011185888421968e-01 4.240588502110266833e-01 1.239945065854410750e-01
6.121011185888421968e-01 4.240588502110266833e-01 1.239945065854410750e-01
6.121011185888421968e-01 4.240588502110266833e-01 1.239945065854410750e-01
5.692605490290615355e-01 2.226955719700650926e-01 3.112439978315155176e-01
5.478560264386846956e-01 1.835131184237359103e-01 3.059736712018614191e-01
5.478560264386846956e-01 1.835131184237359103e-01 3.059736712018614191e-01
5.478560264386846956e-01 1.835131184237359103e-01 3.059736712018614191e-01
5.478560264386846956e-01 1.835131184237359103e-01 3.059736712018614191e-01
5.478560264386846956e-01 1.835131184237359103e-01 3.059736712018614191e-01
5.411220135651761964e-01 2.457674253095025740e-01 3.092105484586639697e-01
5.411220135651761964e-01 2.457674253095025740e-01 3.092105484586639697e-01
2.908069378431190066e-01 2.500543693198508111e-01 9.876825191681505578e-02
1.923689029596141187e-01 5.659297415337566362e-01 1.924884353323013386e-01
1.923689029596141187e-01 5.659297415337566362e-01 1.924884353323013386e-01
1.923689029596141187e-01 5.659297415337566362e-01 1.924884353323013386e-01
1.923689029596141187e-01 5.659297415337566362e-01 1.924884353323013386e-01
1.923689029596141187e-01 5.659297415337566362e-01 1.924884353323013386e-01
1.923689029596141187e-01 5.659297415337566362e-01 1.924884353323013386e-01
1.923689029596141187e-01 5.659297415337566362e-01 1.924884353323013386e-01
3.720682420255303491e-01 6.766518710656759250e-01 1.262171054789459346e-01
3.720682420255303491e-01 6.766518710656759250e-01 1.262171054789459346e-01
3.720682420255303491e-01 6.766518710656759250e-01 1.262171054789459346e-01
3.720682420255303491e-01 6.766518710656759250e-01 1.262171054789459346e-01
3.720682420255303491e-01 6.766518710656759250e-01 1.262171054789459346e-01
3.720682420255303491e-01 6.766518710656759250e-01 1.262171054789459346e-01
7.347088242676709235e-01 1.696034723079896667e-01 2.243116103601935640e-01
7.347088242676709235e-01 1.696034723079896667e-01 2.243116103601935640e-01
7.347088242676709235e-01 1.696034723079896667e-01 2.243116103601935640e-01
7.243189043505158242e-01 1.256283161719042862e-01 2.720205515470992541e-01
5.342635568281366432e-01 2.729499389567066059e-01 3.043975991551028382e-01
5.342635568281366432e-01 2.729499389567066059e-01 3.043975991551028382e-01
5.342635568281366432e-01 2.729499389567066059e-01 3.043975991551028382e-01
5.342635568281366432e-01 2.729499389567066059e-01 3.043975991551028382e-01
5.342635568281366432e-01 2.729499389567066059e-01 3.043975991551028382e-01
5.342635568281366432e-01 2.729499389567066059e-01 3.043975991551028382e-01
8.471236674878352968e-01 -2.458016682532381258e-01 2.507315683912259008e-01
5.206022878143974353e-01 6.198065394247553872e-04 1.416310954291306878e-01
2.321037058853509527e-01 3.564179235707324311e-01 1.131741395972158948e-01
4.814968215121782080e-01 5.688683240798445562e-01 1.232169581185766916e-01
4.814968215121782080e-01 5.688683240798445562e-01 1.232169581185766916e-01
1.631159693471853633e-01 7.670018913589435883e-01 1.726250325680048769e-01
1.631159693471853633e-01 7.670018913589435883e-01 1.726250325680048769e-01
1.631159693471853633e-01 7.670018913589435883e-01 1.726250325680048769e-01
1.631159693471853633e-01 7.670018913589435883e-01 1.726250325680048769e-01
3.926687474498126718e-01 5.657613201750681942e-01 1.998175805180054387e-01
4.702372691690245299e-01 4.724121786173242077e-01 2.169685250288305445e-01
4.702372691690245299e-01 4.724121786173242077e-01 2.169685250288305445e-01
2.322175627132287146e-01 5.929029456232830508e-01 2.200447903063709743e-01
2.322175627132287146e-01 5.929029456232830508e-01 2.200447903063709743e-01
2.322175627132287146e-01 5.929029456232830508e-01 2.200447903063709743e-01
3.719016280821269560e-01 1.750396742340168954e-01 1.249028133937847979e-01
3.719016280821269560e-01 1.750396742340168954e-01 1.249028133937847979e-01
3.719016280821269560e-01 1.750396742340168954e-01 1.249028133937847979e-01
8.676221926191756140e-01 1.665939951197684676e-01 8.412268055688712498e-02
7.474427751448966539e-01 1.591974936989705436e-01 2.192348661537971422e-01
7.474427751448966539e-01 1.591974936989705436e-01 2.192348661537971422e-01
7.474427751448966539e-01 1.591974936989705436e-01 2.192348661537971422e-01
5.003687028606852438e-01 1.115657840602877621e-01 2.178416220898377609e-01
5.003687028606852438e-01 1.115657840602877621e-01 2.178416220898377609e-01
6.472954921679375806e-01 -1.786404874470905457e-01 1.201440816945564954e-01
6.472954921679375806e-01 -1.786404874470905457e-01 1.201440816945564954e-01
1.086153440286007132e+00 -3.271312124454943682e-01 2.012944470848714584e-01
1.318721217360977471e+00 -5.555482417497802361e-01 1.070003444013926941e-01
1.318721217360977471e+00 -5.555482417497802361e-01 1.070003444013926941e-01
1.580649197899566705e+00 -8.311708264035858607e-01 4.096686013487576411e-02
1.415793582585182175e+00 -6.144281370197799408e-01 6.579328897094494089e-02
1.415793582585182175e+00 -6.144281370197799408e-01 6.579328897094494089e-02
1.415793582585182175e+00 -6.144281370197799408e-01 6.579328897094494089e-02
1.415793582585182175e+00 -6.144281370197799408e-01 6.579328897094494089e-02
1.358133700812575340e+00 -9.140541872768821463e-01 7.552863610174709308e-02
1.358133700812575340e+00 -9.140541872768821463e-01 7.552863610174709308e-02
1.247483772281458236e+00 -7.445821962434315822e-01 1.193547689683926299e-01
1.189919687710227159e+00 -5.101286622760787814e-01 1.767640488528012532e-01
1.422649923215491663e+00 -7.159281214174704200e-01 8.708240045461880519e-02
1.358302784037320965e+00 -8.151779299541899171e-01 1.052497199723716192e-01
8.765014326255717858e-01 -2.008717620516448088e-01 2.838312678068077299e-01
8.765014326255717858e-01 -2.008717620516448088e-01 2.838312678068077299e-01
8.765014326255717858e-01 -2.008717620516448088e-01 2.838312678068077299e-01
8.765014326255717858e-01 -2.008717620516448088e-01 2.838312678068077299e-01
8.765014326255717858e-01 -2.008717620516448088e-01 2.838312678068077299e-01
8.765014326255717858e-01 -2.008717620516448088e-01 2.838312678068077299e-01
