2.489132485845457765e-01 1.481402749648903505e-01 2.037178299923292912e-01
4.686319323885949628e-01 -1.476459070087330350e-01 1.434286507986554382e-01
4.686319323885949628e-01 -1.476459070087330350e-01 1.434286507986554382e-01
4.686319323885949628e-01 -1.476459070087330350e-01 1.434286507986554382e-01
4.293866809289836883e-01 5.395835437266516266e-02 4.074496661605181980e-01
2.466232119202483031e-01 2.713375837949283387e-01 4.566478095604422083e-01
2.466232119202483031e-01 2.713375837949283387e-01 4.566478095604422083e-01
4.026735349386127427e-01 1.923453410119280726e-01 5.258814362381495355e-01
4.026735349386127427e-01 1.923453410119280726e-01 5.258814362381495355e-01
4.026735349386127427e-01 1.923453410119280726e-01 5.258814362381495355e-01
3.932961129122971577e-01 3.493698492443091386e-01 3.697417106142931176e-01
3.118215802779319978e-01 4.797541290295922467e-01 3.857961669933622773e-01
3.118215802779319978e-01 4.797541290295922467e-01 3.857961669933622773e-01
1.404836403577716109e-01 4.773250075142499993e-01 4.564101833864452340e-01
1.404836403577716109e-01 4.773250075142499993e-01 4.564101833864452340e-01
1.404836403577716109e-01 4.773250075142499993e-01 4.564101833864452340e-01
1.404836403577716109e-01 4.773250075142499993e-01 4.564101833864452340e-01
1.404836403577716109e-01 4.773250075142499993e-01 4.564101833864452340e-01
1.404836403577716109e-01 4.773250075142499993e-01 4.564101833864452340e-01
1.404836403577716109e-01 4.773250075142499993e-01 4.564101833864452340e-01
1.404836403577716109e-01 4.773250075142499993e-01 4.564101833864452340e-01
1.376316384701382622e-01 7.761579440406932706e-01 2.106339961171813102e-01
1.376316384701382622e-01 7.761579440406932706e-01 2.106339961171813102e-01
3.330402563687097084e-01 5.738658790781887564e-01 1.419741920318399464e-01
3.330402563687097084e-01 5.738658790781887564e-01 1.419741920318399464e-01
3.404516521275119390e-02 4.657665554107095485e-01 1.211784652704603754e-01
3.404516521275119390e-02 4.657665554107095485e-01 1.211784652704603754e-01
3.404516521275119390e-02 4.657665554107095485e-01 1.211784652704603754e-01
3.858168363079204632e-01 3.150218182881364126e-01 4.581398659910365101e-01
3.858168363079204632e-01 3.150218182881364126e-01 4.581398659910365101e-01
3.858168363079204632e-01 3.150218182881364126e-01 4.581398659910365101e-01
3.858168363079204632e-01 3.150218182881364126e-01 4.581398659910365101e-01
3.858168363079204632e-01 3.150218182881364126e-01 4.581398659910365101e-01
3.858168363079204632e-01 3.150218182881364126e-01 4.581398659910365101e-01
3.858168363079204632e-01 3.150218182881364126e-01 4.581398659910365101e-01
2.396787029192264662e-01 4.318692146822281641e-01 6.145609025221144828e-01
2.396787029192264662e-01 4.318692146822281641e-01 6.145609025221144828e-01
2.396787029192264662e-01 4.318692146822281641e-01 6.145609025221144828e-01
2.396787029192264662e-01 4.318692146822281641e-01 6.145609025221144828e-01
2.396787029192264662e-01 4.318692146822281641e-01 6.145609025221144828e-01
2.396787029192264662e-01 4.318692146822281641e-01 6.145609025221144828e-01
2.396787029192264662e-01 4.318692146822281641e-01 6.145609025221144828e-01
2.396787029192264662e-01 4.318692146822281641e-01 6.145609025221144828e-01
2.396787029192264662e-01 4.318692146822281641e-01 6.145609025221144828e-01
9.673215201337401203e-02 5.921739342545152551e-01 4.218642267574215232e-01
9.673215201337401203e-02 5.921739342545152551e-01 4.218642267574215232e-01
9.673215201337401203e-02 5.921739342545152551e-01 4.218642267574215232e-01
9.673215201337401203e-02 5.921739342545152551e-01 4.218642267574215232e-01
9.673215201337401203e-02 5.921739342545152551e-01 4.218642267574215232e-01
3.172687763613114553e-01 4.620640273387298658e-01 4.065664469823355165e-01
3.172687763613114553e-01 4.620640273387298658e-01 4.065664469823355165e-01
3.172687763613114553e-01 4.620640273387298658e-01 4.065664469823355165e-01
3.172687763613114553e-01 4.620640273387298658e-01 4.065664469823355165e-01
3.172687763613114553e-01 4.620640273387298658e-01 4.065664469823355165e-01
3.172687763613114553e-01 4.620640273387298658e-01 4.065664469823355165e-01
3.172687763613114553e-01 4.620640273387298658e-01 4.065664469823355165e-01
3.172687763613114553e-01 4.620640273387298658e-01 4.065664469823355165e-01
3.172687763613114553e-01 4.620640273387298658e-01 4.065664469823355165e-01
4.930487760316078494e-01 2.694593256830528638e-01 1.762663080322056930e-01
4.930487760316078494e-01 2.694593256830528638e-01 1.762663080322056930e-01
4.663261597777151879e-01 -7.945215885975720482e-02 2.352183035037545278e-01
2.840528097046999823e-01 2.239872733625045131e-01 4.714044711271469512e-01
2.840528097046999823e-01 2.239872733625045131e-01 4.714044711271469512e-01
-3.216817544286015851e-02 4.333023699411716612e-01 2.204764540239816106e-02
2.710594444686144633e-01 3.593295844732869448e-01 6.277517775740135697e-01
2.710594444686144633e-01 3.593295844732869448e-01 6.277517775740135697e-01
2.710594444686144633e-01 3.593295844732869448e-01 6.277517775740135697e-01
2.710594444686144633e-01 3.593295844732869448e-01 6.277517775740135697e-01
2.710594444686144633e-01 3.593295844732869448e-01 6.277517775740135697e-01
4.272856246604280206e-01 5.928368304068936112e-01 1.716055384352365917e-02
1.318413097892287555e-01 2.505445357292839792e-01 8.898900321233706168e-02
1.318413097892287555e-01 2.505445357292839792e-01 8.898900321233706168e-02
1.318413097892287555e-01 2.505445357292839792e-01 8.898900321233706168e-02
3.426227949460665112e-01 4.658888371262227546e-01 3.113821540486028661e-01
3.426227949460665112e-01 4.658888371262227546e-01 3.113821540486028661e-01
3.426227949460665112e-01 4.658888371262227546e-01 3.113821540486028661e-01
3.426227949460665112e-01 4.658888371262227546e-01 3.113821540486028661e-01
3.426227949460665112e-01 4.658888371262227546e-01 3.113821540486028661e-01
3.426227949460665112e-01 4.658888371262227546e-01 3.113821540486028661e-01
3.426227949460665112e-01 4.658888371262227546e-01 3.113821540486028661e-01
3.298935916663810475e-01 3.063220991886793643e-01 6.078884461469054035e-01
3.298935916663810475e-01 3.063220991886793643e-01 6.078884461469054035e-01
3.811233116862704495e-01 2.237253330755320513e-01 5.568077066144496712e-01
3.811233116862704495e-01 2.237253330755320513e-01 5.568077066144496712e-01
4.157959224973642454e-01 2.236417629042750099e-02 3.433839689030644959e-01
4.157959224973642454e-01 2.236417629042750099e-02 3.433839689030644959e-01
5.217710790107235042e-01 -1.790505398735460774e-01 1.519058560525265444e-01
3.230736491472505634e-01 -1.651922281011697913e-01 1.432620840501739809e-02
3.230736491472505634e-01 -1.651922281011697913e-01 1.432620840501739809e-02
3.059370368213520375e-01 -5.118660848570233401e-02 5.451279524617391736e-02
3.059370368213520375e-01 -5.118660848570233401e-02 5.451279524617391736e-02
3.059370368213520375e-01 -5.118660848570233401e-02 5.451279524617391736e-02
3.059370368213520375e-01 -5.118660848570233401e-02 5.451279524617391736e-02
5.152029650857653520e-01 -2.136489427425750376e-01 1.117358598496669408e-01
5.152029650857653520e-01 -2.136489427425750376e-01 1.117358598496669408e-01
5.152029650857653520e-01 -2.136489427425750376e-01 1.117358598496669408e-01
4.654785325397849949e-01 3.039918577523775811e-01 2.058262387257331349e-01
4.654785325397849949e-01 3.039918577523775811e-01 2.058262387257331349e-01
4.654785325397849949e-01 3.039918577523775811e-01 2.058262387257331349e-01
4.654785325397849949e-01 3.039918577523775811e-01 2.058262387257331349e-01
