2.489132485845457765e-01 1.481402749648903505e-01 4.570000278316024844e-02
2.489132485845457765e-01 1.481402749648903505e-01 4.570000278316024844e-02
1.389135469846332072e-01 3.483154687369555136e-01 7.859647009267727025e-02
2.795295857800588202e-01 1.772491140252818731e-01 9.515108091261338663e-02
2.795295857800588202e-01 1.772491140252818731e-01 9.515108091261338663e-02
4.010816282514876319e-01 6.564775910951650140e-01 2.707806861066887616e-01
4.010816282514876319e-01 6.564775910951650140e-01 2.707806861066887616e-01
4.607351470936819626e-01 5.629440511896632859e-01 3.609288622402984092e-01
4.607351470936819626e-01 5.629440511896632859e-01 3.609288622402984092e-01
4.607351470936819626e-01 5.629440511896632859e-01 3.609288622402984092e-01
4.607351470936819626e-01 5.629440511896632859e-01 3.609288622402984092e-01
4.607351470936819626e-01 5.629440511896632859e-01 3.609288622402984092e-01
4.607351470936819626e-01 5.629440511896632859e-01 3.609288622402984092e-01
4.607351470936819626e-01 5.629440511896632859e-01 3.609288622402984092e-01
4.190823203092975957e-01 5.835242148920236627e-01 3.933351708824199267e-01
4.190823203092975957e-01 5.835242148920236627e-01 3.933351708824199267e-01
3.577810705967976457e-01 4.986383010119020964e-01 6.065732425774974512e-01
8.931696244741665902e-02 7.356256378325861656e-01 3.001545762385361416e-01
8.931696244741665902e-02 7.356256378325861656e-01 3.001545762385361416e-01
8.931696244741665902e-02 7.356256378325861656e-01 3.001545762385361416e-01
4.334756544484517637e-01 6.134872110930309486e-01 3.019602095654905782e-01
4.405697673214112320e-01 4.413023282059052033e-01 6.532627228220629911e-01
4.372086481722633478e-01 6.243630683477408017e-02 2.050754658691996135e-01
4.372086481722633478e-01 6.243630683477408017e-02 2.050754658691996135e-01
6.702965969767205046e-01 4.172079358824198336e-01 2.275466551318072461e-01
2.726472622915706023e-01 3.102191799149630058e-01 2.578189965363369418e-01
2.726472622915706023e-01 3.102191799149630058e-01 2.578189965363369418e-01
2.726472622915706023e-01 3.102191799149630058e-01 2.578189965363369418e-01
2.726472622915706023e-01 3.102191799149630058e-01 2.578189965363369418e-01
2.726472622915706023e-01 3.102191799149630058e-01 2.578189965363369418e-01
2.726472622915706023e-01 3.102191799149630058e-01 2.578189965363369418e-01
2.726472622915706023e-01 3.102191799149630058e-01 2.578189965363369418e-01
2.726472622915706023e-01 3.102191799149630058e-01 2.578189965363369418e-01
2.726472622915706023e-01 3.102191799149630058e-01 2.578189965363369418e-01
3.454145105181839481e-01 1.724231786604621397e-01 1.958133569688594311e-01
3.495870028946565511e-01 -3.518043546948435019e-02 2.179682310077400362e-02
3.495870028946565511e-01 -3.518043546948435019e-02 2.179682310077400362e-02
6.281912370785547317e-01 -1.539559907922437021e-01 2.076319367991430187e-01
6.281912370785547317e-01 -1.539559907922437021e-01 2.076319367991430187e-01
6.281912370785547317e-01 -1.539559907922437021e-01 2.076319367991430187e-01
6.281912370785547317e-01 -1.539559907922437021e-01 2.076319367991430187e-01
5.876639687719680261e-01 -4.152335653724092968e-02 3.539515979476992036e-01
5.876639687719680261e-01 -4.152335653724092968e-02 3.539515979476992036e-01
4.050960547613590146e-01 2.741161655127207775e-01 5.564762422351455795e-01
4.050960547613590146e-01 2.741161655127207775e-01 5.564762422351455795e-01
5.649112235502096180e-01 6.269528281465048813e-01 8.551768419454387760e-02
2.151768599487990929e-02 5.257648679783146761e-01 7.959943714584669094e-02
2.151768599487990929e-02 5.257648679783146761e-01 7.959943714584669094e-02
2.151768599487990929e-02 5.257648679783146761e-01 7.959943714584669094e-02
1.446375432492170710e-01 6.373514502968457007e-01 3.581246476881380092e-01
2.132634514594304309e-01 5.810634443843391006e-01 4.471331350518377157e-01
1.892440241824960845e-02 9.807251667930712014e-01 1.478608977431096760e-01
1.892440241824960845e-02 9.807251667930712014e-01 1.478608977431096760e-01
1.892440241824960845e-02 9.807251667930712014e-01 1.478608977431096760e-01
1.892440241824960845e-02 9.807251667930712014e-01 1.478608977431096760e-01
1.892440241824960845e-02 9.807251667930712014e-01 1.478608977431096760e-01
-3.340673325551515166e-02 9.409280986893610033e-01 1.662318445325546568e-01
-3.340673325551515166e-02 9.409280986893610033e-01 1.662318445325546568e-01
-3.340673325551515166e-02 9.409280986893610033e-01 1.662318445325546568e-01
-3.340673325551515166e-02 9.409280986893610033e-01 1.662318445325546568e-01
1.650167429642788730e-01 8.612297280718498316e-01 2.080719959373220629e-01
1.650167429642788730e-01 8.612297280718498316e-01 2.080719959373220629e-01
1.650167429642788730e-01 8.612297280718498316e-01 2.080719959373220629e-01
1.650167429642788730e-01 8.612297280718498316e-01 2.080719959373220629e-01
2.252035231774715540e-02 1.076227047763470557e+00 8.015246448635393595e-02
2.252035231774715540e-02 1.076227047763470557e+00 8.015246448635393595e-02
-1.895898269225135269e-02 5.331681031928448000e-01 5.010185329313981278e-02
-1.895898269225135269e-02 5.331681031928448000e-01 5.010185329313981278e-02
9.421447535646004789e-02 1.150431783547266384e+00 2.428790852222482630e-02
2.006645217312882923e-01 6.136312717571471564e-01 4.330896315245743033e-01
2.006645217312882923e-01 6.136312717571471564e-01 4.330896315245743033e-01
2.006645217312882923e-01 6.136312717571471564e-01 4.330896315245743033e-01
2.006645217312882923e-01 6.136312717571471564e-01 4.330896315245743033e-01
2.006645217312882923e-01 6.136312717571471564e-01 4.330896315245743033e-01
1.867098104087538957e-02 5.053695776040656451e-01 6.517339979678517248e-02
1.867098104087538957e-02 5.053695776040656451e-01 6.517339979678517248e-02
1.867098104087538957e-02 5.053695776040656451e-01 6.517339979678517248e-02
6.262921259754727563e-03 6.764044025183071351e-01 1.637017458205601572e-01
6.262921259754727563e-03 6.764044025183071351e-01 1.637017458205601572e-01
6.262921259754727563e-03 6.764044025183071351e-01 1.637017458205601572e-01
6.262921259754727563e-03 6.764044025183071351e-01 1.637017458205601572e-01
6.262921259754727563e-03 6.764044025183071351e-01 1.637017458205601572e-01
1.692575005508827612e-01 8.375189446357470535e-01 2.350140583606322442e-01
7.484112292453444504e-02 1.005541321668403709e+00 1.104086851821867166e-01
7.484112292453444504e-02 1.005541321668403709e+00 1.104086851821867166e-01
-2.174802873352222332e-01 1.028894031665284370e+00 7.068506954579828472e-02
-2.174802873352222332e-01 1.028894031665284370e+00 7.068506954579828472e-02
-2.174802873352222332e-01 1.028894031665284370e+00 7.068506954579828472e-02
-2.174802873352222332e-01 1.028894031665284370e+00 7.068506954579828472e-02
-2.174802873352222332e-01 1.028894031665284370e+00 7.068506954579828472e-02
-2.174802873352222332e-01 1.028894031665284370e+00 7.068506954579828472e-02
-2.174802873352222332e-01 1.028894031665284370e+00 7.068506954579828472e-02
1.250679113626485539e-01 1.122647622446584226e+00 2.554220868024940222e-02
-6.956420368973698087e-02 1.220780800820129963e+00 3.601718199043445201e-02
-6.956420368973698087e-02 1.220780800820129963e+00 3.601718199043445201e-02
-8.739764666041205388e-03 6.915067682393212234e-01 1.530802960968270232e-01
3.441027957410529581e-01 5.460941142529099901e-01 5.542709647832113617e-01
3.309792222362692438e-01 4.721432950497188585e-01 5.985116806842654125e-01
3.309792222362692438e-01 4.721432950497188585e-01 5.985116806842654125e-01
1.136170662518887486e-01 3.891444150583951433e-01 8.181275310986318994e-02
