2.489132485845457765e-01 1.481402749648903505e-01 2.670215082912531963e-03
2.489132485845457765e-01 1.481402749648903505e-01 2.670215082912531963e-03
5.836319151606974565e-01 3.405545988787173073e-01 7.651210480885486942e-02
3.691089222207479814e-01 3.606523257895795087e-01 5.581739544257763308e-02
3.691089222207479814e-01 3.606523257895795087e-01 5.581739544257763308e-02
2.219196434710319632e-01 3.906023930465585825e-01 4.381768169031938914e-02
2.219196434710319632e-01 3.906023930465585825e-01 4.381768169031938914e-02
2.219196434710319632e-01 3.906023930465585825e-01 4.381768169031938914e-02
2.014626918204332762e-01 8.443833877319171233e-01 1.506924279899610475e-01
2.014626918204332762e-01 8.443833877319171233e-01 1.506924279899610475e-01
2.014626918204332762e-01 8.443833877319171233e-01 1.506924279899610475e-01
2.014626918204332762e-01 8.443833877319171233e-01 1.506924279899610475e-01
1.599091900216885187e-01 4.970277143171374368e-01 8.282264990430564244e-02
1.599091900216885187e-01 4.970277143171374368e-01 8.282264990430564244e-02
1.262215781645039669e-01 4.925499033050408371e-01 7.251249791013202051e-02
-2.947125587719620077e-01 7.246820040933348306e-01 9.305489667393872233e-02
-1.151192157546120365e-01 7.201197771757351651e-01 1.512644539424110868e-01
-3.739087836717491786e-01 8.276901875052299351e-01 1.355588195656674544e-01
-5.625517177749258524e-01 9.929826445548612934e-01 1.719873697458101369e-01
-5.625517177749258524e-01 9.929826445548612934e-01 1.719873697458101369e-01
-4.026171226115489166e-01 1.263048828351487796e+00 1.045468681329991961e-01
-4.877630706169253094e-01 1.034392891677145654e+00 2.119034011872950596e-01
-8.432694845850216003e-01 1.130410307779391221e+00 1.387229701612554544e-01
-5.342138678703622912e-01 9.823552248824628519e-01 1.763854890860202806e-01
-4.234974767032556597e-01 8.325141883631347328e-01 1.197194078552133029e-01
-4.234974767032556597e-01 8.325141883631347328e-01 1.197194078552133029e-01
-6.595501190973951378e-01 1.167375286984718930e+00 1.997172533660840632e-01
-8.017773836188967218e-01 1.558042084731223742e+00 4.221975266812699051e-02
-8.017773836188967218e-01 1.558042084731223742e+00 4.221975266812699051e-02
-1.123443949068651193e+00 1.408800574317874199e+00 1.261557450608288555e-01
-1.126589732135557131e+00 1.541747820145013215e+00 9.589404999508832628e-02
-1.450766494515143057e+00 1.397932543420577378e+00 4.926109223732708098e-02
-1.450766494515143057e+00 1.397932543420577378e+00 4.926109223732708098e-02
-1.541658134151318693e+00 1.872170130047946301e+00 2.468527065492972031e-02
-1.476016561583076037e+00 1.810589769127001647e+00 3.398270287408591828e-02
-1.341614465607362527e+00 1.608935453720947928e+00 7.931820604983577661e-02
-1.341614465607362527e+00 1.608935453720947928e+00 7.931820604983577661e-02
-1.068025369804103786e+00 1.396256936450475772e+00 1.347711966453773724e-01
-1.057197928563098577e+00 1.319380750610434916e+00 1.334287210519107814e-01
-1.057197928563098577e+00 1.319380750610434916e+00 1.334287210519107814e-01
-1.057197928563098577e+00 1.319380750610434916e+00 1.334287210519107814e-01
-1.039537526560287528e+00 1.411788164931544243e+00 1.351639047288661077e-01
-1.039537526560287528e+00 1.411788164931544243e+00 1.351639047288661077e-01
-1.039537526560287528e+00 1.411788164931544243e+00 1.351639047288661077e-01
-1.039537526560287528e+00 1.411788164931544243e+00 1.351639047288661077e-01
-1.039537526560287528e+00 1.411788164931544243e+00 1.351639047288661077e-01
-8.863510322064805935e-01 1.583209525587273347e+00 4.584277495267278374e-02
-9.518840066270567446e-01 1.271029327131220077e+00 1.520266437132807014e-01
-1.041818860617393039e+00 1.391198066776756503e+00 1.383599102030748096e-01
-9.500928686940620649e-01 1.202302696739220522e+00 1.319443236412939924e-01
-4.813306894320390494e-01 1.031358101832179353e+00 2.124196048511450829e-01
-4.279359454573480326e-01 1.133639791407737185e+00 1.971626311490230488e-01
-4.279359454573480326e-01 1.133639791407737185e+00 1.971626311490230488e-01
-4.279359454573480326e-01 1.133639791407737185e+00 1.971626311490230488e-01
-5.508334926861587766e-01 1.276994504868126157e+00 1.413338624449501923e-01
-5.508334926861587766e-01 1.276994504868126157e+00 1.413338624449501923e-01
-5.508334926861587766e-01 1.276994504868126157e+00 1.413338624449501923e-01
-5.052942345355361242e-01 1.181850674103859467e+00 1.883415970558639241e-01
-5.397427258130178540e-01 1.244436588873308880e+00 1.597132487985686855e-01
-5.397427258130178540e-01 1.244436588873308880e+00 1.597132487985686855e-01
-2.754882542670402668e-01 6.060869128710631992e-01 3.678937632338716984e-02
-3.457506132360317341e-01 8.320241613827612515e-01 1.494838446335463034e-01
-1.561834269216298143e-01 7.892459085403751295e-01 1.841604901594028065e-01
-1.561834269216298143e-01 7.892459085403751295e-01 1.841604901594028065e-01
-1.561834269216298143e-01 7.892459085403751295e-01 1.841604901594028065e-01
-1.561834269216298143e-01 7.892459085403751295e-01 1.841604901594028065e-01
-8.646322982239992849e-02 9.417990469122125008e-01 2.022969789021617781e-01
3.835180783765277379e-01 7.999772442715432641e-01 1.040397809597364553e-01
1.373647973930070820e-01 8.715853648695779388e-01 1.609041393039120083e-01
1.373647973930070820e-01 8.715853648695779388e-01 1.609041393039120083e-01
1.373647973930070820e-01 8.715853648695779388e-01 1.609041393039120083e-01
1.373647973930070820e-01 8.715853648695779388e-01 1.609041393039120083e-01
1.373647973930070820e-01 8.715853648695779388e-01 1.609041393039120083e-01
1.124499744874815077e-01 5.856489343794852864e-01 1.254218050838028509e-01
-2.541221641529538000e-01 7.573320860888816952e-01 1.300795684611266434e-01
-8.146073050241451341e-01 1.000678609131156138e+00 7.868534374205057857e-02
-5.799202317607182744e-01 9.431495301731203096e-01 1.334465407142258198e-01
-8.499721305419950523e-01 1.357430595144105023e+00 1.513931530050492413e-01
-8.499721305419950523e-01 1.357430595144105023e+00 1.513931530050492413e-01
-8.372129990076525585e-01 1.001543204662090458e+00 7.161727205686457820e-02
-1.171154445178972159e+00 1.136841844842227944e+00 3.688120072488465517e-02
-1.171154445178972159e+00 1.136841844842227944e+00 3.688120072488465517e-02
-9.517095469861570622e-01 1.529618600820835006e+00 8.078390588477511736e-02
-8.784770021574916932e-01 1.480567674932713462e+00 9.319567563073197225e-02
-8.463310875153752244e-01 1.019452821333362014e+00 7.778865639497624385e-02
-7.683521644116031446e-01 1.050277767403835272e+00 1.244851404553001528e-01
-7.683521644116031446e-01 1.050277767403835272e+00 1.244851404553001528e-01
-7.683521644116031446e-01 1.050277767403835272e+00 1.244851404553001528e-01
-5.047331578339167013e-01 7.245726460589700935e-01 3.561443761116142581e-02
-5.047331578339167013e-01 7.245726460589700935e-01 3.561443761116142581e-02
-2.258746358100113261e-01 6.543131532547353801e-01 7.137936153498124214e-02
-2.258746358100113261e-01 6.543131532547353801e-01 7.137936153498124214e-02
-2.523646137283369617e-01 1.131387290834925397e+00 1.445459248871597546e-01
-2.523646137283369617e-01 1.131387290834925397e+00 1.445459248871597546e-01
-5.841865774535528466e-01 9.507200680198908405e-01 1.367451773279882432e-01
-3.071864330193506132e-01 1.167442091804634208e+00 1.388443934477530117e-01
-3.071864330193506132e-01 1.167442091804634208e+00 1.388443934477530117e-01
-3.071864330193506132e-01 1.167442091804634208e+00 1.388443934477530117e-01
-3.071864330193506132e-01 1.167442091804634208e+00 1.388443934477530117e-01
-4.793498677400794827e-01 1.079082935709409385e+00 2.171609519882621853e-01
