2.489132485845457765e-01 1.481402749648903505e-01 3.882838715310282102e-02
2.489132485845457765e-01 1.481402749648903505e-01 3.882838715310282102e-02
3.206363974988454268e-01 2.965870510675460148e-01 2.735414967564878674e-01
3.276749331475975469e-01 2.894841299033616422e-01 2.771998506102944515e-01
6.545110892893800658e-01 1.566066886921383405e-01 5.186881343669879074e-01
6.545110892893800658e-01 1.566066886921383405e-01 5.186881343669879074e-01
6.545110892893800658e-01 1.566066886921383405e-01 5.186881343669879074e-01
5.505336010911110467e-01 -1.331106404861361336e-01 9.259885377708486354e-02
3.342295182523368213e-01 2.067010857942881974e-01 1.785777348058985026e-01
7.794614441812324213e-01 1.533957507107177043e-01 3.220533459175441982e-01
7.794614441812324213e-01 1.533957507107177043e-01 3.220533459175441982e-01
7.794614441812324213e-01 1.533957507107177043e-01 3.220533459175441982e-01
7.794614441812324213e-01 1.533957507107177043e-01 3.220533459175441982e-01
8.337029364220276406e-01 1.127697570582360670e-01 2.804609694695399669e-01
6.631457172323269589e-01 3.764309431388291327e-01 1.785620231538955494e-01
6.631457172323269589e-01 3.764309431388291327e-01 1.785620231538955494e-01
3.395324536450380903e-01 4.719067406834196454e-01 4.293212046643742341e-01
3.395324536450380903e-01 4.719067406834196454e-01 4.293212046643742341e-01
3.395324536450380903e-01 4.719067406834196454e-01 4.293212046643742341e-01
3.395324536450380903e-01 4.719067406834196454e-01 4.293212046643742341e-01
3.395324536450380903e-01 4.719067406834196454e-01 4.293212046643742341e-01
2.466777324484140665e-01 6.134985417954110787e-01 3.545481675322185167e-01
2.466777324484140665e-01 6.134985417954110787e-01 3.545481675322185167e-01
3.552786732577281614e-02 8.987796089911005426e-01 1.944017247950753924e-01
3.552786732577281614e-02 8.987796089911005426e-01 1.944017247950753924e-01
1.285872923416233604e-01 8.529650272103087572e-01 1.959863328643568214e-01
1.285872923416233604e-01 8.529650272103087572e-01 1.959863328643568214e-01
1.285872923416233604e-01 8.529650272103087572e-01 1.959863328643568214e-01
1.285872923416233604e-01 8.529650272103087572e-01 1.959863328643568214e-01
5.356645941988857906e-02 5.755509440635390161e-01 1.473119607423970245e-01
5.356645941988857906e-02 5.755509440635390161e-01 1.473119607423970245e-01
5.356645941988857906e-02 5.755509440635390161e-01 1.473119607423970245e-01
-3.222403119059147336e-02 7.141149805619549928e-01 1.426178873805883374e-01
-3.222403119059147336e-02 7.141149805619549928e-01 1.426178873805883374e-01
-3.222403119059147336e-02 7.141149805619549928e-01 1.426178873805883374e-01
-3.222403119059147336e-02 7.141149805619549928e-01 1.426178873805883374e-01
-3.222403119059147336e-02 7.141149805619549928e-01 1.426178873805883374e-01
-3.222403119059147336e-02 7.141149805619549928e-01 1.426178873805883374e-01
-3.222403119059147336e-02 7.141149805619549928e-01 1.426178873805883374e-01
-3.222403119059147336e-02 7.141149805619549928e-01 1.426178873805883374e-01
-3.222403119059147336e-02 7.141149805619549928e-01 1.426178873805883374e-01
3.012272981404641725e-01 5.067669698122401201e-01 4.073471438683483048e-01
3.012272981404641725e-01 5.067669698122401201e-01 4.073471438683483048e-01
3.012272981404641725e-01 5.067669698122401201e-01 4.073471438683483048e-01
4.898941815553067292e-01 4.055068049593849033e-01 4.144081109894061643e-01
6.188459715679112128e-01 1.081348925208251988e-01 5.269470996686661524e-01
6.477166100552738115e-01 -6.077062220344325860e-02 3.540520523677954112e-01
6.298380448575706669e-01 2.920432686008533341e-01 3.757748345437998405e-01
6.298380448575706669e-01 2.920432686008533341e-01 3.757748345437998405e-01
6.670891698828816940e-01 3.710978068925028239e-01 1.799463636814071232e-01
6.670891698828816940e-01 3.710978068925028239e-01 1.799463636814071232e-01
6.670891698828816940e-01 3.710978068925028239e-01 1.799463636814071232e-01
6.670891698828816940e-01 3.710978068925028239e-01 1.799463636814071232e-01
6.670891698828816940e-01 3.710978068925028239e-01 1.799463636814071232e-01
3.067896123711663092e-01 2.782143652801503109e-01 2.237058363985338638e-01
3.185776303839512602e-01 4.183201731242013333e-01 4.012756367926147982e-01
2.324220290588529525e-01 7.852692025578137391e-01 1.890009250678245656e-01
2.324220290588529525e-01 7.852692025578137391e-01 1.890009250678245656e-01
2.324220290588529525e-01 7.852692025578137391e-01 1.890009250678245656e-01
2.324220290588529525e-01 7.852692025578137391e-01 1.890009250678245656e-01
2.324220290588529525e-01 7.852692025578137391e-01 1.890009250678245656e-01
-1.084838363640478476e-01 7.822518670129330332e-01 1.048643883056318837e-01
-1.700335691152356499e-01 9.657697975513557243e-01 1.186354281416425599e-01
-1.700335691152356499e-01 9.657697975513557243e-01 1.186354281416425599e-01
-4.325170736968575458e-02 7.817711448766886395e-01 1.657085229572038410e-01
6.432350648375920188e-02 9.221834784616216307e-01 1.688127719297759788e-01
6.432350648375920188e-02 9.221834784616216307e-01 1.688127719297759788e-01
1.137764870318143107e-01 7.954758545469386988e-01 2.490978487876654157e-01
1.137764870318143107e-01 7.954758545469386988e-01 2.490978487876654157e-01
2.157648231650939330e-01 4.963187495281741191e-01 3.138182628211916847e-01
1.136801312102975192e-03 9.171340073243058333e-01 1.870143372354956257e-01
1.136801312102975192e-03 9.171340073243058333e-01 1.870143372354956257e-01
1.136801312102975192e-03 9.171340073243058333e-01 1.870143372354956257e-01
1.136801312102975192e-03 9.171340073243058333e-01 1.870143372354956257e-01
1.136801312102975192e-03 9.171340073243058333e-01 1.870143372354956257e-01
1.136801312102975192e-03 9.171340073243058333e-01 1.870143372354956257e-01
1.136801312102975192e-03 9.171340073243058333e-01 1.870143372354956257e-01
3.703167596490090085e-01 3.797951891975985816e-01 4.409377748077580317e-01
4.452907004158462856e-01 5.699483048434695887e-01 2.254196912859816326e-01
3.336067468255579094e-01 1.970075599442636105e-01 1.656746077740217093e-01
5.804134863179065684e-01 1.875327575832469451e-01 5.312778514153376763e-01
6.350420077082626902e-01 1.470822003000156475e-01 5.345457658636540987e-01
6.350420077082626902e-01 1.470822003000156475e-01 5.345457658636540987e-01
6.350420077082626902e-01 1.470822003000156475e-01 5.345457658636540987e-01
6.350420077082626902e-01 1.470822003000156475e-01 5.345457658636540987e-01
6.350420077082626902e-01 1.470822003000156475e-01 5.345457658636540987e-01
6.350420077082626902e-01 1.470822003000156475e-01 5.345457658636540987e-01
4.466589730816120651e-01 3.120849767337906533e-01 4.853407910975209849e-01
5.443691183202582495e-01 2.054867988090568198e-01 5.202773970411496141e-01
5.443691183202582495e-01 2.054867988090568198e-01 5.202773970411496141e-01
4.863365461018680502e-01 4.302302507831148870e-02 2.155283356794485405e-01
4.863365461018680502e-01 4.302302507831148870e-02 2.155283356794485405e-01
4.863365461018680502e-01 4.302302507831148870e-02 2.155283356794485405e-01
4.863365461018680502e-01 4.302302507831148870e-02 2.155283356794485405e-01
5.597156481229699221e-01 -7.593661907204479755e-02 1.692963924068236481e-01
3.562084963362934231e-01 3.987906466858174848e-01 4.345781047816270615e-01
3.562084963362934231e-01 3.987906466858174848e-01 4.345781047816270615e-01
3.562084963362934231e-01 3.987906466858174848e-01 4.345781047816270615e-01
3.562084963362934231e-01 3.987906466858174848e-01 4.345781047816270615e-01
3.562084963362934231e-01 3.987906466858174848e-01 4.345781047816270615e-01
