2.489132485845457765e-01 1.481402749648903505e-01 1.190473678407300701e-01
3.555339920012566823e-01 6.606963255796445278e-01 1.117378574056165780e-01
3.555339920012566823e-01 6.606963255796445278e-01 1.117378574056165780e-01
-4.866635825307996654e-03 1.106272583742913485e+00 2.656708527641543985e-02
2.537104787290477836e-01 7.969851749710342714e-01 7.736572667974749018e-02
4.240910990210201570e-01 7.086674857000478944e-01 2.017929952653640252e-02
4.240910990210201570e-01 7.086674857000478944e-01 2.017929952653640252e-02
4.240910990210201570e-01 7.086674857000478944e-01 2.017929952653640252e-02
4.240910990210201570e-01 7.086674857000478944e-01 2.017929952653640252e-02
1.255540010781235338e-01 5.976965917699776920e-01 4.354072220515215474e-01
1.255540010781235338e-01 5.976965917699776920e-01 4.354072220515215474e-01
1.255540010781235338e-01 5.976965917699776920e-01 4.354072220515215474e-01
1.255540010781235338e-01 5.976965917699776920e-01 4.354072220515215474e-01
1.255540010781235338e-01 5.976965917699776920e-01 4.354072220515215474e-01
3.297342393592755938e-01 6.382314219710538694e-01 1.889801634456836632e-01
3.297342393592755938e-01 6.382314219710538694e-01 1.889801634456836632e-01
6.632660086990699311e-02 9.450956575802057502e-01 8.938760290075105364e-02
6.317852735799944774e-02 7.551679968138605981e-01 2.993432910478315834e-01
3.641943376103105035e-01 6.690822808454657267e-01 9.058568878257527990e-02
-2.179363351680911887e-01 6.810224138241551817e-01 1.067956851350324206e-02
-2.179363351680911887e-01 6.810224138241551817e-01 1.067956851350324206e-02
8.674048495226788225e-02 4.818848983266851849e-01 2.368741704081488153e-01
8.674048495226788225e-02 4.818848983266851849e-01 2.368741704081488153e-01
8.674048495226788225e-02 4.818848983266851849e-01 2.368741704081488153e-01
8.674048495226788225e-02 4.818848983266851849e-01 2.368741704081488153e-01
8.674048495226788225e-02 4.818848983266851849e-01 2.368741704081488153e-01
9.232599566640301014e-02 7.550801729679441632e-01 3.007586092369117226e-01
9.232599566640301014e-02 7.550801729679441632e-01 3.007586092369117226e-01
9.232599566640301014e-02 7.550801729679441632e-01 3.007586092369117226e-01
3.588561457124130882e-01 6.026123662547338000e-01 1.981605017742532893e-01
3.588561457124130882e-01 6.026123662547338000e-01 1.981605017742532893e-01
3.736271927157205908e-01 5.475082351976904294e-01 2.809598633041009985e-01
3.736271927157205908e-01 5.475082351976904294e-01 2.809598633041009985e-01
-7.848321210907172052e-02 6.163530334929372412e-01 6.963227351030767953e-02
-7.848321210907172052e-02 6.163530334929372412e-01 6.963227351030767953e-02
-7.848321210907172052e-02 6.163530334929372412e-01 6.963227351030767953e-02
-7.848321210907172052e-02 6.163530334929372412e-01 6.963227351030767953e-02
-2.041138152898510361e-01 9.433909090261343167e-01 6.603769545344284619e-02
-5.917449749597325503e-02 5.545600705552709009e-01 5.630224409292983179e-02
-5.917449749597325503e-02 5.545600705552709009e-01 5.630224409292983179e-02
-1.939108339358918687e-01 1.162599608784203653e+00 3.794603833243079954e-02
-1.939108339358918687e-01 1.162599608784203653e+00 3.794603833243079954e-02
-1.939108339358918687e-01 1.162599608784203653e+00 3.794603833243079954e-02
-1.939108339358918687e-01 1.162599608784203653e+00 3.794603833243079954e-02
-1.939108339358918687e-01 1.162599608784203653e+00 3.794603833243079954e-02
-1.939108339358918687e-01 1.162599608784203653e+00 3.794603833243079954e-02
5.148343320390721956e-02 9.701877745885939541e-01 7.740710919672014190e-02
-8.880731707625466598e-02 9.574104338227562572e-01 1.218586542008431722e-01
-8.880731707625466598e-02 9.574104338227562572e-01 1.218586542008431722e-01
-8.880731707625466598e-02 9.574104338227562572e-01 1.218586542008431722e-01
-8.880731707625466598e-02 9.574104338227562572e-01 1.218586542008431722e-01
7.892308381495299896e-02 7.410420831639381589e-01 3.164401991352922550e-01
1.529261298371661082e-01 6.195168511188544613e-01 4.566525551603434208e-01
1.529261298371661082e-01 6.195168511188544613e-01 4.566525551603434208e-01
1.529261298371661082e-01 6.195168511188544613e-01 4.566525551603434208e-01
1.529261298371661082e-01 6.195168511188544613e-01 4.566525551603434208e-01
1.529261298371661082e-01 6.195168511188544613e-01 4.566525551603434208e-01
2.322643536457709157e-01 6.068171485156693690e-01 4.437022080117974387e-01
2.238893730246591385e-01 6.339936003118733510e-01 3.991609409270708286e-01
3.606819599771852181e-01 5.459438517566189697e-01 3.174697151193823785e-01
3.606819599771852181e-01 5.459438517566189697e-01 3.174697151193823785e-01
2.035403348040051852e-01 4.329139368064012783e-01 5.048975767137924286e-01
2.035403348040051852e-01 4.329139368064012783e-01 5.048975767137924286e-01
2.035403348040051852e-01 4.329139368064012783e-01 5.048975767137924286e-01
2.035403348040051852e-01 4.329139368064012783e-01 5.048975767137924286e-01
2.035403348040051852e-01 4.329139368064012783e-01 5.048975767137924286e-01
2.035403348040051852e-01 4.329139368064012783e-01 5.048975767137924286e-01
2.035403348040051852e-01 4.329139368064012783e-01 5.048975767137924286e-01
2.035403348040051852e-01 4.329139368064012783e-01 5.048975767137924286e-01
2.035403348040051852e-01 4.329139368064012783e-01 5.048975767137924286e-01
2.035403348040051852e-01 4.329139368064012783e-01 5.048975767137924286e-01
2.035403348040051852e-01 4.329139368064012783e-01 5.048975767137924286e-01
2.035403348040051852e-01 4.329139368064012783e-01 5.048975767137924286e-01
2.301853683848249232e-01 3.642796976231538753e-01 4.769799395470770143e-01
4.989817828935076971e-01 1.530502609823159721e-01 7.298717018420914915e-01
4.989817828935076971e-01 1.530502609823159721e-01 7.298717018420914915e-01
4.989817828935076971e-01 1.530502609823159721e-01 7.298717018420914915e-01
3.566163981023973140e-01 5.765717852977841895e-02 1.982320396543979513e-01
4.863271620738091050e-01 4.482365834914203151e-01 2.127530734244451049e-01
1.287927515851660654e-01 4.162359404619284109e-01 2.519617987848520868e-01
1.287927515851660654e-01 4.162359404619284109e-01 2.519617987848520868e-01
1.287927515851660654e-01 4.162359404619284109e-01 2.519617987848520868e-01
1.287927515851660654e-01 4.162359404619284109e-01 2.519617987848520868e-01
1.287927515851660654e-01 4.162359404619284109e-01 2.519617987848520868e-01
1.287927515851660654e-01 4.162359404619284109e-01 2.519617987848520868e-01
1.287927515851660654e-01 4.162359404619284109e-01 2.519617987848520868e-01
1.352771185747604077e-01 7.232071548579861453e-01 3.271028691978639102e-01
1.352771185747604077e-01 7.232071548579861453e-01 3.271028691978639102e-01
1.352771185747604077e-01 7.232071548579861453e-01 3.271028691978639102e-01
2.420669793242793966e-02 5.746671006159161932e-01 1.991453146841542510e-01
1.437775091254189508e-01 5.678781071387202228e-01 4.636541404010275369e-01
2.803596906701559810e-01 4.901040331963981145e-01 6.078142057284041666e-01
4.795254432837154912e-01 5.293356240704326643e-01 9.830477947734803101e-02
4.795254432837154912e-01 5.293356240704326643e-01 9.830477947734803101e-02
4.795254432837154912e-01 5.293356240704326643e-01 9.830477947734803101e-02
4.795254432837154912e-01 5.293356240704326643e-01 9.830477947734803101e-02
5.265647081224084092e-01 4.645785786260902550e-01 1.061970335708674329e-01
6.184974997856045320e-01 3.413227790462163291e-01 1.090996214698336658e-01
4.460471120292207603e-01 -1.696826110870630622e-02 2.649016410202524874e-01
5.119466737874464046e-01 -1.788697353342161567e-01 1.076310630605592372e-01
