2.489132485845457765e-01 1.481402749648903505e-01 3.965311775793568284e-03
2.489132485845457765e-01 1.481402749648903505e-01 3.965311775793568284e-03
2.489132485845457765e-01 1.481402749648903505e-01 3.965311775793568284e-03
4.966366587787132691e-01 3.428129996514728273e-01 1.236012902504030897e-01
4.966366587787132691e-01 3.428129996514728273e-01 1.236012902504030897e-01
4.966366587787132691e-01 3.428129996514728273e-01 1.236012902504030897e-01
4.966366587787132691e-01 3.428129996514728273e-01 1.236012902504030897e-01
5.250011071216125202e-01 3.684715013850075049e-01 1.520052895482209288e-01
5.250011071216125202e-01 3.684715013850075049e-01 1.520052895482209288e-01
3.626394180375449583e-01 4.992658380828299269e-01 1.828007378839103247e-01
6.055531061081178557e-01 5.462233254682151706e-01 2.050656927898684978e-01
6.055531061081178557e-01 5.462233254682151706e-01 2.050656927898684978e-01
6.055531061081178557e-01 5.462233254682151706e-01 2.050656927898684978e-01
8.811836996032320624e-01 2.408278525394869085e-01 1.654905083490581796e-01
8.811836996032320624e-01 2.408278525394869085e-01 1.654905083490581796e-01
8.811836996032320624e-01 2.408278525394869085e-01 1.654905083490581796e-01
8.811836996032320624e-01 2.408278525394869085e-01 1.654905083490581796e-01
8.811836996032320624e-01 2.408278525394869085e-01 1.654905083490581796e-01
8.811836996032320624e-01 2.408278525394869085e-01 1.654905083490581796e-01
1.049132311337395818e+00 4.820147555796079342e-01 7.159065583705065405e-02
5.665131391229345503e-01 5.451168579586360696e-01 2.141424017111631939e-01
5.665131391229345503e-01 5.451168579586360696e-01 2.141424017111631939e-01
-4.560572140117469253e-02 6.318968819815613536e-01 1.063111073298750320e-01
-4.560572140117469253e-02 6.318968819815613536e-01 1.063111073298750320e-01
-4.560572140117469253e-02 6.318968819815613536e-01 1.063111073298750320e-01
-4.560572140117469253e-02 6.318968819815613536e-01 1.063111073298750320e-01
-4.560572140117469253e-02 6.318968819815613536e-01 1.063111073298750320e-01
6.171147475091154355e-01 8.120657142069274137e-01 4.611490291792099544e-02
6.171147475091154355e-01 8.120657142069274137e-01 4.611490291792099544e-02
5.660759348241956035e-01 5.105173692645535999e-01 2.181861398643757943e-01
5.660759348241956035e-01 5.105173692645535999e-01 2.181861398643757943e-01
5.660759348241956035e-01 5.105173692645535999e-01 2.181861398643757943e-01
1.902014171734403014e-01 6.339832034636548874e-01 2.020223210923386969e-01
3.769914980790430858e-01 7.091665547717199702e-01 1.990240722503530124e-01
3.769914980790430858e-01 7.091665547717199702e-01 1.990240722503530124e-01
4.048592016117612546e-01 7.400329293784225770e-01 1.703973605506630407e-01
6.901463003200284385e-01 6.365027646975108810e-01 1.211620182529746931e-01
5.804088421072990389e-01 7.268434838069374182e-01 1.064117995011561874e-01
5.804088421072990389e-01 7.268434838069374182e-01 1.064117995011561874e-01
4.006168358074361224e-01 5.548711320793873192e-01 2.186750857843066942e-01
4.006168358074361224e-01 5.548711320793873192e-01 2.186750857843066942e-01
4.006168358074361224e-01 5.548711320793873192e-01 2.186750857843066942e-01
4.006168358074361224e-01 5.548711320793873192e-01 2.186750857843066942e-01
7.247368417893508274e-01 3.238584726043626238e-01 1.797713008976027094e-01
6.173268239323946860e-01 7.942391977195111252e-01 5.410046238725548656e-02
6.173268239323946860e-01 7.942391977195111252e-01 5.410046238725548656e-02
6.173268239323946860e-01 7.942391977195111252e-01 5.410046238725548656e-02
6.173268239323946860e-01 7.942391977195111252e-01 5.410046238725548656e-02
6.937072357101587983e-01 8.697200410535280701e-01 1.530803549511812814e-02
6.937072357101587983e-01 8.697200410535280701e-01 1.530803549511812814e-02
8.516417330488679216e-01 4.941262409827450464e-01 1.420882627967898493e-01
1.064585404068357777e+00 4.424565609885015016e-01 8.588895101670873666e-02
1.064585404068357777e+00 4.424565609885015016e-01 8.588895101670873666e-02
5.676350893147200649e-01 4.853174730395261594e-01 2.165302942244569095e-01
5.023644714800183930e-01 4.609289825353651282e-01 2.012423143388255009e-01
1.064797713297221948e-01 3.740913497296508017e-01 2.583369270074514779e-02
3.269292051945332789e-01 4.385696104287584718e-01 1.265991716352843910e-01
7.708572309448505355e-02 5.412017681715082240e-01 9.680295980566160086e-02
2.846174885330638449e-01 8.633302365641195575e-01 1.308307942461582885e-01
-4.953505984227385417e-02 8.378905340606866980e-01 2.056110670993238632e-01
-6.242333681597392325e-03 9.857842788078740037e-01 1.484788786699559604e-01
-3.890759911343150135e-01 1.045776575630717131e+00 1.626148891445811373e-01
-5.825854145702688003e-01 9.475743492985357896e-01 7.534994211364393069e-02
-5.825854145702688003e-01 9.475743492985357896e-01 7.534994211364393069e-02
-6.039269648266448742e-01 1.323354469743998507e+00 8.988449774299341055e-02
-7.442608593622409563e-01 1.151067051435890276e+00 9.728546171689424205e-02
-7.442608593622409563e-01 1.151067051435890276e+00 9.728546171689424205e-02
-7.442608593622409563e-01 1.151067051435890276e+00 9.728546171689424205e-02
-7.442608593622409563e-01 1.151067051435890276e+00 9.728546171689424205e-02
-1.544452418919199932e-01 1.145506213397702977e+00 9.001383627561047873e-02
-1.544452418919199932e-01 1.145506213397702977e+00 9.001383627561047873e-02
-1.544452418919199932e-01 1.145506213397702977e+00 9.001383627561047873e-02
-5.181436067982374272e-02 9.944678733450215136e-01 1.559440669370271981e-01
-5.181436067982374272e-02 9.944678733450215136e-01 1.559440669370271981e-01
1.518198865274024700e-01 7.139003743026971494e-01 2.193972518749411071e-01
-4.738879237340511419e-01 1.080421009793784082e+00 1.496940506819610384e-01
-5.516101303439311376e-01 1.263389035197902910e+00 1.083320610683135565e-01
-7.278729586085497250e-01 1.032132415085861954e+00 6.407596057319520089e-02
-1.162349938206766353e+00 1.321595866828729093e+00 3.990418016945104090e-02
-1.162349938206766353e+00 1.321595866828729093e+00 3.990418016945104090e-02
-6.611385908455934546e-01 1.165404751344838008e+00 1.197272846981417282e-01
-7.307993631963046743e-01 1.286456025449187024e+00 1.060178302212243101e-01
-7.307993631963046743e-01 1.286456025449187024e+00 1.060178302212243101e-01
-5.987961862694599624e-01 1.117254134188078618e+00 1.275361452164111564e-01
-5.987961862694599624e-01 1.117254134188078618e+00 1.275361452164111564e-01
-5.987961862694599624e-01 1.117254134188078618e+00 1.275361452164111564e-01
-1.014464498286166361e+00 1.414570985035917827e+00 7.103994133854756032e-02
-1.014464498286166361e+00 1.414570985035917827e+00 7.103994133854756032e-02
-9.963014795161264647e-01 1.632331792371683132e+00 3.034026685621120031e-02
-9.963014795161264647e-01 1.632331792371683132e+00 3.034026685621120031e-02
-8.403428135213204531e-01 1.071669548001384697e+00 4.770103716381809966e-02
-5.549762013632875135e-01 1.389824934888107322e+00 5.499744885140638029e-02
-4.745335788830846724e-01 1.415374396183654016e+00 3.381168607837633372e-02
-4.745335788830846724e-01 1.415374396183654016e+00 3.381168607837633372e-02
-2.573434886434438629e-01 1.039332012725550092e+00 1.689971778213712472e-01
-3.348967590665639649e-01 9.637928681891243521e-01 1.653194375706705799e-01
-6.927550662824280003e-01 1.109292023962620943e+00 1.006487603261586872e-01
-4.870274722154347979e-01 1.245346798604329175e+00 1.082504009359126773e-01
-2.375258924225305546e-01 1.371524282774942760e+00 1.666311518414570828e-02
-2.375258924225305546e-01 1.371524282774942760e+00 1.666311518414570828e-02
