2.489132485845457765e-01 1.481402749648903505e-01 5.137179307382932873e-03
2.489132485845457765e-01 1.481402749648903505e-01 5.137179307382932873e-03
2.262551633480934798e-01 2.322676297508958210e-01 1.587148821117244021e-02
3.434798759867888074e-01 2.837687601942409099e-01 6.025122643698837405e-02
5.960186266957361312e-01 4.750274312315185821e-01 2.752365215517244557e-01
5.960186266957361312e-01 4.750274312315185821e-01 2.752365215517244557e-01
5.960186266957361312e-01 4.750274312315185821e-01 2.752365215517244557e-01
-1.692016301741627871e-02 3.257608472817697942e-01 1.032398154669042847e-02
1.317122213048046997e-01 1.882090115278597375e-01 3.809624711276839680e-03
1.317122213048046997e-01 1.882090115278597375e-01 3.809624711276839680e-03
1.317122213048046997e-01 1.882090115278597375e-01 3.809624711276839680e-03
1.317122213048046997e-01 1.882090115278597375e-01 3.809624711276839680e-03
1.317122213048046997e-01 1.882090115278597375e-01 3.809624711276839680e-03
-1.507682328321959253e-01 3.740431684138751933e-01 7.366803981661924385e-03
-1.079467755704551224e-01 4.296671628277781152e-01 2.229714718596554138e-02
-1.079467755704551224e-01 4.296671628277781152e-01 2.229714718596554138e-02
-1.079467755704551224e-01 4.296671628277781152e-01 2.229714718596554138e-02
-1.741440699416925142e-01 7.664698222800556682e-01 2.024949859649309014e-01
-1.741440699416925142e-01 7.664698222800556682e-01 2.024949859649309014e-01
-1.741440699416925142e-01 7.664698222800556682e-01 2.024949859649309014e-01
-1.741440699416925142e-01 7.664698222800556682e-01 2.024949859649309014e-01
-3.130088940509229145e-03 8.614128993266796375e-01 1.976612636728787009e-01
-3.130088940509229145e-03 8.614128993266796375e-01 1.976612636728787009e-01
2.066994642567606677e-01 6.739024178245601737e-01 2.747459438055898651e-01
-4.081725521847076599e-02 6.273949886816110322e-01 1.757122601062274803e-01
-4.081725521847076599e-02 6.273949886816110322e-01 1.757122601062274803e-01
5.585913504891358572e-02 8.083714936819361707e-01 2.249579860365550354e-01
1.745530330856881474e-01 7.370904714670710733e-01 2.493332408810637058e-01
1.470560287736906169e-01 7.756315277111273110e-01 2.279255171156577275e-01
1.470560287736906169e-01 7.756315277111273110e-01 2.279255171156577275e-01
1.470560287736906169e-01 7.756315277111273110e-01 2.279255171156577275e-01
-2.592721599811162458e-02 8.406704882970006398e-01 2.169904313302657151e-01
-2.592721599811162458e-02 8.406704882970006398e-01 2.169904313302657151e-01
-4.353446156241919107e-01 8.539341962753946857e-01 1.327381610474214768e-01
-4.353446156241919107e-01 8.539341962753946857e-01 1.327381610474214768e-01
-2.282474479029421577e-01 9.211231501285442880e-01 1.871311156218109228e-01
-9.369298308795084851e-02 1.040541111221192194e+00 7.662173052007195673e-02
2.434596417894799025e-01 7.779483435008670567e-01 1.915532516734510526e-01
3.511027475653510921e-01 7.015136815486346933e-01 2.202314751684226191e-01
5.836543374085645386e-01 2.617997941800657702e-01 1.305984784067382165e-01
7.278061591227030780e-01 2.270266923043010032e-02 2.112154046983973424e-02
7.278061591227030780e-01 2.270266923043010032e-02 2.112154046983973424e-02
7.278061591227030780e-01 2.270266923043010032e-02 2.112154046983973424e-02
8.176407278071564644e-01 1.544050836026252815e-01 1.168904218141094686e-01
8.176407278071564644e-01 1.544050836026252815e-01 1.168904218141094686e-01
8.176407278071564644e-01 1.544050836026252815e-01 1.168904218141094686e-01
8.176407278071564644e-01 1.544050836026252815e-01 1.168904218141094686e-01
5.526515537525391597e-01 3.766208141948039212e-01 2.288743731368457213e-01
5.526515537525391597e-01 3.766208141948039212e-01 2.288743731368457213e-01
4.452349773601095295e-01 7.820748194016720056e-01 9.810072971054106805e-02
4.452349773601095295e-01 7.820748194016720056e-01 9.810072971054106805e-02
6.099384041937411238e-01 5.212612398774127964e-01 2.553026038717357005e-01
9.400176793071559622e-01 1.097281687004288409e-01 1.147983451730062721e-01
9.400176793071559622e-01 1.097281687004288409e-01 1.147983451730062721e-01
9.400176793071559622e-01 1.097281687004288409e-01 1.147983451730062721e-01
9.400176793071559622e-01 1.097281687004288409e-01 1.147983451730062721e-01
1.071857902655829253e+00 4.788229914389005026e-01 6.930031160180570582e-02
1.069142439505232467e+00 6.227793206674795412e-01 1.478434167794499647e-02
8.750994187546776715e-01 3.546059757513667643e-01 2.297828915901480862e-01
1.140574004073968473e+00 3.382065456226246436e-01 1.277625738379224996e-01
1.140574004073968473e+00 3.382065456226246436e-01 1.277625738379224996e-01
1.140574004073968473e+00 3.382065456226246436e-01 1.277625738379224996e-01
1.140574004073968473e+00 3.382065456226246436e-01 1.277625738379224996e-01
9.022416215989896848e-01 3.011202037889469940e-01 2.249346214534679589e-01
7.032633275505858483e-01 6.167353838167517477e-01 1.271227545220887933e-01
5.013076298470872105e-01 5.172978856370028522e-01 2.830623019828573117e-01
4.515654911252766079e-01 5.823199008654950104e-01 2.731444925636747345e-01
2.588662418338860682e-01 7.282168286673768032e-01 2.321813542510487161e-01
-1.254890945150580195e-01 3.387777294413432116e-01 5.214829681604114114e-03
-1.254890945150580195e-01 3.387777294413432116e-01 5.214829681604114114e-03
-1.254890945150580195e-01 3.387777294413432116e-01 5.214829681604114114e-03
-1.254890945150580195e-01 3.387777294413432116e-01 5.214829681604114114e-03
2.530133597201383866e-02 3.250432709057402003e-01 1.405197136678467545e-02
7.789446756931275306e-01 2.191004057053903553e-01 1.614636545776218235e-01
7.789446756931275306e-01 2.191004057053903553e-01 1.614636545776218235e-01
7.789446756931275306e-01 2.191004057053903553e-01 1.614636545776218235e-01
8.405006615416549254e-01 3.249215038490639307e-01 2.364023928408375552e-01
8.405006615416549254e-01 3.249215038490639307e-01 2.364023928408375552e-01
8.405006615416549254e-01 3.249215038490639307e-01 2.364023928408375552e-01
8.405006615416549254e-01 3.249215038490639307e-01 2.364023928408375552e-01
8.405006615416549254e-01 3.249215038490639307e-01 2.364023928408375552e-01
8.405006615416549254e-01 3.249215038490639307e-01 2.364023928408375552e-01
1.178667498556508653e+00 3.656066375180781480e-01 9.499437575896818586e-02
1.137734104044394678e+00 1.337550591468654737e-01 1.571269313360097453e-01
1.137734104044394678e+00 1.337550591468654737e-01 1.571269313360097453e-01
1.137734104044394678e+00 1.337550591468654737e-01 1.571269313360097453e-01
7.443757104128261304e-01 3.560072304964293499e-01 2.496697296515723585e-01
7.443757104128261304e-01 3.560072304964293499e-01 2.496697296515723585e-01
7.443757104128261304e-01 3.560072304964293499e-01 2.496697296515723585e-01
3.410510856133692204e-01 6.743101888031046709e-01 2.478538169933944546e-01
3.410510856133692204e-01 6.743101888031046709e-01 2.478538169933944546e-01
2.359832216120802129e-01 7.534694231327697667e-01 2.180051372534920484e-01
2.359832216120802129e-01 7.534694231327697667e-01 2.180051372534920484e-01
7.449478430946096519e-02 8.725585975265863770e-01 1.645902875696926837e-01
7.449478430946096519e-02 8.725585975265863770e-01 1.645902875696926837e-01
7.449478430946096519e-02 8.725585975265863770e-01 1.645902875696926837e-01
9.136536284203772285e-02 8.119468322384296721e-01 2.137439244189539012e-01
9.136536284203772285e-02 8.119468322384296721e-01 2.137439244189539012e-01
-2.116810403891880576e-01 8.890868790466559535e-01 2.000134986151033412e-01
-1.681964826415758285e-01 7.900451615054164822e-01 2.126538540054907778e-01
