2.489132485845457765e-01 1.481402749648903505e-01 2.849166607602566549e-03
2.489132485845457765e-01 1.481402749648903505e-01 2.849166607602566549e-03
3.625695246127334515e-01 4.180653692195109294e-01 1.249073213670053029e-01
3.625695246127334515e-01 4.180653692195109294e-01 1.249073213670053029e-01
1.462961776088602395e-01 1.840687770138801915e-01 2.830372738366563039e-03
3.271649246884263118e-02 4.574752106019804310e-01 6.727087081397975510e-02
3.271649246884263118e-02 4.574752106019804310e-01 6.727087081397975510e-02
4.890313600959343421e-01 7.414563486148627591e-01 1.362505700598853897e-01
4.890313600959343421e-01 7.414563486148627591e-01 1.362505700598853897e-01
4.890313600959343421e-01 7.414563486148627591e-01 1.362505700598853897e-01
4.890313600959343421e-01 7.414563486148627591e-01 1.362505700598853897e-01
4.890313600959343421e-01 7.414563486148627591e-01 1.362505700598853897e-01
4.663369880694844261e-01 7.885149781672893265e-01 1.063308630202748628e-01
4.663369880694844261e-01 7.885149781672893265e-01 1.063308630202748628e-01
1.085607127325373678e-01 9.384284478406108576e-01 9.852007553681821350e-02
1.085607127325373678e-01 9.384284478406108576e-01 9.852007553681821350e-02
1.085607127325373678e-01 9.384284478406108576e-01 9.852007553681821350e-02
1.085607127325373678e-01 9.384284478406108576e-01 9.852007553681821350e-02
1.085607127325373678e-01 9.384284478406108576e-01 9.852007553681821350e-02
-3.521841809530113498e-01 7.513682278134385939e-01 1.602070567951100477e-01
-2.962909623017533356e-01 5.528411309513938665e-01 4.570742429378073929e-02
-2.962909623017533356e-01 5.528411309513938665e-01 4.570742429378073929e-02
-2.634746234976984014e-01 4.658621928304340076e-01 1.941036760633504596e-02
-2.932541698226406868e-02 4.051434078510214309e-01 2.935590336145057350e-02
-8.306019456193830530e-02 4.451946081391014998e-01 3.684075410868708350e-02
2.977779544513616816e-01 3.067654092172282243e-01 3.702218085906677780e-02
-7.024782463435247370e-02 4.283475385431155247e-01 3.208127538902638687e-02
-7.024782463435247370e-02 4.283475385431155247e-01 3.208127538902638687e-02
1.232716040565679239e-01 2.976721521923078040e-01 1.508499970424465909e-02
1.232716040565679239e-01 2.976721521923078040e-01 1.508499970424465909e-02
1.232716040565679239e-01 2.976721521923078040e-01 1.508499970424465909e-02
1.232716040565679239e-01 2.976721521923078040e-01 1.508499970424465909e-02
3.049784580324447214e-01 3.000839140635181979e-01 3.523198707806640684e-02
1.021203660126993373e+00 5.210887223846534244e-01 9.058263185245112037e-02
1.152756885884136606e+00 -1.974633178077622730e-02 1.229541399823894619e-02
1.152756885884136606e+00 -1.974633178077622730e-02 1.229541399823894619e-02
1.305644636248530999e+00 7.450631565798861156e-02 3.860762153278027298e-02
9.360698256086530389e-01 5.589578948003053327e-01 9.881329053250348382e-02
1.117221650609448114e+00 5.812763465498185234e-01 4.124944871500557664e-02
8.904303963246613662e-01 3.369993630013043973e-01 1.367678649761519538e-01
8.073715621878935211e-01 3.139197764668898438e-01 1.227695431043934332e-01
9.915026975992412561e-01 6.524173205077774540e-01 4.012876217670564155e-02
8.718798612862073139e-01 6.027014543026990578e-01 9.579640013371944207e-02
8.718798612862073139e-01 6.027014543026990578e-01 9.579640013371944207e-02
8.718798612862073139e-01 6.027014543026990578e-01 9.579640013371944207e-02
8.718798612862073139e-01 6.027014543026990578e-01 9.579640013371944207e-02
1.038988823059563860e+00 3.901294131887652616e-01 1.254776437255709642e-01
1.038988823059563860e+00 3.901294131887652616e-01 1.254776437255709642e-01
7.175876561309351143e-01 4.541047078631999523e-01 1.874386573878018825e-01
2.902445392507657096e-01 5.846204474505815041e-01 2.369583973285491751e-01
5.075197298177180905e-01 8.716256841064926597e-01 4.255001552216627209e-02
4.844034500464531878e-01 8.493719164831315949e-01 5.908602376851560672e-02
5.841794502751449514e-01 5.103284008001462979e-01 2.127631384981234219e-01
7.413799603795736548e-01 4.907343496638356672e-01 1.857943572882262695e-01
2.613894363747007454e-01 8.282249848428375749e-01 1.449100026309146361e-01
2.613894363747007454e-01 8.282249848428375749e-01 1.449100026309146361e-01
1.719987568153180657e-02 5.641353316436128473e-01 1.481191051836270034e-01
9.686546766916409590e-02 6.293134572995329190e-01 2.272912264446778352e-01
9.686546766916409590e-02 6.293134572995329190e-01 2.272912264446778352e-01
3.736992081350890005e-01 6.617449895628955137e-01 2.321447538716902292e-01
-1.842181407988391917e-01 8.234850210626410982e-01 2.312230459444927777e-01
-1.842181407988391917e-01 8.234850210626410982e-01 2.312230459444927777e-01
-1.842181407988391917e-01 8.234850210626410982e-01 2.312230459444927777e-01
-1.842181407988391917e-01 8.234850210626410982e-01 2.312230459444927777e-01
-1.842181407988391917e-01 8.234850210626410982e-01 2.312230459444927777e-01
4.234326330856028053e-02 8.007061127591248439e-01 2.308583648625015528e-01
1.238579323827798118e-01 9.635572305068240695e-01 7.558911348910277161e-02
-1.113559918650858793e-01 8.471526441057107837e-01 2.246306556835049872e-01
-1.113559918650858793e-01 8.471526441057107837e-01 2.246306556835049872e-01
-8.198837486668115737e-01 8.556323901699603995e-01 6.297751284003703931e-02
-8.198837486668115737e-01 8.556323901699603995e-01 6.297751284003703931e-02
-8.198837486668115737e-01 8.556323901699603995e-01 6.297751284003703931e-02
-8.198837486668115737e-01 8.556323901699603995e-01 6.297751284003703931e-02
-3.842246123776064670e-01 7.910002991631499558e-01 1.726388648458185848e-01
-3.842246123776064670e-01 7.910002991631499558e-01 1.726388648458185848e-01
-3.842246123776064670e-01 7.910002991631499558e-01 1.726388648458185848e-01
-3.842246123776064670e-01 7.910002991631499558e-01 1.726388648458185848e-01
-3.842246123776064670e-01 7.910002991631499558e-01 1.726388648458185848e-01
-3.725718934367923674e-01 7.056542495906426016e-01 1.200860470655218254e-01
-3.725718934367923674e-01 7.056542495906426016e-01 1.200860470655218254e-01
-2.125269750325473328e-01 6.975530299393662981e-01 1.750521647631946565e-01
-2.125269750325473328e-01 6.975530299393662981e-01 1.750521647631946565e-01
-2.125269750325473328e-01 6.975530299393662981e-01 1.750521647631946565e-01
1.629338748569148232e-01 5.996430743203867708e-01 2.237534495165227622e-01
1.629338748569148232e-01 5.996430743203867708e-01 2.237534495165227622e-01
2.733744300015256146e-01 3.435172841636635055e-01 5.075440939078687541e-02
1.922505141804761730e-01 7.485493763554289526e-01 2.314666440609182418e-01
1.922505141804761730e-01 7.485493763554289526e-01 2.314666440609182418e-01
1.922505141804761730e-01 7.485493763554289526e-01 2.314666440609182418e-01
2.635004144940072957e-02 2.436813726102388111e-01 3.731540374794557573e-03
-2.011523493205970015e-01 5.256919700977885634e-01 5.244163369286263671e-02
-2.011523493205970015e-01 5.256919700977885634e-01 5.244163369286263671e-02
-2.011523493205970015e-01 5.256919700977885634e-01 5.244163369286263671e-02
-2.011523493205970015e-01 5.256919700977885634e-01 5.244163369286263671e-02
-2.011523493205970015e-01 5.256919700977885634e-01 5.244163369286263671e-02
-2.011523493205970015e-01 5.256919700977885634e-01 5.244163369286263671e-02
-2.011523493205970015e-01 5.256919700977885634e-01 5.244163369286263671e-02
1.969013092311410751e-01 4.653722092216680539e-01 1.192333297121406926e-01
-7.195143476720899933e-05 7.575276858062787166e-01 2.494530259502875102e-01
-7.195143476720899933e-05 7.575276858062787166e-01 2.494530259502875102e-01
