2.489132485845457765e-01 1.481402749648903505e-01 1.260146139693683670e-03
2.489132485845457765e-01 1.481402749648903505e-01 1.260146139693683670e-03
5.505974725687796667e-01 3.957187202265466386e-02 2.658015163488556144e-03
5.505974725687796667e-01 3.957187202265466386e-02 2.658015163488556144e-03
5.505974725687796667e-01 3.957187202265466386e-02 2.658015163488556144e-03
5.621099247268368515e-01 2.838949008282253272e-01 2.391759168120269688e-02
5.621099247268368515e-01 2.838949008282253272e-01 2.391759168120269688e-02
8.130847265557963333e-01 3.651426069650574591e-01 6.259385508221192163e-02
8.130847265557963333e-01 3.651426069650574591e-01 6.259385508221192163e-02
9.170772612599558116e-01 4.146995877508936057e-01 7.042075826690698259e-02
9.170772612599558116e-01 4.146995877508936057e-01 7.042075826690698259e-02
5.457693185764698196e-01 3.936787497177230977e-01 3.956362251706641714e-02
5.457693185764698196e-01 3.936787497177230977e-01 3.956362251706641714e-02
3.170221766078148429e-01 7.197129434821571969e-01 4.720393280536336333e-02
8.455549468912008093e-01 5.899549902359020326e-01 5.368980873523536423e-02
8.455549468912008093e-01 5.899549902359020326e-01 5.368980873523536423e-02
6.324562125130500645e-01 4.486029308887048428e-01 5.616256918637253792e-02
6.324562125130500645e-01 4.486029308887048428e-01 5.616256918637253792e-02
6.324562125130500645e-01 4.486029308887048428e-01 5.616256918637253792e-02
8.211841537794484225e-01 2.442502761360969277e-01 4.393270246055516748e-02
7.775118880245958097e-01 5.413693490030697664e-01 6.323439320587952162e-02
9.309539999801390575e-01 3.031712487037798720e-01 6.494372689887424610e-02
9.037537655650278445e-01 2.115078967321710746e-01 4.689281415531600106e-02
1.353768063821469747e+00 3.069415695465627092e-02 5.669182285886697342e-02
1.353768063821469747e+00 3.069415695465627092e-02 5.669182285886697342e-02
1.353768063821469747e+00 3.069415695465627092e-02 5.669182285886697342e-02
1.353768063821469747e+00 3.069415695465627092e-02 5.669182285886697342e-02
1.776186045607727859e+00 -2.388308566953253886e-01 3.762137188039371694e-02
1.795703742327240837e+00 -1.379904059443918252e-01 5.399339884253965410e-02
1.795703742327240837e+00 -1.379904059443918252e-01 5.399339884253965410e-02
1.795703742327240837e+00 -1.379904059443918252e-01 5.399339884253965410e-02
1.795703742327240837e+00 -1.379904059443918252e-01 5.399339884253965410e-02
1.795703742327240837e+00 -1.379904059443918252e-01 5.399339884253965410e-02
1.795703742327240837e+00 -1.379904059443918252e-01 5.399339884253965410e-02
1.600069585701857866e+00 1.453600043057926006e-01 6.324107447854923625e-02
1.721767735677010691e+00 -4.412112809806248426e-02 6.206376114631024371e-02
1.570034633691743231e+00 1.043165899088050463e-01 6.814901259027439373e-02
1.791122130223293363e+00 3.952590096925440721e-01 9.177543309256117054e-03
1.791122130223293363e+00 3.952590096925440721e-01 9.177543309256117054e-03
1.679715225314814653e+00 -1.552336768915396070e-01 4.626789355243493551e-02
1.679715225314814653e+00 -1.552336768915396070e-01 4.626789355243493551e-02
1.862958519573247207e+00 -2.684276685639219728e-02 5.709179208811022282e-02
1.862958519573247207e+00 -2.684276685639219728e-02 5.709179208811022282e-02
1.862958519573247207e+00 -2.684276685639219728e-02 5.709179208811022282e-02
1.715216810547256276e+00 -1.300583726949295915e-01 5.231971125408017148e-02
1.715216810547256276e+00 -1.300583726949295915e-01 5.231971125408017148e-02
1.715216810547256276e+00 -1.300583726949295915e-01 5.231971125408017148e-02
1.907236881386433103e+00 5.897961645576996204e-02 4.484180707383132042e-02
1.907236881386433103e+00 5.897961645576996204e-02 4.484180707383132042e-02
1.697919460908231537e+00 1.994999648162993910e-01 4.536549541797674223e-02
1.746833724702657298e+00 -1.553942818517589641e-01 4.987286148917715461e-02
1.746833724702657298e+00 -1.553942818517589641e-01 4.987286148917715461e-02
1.752339060595024645e+00 -2.788243591713265301e-01 2.934964364316721558e-02
1.382908993512951712e+00 -3.381674582444069155e-02 4.664269347137566663e-02
1.423180442552159475e+00 -4.095513839707359133e-02 4.874733732098172900e-02
1.302810815790493404e+00 2.697122367000043819e-01 7.092424346695361259e-02
1.302810815790493404e+00 2.697122367000043819e-01 7.092424346695361259e-02
1.348163969540354445e+00 3.281057058860435971e-01 5.960749445699217719e-02
1.348163969540354445e+00 3.281057058860435971e-01 5.960749445699217719e-02
9.745646544335102579e-01 4.590042361400814563e-01 6.637580585677588241e-02
8.774896747984840539e-01 2.724431845747616321e-01 5.525983126306712595e-02
8.774896747984840539e-01 2.724431845747616321e-01 5.525983126306712595e-02
8.774896747984840539e-01 2.724431845747616321e-01 5.525983126306712595e-02
8.774896747984840539e-01 2.724431845747616321e-01 5.525983126306712595e-02
8.422896684130234402e-01 5.089788437124334597e-02 1.424603167383117243e-02
1.063571084331697225e+00 3.308068118682766512e-01 7.309206901656072064e-02
1.361120559779258166e+00 4.498847576902244016e-01 3.441669968086391584e-02
1.361120559779258166e+00 4.498847576902244016e-01 3.441669968086391584e-02
1.361120559779258166e+00 4.498847576902244016e-01 3.441669968086391584e-02
1.130024005281317523e+00 5.294680389917783003e-01 4.165002241973034258e-02
1.330343731332069401e+00 3.525994850244779100e-01 5.693669720017483643e-02
1.642800049606573998e+00 -8.642055116483560173e-02 5.560404967802817094e-02
1.746044280891511979e+00 6.119379861462839743e-02 5.970126477527945563e-02
1.746044280891511979e+00 6.119379861462839743e-02 5.970126477527945563e-02
1.746044280891511979e+00 6.119379861462839743e-02 5.970126477527945563e-02
1.746044280891511979e+00 6.119379861462839743e-02 5.970126477527945563e-02
1.465486104221769281e+00 2.614741183640801325e-01 5.950940498180468108e-02
1.465486104221769281e+00 2.614741183640801325e-01 5.950940498180468108e-02
1.465486104221769281e+00 2.614741183640801325e-01 5.950940498180468108e-02
1.465486104221769281e+00 2.614741183640801325e-01 5.950940498180468108e-02
1.511046672013927061e+00 2.699813770793816903e-01 5.334465902777587448e-02
1.609361031978612688e+00 5.495291030841148450e-02 6.742079262588050736e-02
1.609361031978612688e+00 5.495291030841148450e-02 6.742079262588050736e-02
1.097955085668001374e+00 4.108184342034268410e-02 3.399548396485398138e-02
1.097955085668001374e+00 4.108184342034268410e-02 3.399548396485398138e-02
1.036105418826432700e+00 -1.533765936803728192e-01 5.511976809308675659e-03
9.228622110307439508e-01 2.223239630469974748e-01 5.106798228838681925e-02
9.228622110307439508e-01 2.223239630469974748e-01 5.106798228838681925e-02
8.799183019496701341e-01 2.935360510911830256e-02 1.410560540674628618e-02
8.799183019496701341e-01 2.935360510911830256e-02 1.410560540674628618e-02
9.508636322636244698e-01 4.560590465703999730e-01 6.756314705475484350e-02
4.943686829576687258e-01 7.727616451558116939e-01 4.208807297829409572e-02
7.916847977249408252e-01 7.327411366581692009e-01 3.130482531534111573e-02
7.916847977249408252e-01 7.327411366581692009e-01 3.130482531534111573e-02
7.916847977249408252e-01 7.327411366581692009e-01 3.130482531534111573e-02
9.118083657412495713e-01 4.674438067484509296e-01 6.750463765377842651e-02
9.118083657412495713e-01 4.674438067484509296e-01 6.750463765377842651e-02
9.118083657412495713e-01 4.674438067484509296e-01 6.750463765377842651e-02
9.603428334756276552e-01 7.752620623675094969e-01 1.386651622537128127e-02
8.422092406075528670e-01 1.123331574549244261e+00 4.983167689467558285e-04
