2.489132485845457765e-01 1.481402749648903505e-01 4.846812000003893756e-02
5.588366646468920784e-01 3.570476919636623725e-01 2.663791590082535410e-01
5.256302694431413958e-01 2.162076132280118523e-01 4.521987386299698986e-01
5.256302694431413958e-01 2.162076132280118523e-01 4.521987386299698986e-01
3.916120846315694903e-01 4.641125812734852030e-01 3.583468254958885324e-01
3.916120846315694903e-01 4.641125812734852030e-01 3.583468254958885324e-01
3.139606848779373793e-01 5.296673133514271381e-01 3.562284699745930650e-01
3.139606848779373793e-01 5.296673133514271381e-01 3.562284699745930650e-01
3.139606848779373793e-01 5.296673133514271381e-01 3.562284699745930650e-01
5.652735954851582090e-01 1.619090916593969864e-01 4.439200346333293523e-01
4.085319238588253077e-01 4.721091396186111733e-01 3.237967860651074781e-01
4.085319238588253077e-01 4.721091396186111733e-01 3.237967860651074781e-01
4.085319238588253077e-01 4.721091396186111733e-01 3.237967860651074781e-01
5.328598635846385490e-01 3.086500313156429476e-01 3.818418926057106644e-01
5.328598635846385490e-01 3.086500313156429476e-01 3.818418926057106644e-01
5.328598635846385490e-01 3.086500313156429476e-01 3.818418926057106644e-01
4.568549294332778232e-01 2.858023712231197999e-01 4.542730552082756557e-01
4.568549294332778232e-01 2.858023712231197999e-01 4.542730552082756557e-01
4.568549294332778232e-01 2.858023712231197999e-01 4.542730552082756557e-01
4.568549294332778232e-01 2.858023712231197999e-01 4.542730552082756557e-01
4.568549294332778232e-01 2.858023712231197999e-01 4.542730552082756557e-01
4.568549294332778232e-01 2.858023712231197999e-01 4.542730552082756557e-01
4.568549294332778232e-01 2.858023712231197999e-01 4.542730552082756557e-01
4.568549294332778232e-01 2.858023712231197999e-01 4.542730552082756557e-01
4.568549294332778232e-01 2.858023712231197999e-01 4.542730552082756557e-01
4.568549294332778232e-01 2.858023712231197999e-01 4.542730552082756557e-01
4.568549294332778232e-01 2.858023712231197999e-01 4.542730552082756557e-01
4.568549294332778232e-01 2.858023712231197999e-01 4.542730552082756557e-01
4.568549294332778232e-01 2.858023712231197999e-01 4.542730552082756557e-01
4.568549294332778232e-01 2.858023712231197999e-01 4.542730552082756557e-01
4.568549294332778232e-01 2.858023712231197999e-01 4.542730552082756557e-01
4.568549294332778232e-01 2.858023712231197999e-01 4.542730552082756557e-01
4.568549294332778232e-01 2.858023712231197999e-01 4.542730552082756557e-01
4.568549294332778232e-01 2.858023712231197999e-01 4.542730552082756557e-01
4.259886966770573546e-01 1.596498749129917072e-01 2.918297877588285627e-01
8.569461219860559087e-01 -2.565651178666625842e-01 2.192236141865417098e-01
1.110447613584970128e+00 -4.397183483579520380e-01 1.465345198668428495e-01
1.110447613584970128e+00 -4.397183483579520380e-01 1.465345198668428495e-01
1.110447613584970128e+00 -4.397183483579520380e-01 1.465345198668428495e-01
1.110447613584970128e+00 -4.397183483579520380e-01 1.465345198668428495e-01
1.009287596209716975e+00 -1.860041916703615295e-01 1.949580200159769794e-01
1.009287596209716975e+00 -1.860041916703615295e-01 1.949580200159769794e-01
1.009287596209716975e+00 -1.860041916703615295e-01 1.949580200159769794e-01
1.009287596209716975e+00 -1.860041916703615295e-01 1.949580200159769794e-01
8.990731184414837429e-01 -3.531825148665822534e-01 1.453216121716370823e-01
8.990731184414837429e-01 -3.531825148665822534e-01 1.453216121716370823e-01
8.990731184414837429e-01 -3.531825148665822534e-01 1.453216121716370823e-01
9.565759992746672991e-01 -2.378323434422802696e-01 2.480139961032074847e-01
8.341508480233907896e-01 -7.320544545688897897e-02 3.252706771373730654e-01
1.054296301825513593e+00 -2.723646147738006396e-01 1.865630182967356610e-01
1.054296301825513593e+00 -2.723646147738006396e-01 1.865630182967356610e-01
1.054296301825513593e+00 -2.723646147738006396e-01 1.865630182967356610e-01
1.054296301825513593e+00 -2.723646147738006396e-01 1.865630182967356610e-01
1.054296301825513593e+00 -2.723646147738006396e-01 1.865630182967356610e-01
9.164745858525535915e-01 -1.255811633888939960e-01 2.650534742541439392e-01
9.164745858525535915e-01 -1.255811633888939960e-01 2.650534742541439392e-01
8.355326892146581752e-01 -2.151876387031450566e-01 2.505608153010901451e-01
8.212134513462416852e-01 1.362555033755855072e-01 1.503137258164023993e-01
1.006208606199751943e+00 -1.530893932593024864e-02 7.528082074161240866e-02
1.104350482802011202e+00 -3.444377520228461206e-03 1.748061114673845479e-02
3.149594233899328799e-01 5.229503370522577965e-01 3.634956787309830406e-01
8.692711515842092007e-01 1.758177649968123979e-01 6.222738872460306658e-02
5.951299914530185919e-01 -2.646306640676651667e-02 2.573543322246073517e-01
5.951299914530185919e-01 -2.646306640676651667e-02 2.573543322246073517e-01
5.951299914530185919e-01 -2.646306640676651667e-02 2.573543322246073517e-01
6.426618578481537725e-01 -1.542049511855530519e-01 1.361777900058723512e-01
5.329440657449167063e-01 3.578016030988178664e-01 3.093198630793578818e-01
5.329440657449167063e-01 3.578016030988178664e-01 3.093198630793578818e-01
5.329440657449167063e-01 3.578016030988178664e-01 3.093198630793578818e-01
4.663968390608383419e-01 4.215676617846536578e-01 3.161603039387452796e-01
5.887953279414357421e-01 3.057452486376162071e-01 2.959817576802633021e-01
5.887953279414357421e-01 3.057452486376162071e-01 2.959817576802633021e-01
3.803548103016008430e-01 4.113812518379103000e-01 4.261025098270395106e-01
3.803548103016008430e-01 4.113812518379103000e-01 4.261025098270395106e-01
3.803548103016008430e-01 4.113812518379103000e-01 4.261025098270395106e-01
4.569972197541333769e-01 1.244141172957221042e-01 2.867843913455188076e-01
4.569972197541333769e-01 1.244141172957221042e-01 2.867843913455188076e-01
4.569972197541333769e-01 1.244141172957221042e-01 2.867843913455188076e-01
4.569972197541333769e-01 1.244141172957221042e-01 2.867843913455188076e-01
5.452076946396196000e-01 3.165256530994324802e-01 3.524080261045143825e-01
5.452076946396196000e-01 3.165256530994324802e-01 3.524080261045143825e-01
2.961222645776451223e-01 2.559336166028436943e-01 2.192803998843778635e-01
2.961222645776451223e-01 2.559336166028436943e-01 2.192803998843778635e-01
3.250426512776580235e-01 4.875383573430042139e-01 3.938757960509326472e-01
3.250426512776580235e-01 4.875383573430042139e-01 3.938757960509326472e-01
3.250426512776580235e-01 4.875383573430042139e-01 3.938757960509326472e-01
3.250426512776580235e-01 4.875383573430042139e-01 3.938757960509326472e-01
3.250426512776580235e-01 4.875383573430042139e-01 3.938757960509326472e-01
3.250426512776580235e-01 4.875383573430042139e-01 3.938757960509326472e-01
3.250426512776580235e-01 4.875383573430042139e-01 3.938757960509326472e-01
3.668989519301191216e-01 1.459293130396132065e-01 1.734114736597422712e-01
3.668989519301191216e-01 1.459293130396132065e-01 1.734114736597422712e-01
3.668989519301191216e-01 1.459293130396132065e-01 1.734114736597422712e-01
5.613654053111197806e-01 2.110218324956655844e-02 2.839345499594466693e-01
4.899894721256091712e-01 3.358212809573888347e-01 4.041768422108394931e-01
8.098760810983445246e-01 -1.425386054602617580e-02 3.256477728095732438e-01
8.098760810983445246e-01 -1.425386054602617580e-02 3.256477728095732438e-01
8.098760810983445246e-01 -1.425386054602617580e-02 3.256477728095732438e-01
6.686711017169453264e-01 3.023735566100769212e-01 1.675755263428757857e-01
4.937142067808083512e-01 2.077380599733534283e-01 4.406354314190518706e-01
