2.489132485845457765e-01 1.481402749648903505e-01 3.008076941003527682e-02
6.717723113150084746e-01 -1.723625324720221563e-01 5.179588118322704660e-02
6.717723113150084746e-01 -1.723625324720221563e-01 5.179588118322704660e-02
6.717723113150084746e-01 -1.723625324720221563e-01 5.179588118322704660e-02
6.717723113150084746e-01 -1.723625324720221563e-01 5.179588118322704660e-02
1.090874195105870470e+00 -3.837858085814018771e-01 7.557419778128166010e-02
1.090874195105870470e+00 -3.837858085814018771e-01 7.557419778128166010e-02
1.090874195105870470e+00 -3.837858085814018771e-01 7.557419778128166010e-02
1.090874195105870470e+00 -3.837858085814018771e-01 7.557419778128166010e-02
1.090874195105870470e+00 -3.837858085814018771e-01 7.557419778128166010e-02
1.072058657130574133e+00 -1.652432528417162594e-01 1.268709935768642383e-01
1.072058657130574133e+00 -1.652432528417162594e-01 1.268709935768642383e-01
1.072058657130574133e+00 -1.652432528417162594e-01 1.268709935768642383e-01
1.072058657130574133e+00 -1.652432528417162594e-01 1.268709935768642383e-01
1.072058657130574133e+00 -1.652432528417162594e-01 1.268709935768642383e-01
5.768399910225485705e-01 -3.803510680509750164e-02 9.697007509737232134e-02
5.768399910225485705e-01 -3.803510680509750164e-02 9.697007509737232134e-02
5.768399910225485705e-01 -3.803510680509750164e-02 9.697007509737232134e-02
5.768399910225485705e-01 -3.803510680509750164e-02 9.697007509737232134e-02
3.929736123214911947e-01 4.006274838553194328e-01 3.817404108772423088e-01
3.929736123214911947e-01 4.006274838553194328e-01 3.817404108772423088e-01
3.929736123214911947e-01 4.006274838553194328e-01 3.817404108772423088e-01
3.929736123214911947e-01 4.006274838553194328e-01 3.817404108772423088e-01
5.651460188056589562e-01 1.358636931899158129e-01 2.923276501457990895e-01
8.165531039408366887e-01 -1.038563373501609211e-01 1.917870521678034512e-01
8.165531039408366887e-01 -1.038563373501609211e-01 1.917870521678034512e-01
8.165531039408366887e-01 -1.038563373501609211e-01 1.917870521678034512e-01
8.518698267886869457e-01 -8.927584449186748428e-02 2.105762064023426472e-01
8.518698267886869457e-01 -8.927584449186748428e-02 2.105762064023426472e-01
8.518698267886869457e-01 -8.927584449186748428e-02 2.105762064023426472e-01
6.407826794857908181e-01 3.642704474384015345e-01 1.843605553862810442e-01
7.894964277701945754e-01 2.307494013681758160e-01 1.496617852721539021e-01
7.894964277701945754e-01 2.307494013681758160e-01 1.496617852721539021e-01
7.894964277701945754e-01 2.307494013681758160e-01 1.496617852721539021e-01
7.894964277701945754e-01 2.307494013681758160e-01 1.496617852721539021e-01
7.894964277701945754e-01 2.307494013681758160e-01 1.496617852721539021e-01
8.820279386030239754e-01 8.110635255683062983e-02 1.755430373205758288e-01
8.820279386030239754e-01 8.110635255683062983e-02 1.755430373205758288e-01
8.820279386030239754e-01 8.110635255683062983e-02 1.755430373205758288e-01
6.766642354137699655e-01 -8.643770870279635088e-02 1.239077707575554216e-01
6.766642354137699655e-01 -8.643770870279635088e-02 1.239077707575554216e-01
9.914014000753197386e-01 -9.842008553981326791e-02 1.634318527390528908e-01
9.914014000753197386e-01 -9.842008553981326791e-02 1.634318527390528908e-01
8.976892232323122611e-01 8.808053249942904284e-02 1.544199996247686002e-01
8.473245443888154371e-01 -1.793104595779135280e-01 1.392404356929538845e-01
8.473245443888154371e-01 -1.793104595779135280e-01 1.392404356929538845e-01
8.473245443888154371e-01 -1.793104595779135280e-01 1.392404356929538845e-01
1.139545662438148366e+00 -4.372756895100739505e-01 5.987915976954075181e-02
1.139545662438148366e+00 -4.372756895100739505e-01 5.987915976954075181e-02
1.139545662438148366e+00 -4.372756895100739505e-01 5.987915976954075181e-02
1.121741073033107439e+00 -6.518987827238084121e-01 6.128601339827535917e-03
1.379624656766655244e+00 -5.556786953862874467e-01 3.325997811158221823e-02
1.379624656766655244e+00 -5.556786953862874467e-01 3.325997811158221823e-02
1.379624656766655244e+00 -5.556786953862874467e-01 3.325997811158221823e-02
1.226967918893396847e+00 -5.881055292946161250e-01 2.476902274805151821e-02
9.949786336055506109e-01 -5.260050786690043667e-01 1.119574551331274995e-02
9.949786336055506109e-01 -5.260050786690043667e-01 1.119574551331274995e-02
9.949786336055506109e-01 -5.260050786690043667e-01 1.119574551331274995e-02
1.154061807725107691e+00 -5.507156725444939394e-01 2.562781423020894095e-02
1.206278947284826319e+00 -2.631918495864125629e-01 7.559776569352374964e-02
1.206278947284826319e+00 -2.631918495864125629e-01 7.559776569352374964e-02
1.206278947284826319e+00 -2.631918495864125629e-01 7.559776569352374964e-02
1.206278947284826319e+00 -2.631918495864125629e-01 7.559776569352374964e-02
1.028410904967438588e+00 -1.950339413318701864e-01 1.464536197947221008e-01
1.049532679599346929e+00 -1.768927486315354514e-01 1.395446843784791946e-01
1.049532679599346929e+00 -1.768927486315354514e-01 1.395446843784791946e-01
1.049532679599346929e+00 -1.768927486315354514e-01 1.395446843784791946e-01
1.049532679599346929e+00 -1.768927486315354514e-01 1.395446843784791946e-01
1.049532679599346929e+00 -1.768927486315354514e-01 1.395446843784791946e-01
1.032060955842615924e+00 1.959477997496592294e-01 1.490677806765681318e-02
1.032060955842615924e+00 1.959477997496592294e-01 1.490677806765681318e-02
1.032060955842615924e+00 1.959477997496592294e-01 1.490677806765681318e-02
9.420514324387042615e-01 2.035996713408323444e-01 4.366652113650194150e-02
8.733460741244439829e-01 -2.044766879978275331e-01 1.296312214710636235e-01
8.733460741244439829e-01 -2.044766879978275331e-01 1.296312214710636235e-01
9.386079498574131375e-01 -1.089182181693365836e-01 1.902238881932188930e-01
9.386079498574131375e-01 -1.089182181693365836e-01 1.902238881932188930e-01
9.386079498574131375e-01 -1.089182181693365836e-01 1.902238881932188930e-01
9.386079498574131375e-01 -1.089182181693365836e-01 1.902238881932188930e-01
9.386079498574131375e-01 -1.089182181693365836e-01 1.902238881932188930e-01
9.386079498574131375e-01 -1.089182181693365836e-01 1.902238881932188930e-01
9.386079498574131375e-01 -1.089182181693365836e-01 1.902238881932188930e-01
1.077090654872897124e+00 -2.072108639457831414e-01 1.277020248072948672e-01
1.112435239778087892e+00 -2.199090382833257806e-01 1.126983712158473316e-01
1.112435239778087892e+00 -2.199090382833257806e-01 1.126983712158473316e-01
1.112435239778087892e+00 -2.199090382833257806e-01 1.126983712158473316e-01
1.405810286705991174e+00 -8.224198324817272310e-02 1.658453298437798399e-03
1.092851906942712503e+00 -2.214595377596203785e-01 1.211517907934014371e-01
1.042440746101342297e+00 -4.729290417827523019e-01 3.045744951295340647e-02
1.042440746101342297e+00 -4.729290417827523019e-01 3.045744951295340647e-02
1.042440746101342297e+00 -4.729290417827523019e-01 3.045744951295340647e-02
1.099335868833636765e+00 -4.067987363289657377e-01 6.684113071821939922e-02
1.017460091573131775e+00 -2.599460590250409764e-01 1.264257355571168084e-01
1.017460091573131775e+00 -2.599460590250409764e-01 1.264257355571168084e-01
1.017460091573131775e+00 -2.599460590250409764e-01 1.264257355571168084e-01
1.017460091573131775e+00 -2.599460590250409764e-01 1.264257355571168084e-01
1.017460091573131775e+00 -2.599460590250409764e-01 1.264257355571168084e-01
1.017460091573131775e+00 -2.599460590250409764e-01 1.264257355571168084e-01
1.017460091573131775e+00 -2.599460590250409764e-01 1.264257355571168084e-01
1.017460091573131775e+00 -2.599460590250409764e-01 1.264257355571168084e-01
