2.489132485845457765e-01 1.481402749648903505e-01 4.030123111519066589e-03
6.720282279200135989e-01 1.428050734401496991e-01 4.484573134362917352e-02
6.720282279200135989e-01 1.428050734401496991e-01 4.484573134362917352e-02
6.720282279200135989e-01 1.428050734401496991e-01 4.484573134362917352e-02
6.720282279200135989e-01 1.428050734401496991e-01 4.484573134362917352e-02
6.720282279200135989e-01 1.428050734401496991e-01 4.484573134362917352e-02
6.720282279200135989e-01 1.428050734401496991e-01 4.484573134362917352e-02
5.184971694182188839e-01 8.181904451984587379e-01 7.466366028149273859e-02
5.184971694182188839e-01 8.181904451984587379e-01 7.466366028149273859e-02
2.064714488417848659e-01 7.176209032727646209e-01 2.705115001002943997e-01
-3.757231136795199933e-02 8.037596179273225339e-01 2.341059111491777811e-01
1.961401672228902382e-01 3.874013322828964156e-01 7.436545042393991056e-02
1.961401672228902382e-01 3.874013322828964156e-01 7.436545042393991056e-02
1.774786162431575831e-01 8.289748416007278742e-01 1.838551618359596240e-01
1.774786162431575831e-01 8.289748416007278742e-01 1.838551618359596240e-01
4.409993401241962818e-02 7.562714966660541993e-01 2.551057085869780083e-01
4.731769756481682965e-01 6.657003734893355285e-01 2.445304246626127664e-01
7.070983608092220596e-01 5.817615668117854799e-01 2.240802027605865998e-01
7.070983608092220596e-01 5.817615668117854799e-01 2.240802027605865998e-01
3.494354719650565877e-01 5.572010953022350499e-01 2.905397843941931457e-01
3.494354719650565877e-01 5.572010953022350499e-01 2.905397843941931457e-01
3.494354719650565877e-01 5.572010953022350499e-01 2.905397843941931457e-01
3.494354719650565877e-01 5.572010953022350499e-01 2.905397843941931457e-01
7.766151327902570678e-01 5.358423852218593408e-01 2.334163413324427117e-01
7.766151327902570678e-01 5.358423852218593408e-01 2.334163413324427117e-01
1.664388547206007152e-01 7.380783029045506760e-01 2.627343110624646427e-01
1.664388547206007152e-01 7.380783029045506760e-01 2.627343110624646427e-01
-7.740691865310359021e-02 8.917168978315047623e-01 1.845292722397579854e-01
1.751760423064290528e-01 8.084507414037394035e-01 2.048492607207793859e-01
2.055703563978956983e-01 6.348053058263707360e-01 2.828161168418146798e-01
-1.039412298845577010e-01 7.491144456520718586e-01 2.219800756863515578e-01
-1.039412298845577010e-01 7.491144456520718586e-01 2.219800756863515578e-01
-1.039412298845577010e-01 7.491144456520718586e-01 2.219800756863515578e-01
-1.039412298845577010e-01 7.491144456520718586e-01 2.219800756863515578e-01
-1.039412298845577010e-01 7.491144456520718586e-01 2.219800756863515578e-01
2.938017925315441481e-01 9.988160055866531772e-01 2.590662805241852190e-02
3.014362472418609107e-01 6.121307047311215221e-01 2.967622036163390375e-01
3.014362472418609107e-01 6.121307047311215221e-01 2.967622036163390375e-01
6.701919610384377002e-01 5.283350160190044553e-01 2.813805132236750772e-01
4.378540865114142755e-01 7.892138626439710869e-01 1.287069415220835900e-01
4.378540865114142755e-01 7.892138626439710869e-01 1.287069415220835900e-01
4.378540865114142755e-01 7.892138626439710869e-01 1.287069415220835900e-01
6.231651828152677819e-01 6.722254127509369459e-01 1.703102741943825493e-01
8.194414941798505714e-01 3.313414152265751200e-01 2.480923616837811263e-01
8.237347197291725598e-01 3.669919538058897812e-01 2.683574151678002062e-01
8.237347197291725598e-01 3.669919538058897812e-01 2.683574151678002062e-01
8.237347197291725598e-01 3.669919538058897812e-01 2.683574151678002062e-01
3.723917301615435327e-01 4.716599459085885071e-01 2.337489014606071447e-01
3.402144667104158859e-01 7.188264221544433674e-01 2.409623845472542158e-01
3.402144667104158859e-01 7.188264221544433674e-01 2.409623845472542158e-01
3.402144667104158859e-01 7.188264221544433674e-01 2.409623845472542158e-01
2.107642705023489993e-01 6.064870042959883412e-01 2.735108917851307164e-01
2.107642705023489993e-01 6.064870042959883412e-01 2.735108917851307164e-01
3.495108487671048092e-01 7.042028135819207169e-01 2.515003603488566442e-01
6.241479027373468824e-01 5.144992020699110657e-01 2.980756749491426660e-01
6.241479027373468824e-01 5.144992020699110657e-01 2.980756749491426660e-01
4.982760973060856857e-01 4.730000527781504371e-01 2.813164385004494616e-01
3.819631248047188343e-01 8.215963844183424847e-01 1.182961373241420699e-01
2.437284149728073945e-01 8.655600703718852040e-01 1.249476082103912200e-01
2.437284149728073945e-01 8.655600703718852040e-01 1.249476082103912200e-01
4.361380293051539958e-01 4.380015938426553568e-01 2.278676762087603891e-01
4.361380293051539958e-01 4.380015938426553568e-01 2.278676762087603891e-01
2.774758321980612674e-01 3.734025884240106952e-01 9.192734993187454129e-02
-6.612786304117224123e-02 6.504222863284296885e-01 1.830113269758281147e-01
2.700847615336299246e-02 5.741970653101462485e-01 1.643518124054883234e-01
1.315469143671686991e-01 3.893350114300140330e-01 5.616823311502818633e-02
1.315469143671686991e-01 3.893350114300140330e-01 5.616823311502818633e-02
1.315469143671686991e-01 3.893350114300140330e-01 5.616823311502818633e-02
3.609365514687681298e-01 3.992143692758312046e-01 1.515182342097324275e-01
7.984398498055113036e-01 5.069350534765655336e-01 2.469119773323801836e-01
7.984398498055113036e-01 5.069350534765655336e-01 2.469119773323801836e-01
6.212187039602332650e-01 9.988179334147140320e-02 2.043005027840893301e-02
8.669909011285471534e-01 3.922903089749961159e-01 2.699973740153707169e-01
8.669909011285471534e-01 3.922903089749961159e-01 2.699973740153707169e-01
8.669909011285471534e-01 3.922903089749961159e-01 2.699973740153707169e-01
8.669909011285471534e-01 3.922903089749961159e-01 2.699973740153707169e-01
8.669909011285471534e-01 3.922903089749961159e-01 2.699973740153707169e-01
8.669909011285471534e-01 3.922903089749961159e-01 2.699973740153707169e-01
8.669909011285471534e-01 3.922903089749961159e-01 2.699973740153707169e-01
8.669909011285471534e-01 3.922903089749961159e-01 2.699973740153707169e-01
8.669909011285471534e-01 3.922903089749961159e-01 2.699973740153707169e-01
1.350371462363919806e+00 5.807859197247569050e-01 1.228344288793127917e-02
1.575911110475348043e+00 2.732966597206536452e-01 6.752442360379301567e-02
1.575911110475348043e+00 2.732966597206536452e-01 6.752442360379301567e-02
1.525465578385476695e+00 2.027874191854439068e-01 1.092211235626777410e-01
1.705823343668583014e+00 -9.347400071082362372e-02 5.882380404132039886e-02
1.592611124923538402e+00 -2.384547426799359104e-01 1.472447637198276774e-02
1.669316342169746559e+00 2.013083291738444747e-01 6.738067648575797597e-02
1.669316342169746559e+00 2.013083291738444747e-01 6.738067648575797597e-02
1.669374169101903282e+00 -3.238089834248136789e-02 7.736775880959144425e-02
1.669374169101903282e+00 -3.238089834248136789e-02 7.736775880959144425e-02
1.621784945090701813e+00 1.452139604801425815e-02 9.239647028557390618e-02
1.666518740495102957e+00 5.660699387029543422e-02 9.238824364801448419e-02
1.666518740495102957e+00 5.660699387029543422e-02 9.238824364801448419e-02
1.356820592433237715e+00 1.471737384024201512e-01 1.535644616683975450e-01
1.020598685986010334e+00 3.329568781251004417e-01 2.392850515436375780e-01
1.020598685986010334e+00 3.329568781251004417e-01 2.392850515436375780e-01
9.549695034785965486e-01 4.184701386820520175e-01 2.371137607107612899e-01
9.060516986489927094e-01 2.489756674313703955e-01 1.974705360385347053e-01
9.060516986489927094e-01 2.489756674313703955e-01 1.974705360385347053e-01
