2.489132485845457765e-01 1.481402749648903505e-01 2.309011183536009443e-03
2.489132485845457765e-01 1.481402749648903505e-01 2.309011183536009443e-03
2.489132485845457765e-01 1.481402749648903505e-01 2.309011183536009443e-03
2.489132485845457765e-01 1.481402749648903505e-01 2.309011183536009443e-03
2.489132485845457765e-01 1.481402749648903505e-01 2.309011183536009443e-03
6.487605257216848553e-01 6.043076035559100112e-02 7.158413961909705289e-03
5.219909743249122602e-01 2.654283371138058678e-01 4.309171428502316104e-02
5.219909743249122602e-01 2.654283371138058678e-01 4.309171428502316104e-02
5.642338941575405498e-01 6.462680507281253206e-01 2.002045027234126418e-01
5.642338941575405498e-01 6.462680507281253206e-01 2.002045027234126418e-01
5.217652828529383280e-01 7.177360585420676786e-01 1.779409018629998507e-01
5.217652828529383280e-01 7.177360585420676786e-01 1.779409018629998507e-01
4.129770319016226598e-01 7.885862608900920945e-01 1.667480070839072459e-01
4.502084350876744967e-02 9.731266737276396128e-01 1.442077427777168630e-01
4.502084350876744967e-02 9.731266737276396128e-01 1.442077427777168630e-01
4.502084350876744967e-02 9.731266737276396128e-01 1.442077427777168630e-01
4.502084350876744967e-02 9.731266737276396128e-01 1.442077427777168630e-01
4.502084350876744967e-02 9.731266737276396128e-01 1.442077427777168630e-01
4.502084350876744967e-02 9.731266737276396128e-01 1.442077427777168630e-01
4.502084350876744967e-02 9.731266737276396128e-01 1.442077427777168630e-01
5.326030676373803008e-01 9.116532230029891215e-01 5.436165736752966715e-02
1.694880977398496857e-01 8.531155919010122712e-01 1.901481455893564709e-01
6.483691817934384982e-01 4.216316060397835574e-01 1.621266100333585980e-01
6.483691817934384982e-01 4.216316060397835574e-01 1.621266100333585980e-01
6.483691817934384982e-01 4.216316060397835574e-01 1.621266100333585980e-01
2.545406028941121779e-01 7.406151132514902091e-01 2.185661722356099235e-01
2.545406028941121779e-01 7.406151132514902091e-01 2.185661722356099235e-01
2.545406028941121779e-01 7.406151132514902091e-01 2.185661722356099235e-01
-7.579029803690878753e-02 6.310106711454602779e-01 1.008048330655496594e-01
-7.579029803690878753e-02 6.310106711454602779e-01 1.008048330655496594e-01
-7.579029803690878753e-02 6.310106711454602779e-01 1.008048330655496594e-01
-7.579029803690878753e-02 6.310106711454602779e-01 1.008048330655496594e-01
-7.579029803690878753e-02 6.310106711454602779e-01 1.008048330655496594e-01
-6.904195951294114786e-03 7.185113472969474335e-01 1.782577165068374991e-01
-6.904195951294114786e-03 7.185113472969474335e-01 1.782577165068374991e-01
-6.904195951294114786e-03 7.185113472969474335e-01 1.782577165068374991e-01
-6.904195951294114786e-03 7.185113472969474335e-01 1.782577165068374991e-01
-1.724527108319455770e-01 1.077149280277009291e+00 1.250565992347053845e-01
-1.724527108319455770e-01 1.077149280277009291e+00 1.250565992347053845e-01
1.059554523757337274e-01 1.173876904253857933e+00 2.469067361494372073e-02
-1.365482397084838706e-01 1.138735463070360110e+00 7.969768136403009018e-02
-1.365482397084838706e-01 1.138735463070360110e+00 7.969768136403009018e-02
-1.365482397084838706e-01 1.138735463070360110e+00 7.969768136403009018e-02
-1.365482397084838706e-01 1.138735463070360110e+00 7.969768136403009018e-02
-1.365482397084838706e-01 1.138735463070360110e+00 7.969768136403009018e-02
-1.365482397084838706e-01 1.138735463070360110e+00 7.969768136403009018e-02
-1.365482397084838706e-01 1.138735463070360110e+00 7.969768136403009018e-02
-2.905956250557082399e-01 8.986709586677432693e-01 1.775335439038078500e-01
-7.652947124609272844e-01 1.033233618682527055e+00 9.921490250634250330e-02
-5.702736787382852723e-01 1.056217164449023471e+00 1.466512972386749269e-01
-7.274432494774379920e-02 1.173225294944145292e+00 5.001104756323464934e-02
-1.828520170681582901e-01 1.264272963643433556e+00 3.115021691964105569e-02
-1.828520170681582901e-01 1.264272963643433556e+00 3.115021691964105569e-02
-5.306816249147014997e-01 1.360272839406417189e+00 3.931012535450818801e-02
-8.604140436883664922e-01 1.182090582543988688e+00 1.061339724483508634e-01
-3.864699888175924247e-01 7.318055129281397786e-01 6.863747030613276401e-02
-1.107242930663687730e-01 6.421614093426792902e-01 9.707689940790573124e-02
-1.716188803510499683e-01 1.100559739319633579e+00 1.101583898173915249e-01
-1.271128142434397590e-01 1.076763468843800142e+00 1.157375731781782185e-01
1.424566976668460716e-01 1.023389513498745851e+00 8.528685460948887131e-02
-1.929130254569113301e-01 7.551993937091645570e-01 1.413732958769490511e-01
-4.077229855449350238e-01 1.119400822994539801e+00 1.370000542521337128e-01
-4.077229855449350238e-01 1.119400822994539801e+00 1.370000542521337128e-01
-6.208369703088369995e-01 9.687331838178796506e-01 1.148843227313155468e-01
-2.468571322226685849e-01 7.455683708622101724e-01 1.178682179291689891e-01
-4.590693950052133210e-01 1.118218663434832116e+00 1.411644474245955239e-01
3.176631422852870812e-01 8.821117685813655296e-01 1.315698831056791585e-01
5.755827089665412899e-01 7.079807877751550516e-01 1.675880278045361049e-01
5.755827089665412899e-01 7.079807877751550516e-01 1.675880278045361049e-01
5.755827089665412899e-01 7.079807877751550516e-01 1.675880278045361049e-01
6.081006802911791409e-01 7.569054862900729264e-01 1.255730454688958053e-01
6.081006802911791409e-01 7.569054862900729264e-01 1.255730454688958053e-01
6.081006802911791409e-01 7.569054862900729264e-01 1.255730454688958053e-01
6.021422770640258992e-01 7.313399071575827914e-01 1.444424530159698905e-01
4.771727647245960213e-01 4.092641964362555562e-01 1.141183865117692681e-01
5.805064266053164834e-01 4.487129816989512410e-01 1.653224744173784899e-01
5.805064266053164834e-01 4.487129816989512410e-01 1.653224744173784899e-01
5.805064266053164834e-01 4.487129816989512410e-01 1.653224744173784899e-01
5.220050155535069791e-01 3.787751693369305617e-01 1.051739994993373811e-01
5.220050155535069791e-01 3.787751693369305617e-01 1.051739994993373811e-01
5.220050155535069791e-01 3.787751693369305617e-01 1.051739994993373811e-01
4.167318733959404775e-01 7.636215855504235872e-01 1.810824941216714612e-01
4.104247490391149666e-01 9.455798431364267342e-01 6.486868321615860133e-02
-1.333357311698026848e-01 9.749888515161608815e-01 1.768761638243349921e-01
-5.589050241053878931e-01 1.264356048827458334e+00 8.321183983741586854e-02
-5.589050241053878931e-01 1.264356048827458334e+00 8.321183983741586854e-02
-5.805936823100994459e-01 1.161715196199316402e+00 1.292764956042013746e-01
-5.805936823100994459e-01 1.161715196199316402e+00 1.292764956042013746e-01
-5.805936823100994459e-01 1.161715196199316402e+00 1.292764956042013746e-01
-5.805936823100994459e-01 1.161715196199316402e+00 1.292764956042013746e-01
-5.805936823100994459e-01 1.161715196199316402e+00 1.292764956042013746e-01
-9.294026106604704740e-01 1.279412968016742314e+00 9.191485577004514240e-02
-5.853162569176710850e-01 1.347838116483580206e+00 4.998645945831039356e-02
-4.330053133178701774e-01 1.126264009381978237e+00 1.360484047569741617e-01
-2.755541371520409122e-01 1.124998721406132551e+00 1.154502254609659495e-01
-6.783213000766177281e-01 7.911773008648219641e-01 3.139690175330740740e-02
-6.783213000766177281e-01 7.911773008648219641e-01 3.139690175330740740e-02
-6.783213000766177281e-01 7.911773008648219641e-01 3.139690175330740740e-02
-8.411082205858388949e-02 7.666864036854824649e-01 1.810660473608246834e-01
-8.411082205858388949e-02 7.666864036854824649e-01 1.810660473608246834e-01
