2.489132485845457765e-01 1.481402749648903505e-01 1.833286602169234836e-01
2.489132485845457765e-01 1.481402749648903505e-01 1.833286602169234836e-01
2.489132485845457765e-01 1.481402749648903505e-01 1.833286602169234836e-01
2.489132485845457765e-01 1.481402749648903505e-01 1.833286602169234836e-01
2.489132485845457765e-01 1.481402749648903505e-01 1.833286602169234836e-01
2.612789924316270551e-01 6.225329726233475025e-01 5.242232808446430914e-01
2.612789924316270551e-01 6.225329726233475025e-01 5.242232808446430914e-01
2.612789924316270551e-01 6.225329726233475025e-01 5.242232808446430914e-01
2.612789924316270551e-01 6.225329726233475025e-01 5.242232808446430914e-01
2.449568311138458077e-01 6.940859268567955986e-01 4.187932762922017549e-01
2.449568311138458077e-01 6.940859268567955986e-01 4.187932762922017549e-01
2.449568311138458077e-01 6.940859268567955986e-01 4.187932762922017549e-01
2.449568311138458077e-01 6.940859268567955986e-01 4.187932762922017549e-01
2.449568311138458077e-01 6.940859268567955986e-01 4.187932762922017549e-01
2.449568311138458077e-01 6.940859268567955986e-01 4.187932762922017549e-01
2.449568311138458077e-01 6.940859268567955986e-01 4.187932762922017549e-01
2.449568311138458077e-01 6.940859268567955986e-01 4.187932762922017549e-01
2.449568311138458077e-01 6.940859268567955986e-01 4.187932762922017549e-01
1.591062495808752975e-01 7.195302155729955684e-01 3.847491437548756221e-01
1.591062495808752975e-01 7.195302155729955684e-01 3.847491437548756221e-01
1.591062495808752975e-01 7.195302155729955684e-01 3.847491437548756221e-01
3.641829930734110099e-01 5.055056711696427341e-01 4.249216867204145265e-01
3.641829930734110099e-01 5.055056711696427341e-01 4.249216867204145265e-01
3.641829930734110099e-01 5.055056711696427341e-01 4.249216867204145265e-01
5.438662234680523566e-01 -3.897726073465834773e-03 1.623686313876189224e-01
5.438662234680523566e-01 -3.897726073465834773e-03 1.623686313876189224e-01
5.438662234680523566e-01 -3.897726073465834773e-03 1.623686313876189224e-01
5.438662234680523566e-01 -3.897726073465834773e-03 1.623686313876189224e-01
5.438662234680523566e-01 -3.897726073465834773e-03 1.623686313876189224e-01
5.318435674921845324e-01 1.191566296473360181e-01 1.817339991484262507e-01
5.318435674921845324e-01 1.191566296473360181e-01 1.817339991484262507e-01
5.318435674921845324e-01 1.191566296473360181e-01 1.817339991484262507e-01
5.318435674921845324e-01 1.191566296473360181e-01 1.817339991484262507e-01
5.318435674921845324e-01 1.191566296473360181e-01 1.817339991484262507e-01
5.318435674921845324e-01 1.191566296473360181e-01 1.817339991484262507e-01
5.318435674921845324e-01 1.191566296473360181e-01 1.817339991484262507e-01
5.318435674921845324e-01 1.191566296473360181e-01 1.817339991484262507e-01
5.318435674921845324e-01 1.191566296473360181e-01 1.817339991484262507e-01
5.318435674921845324e-01 1.191566296473360181e-01 1.817339991484262507e-01
5.318435674921845324e-01 1.191566296473360181e-01 1.817339991484262507e-01
2.007747107017553434e-01 6.263816381793942956e-01 5.239455947505792244e-01
2.007747107017553434e-01 6.263816381793942956e-01 5.239455947505792244e-01
2.007747107017553434e-01 6.263816381793942956e-01 5.239455947505792244e-01
4.146919333313975331e-01 3.345091958900959228e-01 4.640882414047992066e-01
4.146919333313975331e-01 3.345091958900959228e-01 4.640882414047992066e-01
4.146919333313975331e-01 3.345091958900959228e-01 4.640882414047992066e-01
3.245416021414991858e-01 6.720018734689507944e-01 2.575798479771748695e-01
2.252134420126318537e-01 5.746866217450121717e-01 5.957238118788757975e-01
2.252134420126318537e-01 5.746866217450121717e-01 5.957238118788757975e-01
2.252134420126318537e-01 5.746866217450121717e-01 5.957238118788757975e-01
2.252134420126318537e-01 5.746866217450121717e-01 5.957238118788757975e-01
2.252134420126318537e-01 5.746866217450121717e-01 5.957238118788757975e-01
2.252134420126318537e-01 5.746866217450121717e-01 5.957238118788757975e-01
2.252134420126318537e-01 5.746866217450121717e-01 5.957238118788757975e-01
1.639410167201093005e-01 8.880687378582681202e-01 1.946208224451494717e-01
1.639410167201093005e-01 8.880687378582681202e-01 1.946208224451494717e-01
4.367107120088848937e-01 6.359817644642835610e-01 5.442617485550397399e-02
4.367107120088848937e-01 6.359817644642835610e-01 5.442617485550397399e-02
4.367107120088848937e-01 6.359817644642835610e-01 5.442617485550397399e-02
4.367107120088848937e-01 6.359817644642835610e-01 5.442617485550397399e-02
1.924944554768129035e-01 4.001246788134850130e-01 3.751507353608489748e-01
4.192178068637041899e-01 2.247770604848832454e-01 5.064460931079696193e-01
4.192178068637041899e-01 2.247770604848832454e-01 5.064460931079696193e-01
1.410653361326054678e-01 4.210790496385477533e-01 2.033790856589639540e-01
3.028129634166846218e-01 7.227268263228704415e-01 2.311738615759678095e-01
3.028129634166846218e-01 7.227268263228704415e-01 2.311738615759678095e-01
1.759260918606987967e-01 7.286129958659345318e-01 3.953457197251886157e-01
3.452929781895934802e-01 4.686017398513872556e-01 5.660080344296616328e-01
4.055461265633359957e-01 5.357815226058058045e-01 2.163977232809686513e-01
4.055461265633359957e-01 5.357815226058058045e-01 2.163977232809686513e-01
4.055461265633359957e-01 5.357815226058058045e-01 2.163977232809686513e-01
2.549755928946043637e-01 7.920292275796301240e-01 2.245611814917260474e-01
2.955236842352747528e-01 7.420849986660705833e-01 2.176945770818231596e-01
2.955236842352747528e-01 7.420849986660705833e-01 2.176945770818231596e-01
2.955236842352747528e-01 7.420849986660705833e-01 2.176945770818231596e-01
1.613600153307979679e-01 9.528079498958716975e-01 1.271177305284920400e-01
2.679552810414611019e-01 5.003866571588475587e-01 6.779911490559412668e-01
2.466355179359409622e-01 4.315127187195473835e-01 6.331438795631924021e-01
2.464731298348455113e-01 4.399184527397024813e-01 6.392771043178742119e-01
2.464731298348455113e-01 4.399184527397024813e-01 6.392771043178742119e-01
2.231174121261537413e-01 1.865210588756645027e-01 1.667489942653428703e-01
2.231174121261537413e-01 1.865210588756645027e-01 1.667489942653428703e-01
2.231174121261537413e-01 1.865210588756645027e-01 1.667489942653428703e-01
2.231174121261537413e-01 1.865210588756645027e-01 1.667489942653428703e-01
2.231174121261537413e-01 1.865210588756645027e-01 1.667489942653428703e-01
2.231174121261537413e-01 1.865210588756645027e-01 1.667489942653428703e-01
2.231174121261537413e-01 1.865210588756645027e-01 1.667489942653428703e-01
2.231174121261537413e-01 1.865210588756645027e-01 1.667489942653428703e-01
5.373427983989750301e-01 5.815335402332999504e-02 1.783526127139085649e-01
5.373427983989750301e-01 5.815335402332999504e-02 1.783526127139085649e-01
4.129853842869565250e-01 2.679587425471568474e-01 5.189487051099684889e-01
4.129853842869565250e-01 2.679587425471568474e-01 5.189487051099684889e-01
4.129853842869565250e-01 2.679587425471568474e-01 5.189487051099684889e-01
4.129853842869565250e-01 2.679587425471568474e-01 5.189487051099684889e-01
4.129853842869565250e-01 2.679587425471568474e-01 5.189487051099684889e-01
4.129853842869565250e-01 2.679587425471568474e-01 5.189487051099684889e-01
3.251904410543258739e-01 6.230556911577869172e-01 3.458949376921250929e-01
3.251904410543258739e-01 6.230556911577869172e-01 3.458949376921250929e-01
3.251904410543258739e-01 6.230556911577869172e-01 3.458949376921250929e-01
1.145964121708598349e-01 7.201567601766705184e-01 2.910536822209257579e-01
