2.489132485845457765e-01 1.481402749648903505e-01 1.843628608070170104e-03
2.489132485845457765e-01 1.481402749648903505e-01 1.843628608070170104e-03
8.433053773784480178e-01 1.060390275973916302e-01 2.703128815701591123e-02
8.717988303102717218e-01 1.229714441947916265e-01 3.453538268073963469e-02
1.028157779764797830e+00 1.526933577058187108e-02 2.371555853387943835e-02
1.028157779764797830e+00 1.526933577058187108e-02 2.371555853387943835e-02
1.084606519083771481e+00 2.012925119008942068e-02 2.997096545203833257e-02
1.084606519083771481e+00 2.012925119008942068e-02 2.997096545203833257e-02
1.664480386698402592e+00 -7.809978553758450959e-02 5.086593755893350360e-02
1.347801904137903906e+00 4.692520830922061736e-02 6.407470765120229506e-02
1.227717851000359461e+00 4.778192312817465259e-01 7.185474963750720923e-02
5.514598513296624649e-01 4.982400404808194350e-01 1.262093528426220523e-01
5.514598513296624649e-01 4.982400404808194350e-01 1.262093528426220523e-01
5.187739047762216504e-01 4.131166007870802348e-01 8.611106279516715645e-02
5.187739047762216504e-01 4.131166007870802348e-01 8.611106279516715645e-02
6.301654897503424779e-01 3.824808640405089055e-01 9.410088036987243609e-02
1.015835800860608540e+00 3.689497248679184938e-01 1.247312033099808454e-01
1.015835800860608540e+00 3.689497248679184938e-01 1.247312033099808454e-01
8.499589709497996637e-01 5.096709218305097711e-01 1.325400606729488784e-01
7.161073146240437559e-01 6.150242541647064076e-01 1.292717138770269891e-01
3.420095615063324379e-01 3.497541932651209162e-01 3.176212914980056090e-02
3.420095615063324379e-01 3.497541932651209162e-01 3.176212914980056090e-02
7.611441196491269823e-02 5.845367050843991441e-01 6.653551607424300351e-02
2.675565126633522861e-01 8.173419884871919727e-01 1.324734184753280919e-01
3.915241149886794503e-01 7.680708070151893718e-01 1.324051202651082837e-01
7.047643869897066704e-01 3.531112708488122753e-01 9.489679834526557056e-02
7.047643869897066704e-01 3.531112708488122753e-01 9.489679834526557056e-02
6.083831235171360818e-01 5.349043637660145789e-01 1.408953400710420967e-01
6.083831235171360818e-01 5.349043637660145789e-01 1.408953400710420967e-01
6.836836991154203735e-01 2.485215669761628443e-01 4.908787967872694363e-02
5.024493620520832371e-01 2.238889265335334833e-01 1.990284694714378882e-02
3.428980961725374144e-01 6.738891916974922847e-01 1.433713897663447534e-01
3.524751575346956045e-01 6.112327982688742223e-01 1.322486820236329907e-01
6.244010223829731254e-01 8.959480920420181960e-01 4.020461060516956203e-02
6.244010223829731254e-01 8.959480920420181960e-01 4.020461060516956203e-02
6.244010223829731254e-01 8.959480920420181960e-01 4.020461060516956203e-02
3.985552687849353015e-01 7.121956500170262272e-01 1.433489575580584596e-01
3.985552687849353015e-01 7.121956500170262272e-01 1.433489575580584596e-01
6.724867612728968602e-01 5.927560022246466387e-01 1.395392412312098929e-01
4.650026704732678762e-01 4.212191066944849238e-01 7.893168278567276597e-02
5.453439176327888882e-01 4.957928884696913285e-01 1.244984218436577944e-01
9.001415357782052151e-01 2.028715884511883005e-01 6.543540787663919278e-02
9.001415357782052151e-01 2.028715884511883005e-01 6.543540787663919278e-02
1.201449685910489951e+00 2.074162112473614816e-01 9.943215605017792502e-02
1.201449685910489951e+00 2.074162112473614816e-01 9.943215605017792502e-02
1.201449685910489951e+00 2.074162112473614816e-01 9.943215605017792502e-02
1.201449685910489951e+00 2.074162112473614816e-01 9.943215605017792502e-02
1.201449685910489951e+00 2.074162112473614816e-01 9.943215605017792502e-02
1.069347512840042924e+00 3.290055167315471540e-01 1.196896966188641664e-01
1.069347512840042924e+00 3.290055167315471540e-01 1.196896966188641664e-01
8.723893319967215287e-01 8.123696592273549344e-01 2.890878407496734470e-02
6.480477757263205518e-01 8.737880764616846596e-01 4.366463552384060309e-02
1.185066268831191039e+00 4.844631305950703459e-01 7.850717380197065609e-02
1.046667263271062520e+00 2.431444038242397965e-01 9.944727758937080275e-02
8.282324757650304514e-01 5.397815933595697668e-01 1.302506461075546851e-01
7.672390467045135942e-01 8.028524738908069391e-01 4.764000410918003275e-02
7.672390467045135942e-01 8.028524738908069391e-01 4.764000410918003275e-02
3.901416731814992822e-01 8.268467018747183150e-01 1.121987971668477052e-01
3.901416731814992822e-01 8.268467018747183150e-01 1.121987971668477052e-01
3.901416731814992822e-01 8.268467018747183150e-01 1.121987971668477052e-01
3.901416731814992822e-01 8.268467018747183150e-01 1.121987971668477052e-01
7.140702390853460590e-01 1.052452155961078883e+00 5.146541424874769184e-03
7.140702390853460590e-01 1.052452155961078883e+00 5.146541424874769184e-03
8.055109035502500126e-01 4.779947024014616908e-01 1.374756836025955165e-01
9.619557034397602235e-01 4.587746891060083265e-01 1.260679271653517008e-01
9.619557034397602235e-01 4.587746891060083265e-01 1.260679271653517008e-01
6.659324233107779545e-01 3.107349900811573473e-01 7.012802184538699524e-02
9.028829534977453886e-01 7.386938101337110485e-01 4.572731239194884750e-02
9.028829534977453886e-01 7.386938101337110485e-01 4.572731239194884750e-02
9.028829534977453886e-01 7.386938101337110485e-01 4.572731239194884750e-02
9.028829534977453886e-01 7.386938101337110485e-01 4.572731239194884750e-02
9.028829534977453886e-01 7.386938101337110485e-01 4.572731239194884750e-02
1.052616678649497484e+00 7.062374671303737195e-01 3.193475433241912964e-02
6.895065861957077047e-01 8.872399036591468446e-01 3.333383788849154233e-02
3.735770296745329899e-01 8.340616349597330670e-01 1.122375854458288885e-01
3.735770296745329899e-01 8.340616349597330670e-01 1.122375854458288885e-01
2.650775719738426850e-01 8.505570238500529401e-01 1.228802051909394233e-01
-3.392785833739299650e-01 4.332836185486518832e-01 1.637420068876683545e-03
-3.392785833739299650e-01 4.332836185486518832e-01 1.637420068876683545e-03
-3.392785833739299650e-01 4.332836185486518832e-01 1.637420068876683545e-03
-3.392785833739299650e-01 4.332836185486518832e-01 1.637420068876683545e-03
-3.392785833739299650e-01 4.332836185486518832e-01 1.637420068876683545e-03
-1.611053751635133369e-01 5.560620941701901465e-01 2.072950077558522591e-02
-1.611053751635133369e-01 5.560620941701901465e-01 2.072950077558522591e-02
-1.611053751635133369e-01 5.560620941701901465e-01 2.072950077558522591e-02
-1.611053751635133369e-01 5.560620941701901465e-01 2.072950077558522591e-02
-1.611053751635133369e-01 5.560620941701901465e-01 2.072950077558522591e-02
-1.611053751635133369e-01 5.560620941701901465e-01 2.072950077558522591e-02
-3.746695173250711441e-01 8.362913134212603961e-01 6.368707610891402582e-02
-3.024669759063635111e-01 1.034801458014876996e+00 1.078360447527757088e-01
-4.331183379439489389e-01 1.185734286883524113e+00 8.165119511583965317e-02
-7.781508239951238082e-01 1.157870888927170050e+00 6.483028900629599078e-02
-1.444070357488369538e-01 1.225099678278825266e+00 4.179275938515893130e-02
-1.444070357488369538e-01 1.225099678278825266e+00 4.179275938515893130e-02
-1.444070357488369538e-01 1.225099678278825266e+00 4.179275938515893130e-02
-1.178858048544366433e-01 8.905084048723377332e-01 1.224939980619499241e-01
5.818918967319666180e-01 7.492884486613577977e-01 1.071012005751838386e-01
1.012555489288208266e+00 6.997269594178399110e-01 3.971363342961575088e-02
1.324774547474230957e+00 3.792658557491210281e-01 8.174824741933686689e-02
1.324774547474230957e+00 3.792658557491210281e-01 8.174824741933686689e-02
