2.489132485845457765e-01 1.481402749648903505e-01 2.350914954630277387e-02
5.986997401978413347e-01 2.207699854770166226e-01 2.956724079862912968e-01
6.131403268991162392e-01 9.626973342279276924e-02 3.484375339178548137e-01
7.871075850653307393e-01 -1.597565918153671938e-02 3.575844953414404337e-01
6.248550065518465590e-01 1.993837558479001903e-01 2.994884497545952651e-01
3.427501154320328203e-01 9.477034580914879547e-02 5.529936667688041541e-02
3.427501154320328203e-01 9.477034580914879547e-02 5.529936667688041541e-02
6.057071092579844329e-01 4.226847619392387068e-01 1.123844978116918802e-01
5.186633313512614141e-01 3.359544089234481890e-01 2.424399087407899944e-01
5.186633313512614141e-01 3.359544089234481890e-01 2.424399087407899944e-01
5.186633313512614141e-01 3.359544089234481890e-01 2.424399087407899944e-01
5.186633313512614141e-01 3.359544089234481890e-01 2.424399087407899944e-01
5.186633313512614141e-01 3.359544089234481890e-01 2.424399087407899944e-01
5.186633313512614141e-01 3.359544089234481890e-01 2.424399087407899944e-01
5.186633313512614141e-01 3.359544089234481890e-01 2.424399087407899944e-01
5.186633313512614141e-01 3.359544089234481890e-01 2.424399087407899944e-01
2.514979313905568170e-01 2.787537801053985298e-01 5.953099930014509045e-02
8.290844106506256583e-01 -1.051854669056673242e-01 3.874775330724698486e-01
8.012384167385365741e-01 2.982522301858261948e-02 2.951338158485252716e-01
5.376346071523108172e-01 3.634469086437519536e-01 2.136321468558168568e-01
5.376346071523108172e-01 3.634469086437519536e-01 2.136321468558168568e-01
4.957292455190149827e-01 4.822983619634449992e-01 1.436030724551248805e-01
2.688306855305599985e-01 5.858370788201272550e-02 1.434294683268362396e-02
2.688306855305599985e-01 5.858370788201272550e-02 1.434294683268362396e-02
4.023407014041099905e-01 1.526630366025064078e-01 1.406316228418570680e-01
4.023407014041099905e-01 1.526630366025064078e-01 1.406316228418570680e-01
7.151068829426127094e-01 1.424767312123011165e-01 2.771930068724812735e-01
7.151068829426127094e-01 1.424767312123011165e-01 2.771930068724812735e-01
7.151068829426127094e-01 1.424767312123011165e-01 2.771930068724812735e-01
8.784140055939440028e-01 1.128915840232412593e-01 1.066414230668784047e-01
8.784140055939440028e-01 1.128915840232412593e-01 1.066414230668784047e-01
6.982342690902492155e-01 3.674237323250709730e-01 8.058567795101231890e-02
4.831967280745486648e-01 3.104273924717269040e-01 2.562565265667640091e-01
4.831967280745486648e-01 3.104273924717269040e-01 2.562565265667640091e-01
5.651135697334307428e-01 2.425874254462989654e-01 2.909348898252651083e-01
5.651135697334307428e-01 2.425874254462989654e-01 2.909348898252651083e-01
5.651135697334307428e-01 2.425874254462989654e-01 2.909348898252651083e-01
5.651135697334307428e-01 2.425874254462989654e-01 2.909348898252651083e-01
7.180348855719828061e-01 1.276637590124124477e-01 2.896630135210310208e-01
5.367105254741550979e-01 1.689560296091398295e-02 2.270427528327811084e-01
9.140160561023555896e-01 -1.141084132087558795e-01 2.907672651765471072e-01
9.140160561023555896e-01 -1.141084132087558795e-01 2.907672651765471072e-01
9.140160561023555896e-01 -1.141084132087558795e-01 2.907672651765471072e-01
9.140160561023555896e-01 -1.141084132087558795e-01 2.907672651765471072e-01
9.331474704928880426e-01 -2.950934158596495438e-01 3.948156879630650984e-01
7.968714298143130259e-01 -9.953353136277376390e-02 4.036763679753753720e-01
7.968714298143130259e-01 -9.953353136277376390e-02 4.036763679753753720e-01
7.968714298143130259e-01 -9.953353136277376390e-02 4.036763679753753720e-01
7.968714298143130259e-01 -9.953353136277376390e-02 4.036763679753753720e-01
8.729806234469731363e-01 -1.599726744885104079e-01 3.843753677717202666e-01
8.729806234469731363e-01 -1.599726744885104079e-01 3.843753677717202666e-01
8.703083626385148541e-01 -1.044038540356212186e-01 3.431045275412952233e-01
8.703083626385148541e-01 -1.044038540356212186e-01 3.431045275412952233e-01
8.703083626385148541e-01 -1.044038540356212186e-01 3.431045275412952233e-01
9.706320144116540316e-01 -5.555506743510285617e-01 2.566711439872326195e-01
9.706320144116540316e-01 -5.555506743510285617e-01 2.566711439872326195e-01
9.706320144116540316e-01 -5.555506743510285617e-01 2.566711439872326195e-01
9.706320144116540316e-01 -5.555506743510285617e-01 2.566711439872326195e-01
9.706320144116540316e-01 -5.555506743510285617e-01 2.566711439872326195e-01
1.284047125305217918e+00 -5.815328680230148484e-01 1.401059390727983078e-01
1.122027356452640623e+00 -5.720931039072908453e-01 2.974903380611109704e-01
1.127608908469450943e+00 -6.682884980282657317e-01 2.592168278312217411e-01
1.127608908469450943e+00 -6.682884980282657317e-01 2.592168278312217411e-01
1.127608908469450943e+00 -6.682884980282657317e-01 2.592168278312217411e-01
1.079382474326280539e+00 -7.756168712468520798e-01 1.439466331161917412e-01
1.079382474326280539e+00 -7.756168712468520798e-01 1.439466331161917412e-01
1.068573653390286315e+00 -6.124781044902756211e-01 2.789243502974230182e-01
1.071776767140231623e+00 -3.768687861426934793e-01 2.912987058488035741e-01
9.679672130917011952e-01 -5.795991419392108046e-01 2.282985936721282083e-01
9.679672130917011952e-01 -5.795991419392108046e-01 2.282985936721282083e-01
8.920785404323750001e-01 -1.900191539730171630e-01 3.850866899375188224e-01
8.920785404323750001e-01 -1.900191539730171630e-01 3.850866899375188224e-01
8.920785404323750001e-01 -1.900191539730171630e-01 3.850866899375188224e-01
4.163525057433133947e-01 1.744436690616474883e-01 1.700658967119162424e-01
4.163525057433133947e-01 1.744436690616474883e-01 1.700658967119162424e-01
5.951901379438433448e-01 3.980157429576448580e-01 1.409744878187066119e-01
5.277520677337061983e-01 3.968658014844553272e-01 1.919804838669568747e-01
5.277520677337061983e-01 3.968658014844553272e-01 1.919804838669568747e-01
5.277520677337061983e-01 3.968658014844553272e-01 1.919804838669568747e-01
5.747589464867078890e-01 4.157032384345960008e-01 1.424383968780806864e-01
5.747589464867078890e-01 4.157032384345960008e-01 1.424383968780806864e-01
5.278763979177848453e-01 3.312494353209767817e-01 2.428043132122592040e-01
5.278763979177848453e-01 3.312494353209767817e-01 2.428043132122592040e-01
4.180466492821847124e-01 3.239231770638338892e-01 2.221504689240088870e-01
4.180466492821847124e-01 3.239231770638338892e-01 2.221504689240088870e-01
4.180466492821847124e-01 3.239231770638338892e-01 2.221504689240088870e-01
4.180466492821847124e-01 3.239231770638338892e-01 2.221504689240088870e-01
6.347377523568157320e-01 1.664542716014547064e-01 3.196113519641660128e-01
6.813937961789774400e-01 1.138018623618939629e-01 3.344404860156180437e-01
6.762485696806382895e-01 -1.336578758284803770e-02 3.780849475771992929e-01
8.242411340649238305e-01 -7.327736400918294368e-02 3.687777986098872973e-01
8.242411340649238305e-01 -7.327736400918294368e-02 3.687777986098872973e-01
8.242411340649238305e-01 -7.327736400918294368e-02 3.687777986098872973e-01
8.242411340649238305e-01 -7.327736400918294368e-02 3.687777986098872973e-01
1.054870920470605489e+00 -3.841936734028533196e-01 3.177360003827149892e-01
9.595499419539584851e-01 -7.827922339391830686e-01 5.257977108197856714e-02
9.595499419539584851e-01 -7.827922339391830686e-01 5.257977108197856714e-02
9.463878623774554244e-01 -8.455956577924342854e-01 2.412673761641612527e-02
9.463878623774554244e-01 -8.455956577924342854e-01 2.412673761641612527e-02
1.275439054940737504e+00 -7.035745984387790086e-01 1.928937205459323179e-01
