2.489132485845457765e-01 1.481402749648903505e-01 4.570452334392469465e-03
1.123260917096897238e+00 -1.515722547183782631e-01 1.101967192060646257e-02
1.123260917096897238e+00 -1.515722547183782631e-01 1.101967192060646257e-02
1.519178506705251230e+00 -5.850374785229080221e-02 6.187952808956560108e-02
1.519178506705251230e+00 -5.850374785229080221e-02 6.187952808956560108e-02
1.519178506705251230e+00 -5.850374785229080221e-02 6.187952808956560108e-02
1.519178506705251230e+00 -5.850374785229080221e-02 6.187952808956560108e-02
1.519178506705251230e+00 -5.850374785229080221e-02 6.187952808956560108e-02
1.063357328916382016e+00 2.190128199933413788e-01 1.654966947934684851e-01
1.063357328916382016e+00 2.190128199933413788e-01 1.654966947934684851e-01
1.063357328916382016e+00 2.190128199933413788e-01 1.654966947934684851e-01
1.063357328916382016e+00 2.190128199933413788e-01 1.654966947934684851e-01
1.063357328916382016e+00 2.190128199933413788e-01 1.654966947934684851e-01
1.063357328916382016e+00 2.190128199933413788e-01 1.654966947934684851e-01
1.063357328916382016e+00 2.190128199933413788e-01 1.654966947934684851e-01
1.063357328916382016e+00 2.190128199933413788e-01 1.654966947934684851e-01
9.504157611607155776e-01 4.145902892553605112e-01 1.667007780180496390e-01
8.370733283636141442e-01 2.690841807901238614e-01 1.856987318683624433e-01
8.370733283636141442e-01 2.690841807901238614e-01 1.856987318683624433e-01
8.370733283636141442e-01 2.690841807901238614e-01 1.856987318683624433e-01
1.147914370558954955e+00 7.229557172348877181e-02 1.002708726369153508e-01
1.147914370558954955e+00 7.229557172348877181e-02 1.002708726369153508e-01
1.102636981946077510e+00 2.028357000515654956e-02 6.574634866933333488e-02
7.398703510441027031e-01 2.685667262335639793e-01 1.666059245101250974e-01
8.868500032291861679e-01 1.751800017560709577e-01 1.266282437000036953e-01
8.868500032291861679e-01 1.751800017560709577e-01 1.266282437000036953e-01
7.080256883002775670e-01 4.440302395482247366e-01 2.421337466348371381e-01
5.542333872952480700e-01 3.736039765516293576e-01 2.040869104684902846e-01
5.542333872952480700e-01 3.736039765516293576e-01 2.040869104684902846e-01
8.711804805940068785e-01 3.427592233361929086e-01 2.130877659221627751e-01
8.711804805940068785e-01 3.427592233361929086e-01 2.130877659221627751e-01
1.138811266101486419e+00 2.805134121988480667e-01 1.491398697204923407e-01
8.657802005396748601e-01 4.822251209836516672e-01 1.617689233412770156e-01
8.657802005396748601e-01 4.822251209836516672e-01 1.617689233412770156e-01
8.657802005396748601e-01 4.822251209836516672e-01 1.617689233412770156e-01
8.657802005396748601e-01 4.822251209836516672e-01 1.617689233412770156e-01
8.879990112812702341e-01 5.075936372980948130e-01 1.324177875798727422e-01
8.409088024972085629e-01 4.897997037885553073e-01 1.681479711604217664e-01
8.409088024972085629e-01 4.897997037885553073e-01 1.681479711604217664e-01
8.409088024972085629e-01 4.897997037885553073e-01 1.681479711604217664e-01
8.409088024972085629e-01 4.897997037885553073e-01 1.681479711604217664e-01
8.409088024972085629e-01 4.897997037885553073e-01 1.681479711604217664e-01
8.409088024972085629e-01 4.897997037885553073e-01 1.681479711604217664e-01
4.267394311248340344e-02 7.062866304927647443e-01 2.545778703724009273e-01
-1.766259570541489077e-01 6.786801262552896175e-01 1.520275939859863090e-01
-2.117680819100425382e-01 7.257743757443644306e-01 1.694818784306103832e-01
2.875363731485837682e-01 7.023546269986339352e-01 2.410188585521838844e-01
4.130124462501757465e-01 6.665148906256611605e-01 2.238033019269960178e-01
4.130124462501757465e-01 6.665148906256611605e-01 2.238033019269960178e-01
4.130124462501757465e-01 6.665148906256611605e-01 2.238033019269960178e-01
3.987438671235106202e-01 7.811183792417576432e-01 1.215784626185412998e-01
2.844519038827317270e-01 6.790387367553925024e-01 2.570609886306665648e-01
2.844519038827317270e-01 6.790387367553925024e-01 2.570609886306665648e-01
1.160016078502335568e-01 8.448953174559823420e-01 1.760971846523785578e-01
2.143196991356476899e-01 6.345241056092687515e-01 2.716249689514629306e-01
1.762980417352543738e-01 8.423462728296979840e-01 1.559162945232548669e-01
1.762980417352543738e-01 8.423462728296979840e-01 1.559162945232548669e-01
-1.658713751577699513e-01 9.295178730821584967e-01 1.789006485131812985e-01
-1.658713751577699513e-01 9.295178730821584967e-01 1.789006485131812985e-01
-1.658713751577699513e-01 9.295178730821584967e-01 1.789006485131812985e-01
-1.658713751577699513e-01 9.295178730821584967e-01 1.789006485131812985e-01
-1.658713751577699513e-01 9.295178730821584967e-01 1.789006485131812985e-01
1.530233112075738422e-01 9.712781530753665793e-01 5.819371043866362891e-02
1.530233112075738422e-01 9.712781530753665793e-01 5.819371043866362891e-02
1.530233112075738422e-01 9.712781530753665793e-01 5.819371043866362891e-02
1.530233112075738422e-01 9.712781530753665793e-01 5.819371043866362891e-02
2.370415986651913665e-02 9.737180122216524403e-01 9.268499272418316559e-02
1.010971533594292038e-01 1.070639147506654121e+00 2.354352328344349460e-02
2.474691710034335745e-01 9.405112531206882842e-01 5.259652667192230013e-02
1.320333628077541288e-02 9.137135778379743556e-01 1.473663311921321328e-01
1.320333628077541288e-02 9.137135778379743556e-01 1.473663311921321328e-01
1.320333628077541288e-02 9.137135778379743556e-01 1.473663311921321328e-01
1.320333628077541288e-02 9.137135778379743556e-01 1.473663311921321328e-01
1.565717237801083073e-01 5.322383737746112509e-01 1.890968747696647190e-01
1.565717237801083073e-01 5.322383737746112509e-01 1.890968747696647190e-01
1.565717237801083073e-01 5.322383737746112509e-01 1.890968747696647190e-01
4.810110067169941495e-01 3.528843948099329442e-01 1.583308298019082960e-01
2.626966688160864427e-01 4.650076410713053221e-01 1.745185524947682199e-01
9.883495802261160756e-02 5.487937447861198637e-01 1.765064271191340017e-01
3.189041495139839366e-01 4.533856501366435032e-01 1.886136210323561546e-01
3.189041495139839366e-01 4.533856501366435032e-01 1.886136210323561546e-01
5.251868864905137047e-01 4.548538607812772083e-01 2.540038424730756694e-01
5.251868864905137047e-01 4.548538607812772083e-01 2.540038424730756694e-01
5.251868864905137047e-01 4.548538607812772083e-01 2.540038424730756694e-01
7.558123267985430438e-01 2.088923658330534006e-01 1.207128697137752477e-01
7.816213043859326914e-01 3.674884213704666669e-01 2.282156479462327525e-01
7.816213043859326914e-01 3.674884213704666669e-01 2.282156479462327525e-01
8.055781567731401527e-01 5.544494968159163761e-01 1.347658805333975252e-01
8.055781567731401527e-01 5.544494968159163761e-01 1.347658805333975252e-01
5.886109879989085414e-01 5.273847920762517738e-01 2.501509294273026596e-01
-6.570215032796955512e-02 7.955399620623548884e-01 2.378713098366718182e-01
-6.570215032796955512e-02 7.955399620623548884e-01 2.378713098366718182e-01
-6.570215032796955512e-02 7.955399620623548884e-01 2.378713098366718182e-01
1.481351748058070683e-01 7.221126619406729175e-01 2.586375603040150795e-01
-7.183942404937282422e-02 1.078874391848765324e+00 4.842260334709862224e-02
-7.183942404937282422e-02 1.078874391848765324e+00 4.842260334709862224e-02
-2.365711937713192436e-01 9.318661956930210932e-01 1.847214876582465304e-01
-4.105737716180646313e-01 1.137790249476376081e+00 7.906596031169954575e-02
-6.902913549318691055e-01 1.090062387443101910e+00 1.071792772907626673e-01
-6.902913549318691055e-01 1.090062387443101910e+00 1.071792772907626673e-01
