2.489132485845457765e-01 1.481402749648903505e-01 1.064377832264269252e-03
2.489132485845457765e-01 1.481402749648903505e-01 1.064377832264269252e-03
2.489132485845457765e-01 1.481402749648903505e-01 1.064377832264269252e-03
6.311334704373852134e-01 3.917150092693656438e-01 3.062105058458421472e-02
9.002541088235582745e-02 5.837752937049749402e-01 2.006417867792655019e-02
8.804843502774346853e-02 4.996166372573050962e-01 1.245751542993945270e-02
8.804843502774346853e-02 4.996166372573050962e-01 1.245751542993945270e-02
2.327789267633041392e-01 5.696879939832861783e-01 2.669782227545608802e-02
2.327789267633041392e-01 5.696879939832861783e-01 2.669782227545608802e-02
4.120496515370036805e-01 5.436704353010385349e-01 3.330445827043278934e-02
6.554634571066704218e-01 3.127715719245415249e-01 2.400039107635434932e-02
4.575962806296046681e-01 7.624856423878580980e-01 3.020433081322273020e-02
5.879988022027510253e-02 5.517983174694207626e-01 1.545956953015636091e-02
5.738693849654989965e-01 4.020636082689719171e-01 2.880880251170349002e-02
1.221479841506350139e+00 3.596272434605194968e-01 2.859642606017594527e-02
1.238101527373342003e+00 3.446051261062982318e-01 2.889822626760600588e-02
1.238101527373342003e+00 3.446051261062982318e-01 2.889822626760600588e-02
1.238101527373342003e+00 3.446051261062982318e-01 2.889822626760600588e-02
1.358132085929192101e+00 1.470264061261428168e-02 2.523719245446989085e-02
1.358132085929192101e+00 1.470264061261428168e-02 2.523719245446989085e-02
1.358132085929192101e+00 1.470264061261428168e-02 2.523719245446989085e-02
1.358132085929192101e+00 1.470264061261428168e-02 2.523719245446989085e-02
1.423190551514865509e+00 5.048840368725130562e-02 2.883077318852759335e-02
1.423190551514865509e+00 5.048840368725130562e-02 2.883077318852759335e-02
1.423190551514865509e+00 5.048840368725130562e-02 2.883077318852759335e-02
1.423190551514865509e+00 5.048840368725130562e-02 2.883077318852759335e-02
1.423190551514865509e+00 5.048840368725130562e-02 2.883077318852759335e-02
1.423190551514865509e+00 5.048840368725130562e-02 2.883077318852759335e-02
1.423190551514865509e+00 5.048840368725130562e-02 2.883077318852759335e-02
1.423190551514865509e+00 5.048840368725130562e-02 2.883077318852759335e-02
1.121321101218608174e+00 1.760141409415201807e-01 3.098852804745966250e-02
1.121321101218608174e+00 1.760141409415201807e-01 3.098852804745966250e-02
1.451744591479899871e+00 4.574554895287710754e-02 2.883781866270337946e-02
1.992766176031715020e+00 8.706478941963170792e-03 1.532240830105050661e-02
2.075833898688406620e+00 -3.044266350808609856e-01 1.695098231680602918e-02
2.075833898688406620e+00 -3.044266350808609856e-01 1.695098231680602918e-02
1.333770923731103064e+00 1.687922752888058042e-01 3.222210857920417698e-02
1.333770923731103064e+00 1.687922752888058042e-01 3.222210857920417698e-02
8.160611965337728479e-01 4.246680745468393026e-01 3.732016493153800241e-02
8.160611965337728479e-01 4.246680745468393026e-01 3.732016493153800241e-02
1.102832972681113466e+00 6.542850245294107303e-02 2.041761162106299141e-02
1.378655957090351158e+00 5.884468238188849537e-02 2.872857743462281163e-02
1.378655957090351158e+00 5.884468238188849537e-02 2.872857743462281163e-02
1.378655957090351158e+00 5.884468238188849537e-02 2.872857743462281163e-02
1.390967423627307742e+00 1.343880086021029541e-01 3.131109031046505620e-02
1.301666675712832566e+00 3.206944155902704541e-01 2.753432661090617073e-02
1.301666675712832566e+00 3.206944155902704541e-01 2.753432661090617073e-02
1.301666675712832566e+00 3.206944155902704541e-01 2.753432661090617073e-02
1.301666675712832566e+00 3.206944155902704541e-01 2.753432661090617073e-02
9.308356003538560408e-01 5.507792471776338239e-01 2.714499096049526397e-02
9.308356003538560408e-01 5.507792471776338239e-01 2.714499096049526397e-02
1.018340209740332458e+00 4.686324344256627139e-01 3.001544323370512399e-02
1.009593857085343327e+00 4.058309117701650592e-01 3.457241257216626257e-02
8.143717388460389728e-01 4.961928196315299466e-01 3.618344047563971932e-02
8.143717388460389728e-01 4.961928196315299466e-01 3.618344047563971932e-02
8.143717388460389728e-01 4.961928196315299466e-01 3.618344047563971932e-02
8.143717388460389728e-01 4.961928196315299466e-01 3.618344047563971932e-02
8.143717388460389728e-01 4.961928196315299466e-01 3.618344047563971932e-02
8.143717388460389728e-01 4.961928196315299466e-01 3.618344047563971932e-02
8.143717388460389728e-01 4.961928196315299466e-01 3.618344047563971932e-02
8.143717388460389728e-01 4.961928196315299466e-01 3.618344047563971932e-02
4.109815701869520832e-01 7.391019129230048668e-01 3.370358850238958787e-02
6.344525915786431991e-01 6.383743709805711486e-01 3.345628462292413868e-02
6.120584937015904892e-01 6.442320991846539613e-01 3.384801260721490013e-02
1.107627088163986251e+00 8.310164697363564557e-02 2.235118305160687172e-02
1.107627088163986251e+00 8.310164697363564557e-02 2.235118305160687172e-02
1.107627088163986251e+00 8.310164697363564557e-02 2.235118305160687172e-02
1.107627088163986251e+00 8.310164697363564557e-02 2.235118305160687172e-02
1.535292620997446900e+00 1.085364704230552396e-01 2.861195937466013556e-02
1.535292620997446900e+00 1.085364704230552396e-01 2.861195937466013556e-02
1.535292620997446900e+00 1.085364704230552396e-01 2.861195937466013556e-02
1.903868167009707513e+00 -8.382187280229658199e-03 1.978027625054290875e-02
2.018638695262171545e+00 -1.676550677365046815e-01 2.004118840956030378e-02
2.018638695262171545e+00 -1.676550677365046815e-01 2.004118840956030378e-02
2.018638695262171545e+00 -1.676550677365046815e-01 2.004118840956030378e-02
2.018638695262171545e+00 -1.676550677365046815e-01 2.004118840956030378e-02
2.119276806032336147e+00 -7.060701892511572764e-02 1.428879786203247730e-02
2.260999562072001368e+00 -9.976408148277214616e-02 1.055213416411699898e-02
2.025829012110440086e+00 2.010610591447681839e-01 4.515816277379862756e-03
1.854133442028819578e+00 -8.402120091418097125e-02 2.312548177801133920e-02
1.854133442028819578e+00 -8.402120091418097125e-02 2.312548177801133920e-02
1.854133442028819578e+00 -8.402120091418097125e-02 2.312548177801133920e-02
1.854133442028819578e+00 -8.402120091418097125e-02 2.312548177801133920e-02
1.854133442028819578e+00 -8.402120091418097125e-02 2.312548177801133920e-02
1.720046506865767988e+00 -5.900710538321647658e-02 2.523166261308135497e-02
1.716422606329333522e+00 -6.303382874148917570e-02 2.516697527383967084e-02
1.254863142102478735e+00 -2.011257062735660739e-01 5.364032168554308880e-03
9.635250306658017516e-01 -1.371582633723091305e-01 2.615251581525683371e-03
1.143715868689377135e+00 -2.955292398959164513e-01 1.175268241129523612e-03
1.143715868689377135e+00 -2.955292398959164513e-01 1.175268241129523612e-03
1.328011811278507537e+00 9.205653985585565691e-02 2.985275119179250231e-02
1.344141356483350425e+00 1.044761390574214799e-01 3.063081513708350648e-02
1.344141356483350425e+00 1.044761390574214799e-01 3.063081513708350648e-02
1.344141356483350425e+00 1.044761390574214799e-01 3.063081513708350648e-02
1.515397337267663458e+00 2.898598130335022782e-01 1.879957433174511000e-02
2.048232535078798211e+00 1.836095139176035784e-01 4.637392587453684385e-03
1.747091080130580343e+00 -2.017924257311116965e-01 1.867922295272137281e-02
1.747091080130580343e+00 -2.017924257311116965e-01 1.867922295272137281e-02
2.128018960575602581e+00 -3.521505912369490288e-01 1.530187468289311535e-02
1.959173945693009067e+00 3.114882626867176985e-02 1.549097781293343017e-02
