2.489132485845457765e-01 1.481402749648903505e-01 2.597239642690706962e-03
3.405235827535235127e-01 6.443874224587540223e-01 1.580717321469549963e-01
3.405235827535235127e-01 6.443874224587540223e-01 1.580717321469549963e-01
3.405235827535235127e-01 6.443874224587540223e-01 1.580717321469549963e-01
3.405235827535235127e-01 6.443874224587540223e-01 1.580717321469549963e-01
3.405235827535235127e-01 6.443874224587540223e-01 1.580717321469549963e-01
3.405235827535235127e-01 6.443874224587540223e-01 1.580717321469549963e-01
3.405235827535235127e-01 6.443874224587540223e-01 1.580717321469549963e-01
-1.366657358888742624e-01 5.338399581833208618e-01 3.626878598671418041e-02
-1.366657358888742624e-01 5.338399581833208618e-01 3.626878598671418041e-02
-1.547762327522717030e-01 5.916049143768475904e-01 5.753281078013509214e-02
-1.547762327522717030e-01 5.916049143768475904e-01 5.753281078013509214e-02
-1.365933351133417351e-01 7.366600825433085031e-01 1.578493436972883968e-01
-1.365933351133417351e-01 7.366600825433085031e-01 1.578493436972883968e-01
-1.622258541662401354e-01 7.361716858633521321e-01 1.493507351392960314e-01
-3.371404354244820212e-01 8.997585120226467836e-01 2.013438645621544454e-01
-3.371404354244820212e-01 8.997585120226467836e-01 2.013438645621544454e-01
-3.371404354244820212e-01 8.997585120226467836e-01 2.013438645621544454e-01
-3.371404354244820212e-01 8.997585120226467836e-01 2.013438645621544454e-01
-2.862951672805733594e-01 8.818370818204687156e-01 2.055756429952400877e-01
-3.574063979481316711e-01 1.114990448680329038e+00 1.958721983737570227e-01
-3.574063979481316711e-01 1.114990448680329038e+00 1.958721983737570227e-01
-1.865504828381004954e-01 9.092279969219480007e-01 2.263640723198346305e-01
-1.300801877291550557e-01 6.398755030513216813e-01 9.229593247564379932e-02
-1.300801877291550557e-01 6.398755030513216813e-01 9.229593247564379932e-02
-3.726856685879074982e-02 8.811985295934264828e-01 2.107679930427380777e-01
3.903328577210224970e-01 7.630178057864546171e-01 1.138633944971928769e-01
3.903328577210224970e-01 7.630178057864546171e-01 1.138633944971928769e-01
-1.010182485463262392e-02 9.627662555005636058e-01 1.655180155587469559e-01
-1.591338534002899596e-01 1.040770721677296118e+00 1.748127807798490474e-01
-1.591338534002899596e-01 1.040770721677296118e+00 1.748127807798490474e-01
-1.186332081316918141e-02 7.718535031679945035e-01 2.022257298956679494e-01
5.424028852066442585e-01 7.356073874572524041e-01 7.342391579807663882e-02
2.928736212150838125e-01 7.433122685627929771e-01 1.558566958035275951e-01
2.928736212150838125e-01 7.433122685627929771e-01 1.558566958035275951e-01
2.928736212150838125e-01 7.433122685627929771e-01 1.558566958035275951e-01
-2.165083556217689553e-02 9.386518448308911466e-01 1.838782290060259061e-01
-2.165083556217689553e-02 9.386518448308911466e-01 1.838782290060259061e-01
6.206258249511737990e-01 4.210372189624609351e-01 9.710853464113067268e-02
6.206258249511737990e-01 4.210372189624609351e-01 9.710853464113067268e-02
6.206258249511737990e-01 4.210372189624609351e-01 9.710853464113067268e-02
7.519668678212794166e-01 7.366288595934894490e-01 2.469069508999163429e-02
3.057092159178776414e-01 6.050186705169214862e-01 1.556116128009736033e-01
3.057092159178776414e-01 6.050186705169214862e-01 1.556116128009736033e-01
3.057092159178776414e-01 6.050186705169214862e-01 1.556116128009736033e-01
4.689039580289576792e-01 7.593264971694033694e-01 8.756747314221025036e-02
4.689039580289576792e-01 7.593264971694033694e-01 8.756747314221025036e-02
2.668903782706468775e-01 8.479246275810625733e-01 1.194563169087124177e-01
2.668903782706468775e-01 8.479246275810625733e-01 1.194563169087124177e-01
2.668903782706468775e-01 8.479246275810625733e-01 1.194563169087124177e-01
2.668903782706468775e-01 8.479246275810625733e-01 1.194563169087124177e-01
9.512846445861983247e-02 8.436946875106126065e-01 1.860981628250109043e-01
2.264854306203105960e-01 6.964739144484468625e-01 1.777153793453191410e-01
2.264854306203105960e-01 6.964739144484468625e-01 1.777153793453191410e-01
-9.897847113620530934e-02 6.559777845568826038e-01 1.127276953214592231e-01
-8.919492104824837397e-02 8.805096502413447546e-01 2.196321594123109011e-01
-8.919492104824837397e-02 8.805096502413447546e-01 2.196321594123109011e-01
-7.087652692168973367e-02 6.665097898653462583e-01 1.287546685887558107e-01
-7.087652692168973367e-02 6.665097898653462583e-01 1.287546685887558107e-01
-7.087652692168973367e-02 6.665097898653462583e-01 1.287546685887558107e-01
1.506936764390290340e-02 9.421115903664356583e-01 1.678463210010746887e-01
1.506936764390290340e-02 9.421115903664356583e-01 1.678463210010746887e-01
1.506936764390290340e-02 9.421115903664356583e-01 1.678463210010746887e-01
1.506936764390290340e-02 9.421115903664356583e-01 1.678463210010746887e-01
1.506936764390290340e-02 9.421115903664356583e-01 1.678463210010746887e-01
-1.760928866391305719e-02 6.226642047224345555e-01 1.143394974743091319e-01
-1.760928866391305719e-02 6.226642047224345555e-01 1.143394974743091319e-01
-2.497191121166293312e-02 7.680487133014253232e-01 1.998057796584113699e-01
-2.497191121166293312e-02 7.680487133014253232e-01 1.998057796584113699e-01
2.864328686748552344e-01 7.014668614864801865e-01 1.664153879423382054e-01
2.864328686748552344e-01 7.014668614864801865e-01 1.664153879423382054e-01
1.684951467946914083e-01 8.829330137051609739e-01 1.398102159444490344e-01
6.987228099660379443e-02 4.493160397117957894e-01 4.042234718978972990e-02
1.593276760896801814e-01 3.073471422338247550e-01 1.336227524948625442e-02
1.813348923001507074e-01 2.963017645275869971e-01 1.315608792296678146e-02
1.813348923001507074e-01 2.963017645275869971e-01 1.315608792296678146e-02
1.813348923001507074e-01 2.963017645275869971e-01 1.315608792296678146e-02
1.813348923001507074e-01 2.963017645275869971e-01 1.315608792296678146e-02
2.192213721006523452e-01 3.530215419418289424e-01 2.961233790473492486e-02
2.192213721006523452e-01 3.530215419418289424e-01 2.961233790473492486e-02
3.739764222286109385e-01 4.370828991464016378e-01 8.916199366520671798e-02
3.739764222286109385e-01 4.370828991464016378e-01 8.916199366520671798e-02
5.471942714132882468e-01 5.396258102532361933e-01 1.204071741038136162e-01
5.471942714132882468e-01 5.396258102532361933e-01 1.204071741038136162e-01
3.609114698292315015e-01 6.988241935168448826e-01 1.469720632705296959e-01
3.609114698292315015e-01 6.988241935168448826e-01 1.469720632705296959e-01
8.038054765662143719e-01 2.831928875294442149e-01 6.147680297409011119e-02
5.593034814202729743e-01 4.592844110398747182e-01 1.085867414837139722e-01
5.593034814202729743e-01 4.592844110398747182e-01 1.085867414837139722e-01
3.901169597460671934e-01 5.462526203449038498e-01 1.369746826272403295e-01
3.901169597460671934e-01 5.462526203449038498e-01 1.369746826272403295e-01
3.901169597460671934e-01 5.462526203449038498e-01 1.369746826272403295e-01
3.901169597460671934e-01 5.462526203449038498e-01 1.369746826272403295e-01
3.901169597460671934e-01 5.462526203449038498e-01 1.369746826272403295e-01
3.898673509533467918e-01 4.146580082364123010e-01 8.067400872014769686e-02
3.898673509533467918e-01 4.146580082364123010e-01 8.067400872014769686e-02
4.341759450007585674e-01 3.674907964773419522e-01 6.555877224736349207e-02
4.341759450007585674e-01 3.674907964773419522e-01 6.555877224736349207e-02
4.341759450007585674e-01 3.674907964773419522e-01 6.555877224736349207e-02
1.955048661441472491e-01 5.333333724772495454e-01 1.101273718036990396e-01
