2.489132485845457765e-01 1.481402749648903505e-01 1.067434157767394552e-03
2.404342543611714955e-01 1.094859295793424309e-01 6.210005209656807752e-04
2.404342543611714955e-01 1.094859295793424309e-01 6.210005209656807752e-04
2.404342543611714955e-01 1.094859295793424309e-01 6.210005209656807752e-04
2.404342543611714955e-01 1.094859295793424309e-01 6.210005209656807752e-04
3.141100376087715418e-01 -7.342954644030937061e-02 7.660643446179842442e-05
3.499730996628024893e-01 2.056807175227560736e-01 3.601579877467635162e-03
3.499730996628024893e-01 2.056807175227560736e-01 3.601579877467635162e-03
4.245603524451840305e-01 5.329444742581946892e-01 3.212254687200238185e-02
4.492523480171965455e-01 3.842512578364029596e-01 1.984242814407876504e-02
4.492523480171965455e-01 3.842512578364029596e-01 1.984242814407876504e-02
5.060755729559155425e-01 7.649559239542564892e-01 2.626379991136395392e-02
4.517210586223469049e-01 6.051635934489942859e-01 3.575310819322938954e-02
4.517210586223469049e-01 6.051635934489942859e-01 3.575310819322938954e-02
4.517210586223469049e-01 6.051635934489942859e-01 3.575310819322938954e-02
4.517210586223469049e-01 6.051635934489942859e-01 3.575310819322938954e-02
4.517210586223469049e-01 6.051635934489942859e-01 3.575310819322938954e-02
4.517210586223469049e-01 6.051635934489942859e-01 3.575310819322938954e-02
4.517210586223469049e-01 6.051635934489942859e-01 3.575310819322938954e-02
1.702663335757279572e-01 7.490219964203951308e-01 3.430213115232697701e-02
1.702663335757279572e-01 7.490219964203951308e-01 3.430213115232697701e-02
1.702663335757279572e-01 7.490219964203951308e-01 3.430213115232697701e-02
2.121123384812568236e-01 6.221264632134059225e-01 2.972703724204591932e-02
-4.716999012243638933e-02 9.143495418268000607e-01 3.166748771344890523e-02
3.612238473365907976e-01 7.026562830882381316e-01 3.510699622356226735e-02
4.392496143366507733e-01 4.486455131347856784e-01 2.567413698890914572e-02
5.013779460705454216e-01 9.175251406805321475e-01 1.203508536640328017e-02
5.013779460705454216e-01 9.175251406805321475e-01 1.203508536640328017e-02
1.183486028388855527e+00 6.748808993095458675e-01 4.386800918647559659e-03
8.936096745169861411e-01 1.215209704665525248e-01 1.586716409107780459e-02
2.390155906486970405e-01 7.453244214009727697e-01 3.483269919933646569e-02
2.390155906486970405e-01 7.453244214009727697e-01 3.483269919933646569e-02
3.160517593091802802e-01 8.714593864326027894e-01 2.507009367465040314e-02
4.487303890108746973e-01 9.782851135280571375e-01 9.454380342786363606e-03
-8.785315770408386182e-02 1.248231708997391332e+00 8.758182287464133867e-03
-8.785315770408386182e-02 1.248231708997391332e+00 8.758182287464133867e-03
2.039166029550334991e-01 1.125668087227816194e+00 7.769631150464193121e-03
-1.147986321832434320e-01 9.943150172911667806e-01 2.911473710393507400e-02
-3.629670747208046944e-01 1.258419780148544609e+00 1.667307645356332774e-02
-6.242655286109355384e-01 1.436288591599989228e+00 1.119915889752859731e-02
-6.242655286109355384e-01 1.436288591599989228e+00 1.119915889752859731e-02
-7.522979979033576070e-01 1.387154646328045970e+00 1.648418314516197566e-02
-8.689679085364241384e-01 9.122123314759056356e-01 3.795130204618257092e-03
-8.689679085364241384e-01 9.122123314759056356e-01 3.795130204618257092e-03
-8.179211829676198420e-01 1.086966140824554561e+00 1.343436764896054590e-02
-6.648317280617768166e-01 1.387563471261584080e+00 1.509672194738156774e-02
-6.818080220213192932e-01 1.088266917438680981e+00 1.898800941708109549e-02
-8.458356238669250127e-01 1.315954041244238981e+00 1.881855018361081738e-02
-8.134596660063256879e-01 1.439056875830451609e+00 1.460307059362823262e-02
-8.134596660063256879e-01 1.439056875830451609e+00 1.460307059362823262e-02
-9.884374112865114137e-01 1.109170464296131087e+00 8.399531225429251666e-03
-1.167273433913242453e+00 1.431041824103159055e+00 1.349009933330194699e-02
-1.167273433913242453e+00 1.431041824103159055e+00 1.349009933330194699e-02
-1.131275471449122216e+00 9.363893184329008523e-01 1.026895175723578591e-03
-1.131275471449122216e+00 9.363893184329008523e-01 1.026895175723578591e-03
-1.131275471449122216e+00 9.363893184329008523e-01 1.026895175723578591e-03
-1.268507288391901966e+00 1.209973871455948036e+00 4.768035900152016622e-03
-1.268507288391901966e+00 1.209973871455948036e+00 4.768035900152016622e-03
-1.268507288391901966e+00 1.209973871455948036e+00 4.768035900152016622e-03
-1.490078081340087568e+00 1.365382766938165737e+00 4.546464845141889692e-03
-1.490078081340087568e+00 1.365382766938165737e+00 4.546464845141889692e-03
-1.490078081340087568e+00 1.365382766938165737e+00 4.546464845141889692e-03
-1.516392026202252996e+00 1.549797786411216460e+00 8.079384028765526637e-03
-1.516392026202252996e+00 1.549797786411216460e+00 8.079384028765526637e-03
-1.516392026202252996e+00 1.549797786411216460e+00 8.079384028765526637e-03
-1.516392026202252996e+00 1.549797786411216460e+00 8.079384028765526637e-03
-1.538748902888205539e+00 1.635467402022529493e+00 8.438790758405192646e-03
-1.415146635092853211e+00 1.782213261844911578e+00 6.583401600624950827e-03
-1.415146635092853211e+00 1.782213261844911578e+00 6.583401600624950827e-03
-1.415146635092853211e+00 1.782213261844911578e+00 6.583401600624950827e-03
-1.337985362249526355e+00 1.878050571697858828e+00 3.399374854427792119e-03
-1.924995084914339571e+00 1.693420142737015466e+00 3.667066845002054949e-03
-1.427165136254994415e+00 1.496953268368645729e+00 9.003432770977157565e-03
-1.427165136254994415e+00 1.496953268368645729e+00 9.003432770977157565e-03
-1.359470721756586675e+00 1.551812753500271702e+00 1.074482091962874683e-02
-1.359470721756586675e+00 1.551812753500271702e+00 1.074482091962874683e-02
-8.198615751945264041e-01 1.561799931151407916e+00 8.235238587572605781e-03
-8.694972326126819695e-01 1.557061618496701438e+00 9.342148171456787775e-03
-9.791384217290491909e-01 1.774259642526879510e+00 2.701831425303012017e-03
-9.791384217290491909e-01 1.774259642526879510e+00 2.701831425303012017e-03
-9.791384217290491909e-01 1.774259642526879510e+00 2.701831425303012017e-03
-9.411641091326058417e-01 1.727987895404723639e+00 3.518211287138875865e-03
-9.411641091326058417e-01 1.727987895404723639e+00 3.518211287138875865e-03
-1.036937082592457093e+00 1.778440399120746251e+00 3.160051662169580545e-03
-9.614154329391434439e-01 1.385266919886108727e+00 1.671365832533759990e-02
-9.614154329391434439e-01 1.385266919886108727e+00 1.671365832533759990e-02
-9.614154329391434439e-01 1.385266919886108727e+00 1.671365832533759990e-02
-6.925076414095774346e-01 1.191769173802446069e+00 2.161917183447033611e-02
-6.925076414095774346e-01 1.191769173802446069e+00 2.161917183447033611e-02
-7.580940603194964433e-01 1.276078014937358063e+00 2.030023175631735441e-02
-8.759886201759546909e-01 1.614858245791152669e+00 6.720885962619959665e-03
-8.551608375411859919e-01 1.364918242734702192e+00 1.783048615735155842e-02
-8.551608375411859919e-01 1.364918242734702192e+00 1.783048615735155842e-02
-8.551608375411859919e-01 1.364918242734702192e+00 1.783048615735155842e-02
-8.551608375411859919e-01 1.364918242734702192e+00 1.783048615735155842e-02
-1.105224745566900424e+00 1.539829125043317370e+00 1.261144306621335073e-02
-1.105224745566900424e+00 1.539829125043317370e+00 1.261144306621335073e-02
-1.112699415930902269e+00 1.375946085628362514e+00 1.404885058427932099e-02
-9.289059991315137266e-01 1.587827730034893525e+00 8.813638244875673933e-03
-9.289059991315137266e-01 1.587827730034893525e+00 8.813638244875673933e-03
