2.489132485845457765e-01 1.481402749648903505e-01 1.479005118421422658e-03
4.867917982953891554e-01 3.406819271879937272e-01 3.160414696749298813e-02
3.588441963353109498e-01 4.772598512546586402e-01 3.812253502296184676e-02
5.153353787801039365e-01 1.782427978938366242e-01 1.153233451490673876e-02
7.586236103310259882e-01 3.788830908894460503e-01 7.596188072288259652e-02
1.039904349044090681e+00 2.342357513718021367e-01 8.668476670082893298e-02
8.589870916099738851e-01 3.215385037862310558e-01 7.984183865036660610e-02
8.589870916099738851e-01 3.215385037862310558e-01 7.984183865036660610e-02
1.613715480778133315e+00 4.267794251001233441e-01 1.501572211253616139e-02
1.643801398663244040e+00 3.178475679598236070e-01 2.992103714322775707e-02
1.643801398663244040e+00 3.178475679598236070e-01 2.992103714322775707e-02
1.643801398663244040e+00 3.178475679598236070e-01 2.992103714322775707e-02
1.485468164882612907e+00 3.404908028139860821e-01 4.596505910778470733e-02
1.485468164882612907e+00 3.404908028139860821e-01 4.596505910778470733e-02
1.065308421569494790e+00 3.184957491986074030e-01 9.330769999753893429e-02
1.290539924712913455e+00 3.133567029491585165e-01 8.022593276676177887e-02
1.343535277231984404e+00 -6.047048416201861176e-02 5.692841779615472747e-02
1.343535277231984404e+00 -6.047048416201861176e-02 5.692841779615472747e-02
1.343535277231984404e+00 -6.047048416201861176e-02 5.692841779615472747e-02
1.343535277231984404e+00 -6.047048416201861176e-02 5.692841779615472747e-02
1.199468508478396034e+00 2.405986952476478757e-01 9.518938373833546462e-02
1.199468508478396034e+00 2.405986952476478757e-01 9.518938373833546462e-02
1.295716841618979043e+00 3.707089778259863300e-01 6.580166458488893866e-02
1.295716841618979043e+00 3.707089778259863300e-01 6.580166458488893866e-02
1.120641953195147478e+00 1.794544677950700440e-01 8.604498589009987319e-02
4.203586160663681515e-01 2.513456604789255922e-01 1.271319270272619484e-02
4.203586160663681515e-01 2.513456604789255922e-01 1.271319270272619484e-02
4.203586160663681515e-01 2.513456604789255922e-01 1.271319270272619484e-02
4.203586160663681515e-01 2.513456604789255922e-01 1.271319270272619484e-02
6.158979788103542408e-01 6.632384250069029985e-01 6.151745989103914181e-02
6.158979788103542408e-01 6.632384250069029985e-01 6.151745989103914181e-02
6.158979788103542408e-01 6.632384250069029985e-01 6.151745989103914181e-02
6.158979788103542408e-01 6.632384250069029985e-01 6.151745989103914181e-02
6.493523537933960643e-01 3.802286175650405053e-01 6.167896422998101619e-02
6.493523537933960643e-01 3.802286175650405053e-01 6.167896422998101619e-02
6.493523537933960643e-01 3.802286175650405053e-01 6.167896422998101619e-02
6.342511635520183821e-01 6.556332604211465576e-01 6.217356922147967979e-02
6.342511635520183821e-01 6.556332604211465576e-01 6.217356922147967979e-02
5.747845963301549954e-01 1.055011748686229822e+00 5.181107932013445487e-03
4.117793956798769806e-01 1.047185740571244361e+00 1.047976997584801860e-02
4.117793956798769806e-01 1.047185740571244361e+00 1.047976997584801860e-02
1.568806839979072776e-01 1.014287969317496652e+00 2.283449907766421302e-02
3.252554137106424270e-01 2.709863654498868568e-01 8.845787056709722776e-03
3.252554137106424270e-01 2.709863654498868568e-01 8.845787056709722776e-03
3.252554137106424270e-01 2.709863654498868568e-01 8.845787056709722776e-03
3.874086010663816970e-01 6.598844991673784577e-01 5.773300624853491131e-02
3.942543072346526012e-01 9.098080461790617468e-01 2.860584073236674060e-02
4.919841975370197185e-01 6.406069635254467709e-01 6.376502412256285224e-02
3.533757542754715764e-01 7.455160783262811952e-01 5.224942027921960358e-02
6.332829693809907123e-01 6.640961333810917466e-01 6.074633634100253671e-02
6.332829693809907123e-01 6.640961333810917466e-01 6.074633634100253671e-02
6.332829693809907123e-01 6.640961333810917466e-01 6.074633634100253671e-02
6.332829693809907123e-01 6.640961333810917466e-01 6.074633634100253671e-02
9.753973268185649470e-01 8.424332591303306250e-01 7.101275195945397703e-03
7.491662698808797538e-01 7.805441353309120478e-01 2.872769390718098170e-02
5.469545592241984444e-01 8.002215191243388093e-01 3.946903832669437784e-02
4.331178795527838021e-01 9.678665007368314477e-01 1.831522866720356607e-02
3.265336627131420477e-01 4.225284945895044775e-01 2.607900004846572251e-02
3.265336627131420477e-01 4.225284945895044775e-01 2.607900004846572251e-02
3.265336627131420477e-01 4.225284945895044775e-01 2.607900004846572251e-02
1.035204763638244208e+00 5.675522805072392707e-01 4.839146403913494043e-02
1.035204763638244208e+00 5.675522805072392707e-01 4.839146403913494043e-02
5.991241313504626076e-01 3.676843596237466816e-01 5.205716181015065946e-02
5.991241313504626076e-01 3.676843596237466816e-01 5.205716181015065946e-02
7.684677624036561072e-01 5.092334012127669451e-01 7.970054717237622099e-02
1.049523700924588354e+00 2.062483174603239600e-01 8.307731351695171740e-02
1.518931454286412075e+00 -1.183833383863100441e-02 8.379979186647663891e-02
1.303279354704823589e+00 9.273032044421261610e-02 8.763189242002367152e-02
1.312853512020376145e+00 6.038965075123367554e-02 8.260840071094946446e-02
1.312853512020376145e+00 6.038965075123367554e-02 8.260840071094946446e-02
1.312853512020376145e+00 6.038965075123367554e-02 8.260840071094946446e-02
1.312853512020376145e+00 6.038965075123367554e-02 8.260840071094946446e-02
1.543607614224716595e+00 2.876512057104636533e-01 5.042382557724279374e-02
1.215113327635777507e+00 -2.803856561125789293e-02 4.858052399137748750e-02
1.215113327635777507e+00 -2.803856561125789293e-02 4.858052399137748750e-02
1.060392784765673335e+00 1.523236693667806285e-01 7.310134799523983207e-02
9.800828070914500145e-01 1.017981688559074782e-01 4.862400290086323768e-02
9.428067764406703466e-01 6.986871009834878521e-01 2.819401925338280504e-02
9.428067764406703466e-01 6.986871009834878521e-01 2.819401925338280504e-02
9.241355801420739757e-01 5.450040862238119121e-01 6.611075908990518557e-02
1.109308304453257010e+00 5.462904745911634219e-01 4.485677567053727305e-02
1.198587781314598422e+00 1.338623343920159470e-01 8.574602212496586218e-02
1.198587781314598422e+00 1.338623343920159470e-01 8.574602212496586218e-02
1.039953507024955259e+00 1.766647623869057604e-01 7.586573058590780072e-02
1.039953507024955259e+00 1.766647623869057604e-01 7.586573058590780072e-02
1.039953507024955259e+00 1.766647623869057604e-01 7.586573058590780072e-02
8.579501315901765235e-01 2.696040308238564220e-01 7.038155200956128232e-02
1.212294721836733924e+00 7.508906303027312878e-02 7.483398174945846137e-02
1.359606109595018708e+00 -1.216604718819488951e-01 4.320929370821304655e-02
1.425048205888967523e+00 -1.606100365630028504e-01 4.130397599191019953e-02
1.212270506318641416e+00 3.341041911884001792e-02 6.434881220258123480e-02
1.212270506318641416e+00 3.341041911884001792e-02 6.434881220258123480e-02
1.212270506318641416e+00 3.341041911884001792e-02 6.434881220258123480e-02
1.212270506318641416e+00 3.341041911884001792e-02 6.434881220258123480e-02
1.212270506318641416e+00 3.341041911884001792e-02 6.434881220258123480e-02
1.212270506318641416e+00 3.341041911884001792e-02 6.434881220258123480e-02
1.212270506318641416e+00 3.341041911884001792e-02 6.434881220258123480e-02
1.212270506318641416e+00 3.341041911884001792e-02 6.434881220258123480e-02
1.212270506318641416e+00 3.341041911884001792e-02 6.434881220258123480e-02
1.011962486082509605e+00 4.338444506835731351e-02 3.888116699778522423e-02
