2.489132485845457765e-01 1.481402749648903505e-01 1.862347884197157856e-03
2.489132485845457765e-01 1.481402749648903505e-01 1.862347884197157856e-03
2.489132485845457765e-01 1.481402749648903505e-01 1.862347884197157856e-03
2.359538205434464631e-01 2.892867200496419544e-01 1.059285353612669442e-02
2.359538205434464631e-01 2.892867200496419544e-01 1.059285353612669442e-02
2.359538205434464631e-01 2.892867200496419544e-01 1.059285353612669442e-02
2.359538205434464631e-01 2.892867200496419544e-01 1.059285353612669442e-02
2.359538205434464631e-01 2.892867200496419544e-01 1.059285353612669442e-02
3.553243839447627894e-01 5.003506770439594131e-01 9.146875562678868921e-02
2.203095366854076476e-01 7.736840053980618137e-01 1.418246764611884037e-01
4.254872332998245188e-01 6.067332059371328690e-01 1.410698109933015143e-01
4.254872332998245188e-01 6.067332059371328690e-01 1.410698109933015143e-01
3.285605326603128207e-01 6.600553221802764048e-01 1.411968646734418353e-01
3.285605326603128207e-01 6.600553221802764048e-01 1.411968646734418353e-01
5.763245712989824021e-01 6.393965237614736008e-01 1.424694255236882701e-01
5.926490067894606417e-01 6.674074317946251389e-01 1.345705332377246100e-01
5.926490067894606417e-01 6.674074317946251389e-01 1.345705332377246100e-01
5.793047847301793229e-01 7.692920540706887911e-01 9.971549414986556614e-02
5.793047847301793229e-01 7.692920540706887911e-01 9.971549414986556614e-02
5.793047847301793229e-01 7.692920540706887911e-01 9.971549414986556614e-02
7.408689849255472026e-01 8.691656942853945855e-01 3.134879110489922210e-02
7.521892020469748141e-01 7.757533298465661975e-01 6.051892229632013093e-02
7.521892020469748141e-01 7.757533298465661975e-01 6.051892229632013093e-02
7.521892020469748141e-01 7.757533298465661975e-01 6.051892229632013093e-02
7.521892020469748141e-01 7.757533298465661975e-01 6.051892229632013093e-02
7.521892020469748141e-01 7.757533298465661975e-01 6.051892229632013093e-02
7.521892020469748141e-01 7.757533298465661975e-01 6.051892229632013093e-02
9.835163577172287841e-01 7.488711465190238670e-01 3.039137603229520590e-02
9.202975935013179010e-01 4.803079653022878093e-01 1.296733500137382811e-01
9.202975935013179010e-01 4.803079653022878093e-01 1.296733500137382811e-01
6.670539996657309789e-01 6.298073737906809688e-01 1.338230162736921969e-01
1.262811520803636123e-01 9.578246703416430918e-01 1.032387243064597782e-01
-1.188773979529696712e-01 1.033667977737865451e+00 1.043995272569025051e-01
2.922799587963048618e-02 9.446993256812173945e-01 1.187316814295997086e-01
2.922799587963048618e-02 9.446993256812173945e-01 1.187316814295997086e-01
2.922799587963048618e-02 9.446993256812173945e-01 1.187316814295997086e-01
-1.680908920550846786e-01 8.123896027200321335e-01 9.803402187615832541e-02
-3.261751103871479707e-01 7.603583721063378320e-01 4.890788023903980264e-02
-3.261751103871479707e-01 7.603583721063378320e-01 4.890788023903980264e-02
-3.261751103871479707e-01 7.603583721063378320e-01 4.890788023903980264e-02
3.289539584584393328e-01 8.312304390122208231e-01 1.210224181897132795e-01
3.289539584584393328e-01 8.312304390122208231e-01 1.210224181897132795e-01
2.133769622223304352e-01 5.079058958561638581e-01 6.461031252706056494e-02
2.133769622223304352e-01 5.079058958561638581e-01 6.461031252706056494e-02
3.656761329551905804e-01 2.170632654011769858e-01 9.471017401664335450e-03
4.036513483500280830e-01 6.550950439836631389e-01 1.459058740374734042e-01
5.682391442334506770e-01 6.668645121811128673e-01 1.378997932642338775e-01
6.847378826135187557e-01 6.925135614561097608e-01 1.095175554047333744e-01
6.847378826135187557e-01 6.925135614561097608e-01 1.095175554047333744e-01
3.454335336802848433e-01 9.552198697245464221e-01 6.633748161966634971e-02
7.315805133507411462e-01 1.036510902728846606e+00 5.627326966060650949e-03
5.694987588255324695e-01 9.937349992692224854e-01 2.148960133019724161e-02
5.694987588255324695e-01 9.937349992692224854e-01 2.148960133019724161e-02
2.724866944044434525e-01 7.631391627712107439e-01 1.425038878982705093e-01
3.072024105999158206e-01 4.527838848499171620e-01 6.132824201321105534e-02
5.114980406184329587e-01 3.536053808805692533e-01 6.055366099188819184e-02
5.114980406184329587e-01 3.536053808805692533e-01 6.055366099188819184e-02
3.275017249259121188e-01 5.979498308569798359e-01 1.249993505047730935e-01
3.275017249259121188e-01 5.979498308569798359e-01 1.249993505047730935e-01
3.275017249259121188e-01 5.979498308569798359e-01 1.249993505047730935e-01
1.159797922568143458e-01 8.992666811456155873e-01 1.243674736248814028e-01
-1.074675254780954603e-01 1.041490982531934062e+00 1.010460665935599966e-01
-1.074675254780954603e-01 1.041490982531934062e+00 1.010460665935599966e-01
-8.233462841826277856e-02 9.342600675962220436e-01 1.239983635330959427e-01
-8.233462841826277856e-02 9.342600675962220436e-01 1.239983635330959427e-01
-7.814171081020751530e-02 1.101611920956452995e+00 7.619428763973007390e-02
-2.918662184744521548e-01 8.465165820734639190e-01 8.299022290321493578e-02
-2.918662184744521548e-01 8.465165820734639190e-01 8.299022290321493578e-02
-1.671816160263416839e-01 1.001138767292453435e+00 1.141663596984353740e-01
-1.671816160263416839e-01 1.001138767292453435e+00 1.141663596984353740e-01
-3.788868109870696665e-02 8.212206384146349958e-01 1.236125677338034273e-01
-3.788868109870696665e-02 8.212206384146349958e-01 1.236125677338034273e-01
2.805162401961271423e-01 5.854780072909027133e-01 1.113840631249536639e-01
2.429313381654116533e-01 5.599127562968972960e-01 9.275372411536786377e-02
2.429313381654116533e-01 5.599127562968972960e-01 9.275372411536786377e-02
-8.658593989302379446e-02 6.321428731184824956e-01 5.176611292310544926e-02
-8.658593989302379446e-02 6.321428731184824956e-01 5.176611292310544926e-02
2.225108891767885455e-01 8.478482044999644529e-01 1.289983235280873497e-01
2.225108891767885455e-01 8.478482044999644529e-01 1.289983235280873497e-01
2.225108891767885455e-01 8.478482044999644529e-01 1.289983235280873497e-01
2.225108891767885455e-01 8.478482044999644529e-01 1.289983235280873497e-01
-1.145485433844816991e-01 9.057234984667958955e-01 1.233503246595647751e-01
-1.145485433844816991e-01 9.057234984667958955e-01 1.233503246595647751e-01
-2.804979247150636290e-01 1.163877285600839251e+00 7.724926155124031690e-02
-3.049964355364452873e-01 1.052823584611784602e+00 1.052987028096333266e-01
-1.435874791774861825e-01 1.029793935751063483e+00 1.071275167457238914e-01
-3.150187436019925569e-01 1.156967259874337461e+00 8.226192988578066856e-02
-3.150187436019925569e-01 1.156967259874337461e+00 8.226192988578066856e-02
-2.625182006754433472e-01 9.556087984672384517e-01 1.108821138702610065e-01
-2.625182006754433472e-01 9.556087984672384517e-01 1.108821138702610065e-01
-3.047859296786647465e-01 1.153837599155511429e+00 8.243180561926931327e-02
-3.519495436021885526e-02 9.078706882072457018e-01 1.275892303971537245e-01
-3.519495436021885526e-02 9.078706882072457018e-01 1.275892303971537245e-01
-3.519495436021885526e-02 9.078706882072457018e-01 1.275892303971537245e-01
-3.519495436021885526e-02 9.078706882072457018e-01 1.275892303971537245e-01
-3.519495436021885526e-02 9.078706882072457018e-01 1.275892303971537245e-01
-1.125590642675407954e-01 8.270711219331577935e-01 1.127471778223274462e-01
-6.226038134243110367e-01 9.478673307914435853e-01 4.864386453192427739e-02
-6.226038134243110367e-01 9.478673307914435853e-01 4.864386453192427739e-02
-5.151252081131282301e-01 1.061189637194507318e+00 8.832749188508552673e-02
