2.489132485845457765e-01 1.481402749648903505e-01 4.080482376325471339e-02
2.489132485845457765e-01 1.481402749648903505e-01 4.080482376325471339e-02
1.371606029766074542e-01 3.490097816620841842e-01 7.040760758550232423e-02
4.682202759811309178e-01 1.451172101993175034e-01 3.626702690153626452e-01
5.408137757145055069e-01 5.069222250398360829e-01 1.829671403939716334e-01
5.180894254735589621e-01 6.921724012353481781e-01 3.592347879923607490e-02
5.180894254735589621e-01 6.921724012353481781e-01 3.592347879923607490e-02
1.401079682400211968e-01 1.065346150715723583e+00 3.434920551290326224e-02
1.851120632967345192e-01 9.885910071554371292e-01 5.073343112171178892e-02
2.390315649118804897e-01 6.475975951082684201e-01 3.406469667215327179e-01
3.072334643338737736e-01 5.311791883042216167e-01 4.147447644094243158e-01
5.966920577493812772e-01 3.948480723306414530e-01 2.682787373598995440e-01
5.966920577493812772e-01 3.948480723306414530e-01 2.682787373598995440e-01
7.325453967858870374e-01 2.781814528380154861e-01 2.124696104943581687e-01
3.230560539455524238e-01 7.339161459087935047e-01 1.621065740813917022e-01
3.230560539455524238e-01 7.339161459087935047e-01 1.621065740813917022e-01
3.230560539455524238e-01 7.339161459087935047e-01 1.621065740813917022e-01
3.230560539455524238e-01 7.339161459087935047e-01 1.621065740813917022e-01
3.477474923833656639e-02 5.862356537863502304e-01 1.335787987191291715e-01
3.477474923833656639e-02 5.862356537863502304e-01 1.335787987191291715e-01
1.692172280668918782e-01 6.835860283148440519e-01 3.183856723024358071e-01
1.692172280668918782e-01 6.835860283148440519e-01 3.183856723024358071e-01
4.154387117159011322e-01 5.621487045565718432e-01 2.877070210842661013e-01
4.154387117159011322e-01 5.621487045565718432e-01 2.877070210842661013e-01
3.589121223543952910e-01 3.631671542374530492e-01 4.357325572518793710e-01
3.496851105094700429e-01 4.234759296346315982e-01 4.544959563542795844e-01
3.496851105094700429e-01 4.234759296346315982e-01 4.544959563542795844e-01
3.496851105094700429e-01 4.234759296346315982e-01 4.544959563542795844e-01
3.496851105094700429e-01 4.234759296346315982e-01 4.544959563542795844e-01
3.496851105094700429e-01 4.234759296346315982e-01 4.544959563542795844e-01
3.496851105094700429e-01 4.234759296346315982e-01 4.544959563542795844e-01
3.496851105094700429e-01 4.234759296346315982e-01 4.544959563542795844e-01
3.496851105094700429e-01 4.234759296346315982e-01 4.544959563542795844e-01
7.714132713925030416e-01 -4.456527276899968637e-02 5.518723465652843885e-01
7.714132713925030416e-01 -4.456527276899968637e-02 5.518723465652843885e-01
9.113090675127001328e-01 -1.495842146661880978e-01 4.868144264753608841e-01
9.113090675127001328e-01 -1.495842146661880978e-01 4.868144264753608841e-01
9.113090675127001328e-01 -1.495842146661880978e-01 4.868144264753608841e-01
7.846021458754158795e-01 -4.010852632161442943e-01 9.195210162165130818e-02
6.837266571337425880e-01 -2.857768674305732892e-02 4.984391028580311134e-01
5.672579912229619437e-01 9.143001733624375738e-02 4.767132655083525239e-01
5.672579912229619437e-01 9.143001733624375738e-02 4.767132655083525239e-01
5.672579912229619437e-01 9.143001733624375738e-02 4.767132655083525239e-01
6.547061829873473959e-01 1.528896677070426535e-02 5.140054920303794850e-01
6.547061829873473959e-01 1.528896677070426535e-02 5.140054920303794850e-01
6.547061829873473959e-01 1.528896677070426535e-02 5.140054920303794850e-01
6.547061829873473959e-01 1.528896677070426535e-02 5.140054920303794850e-01
6.547061829873473959e-01 1.528896677070426535e-02 5.140054920303794850e-01
6.547061829873473959e-01 1.528896677070426535e-02 5.140054920303794850e-01
6.547061829873473959e-01 1.528896677070426535e-02 5.140054920303794850e-01
6.547061829873473959e-01 1.528896677070426535e-02 5.140054920303794850e-01
6.547061829873473959e-01 1.528896677070426535e-02 5.140054920303794850e-01
6.547061829873473959e-01 1.528896677070426535e-02 5.140054920303794850e-01
6.547061829873473959e-01 1.528896677070426535e-02 5.140054920303794850e-01
6.547061829873473959e-01 1.528896677070426535e-02 5.140054920303794850e-01
8.974806470339341535e-01 -4.898609441085176597e-01 1.182658060239533959e-01
8.974806470339341535e-01 -4.898609441085176597e-01 1.182658060239533959e-01
8.974806470339341535e-01 -4.898609441085176597e-01 1.182658060239533959e-01
1.002797640547648639e+00 -4.464163063472049719e-01 3.039120220113116777e-01
1.050585054743655045e+00 -1.354140705923956300e-02 9.337391442532780306e-02
1.129839078635396676e+00 -1.349699390543270261e-01 1.070666460386231894e-01
1.129839078635396676e+00 -1.349699390543270261e-01 1.070666460386231894e-01
1.201750685498749860e+00 -2.453613786186890633e-01 1.152403627250943308e-01
1.071627207869428666e+00 -1.669277611103582304e-01 2.305582635516437995e-01
1.071627207869428666e+00 -1.669277611103582304e-01 2.305582635516437995e-01
9.102858766522858858e-01 -2.219195637027639723e-01 4.845503354559048126e-01
9.102858766522858858e-01 -2.219195637027639723e-01 4.845503354559048126e-01
9.102858766522858858e-01 -2.219195637027639723e-01 4.845503354559048126e-01
9.102858766522858858e-01 -2.219195637027639723e-01 4.845503354559048126e-01
9.102858766522858858e-01 -2.219195637027639723e-01 4.845503354559048126e-01
1.017308874124630558e+00 -2.207171800936933437e-01 3.915340772839263628e-01
1.017308874124630558e+00 -2.207171800936933437e-01 3.915340772839263628e-01
1.017308874124630558e+00 -2.207171800936933437e-01 3.915340772839263628e-01
1.017308874124630558e+00 -2.207171800936933437e-01 3.915340772839263628e-01
1.570646531403311119e+00 -4.095649368830435177e-01 2.566967106431053067e-03
1.496274144972199904e+00 -5.639894795839617281e-01 4.388083714023570392e-02
1.726324198667464005e+00 -8.555500695303768222e-01 2.117620439931514401e-02
1.726324198667464005e+00 -8.555500695303768222e-01 2.117620439931514401e-02
1.726324198667464005e+00 -8.555500695303768222e-01 2.117620439931514401e-02
1.726324198667464005e+00 -8.555500695303768222e-01 2.117620439931514401e-02
1.726324198667464005e+00 -8.555500695303768222e-01 2.117620439931514401e-02
1.289108644513623281e+00 -9.806828177068378505e-01 3.138838081439466327e-02
1.616149298252546052e+00 -7.737228112486369547e-01 4.421879957479644269e-02
1.456468908263963691e+00 -8.075247398779580310e-01 1.362293554644848359e-01
1.456468908263963691e+00 -8.075247398779580310e-01 1.362293554644848359e-01
1.456468908263963691e+00 -8.075247398779580310e-01 1.362293554644848359e-01
1.412349907610296329e+00 -8.570563717827329731e-01 1.309947512527456503e-01
1.412349907610296329e+00 -8.570563717827329731e-01 1.309947512527456503e-01
1.412349907610296329e+00 -8.570563717827329731e-01 1.309947512527456503e-01
1.412349907610296329e+00 -8.570563717827329731e-01 1.309947512527456503e-01
1.412349907610296329e+00 -8.570563717827329731e-01 1.309947512527456503e-01
1.412349907610296329e+00 -8.570563717827329731e-01 1.309947512527456503e-01
1.463351747221388166e+00 -8.003724634540410054e-01 1.336457475751997581e-01
1.515231256852844766e+00 -9.355042249040121938e-01 9.981746263331651992e-02
1.515231256852844766e+00 -9.355042249040121938e-01 9.981746263331651992e-02
1.515231256852844766e+00 -9.355042249040121938e-01 9.981746263331651992e-02
1.529715953029711306e+00 -8.722551126785376141e-01 1.041108424814599087e-01
1.529715953029711306e+00 -8.722551126785376141e-01 1.041108424814599087e-01
1.529715953029711306e+00 -8.722551126785376141e-01 1.041108424814599087e-01
1.529715953029711306e+00 -8.722551126785376141e-01 1.041108424814599087e-01
