2.489132485845457765e-01 1.481402749648903505e-01 1.241006762896676302e-01
2.489132485845457765e-01 1.481402749648903505e-01 1.241006762896676302e-01
2.489132485845457765e-01 1.481402749648903505e-01 1.241006762896676302e-01
4.507068775548391804e-01 -1.147677975431193875e-02 2.396244416023088908e-01
1.500470223723913699e-01 3.370626448005089038e-01 1.917796299190732134e-01
1.500470223723913699e-01 3.370626448005089038e-01 1.917796299190732134e-01
3.747471274964611077e-01 3.685417043861603514e-01 5.522319144230478649e-01
3.747471274964611077e-01 3.685417043861603514e-01 5.522319144230478649e-01
3.747471274964611077e-01 3.685417043861603514e-01 5.522319144230478649e-01
3.747471274964611077e-01 3.685417043861603514e-01 5.522319144230478649e-01
8.331270377768816848e-01 -2.634247847434588174e-01 7.079625335680325704e-02
8.331270377768816848e-01 -2.634247847434588174e-01 7.079625335680325704e-02
8.331270377768816848e-01 -2.634247847434588174e-01 7.079625335680325704e-02
8.331270377768816848e-01 -2.634247847434588174e-01 7.079625335680325704e-02
8.331270377768816848e-01 -2.634247847434588174e-01 7.079625335680325704e-02
8.331270377768816848e-01 -2.634247847434588174e-01 7.079625335680325704e-02
8.331270377768816848e-01 -2.634247847434588174e-01 7.079625335680325704e-02
6.874105425915910672e-01 -7.438609781701258084e-02 2.060508534785287782e-01
6.874105425915910672e-01 -7.438609781701258084e-02 2.060508534785287782e-01
4.387836331756809205e-01 2.864169454767789835e-01 5.134200274650254636e-01
4.387836331756809205e-01 2.864169454767789835e-01 5.134200274650254636e-01
8.019379916111611939e-01 -1.257386872753773477e-01 7.981303735794385845e-02
8.019379916111611939e-01 -1.257386872753773477e-01 7.981303735794385845e-02
8.019379916111611939e-01 -1.257386872753773477e-01 7.981303735794385845e-02
8.019379916111611939e-01 -1.257386872753773477e-01 7.981303735794385845e-02
7.922832020852396129e-01 -3.111186117873009915e-01 8.114623651736811716e-02
6.668742929253347329e-01 -3.407000864449985511e-01 5.530975082820806937e-02
6.668742929253347329e-01 -3.407000864449985511e-01 5.530975082820806937e-02
7.331117800730735379e-01 1.445748259191713125e-01 3.989691797514644672e-02
4.791384534551889618e-01 -2.239218126280771992e-01 3.341529364858732837e-02
4.791384534551889618e-01 -2.239218126280771992e-01 3.341529364858732837e-02
4.791384534551889618e-01 -2.239218126280771992e-01 3.341529364858732837e-02
4.791384534551889618e-01 -2.239218126280771992e-01 3.341529364858732837e-02
6.845769036852057399e-01 -2.143691769062358032e-01 1.493804362610529346e-01
5.824396675092786690e-01 -1.623300226184286321e-01 1.652979382418988119e-01
5.054734603329418263e-01 -4.471123896732473457e-02 2.611653703572607288e-01
5.054734603329418263e-01 -4.471123896732473457e-02 2.611653703572607288e-01
4.880548686797595015e-01 1.997514806922703334e-01 4.826105932170299817e-01
4.880548686797595015e-01 1.997514806922703334e-01 4.826105932170299817e-01
4.880548686797595015e-01 1.997514806922703334e-01 4.826105932170299817e-01
4.880548686797595015e-01 1.997514806922703334e-01 4.826105932170299817e-01
4.880548686797595015e-01 1.997514806922703334e-01 4.826105932170299817e-01
4.880548686797595015e-01 1.997514806922703334e-01 4.826105932170299817e-01
4.880548686797595015e-01 1.997514806922703334e-01 4.826105932170299817e-01
4.880548686797595015e-01 1.997514806922703334e-01 4.826105932170299817e-01
4.880548686797595015e-01 1.997514806922703334e-01 4.826105932170299817e-01
4.880548686797595015e-01 1.997514806922703334e-01 4.826105932170299817e-01
4.880548686797595015e-01 1.997514806922703334e-01 4.826105932170299817e-01
4.550229598613230175e-01 3.475728377878765651e-01 3.670464820453371857e-01
4.550229598613230175e-01 3.475728377878765651e-01 3.670464820453371857e-01
4.550229598613230175e-01 3.475728377878765651e-01 3.670464820453371857e-01
4.550229598613230175e-01 3.475728377878765651e-01 3.670464820453371857e-01
4.550229598613230175e-01 3.475728377878765651e-01 3.670464820453371857e-01
4.550229598613230175e-01 3.475728377878765651e-01 3.670464820453371857e-01
5.522625731311332498e-01 1.365529675879305072e-01 3.828262043275575399e-01
5.522625731311332498e-01 1.365529675879305072e-01 3.828262043275575399e-01
5.522625731311332498e-01 1.365529675879305072e-01 3.828262043275575399e-01
1.919324762726621891e-01 3.225876985453492996e-01 2.780959166091924728e-01
1.919324762726621891e-01 3.225876985453492996e-01 2.780959166091924728e-01
1.919324762726621891e-01 3.225876985453492996e-01 2.780959166091924728e-01
1.919324762726621891e-01 3.225876985453492996e-01 2.780959166091924728e-01
1.090800155864065923e-01 4.878883044584506612e-01 3.135524623629774577e-01
1.090800155864065923e-01 4.878883044584506612e-01 3.135524623629774577e-01
1.090800155864065923e-01 4.878883044584506612e-01 3.135524623629774577e-01
1.090800155864065923e-01 4.878883044584506612e-01 3.135524623629774577e-01
1.635737318707788102e-01 3.129188275469539371e-01 1.869605105032767500e-01
1.635737318707788102e-01 3.129188275469539371e-01 1.869605105032767500e-01
1.635737318707788102e-01 3.129188275469539371e-01 1.869605105032767500e-01
3.204190866374297952e-01 4.068853160677076142e-01 5.947865522210418199e-01
3.204190866374297952e-01 4.068853160677076142e-01 5.947865522210418199e-01
3.204190866374297952e-01 4.068853160677076142e-01 5.947865522210418199e-01
3.204190866374297952e-01 4.068853160677076142e-01 5.947865522210418199e-01
3.204190866374297952e-01 4.068853160677076142e-01 5.947865522210418199e-01
3.795641738713818047e-01 1.341226296581061739e-01 3.946313853686777007e-01
3.795641738713818047e-01 1.341226296581061739e-01 3.946313853686777007e-01
3.795641738713818047e-01 1.341226296581061739e-01 3.946313853686777007e-01
3.795641738713818047e-01 1.341226296581061739e-01 3.946313853686777007e-01
3.795641738713818047e-01 1.341226296581061739e-01 3.946313853686777007e-01
3.795641738713818047e-01 1.341226296581061739e-01 3.946313853686777007e-01
3.795641738713818047e-01 1.341226296581061739e-01 3.946313853686777007e-01
3.795641738713818047e-01 1.341226296581061739e-01 3.946313853686777007e-01
3.795641738713818047e-01 1.341226296581061739e-01 3.946313853686777007e-01
4.984368605371362060e-01 3.279744203116218282e-01 2.732303088796767532e-01
3.446364588016664898e-01 2.341531373312464026e-01 5.213721437470058007e-01
3.446364588016664898e-01 2.341531373312464026e-01 5.213721437470058007e-01
3.446364588016664898e-01 2.341531373312464026e-01 5.213721437470058007e-01
2.895148914324294220e-01 5.460755051858958709e-01 4.156507154412579785e-01
2.895148914324294220e-01 5.460755051858958709e-01 4.156507154412579785e-01
5.872813106777288183e-01 3.139997332727133550e-01 9.522191861393669576e-02
5.872813106777288183e-01 3.139997332727133550e-01 9.522191861393669576e-02
5.872813106777288183e-01 3.139997332727133550e-01 9.522191861393669576e-02
6.307884298650834332e-01 7.411318811890033054e-02 2.498048195878908584e-01
6.307884298650834332e-01 7.411318811890033054e-02 2.498048195878908584e-01
6.307884298650834332e-01 7.411318811890033054e-02 2.498048195878908584e-01
6.307884298650834332e-01 7.411318811890033054e-02 2.498048195878908584e-01
6.307884298650834332e-01 7.411318811890033054e-02 2.498048195878908584e-01
6.307884298650834332e-01 7.411318811890033054e-02 2.498048195878908584e-01
6.307884298650834332e-01 7.411318811890033054e-02 2.498048195878908584e-01
3.589331029631106507e-01 4.453789523283345764e-01 4.543741644487588882e-01
2.875073742133062993e-01 3.957381040380671955e-01 6.091834935711099019e-01
