2.489132485845457765e-01 1.481402749648903505e-01 2.512398910011604675e-02
7.526602841065852534e-01 6.115394656919431737e-03 4.874845553742655491e-01
7.544951776608520566e-01 -4.627123195684415546e-02 4.850513147145311121e-01
8.513177852794518996e-01 -2.842006607633217330e-01 3.773883649157249165e-01
8.513177852794518996e-01 -2.842006607633217330e-01 3.773883649157249165e-01
1.109860768993406355e+00 -7.724940174043332108e-01 1.054045908826750505e-01
1.210359700963278273e+00 -9.835886055023352892e-01 3.845604730620685863e-02
1.275624439130166321e+00 -1.148900099454324586e+00 1.267539132395544867e-02
1.275624439130166321e+00 -1.148900099454324586e+00 1.267539132395544867e-02
1.275624439130166321e+00 -1.148900099454324586e+00 1.267539132395544867e-02
1.840556178563250711e+00 -1.314679757488108613e+00 2.207246569507139919e-02
1.840556178563250711e+00 -1.314679757488108613e+00 2.207246569507139919e-02
1.828790407933788220e+00 -9.719942879483998155e-01 8.497256248496594735e-03
1.763604959742270051e+00 -8.915079858651590028e-01 1.204391356013241945e-02
1.800501398854728041e+00 -1.154941278020842343e+00 2.583298034512759855e-02
1.800501398854728041e+00 -1.154941278020842343e+00 2.583298034512759855e-02
1.737850509596766235e+00 -1.032222922060310299e+00 3.244969366597722643e-02
1.737850509596766235e+00 -1.032222922060310299e+00 3.244969366597722643e-02
1.466946726848181060e+00 -1.386929333165794143e+00 5.762310622009325645e-03
1.466946726848181060e+00 -1.386929333165794143e+00 5.762310622009325645e-03
1.417863956768270706e+00 -1.391147271258245555e+00 3.166432455031495397e-03
1.417863956768270706e+00 -1.391147271258245555e+00 3.166432455031495397e-03
1.541838962424650017e+00 -1.186231431364793476e+00 5.263123351349073553e-02
1.297584891255247452e+00 -6.891287650016948430e-01 2.442175969213170039e-01
1.297584891255247452e+00 -6.891287650016948430e-01 2.442175969213170039e-01
1.297584891255247452e+00 -6.891287650016948430e-01 2.442175969213170039e-01
1.297584891255247452e+00 -6.891287650016948430e-01 2.442175969213170039e-01
1.297584891255247452e+00 -6.891287650016948430e-01 2.442175969213170039e-01
1.297584891255247452e+00 -6.891287650016948430e-01 2.442175969213170039e-01
1.297584891255247452e+00 -6.891287650016948430e-01 2.442175969213170039e-01
1.159053812673089157e+00 -5.908539637239869080e-01 3.106927614870054200e-01
1.159053812673089157e+00 -5.908539637239869080e-01 3.106927614870054200e-01
1.648331994992950023e+00 -9.011064002119986149e-01 4.721797743313928958e-02
1.477581360264846433e+00 -9.428075026962994265e-01 1.259537371050237220e-01
1.221085284590686992e+00 -6.895780662122088511e-01 2.535736629492262306e-01
1.221085284590686992e+00 -6.895780662122088511e-01 2.535736629492262306e-01
7.325178130688358991e-01 -4.231854515888357482e-01 6.009108729402410504e-02
1.016780363871387483e+00 -6.340882714805367026e-01 1.494451179309161937e-01
1.016780363871387483e+00 -6.340882714805367026e-01 1.494451179309161937e-01
1.016780363871387483e+00 -6.340882714805367026e-01 1.494451179309161937e-01
1.227936159900570479e+00 -3.751209893816104812e-01 1.938065354933752871e-01
1.227936159900570479e+00 -3.751209893816104812e-01 1.938065354933752871e-01
1.227936159900570479e+00 -3.751209893816104812e-01 1.938065354933752871e-01
1.000510120928427060e+00 -8.705848816461841944e-02 2.628640682984595411e-01
6.773253324711883128e-01 1.652678974506950615e-02 4.519376906295952678e-01
6.773253324711883128e-01 1.652678974506950615e-02 4.519376906295952678e-01
6.773253324711883128e-01 1.652678974506950615e-02 4.519376906295952678e-01
6.773253324711883128e-01 1.652678974506950615e-02 4.519376906295952678e-01
6.773253324711883128e-01 1.652678974506950615e-02 4.519376906295952678e-01
9.035107326403277739e-01 -7.836561666676529481e-02 4.191648655708743454e-01
9.898334048812957864e-01 -6.494282880537640690e-01 1.085903597749934280e-01
1.239050152357144441e+00 -6.361686569838981287e-01 2.812904730386917018e-01
1.334360213382685734e+00 -6.681918885097949401e-01 2.203074965470568636e-01
1.334360213382685734e+00 -6.681918885097949401e-01 2.203074965470568636e-01
1.090056796114801330e+00 -1.205662246124771242e-01 1.552173335542975097e-01
1.476107205846164394e+00 -1.032607345495937023e+00 9.827616500515688747e-02
1.476107205846164394e+00 -1.032607345495937023e+00 9.827616500515688747e-02
1.476107205846164394e+00 -1.032607345495937023e+00 9.827616500515688747e-02
1.476107205846164394e+00 -1.032607345495937023e+00 9.827616500515688747e-02
1.476107205846164394e+00 -1.032607345495937023e+00 9.827616500515688747e-02
1.476107205846164394e+00 -1.032607345495937023e+00 9.827616500515688747e-02
1.168388542553439713e+00 -9.327434152059095318e-01 4.286315435806532792e-02
1.168388542553439713e+00 -9.327434152059095318e-01 4.286315435806532792e-02
1.168388542553439713e+00 -9.327434152059095318e-01 4.286315435806532792e-02
1.379087662744027387e+00 -9.842927907161518331e-01 1.037345062237099019e-01
1.379087662744027387e+00 -9.842927907161518331e-01 1.037345062237099019e-01
1.379087662744027387e+00 -9.842927907161518331e-01 1.037345062237099019e-01
1.445813028877767303e+00 -6.012926273137954025e-01 8.629384276860528613e-02
1.445813028877767303e+00 -6.012926273137954025e-01 8.629384276860528613e-02
1.445813028877767303e+00 -6.012926273137954025e-01 8.629384276860528613e-02
1.445813028877767303e+00 -6.012926273137954025e-01 8.629384276860528613e-02
1.445813028877767303e+00 -6.012926273137954025e-01 8.629384276860528613e-02
1.445813028877767303e+00 -6.012926273137954025e-01 8.629384276860528613e-02
1.372167954001301426e+00 -3.807620691742314434e-01 4.650346799648667762e-02
1.048944429866293993e+00 9.560085848181737456e-02 4.081346290511855129e-02
6.820447133922786787e-01 -2.769007846536716277e-01 1.241063922283006382e-01
6.820447133922786787e-01 -2.769007846536716277e-01 1.241063922283006382e-01
6.820447133922786787e-01 -2.769007846536716277e-01 1.241063922283006382e-01
6.820447133922786787e-01 -2.769007846536716277e-01 1.241063922283006382e-01
6.820447133922786787e-01 -2.769007846536716277e-01 1.241063922283006382e-01
6.820447133922786787e-01 -2.769007846536716277e-01 1.241063922283006382e-01
6.820447133922786787e-01 -2.769007846536716277e-01 1.241063922283006382e-01
6.820447133922786787e-01 -2.769007846536716277e-01 1.241063922283006382e-01
6.820447133922786787e-01 -2.769007846536716277e-01 1.241063922283006382e-01
7.861877856653521901e-01 -3.525704089532029628e-01 1.818414470165208296e-01
7.861877856653521901e-01 -3.525704089532029628e-01 1.818414470165208296e-01
9.812533049056721968e-01 -6.235476876778303090e-01 1.239143996914492674e-01
8.070953720578339929e-01 -4.847819245094753260e-01 7.799989811484378532e-02
9.032381282832012692e-01 -5.257235572100450449e-01 1.379499330541970048e-01
9.032381282832012692e-01 -5.257235572100450449e-01 1.379499330541970048e-01
9.032381282832012692e-01 -5.257235572100450449e-01 1.379499330541970048e-01
9.032381282832012692e-01 -5.257235572100450449e-01 1.379499330541970048e-01
9.032381282832012692e-01 -5.257235572100450449e-01 1.379499330541970048e-01
1.016483856304125633e+00 -3.954908682955878829e-01 4.130295124082192237e-01
1.148316745943212647e+00 -5.667996452729338053e-01 3.252141042509165691e-01
1.148316745943212647e+00 -5.667996452729338053e-01 3.252141042509165691e-01
1.148316745943212647e+00 -5.667996452729338053e-01 3.252141042509165691e-01
1.148316745943212647e+00 -5.667996452729338053e-01 3.252141042509165691e-01
9.411791148551276187e-01 -3.624713615134093070e-01 3.931406370498762848e-01
9.411791148551276187e-01 -3.624713615134093070e-01 3.931406370498762848e-01
