2.489132485845457765e-01 1.481402749648903505e-01 3.319225211379652797e-03
5.365079495543847443e-01 2.047475778919890521e-01 3.730017872799817197e-02
5.365079495543847443e-01 2.047475778919890521e-01 3.730017872799817197e-02
9.298122277587911322e-01 7.392656591216223427e-02 3.687241823016667447e-02
1.252941970104995972e+00 4.857755514802707952e-01 8.184868099117269258e-02
1.932180740112687367e+00 2.743023348427082730e-01 1.805370176904703972e-02
1.624520941000949348e+00 -9.858173524630148288e-02 3.488690155648298957e-02
1.624520941000949348e+00 -9.858173524630148288e-02 3.488690155648298957e-02
1.624520941000949348e+00 -9.858173524630148288e-02 3.488690155648298957e-02
1.624520941000949348e+00 -9.858173524630148288e-02 3.488690155648298957e-02
1.909724529288743922e+00 -3.830478693082017827e-01 2.473733583044922333e-03
1.909724529288743922e+00 -3.830478693082017827e-01 2.473733583044922333e-03
2.282790597490480522e+00 -5.995058216137520990e-01 2.741671788176524367e-04
1.880091597806877957e+00 -1.980322984237516404e-01 2.005403261060267547e-02
1.815552223517802100e+00 -2.072538572466643414e-01 1.699632880516347214e-02
1.815552223517802100e+00 -2.072538572466643414e-01 1.699632880516347214e-02
2.034586326355126484e+00 -2.269402047014901225e-01 1.764292509159033975e-02
2.034586326355126484e+00 -2.269402047014901225e-01 1.764292509159033975e-02
2.034586326355126484e+00 -2.269402047014901225e-01 1.764292509159033975e-02
2.034586326355126484e+00 -2.269402047014901225e-01 1.764292509159033975e-02
2.034586326355126484e+00 -2.269402047014901225e-01 1.764292509159033975e-02
2.070558730184968610e+00 8.559922658618202007e-02 3.029201077228211789e-02
2.070558730184968610e+00 8.559922658618202007e-02 3.029201077228211789e-02
1.756511143513189932e+00 -2.557396017786393860e-02 5.848241184399770309e-02
1.756511143513189932e+00 -2.557396017786393860e-02 5.848241184399770309e-02
1.756511143513189932e+00 -2.557396017786393860e-02 5.848241184399770309e-02
1.756511143513189932e+00 -2.557396017786393860e-02 5.848241184399770309e-02
2.252458816321674107e+00 -2.831456329898114355e-01 1.194991036938811320e-02
2.024780223524807798e+00 -1.845090865395573321e-01 2.365235333228638340e-02
2.024780223524807798e+00 -1.845090865395573321e-01 2.365235333228638340e-02
2.024780223524807798e+00 -1.845090865395573321e-01 2.365235333228638340e-02
2.214126697096677532e+00 -1.947341097467217286e-01 1.991415046604377848e-02
2.214126697096677532e+00 -1.947341097467217286e-01 1.991415046604377848e-02
1.880427051248067194e+00 -2.209270954518194052e-01 1.632431653447509456e-02
1.908681298176563956e+00 1.052714225755856658e-01 5.021549219392019980e-02
1.908681298176563956e+00 1.052714225755856658e-01 5.021549219392019980e-02
1.908681298176563956e+00 1.052714225755856658e-01 5.021549219392019980e-02
1.914863985457665674e+00 -1.317937923016902768e-01 3.287529950246713406e-02
1.574792034241307981e+00 -5.139348370233411123e-02 4.788046232291789245e-02
1.623218419300515025e+00 2.583675647601973990e-02 7.609173657595608153e-02
1.782580918988923235e+00 3.016781450215931248e-01 3.127647303141675716e-02
1.822875056313015163e+00 2.282231561243656670e-01 4.222943947709140861e-02
1.822875056313015163e+00 2.282231561243656670e-01 4.222943947709140861e-02
1.585848023468412027e+00 3.427061941007844004e-01 5.684563618302818783e-02
1.843586404625124242e+00 -1.613400875606808560e-01 2.625274648433003483e-02
1.843586404625124242e+00 -1.613400875606808560e-01 2.625274648433003483e-02
1.843586404625124242e+00 -1.613400875606808560e-01 2.625274648433003483e-02
1.843586404625124242e+00 -1.613400875606808560e-01 2.625274648433003483e-02
1.843586404625124242e+00 -1.613400875606808560e-01 2.625274648433003483e-02
2.029555000134567244e+00 -3.307642266647080609e-01 6.568152046543610824e-03
1.902586779544869655e+00 1.170972396191435894e-01 4.969086655982971057e-02
2.062920877833420263e+00 5.854979451276557528e-02 3.400630857089999987e-02
2.255464255253497363e+00 -1.399022604696185668e-01 2.187538698666292511e-02
2.255464255253497363e+00 -1.399022604696185668e-01 2.187538698666292511e-02
2.255464255253497363e+00 -1.399022604696185668e-01 2.187538698666292511e-02
2.255464255253497363e+00 -1.399022604696185668e-01 2.187538698666292511e-02
2.188641666500951377e+00 1.512802224332719936e-01 1.202328608431497449e-02
2.001070128123216829e+00 3.637571164079123065e-02 4.310174939686108736e-02
1.599148075248521428e+00 3.377083051872128427e-01 5.555527223726978298e-02
1.085319124396628476e+00 3.598375737345738123e-01 2.050934185072860738e-01
1.024116837543664449e+00 3.084448847231169299e-01 2.065540952210346282e-01
1.181438407579042726e+00 4.857475695730672505e-01 1.064881856451433129e-01
1.181438407579042726e+00 4.857475695730672505e-01 1.064881856451433129e-01
1.158232538893425811e+00 2.264582300971835216e-01 1.661941006493784789e-01
8.463665056172766654e-01 2.427031596920613543e-01 1.349212740802322730e-01
5.969493332065121116e-01 7.681587003454654061e-01 9.842811102528495337e-02
5.969493332065121116e-01 7.681587003454654061e-01 9.842811102528495337e-02
5.969493332065121116e-01 7.681587003454654061e-01 9.842811102528495337e-02
5.969493332065121116e-01 7.681587003454654061e-01 9.842811102528495337e-02
5.969493332065121116e-01 7.681587003454654061e-01 9.842811102528495337e-02
5.969493332065121116e-01 7.681587003454654061e-01 9.842811102528495337e-02
1.454922350931846520e-01 9.406144071481091773e-01 9.061937195889835372e-02
1.454922350931846520e-01 9.406144071481091773e-01 9.061937195889835372e-02
1.454922350931846520e-01 9.406144071481091773e-01 9.061937195889835372e-02
1.454922350931846520e-01 9.406144071481091773e-01 9.061937195889835372e-02
1.454922350931846520e-01 9.406144071481091773e-01 9.061937195889835372e-02
4.322312068560336118e-01 7.746793572904968617e-01 1.522359836888605711e-01
4.322312068560336118e-01 7.746793572904968617e-01 1.522359836888605711e-01
3.843814947203367249e-01 7.972633703812368466e-01 1.471490996969400666e-01
3.843814947203367249e-01 7.972633703812368466e-01 1.471490996969400666e-01
8.111353956973826884e-02 8.017901502362768662e-01 2.294188397246839373e-01
-1.407678896264076274e-01 1.001905195870190113e+00 1.077296347907177598e-01
-1.044979976286307122e-01 1.070977978321046020e+00 5.452427301757384326e-02
-1.044979976286307122e-01 1.070977978321046020e+00 5.452427301757384326e-02
-8.211155494476818362e-01 9.071464637798064556e-01 6.281521614554080868e-02
-1.246123089141708107e+00 1.454539265200122111e+00 1.181015529601446741e-02
-1.190732994243167697e+00 1.419643163914918516e+00 1.530078165351178923e-02
-1.190732994243167697e+00 1.419643163914918516e+00 1.530078165351178923e-02
-1.190732994243167697e+00 1.419643163914918516e+00 1.530078165351178923e-02
-1.190732994243167697e+00 1.419643163914918516e+00 1.530078165351178923e-02
-1.199159705362674133e+00 1.431082299585739293e+00 1.398399945877830050e-02
-1.341896788431562237e+00 1.425330885710945239e+00 1.502758950411705111e-02
-1.072424329306891799e+00 1.213959746519372773e+00 4.817527172026622728e-02
-9.009036724753948233e-01 1.161317995258386970e+00 6.739530402504648188e-02
-7.258223815845298299e-01 1.064778421029867861e+00 1.007634060028777256e-01
-7.258223815845298299e-01 1.064778421029867861e+00 1.007634060028777256e-01
-7.258223815845298299e-01 1.064778421029867861e+00 1.007634060028777256e-01
-5.834293136885082554e-01 9.096292338609639483e-01 1.273602915310383110e-01
-1.016830885428449349e+00 9.893120219428385154e-01 4.423867030644071385e-02
-8.254154526037211781e-01 1.038676618360347526e+00 8.798895581158427959e-02
