2.489132485845457765e-01 1.481402749648903505e-01 2.170918869271603897e-03
4.565068722786490563e-01 9.206270854439027596e-02 3.332311746358119966e-03
4.565068722786490563e-01 9.206270854439027596e-02 3.332311746358119966e-03
2.132525732199550272e-01 2.081267758985563543e-01 4.363983002738403352e-03
2.132525732199550272e-01 2.081267758985563543e-01 4.363983002738403352e-03
6.333807531399272550e-01 3.282757101483393392e-01 9.034412167295045870e-02
2.970135029953081540e-01 5.536154562992077199e-01 1.581491937804203052e-01
2.970135029953081540e-01 5.536154562992077199e-01 1.581491937804203052e-01
-1.136832629220702051e-02 8.221610384975293062e-01 2.101384142893591711e-01
-1.136832629220702051e-02 8.221610384975293062e-01 2.101384142893591711e-01
1.628109758377306038e-01 6.759410735454364216e-01 1.967051463369485220e-01
1.628109758377306038e-01 6.759410735454364216e-01 1.967051463369485220e-01
1.628109758377306038e-01 6.759410735454364216e-01 1.967051463369485220e-01
2.522870539890527675e-01 7.971936394638333701e-01 1.987372512473529751e-01
2.522870539890527675e-01 7.971936394638333701e-01 1.987372512473529751e-01
2.522870539890527675e-01 7.971936394638333701e-01 1.987372512473529751e-01
2.522870539890527675e-01 7.971936394638333701e-01 1.987372512473529751e-01
2.522870539890527675e-01 7.971936394638333701e-01 1.987372512473529751e-01
7.105171429578549525e-01 6.309323176989821702e-01 1.634558934971923339e-01
5.799824156934503261e-01 7.242974687229852826e-01 1.526698096162963647e-01
5.799824156934503261e-01 7.242974687229852826e-01 1.526698096162963647e-01
5.799824156934503261e-01 7.242974687229852826e-01 1.526698096162963647e-01
5.799824156934503261e-01 7.242974687229852826e-01 1.526698096162963647e-01
3.500206888681187123e-01 8.509426907926554984e-01 1.420727553209573668e-01
-5.533489215874376477e-02 7.751742650765247600e-01 1.932244072267202406e-01
-5.533489215874376477e-02 7.751742650765247600e-01 1.932244072267202406e-01
-4.264926091139338293e-01 6.701058541166940996e-01 3.754473081772255472e-02
-6.127531317761938379e-01 1.222930021649203169e+00 1.102626952797316484e-01
-5.035824957886808617e-01 1.166366719891141379e+00 1.266279927291081020e-01
-5.035824957886808617e-01 1.166366719891141379e+00 1.266279927291081020e-01
-6.790781918453714372e-01 1.016010864185349138e+00 1.247621694706507744e-01
-4.092976571296418342e-01 9.916070554616998045e-01 1.746093484409803054e-01
-4.092976571296418342e-01 9.916070554616998045e-01 1.746093484409803054e-01
-4.092976571296418342e-01 9.916070554616998045e-01 1.746093484409803054e-01
-9.042072512273149343e-01 1.398117077906469774e+00 6.172762861806611878e-02
-9.042072512273149343e-01 1.398117077906469774e+00 6.172762861806611878e-02
-1.314439846343888441e+00 1.630473459452407958e+00 2.243065335789437217e-02
-1.314439846343888441e+00 1.630473459452407958e+00 2.243065335789437217e-02
-1.237998768206142852e+00 1.668725161573171523e+00 1.421706306590963219e-02
-1.237998768206142852e+00 1.668725161573171523e+00 1.421706306590963219e-02
-1.604561037077152363e+00 1.648299256171802174e+00 2.397041181990511999e-02
-1.569195661964358557e+00 1.221541678402374931e+00 1.545754046762405978e-02
-1.569195661964358557e+00 1.221541678402374931e+00 1.545754046762405978e-02
-1.014292217752711167e+00 1.205157040765240994e+00 9.201044174398810560e-02
-1.014292217752711167e+00 1.205157040765240994e+00 9.201044174398810560e-02
-1.014292217752711167e+00 1.205157040765240994e+00 9.201044174398810560e-02
-1.014292217752711167e+00 1.205157040765240994e+00 9.201044174398810560e-02
-1.174520875781166263e+00 1.485083095339791104e+00 4.822667423420731736e-02
-1.205143307884796844e+00 1.589861582688804953e+00 2.594677761664087451e-02
-1.112749495523676302e+00 1.459870233032470876e+00 5.286255302823907043e-02
-1.056096225999027416e+00 1.394758921649522421e+00 6.876720526317912918e-02
-1.553400779833957079e+00 1.490398003779599412e+00 3.794522228051567386e-02
-1.553400779833957079e+00 1.490398003779599412e+00 3.794522228051567386e-02
-1.256638294643078080e+00 1.456698891627167258e+00 5.447590603211954069e-02
-1.057290362875545231e+00 1.018239951550758970e+00 3.889258481998141698e-02
-1.057290362875545231e+00 1.018239951550758970e+00 3.889258481998141698e-02
-1.057290362875545231e+00 1.018239951550758970e+00 3.889258481998141698e-02
-1.057290362875545231e+00 1.018239951550758970e+00 3.889258481998141698e-02
-1.057290362875545231e+00 1.018239951550758970e+00 3.889258481998141698e-02
-1.012208173839914238e+00 1.134048543018520983e+00 7.996601715923652709e-02
-8.253444771309459416e-01 1.166021209906963785e+00 1.190458293767527737e-01
-8.253444771309459416e-01 1.166021209906963785e+00 1.190458293767527737e-01
-4.976733244484436436e-01 1.293835294859145613e+00 6.174566187419937291e-02
-4.976733244484436436e-01 1.293835294859145613e+00 6.174566187419937291e-02
-4.976733244484436436e-01 1.293835294859145613e+00 6.174566187419937291e-02
-4.976733244484436436e-01 1.293835294859145613e+00 6.174566187419937291e-02
-4.976733244484436436e-01 1.293835294859145613e+00 6.174566187419937291e-02
-4.976733244484436436e-01 1.293835294859145613e+00 6.174566187419937291e-02
-9.468353168560312838e-01 1.225607028595649073e+00 1.024855335832474956e-01
-7.556982381864707499e-01 1.104718986984122742e+00 1.268750985409769216e-01
-7.556982381864707499e-01 1.104718986984122742e+00 1.268750985409769216e-01
-7.556982381864707499e-01 1.104718986984122742e+00 1.268750985409769216e-01
-1.028921452084748722e+00 1.186676566559669910e+00 8.714351208318228681e-02
-1.028921452084748722e+00 1.186676566559669910e+00 8.714351208318228681e-02
-7.799950848922924118e-01 1.256273466373614367e+00 1.057975516130330723e-01
-7.799950848922924118e-01 1.256273466373614367e+00 1.057975516130330723e-01
-7.799950848922924118e-01 1.256273466373614367e+00 1.057975516130330723e-01
-7.775022595039513540e-01 1.142849306209324789e+00 1.256263206741898009e-01
-3.395607657022027270e-01 1.209759778701465116e+00 7.886353123867427539e-02
-3.395607657022027270e-01 1.209759778701465116e+00 7.886353123867427539e-02
-3.395607657022027270e-01 1.209759778701465116e+00 7.886353123867427539e-02
-3.395607657022027270e-01 1.209759778701465116e+00 7.886353123867427539e-02
-5.283683218490851097e-01 9.631342277937616769e-01 1.461617962698769924e-01
-5.283683218490851097e-01 9.631342277937616769e-01 1.461617962698769924e-01
-5.157873403975422599e-01 7.336890059172844758e-01 4.447029682953394097e-02
-7.599731175185642229e-01 7.247582074079916836e-01 1.177138129514227437e-02
-7.599731175185642229e-01 7.247582074079916836e-01 1.177138129514227437e-02
-3.640208451939834222e-01 6.645052758943811311e-01 4.690657041089161400e-02
-2.913955647541117133e-01 9.534345050354581241e-01 1.877286345500291387e-01
-2.913955647541117133e-01 9.534345050354581241e-01 1.877286345500291387e-01
-2.913955647541117133e-01 9.534345050354581241e-01 1.877286345500291387e-01
-2.913955647541117133e-01 9.534345050354581241e-01 1.877286345500291387e-01
-1.918351075949271678e-01 1.163217809154772686e+00 7.703318892389497685e-02
-3.203247250304174232e-01 1.105043148682611109e+00 1.358638984924490645e-01
-3.203247250304174232e-01 1.105043148682611109e+00 1.358638984924490645e-01
-3.203247250304174232e-01 1.105043148682611109e+00 1.358638984924490645e-01
-6.810114781219789304e-02 9.540391221252059184e-01 1.792687501863551303e-01
-4.901300101370089091e-01 8.176270811496660906e-01 8.933695168677473208e-02
-5.381232222917743391e-01 9.343570623158720112e-01 1.328039004662014688e-01
-1.110691532901953993e+00 1.006917784967814589e+00 2.828410589231875397e-02
