2.489132485845457765e-01 1.481402749648903505e-01 1.534247796574367100e-03
2.397852768629624154e-01 3.714178317661698259e-01 1.280517410976550648e-02
4.464033707539182272e-01 7.455175213800451228e-01 5.399696075699922382e-02
4.464033707539182272e-01 7.455175213800451228e-01 5.399696075699922382e-02
4.464033707539182272e-01 7.455175213800451228e-01 5.399696075699922382e-02
4.464033707539182272e-01 7.455175213800451228e-01 5.399696075699922382e-02
7.297692585498202211e-01 7.185316292978367603e-01 4.396255458807295929e-02
6.770369121628567743e-01 7.486342067590782134e-01 4.165963417705855626e-02
4.562679005489794770e-01 8.192024609887061937e-01 4.156747631892109690e-02
7.201879892887329548e-01 7.265233623109894623e-01 4.298016558669925241e-02
7.201879892887329548e-01 7.265233623109894623e-01 4.298016558669925241e-02
8.218115312470550826e-01 5.671750128974976102e-01 7.128322266161098153e-02
8.582097499775199756e-01 4.514998491203257025e-01 8.823598892085826595e-02
7.764009163788853085e-01 8.313928953859822668e-01 1.831775947579930564e-02
7.764009163788853085e-01 8.313928953859822668e-01 1.831775947579930564e-02
5.050400164272372816e-01 8.013124131741946599e-01 4.243855577575592758e-02
5.050400164272372816e-01 8.013124131741946599e-01 4.243855577575592758e-02
1.899485305546133040e-01 1.099524805892533319e+00 1.287150484190684001e-02
3.699367308666459131e-01 8.375001201973802933e-01 4.170091832997507852e-02
1.721747737059647620e-01 7.214694708290967373e-01 4.302805475027613596e-02
1.721747737059647620e-01 7.214694708290967373e-01 4.302805475027613596e-02
2.300856931261160976e-01 6.140349690527668880e-01 4.127497176183379801e-02
2.300856931261160976e-01 6.140349690527668880e-01 4.127497176183379801e-02
2.300856931261160976e-01 6.140349690527668880e-01 4.127497176183379801e-02
2.300856931261160976e-01 6.140349690527668880e-01 4.127497176183379801e-02
2.300856931261160976e-01 6.140349690527668880e-01 4.127497176183379801e-02
2.300856931261160976e-01 6.140349690527668880e-01 4.127497176183379801e-02
2.300856931261160976e-01 6.140349690527668880e-01 4.127497176183379801e-02
2.300856931261160976e-01 6.140349690527668880e-01 4.127497176183379801e-02
2.300856931261160976e-01 6.140349690527668880e-01 4.127497176183379801e-02
2.300856931261160976e-01 6.140349690527668880e-01 4.127497176183379801e-02
7.145881153012014764e-01 5.744884858831016405e-01 7.491816245084918779e-02
7.145881153012014764e-01 5.744884858831016405e-01 7.491816245084918779e-02
7.264570513923929163e-01 4.740953380599360889e-01 8.304020851470962639e-02
7.264570513923929163e-01 4.740953380599360889e-01 8.304020851470962639e-02
7.858871928580459798e-01 5.802287602757156826e-01 7.090558600498540753e-02
7.416659251128339125e-01 5.825909637845553268e-01 7.273320277695805025e-02
8.733794331066423444e-01 5.480058762691620844e-01 7.159653610917478261e-02
1.099381312986407400e+00 3.378395653298997825e-01 9.476752927868209442e-02
1.099381312986407400e+00 3.378395653298997825e-01 9.476752927868209442e-02
1.217725666436654919e+00 3.588748666899890805e-01 8.033035502843831333e-02
1.297031791341218820e+00 4.874814432649055007e-01 3.553993896870924485e-02
1.154423706921673398e+00 4.566954559187682561e-01 6.322671299151111368e-02
1.355753158147528392e+00 3.909228686670513930e-01 5.174609465781043749e-02
1.310321565573582481e+00 5.811137361315156236e-01 1.651288656218643722e-02
1.104998732666880201e+00 7.010497939828785885e-01 1.475461756369934180e-02
7.201308481709971510e-01 9.363509820697657471e-01 9.024521304933594626e-03
6.928990263747072387e-01 9.333042501935021606e-01 1.040779402808392207e-02
1.007466724752401843e+00 6.776279995816052448e-01 2.642411608942650189e-02
1.007466724752401843e+00 6.776279995816052448e-01 2.642411608942650189e-02
1.681697509666515877e+00 1.427108800383091181e-01 6.243991611295884869e-02
1.592333892647402660e+00 3.233231866777583341e-02 8.889616771642037951e-02
1.804060510098882242e+00 -8.849362379829633918e-02 7.620296514450233816e-02
1.415633040321112146e+00 2.345830096870347159e-01 8.248449726572483487e-02
1.415633040321112146e+00 2.345830096870347159e-01 8.248449726572483487e-02
1.531835683630202505e+00 -1.990950488661461515e-01 4.726189749133843931e-02
1.563857049858228931e+00 1.790466316889244847e-01 7.294740544268336901e-02
1.542481634238846322e+00 -8.310892267235908681e-02 7.652374468146469488e-02
1.542481634238846322e+00 -8.310892267235908681e-02 7.652374468146469488e-02
1.542481634238846322e+00 -8.310892267235908681e-02 7.652374468146469488e-02
1.542481634238846322e+00 -8.310892267235908681e-02 7.652374468146469488e-02
9.617461286438915291e-01 2.553156794279963782e-01 8.605884754785184110e-02
1.731663595412658907e+00 -7.787184328256857579e-02 8.039889102471904636e-02
1.731663595412658907e+00 -7.787184328256857579e-02 8.039889102471904636e-02
1.384430599021788888e+00 -1.428647803234376901e-01 4.452213085815125149e-02
2.007907717227257915e+00 -3.382256145582528406e-01 4.979437718619530301e-02
1.748084335324549210e+00 -1.355348575525913979e-01 7.531888064222977408e-02
1.748084335324549210e+00 -1.355348575525913979e-01 7.531888064222977408e-02
1.536896745889801297e+00 7.920471703149634113e-03 8.998823827372398609e-02
1.582100365609915071e+00 2.962992095262770298e-02 8.952204999447561928e-02
2.161592403194116496e+00 -1.958772649597269044e-01 4.695608462222747997e-02
2.013983264934485540e+00 -4.144183507243483500e-01 3.759634179292942885e-02
2.039936792658382458e+00 -4.412851604202718825e-01 3.422846825068209808e-02
2.039936792658382458e+00 -4.412851604202718825e-01 3.422846825068209808e-02
2.039936792658382458e+00 -4.412851604202718825e-01 3.422846825068209808e-02
2.039936792658382458e+00 -4.412851604202718825e-01 3.422846825068209808e-02
2.039936792658382458e+00 -4.412851604202718825e-01 3.422846825068209808e-02
2.039936792658382458e+00 -4.412851604202718825e-01 3.422846825068209808e-02
2.314925827356062449e+00 -4.784328830636238039e-01 3.391102714662289075e-02
2.314925827356062449e+00 -4.784328830636238039e-01 3.391102714662289075e-02
2.314925827356062449e+00 -4.784328830636238039e-01 3.391102714662289075e-02
2.428004614982062659e+00 -4.697888820954785882e-01 3.152593269561649453e-02
2.327831000209341639e+00 -3.704435490197569569e-01 3.876188453092842962e-02
2.327831000209341639e+00 -3.704435490197569569e-01 3.876188453092842962e-02
2.261162192443880503e+00 -1.285162937263687466e-01 2.843564030869644502e-02
1.739277023552370682e+00 -9.168999039923962646e-02 7.940594828621776180e-02
1.292330286570659181e+00 3.703431551118752107e-01 6.697283796464881256e-02
1.151072135932657226e+00 3.490669928787117904e-01 8.960775464373794963e-02
1.151072135932657226e+00 3.490669928787117904e-01 8.960775464373794963e-02
1.151072135932657226e+00 3.490669928787117904e-01 8.960775464373794963e-02
1.151072135932657226e+00 3.490669928787117904e-01 8.960775464373794963e-02
1.151072135932657226e+00 3.490669928787117904e-01 8.960775464373794963e-02
1.151072135932657226e+00 3.490669928787117904e-01 8.960775464373794963e-02
1.151072135932657226e+00 3.490669928787117904e-01 8.960775464373794963e-02
1.151072135932657226e+00 3.490669928787117904e-01 8.960775464373794963e-02
1.151072135932657226e+00 3.490669928787117904e-01 8.960775464373794963e-02
1.121875137712236681e+00 2.143133985459656776e-01 9.582787984462144693e-02
1.356315350745990411e+00 1.831215297976208356e-01 9.620267048853442526e-02
1.356315350745990411e+00 1.831215297976208356e-01 9.620267048853442526e-02
1.928625579550371505e+00 -2.732967610377472489e-01 5.813192352904196503e-02
