2.489132485845457765e-01 1.481402749648903505e-01 1.493431682998430099e-01
4.226797918360961637e-01 2.279821684008933314e-01 6.927431775641060829e-01
6.885730496278730239e-01 1.516045384447331501e-02 6.083774929195877312e-02
4.094390660284439876e-01 2.199456126718666860e-01 6.982958235592863216e-01
1.575348809141636774e-01 5.018191428223126582e-01 3.111096949063690831e-01
1.575348809141636774e-01 5.018191428223126582e-01 3.111096949063690831e-01
3.825546545490350336e-01 5.602153489279452225e-01 4.076992665556553597e-01
3.825546545490350336e-01 5.602153489279452225e-01 4.076992665556553597e-01
2.302252601926651487e-01 5.340094859237733971e-01 6.062646451752772281e-01
2.302252601926651487e-01 5.340094859237733971e-01 6.062646451752772281e-01
2.302252601926651487e-01 5.340094859237733971e-01 6.062646451752772281e-01
2.302252601926651487e-01 5.340094859237733971e-01 6.062646451752772281e-01
2.302252601926651487e-01 5.340094859237733971e-01 6.062646451752772281e-01
2.302252601926651487e-01 5.340094859237733971e-01 6.062646451752772281e-01
2.302252601926651487e-01 5.340094859237733971e-01 6.062646451752772281e-01
5.086170900831223918e-01 5.277352864409158295e-01 8.724987094904050611e-02
5.352061374114160941e-01 3.799452186614251104e-01 1.627946804135629588e-01
5.352061374114160941e-01 3.799452186614251104e-01 1.627946804135629588e-01
5.352061374114160941e-01 3.799452186614251104e-01 1.627946804135629588e-01
5.352061374114160941e-01 3.799452186614251104e-01 1.627946804135629588e-01
2.264388516993183220e-01 3.386763107112227833e-01 3.710227681445696368e-01
1.161852685062891161e-01 5.839629809629889312e-01 2.348812411371944964e-01
1.749394470356411824e-01 5.357585100321304861e-01 4.087201597563748789e-01
1.749394470356411824e-01 5.357585100321304861e-01 4.087201597563748789e-01
3.531380190638462868e-01 1.227279185449363097e-01 4.149422353262297025e-01
3.531380190638462868e-01 1.227279185449363097e-01 4.149422353262297025e-01
4.752370252119776928e-01 -1.248123842160414332e-01 1.886844333253781814e-01
4.752370252119776928e-01 -1.248123842160414332e-01 1.886844333253781814e-01
4.752370252119776928e-01 -1.248123842160414332e-01 1.886844333253781814e-01
4.752370252119776928e-01 -1.248123842160414332e-01 1.886844333253781814e-01
4.752370252119776928e-01 -1.248123842160414332e-01 1.886844333253781814e-01
3.176906161859300304e-01 5.606727060044922051e-02 1.867682423192820185e-01
3.176906161859300304e-01 5.606727060044922051e-02 1.867682423192820185e-01
5.418416922363984423e-01 1.932192360507208884e-01 3.258354751870851662e-01
5.418416922363984423e-01 1.932192360507208884e-01 3.258354751870851662e-01
2.140957264306814767e-01 6.881017418217347803e-01 4.692597621909065375e-01
3.251664009838509117e-01 4.888665858325899061e-01 7.244641423190339991e-01
3.251664009838509117e-01 4.888665858325899061e-01 7.244641423190339991e-01
3.251664009838509117e-01 4.888665858325899061e-01 7.244641423190339991e-01
3.251664009838509117e-01 4.888665858325899061e-01 7.244641423190339991e-01
3.065556467545920150e-01 7.779290929859519199e-01 1.992829585138955473e-01
3.065556467545920150e-01 7.779290929859519199e-01 1.992829585138955473e-01
3.065556467545920150e-01 7.779290929859519199e-01 1.992829585138955473e-01
2.183779949294443468e-01 8.108346204639945709e-01 2.777759379664820893e-01
2.720604646727489695e-01 4.957044066962343898e-01 7.088867515764979421e-01
2.879800604734644720e-02 1.161521436686898889e+00 3.028416826994509772e-02
2.879800604734644720e-02 1.161521436686898889e+00 3.028416826994509772e-02
2.879800604734644720e-02 1.161521436686898889e+00 3.028416826994509772e-02
2.879800604734644720e-02 1.161521436686898889e+00 3.028416826994509772e-02
2.879800604734644720e-02 1.161521436686898889e+00 3.028416826994509772e-02
2.879800604734644720e-02 1.161521436686898889e+00 3.028416826994509772e-02
2.879800604734644720e-02 1.161521436686898889e+00 3.028416826994509772e-02
2.069083635569023139e-01 8.664341144057976507e-01 2.055634341493876027e-01
2.257082097849867075e-01 7.456095769052504263e-01 3.802072545433568540e-01
2.324681204964954284e-01 7.547038090022180068e-01 3.595339745337992055e-01
2.324681204964954284e-01 7.547038090022180068e-01 3.595339745337992055e-01
2.324681204964954284e-01 7.547038090022180068e-01 3.595339745337992055e-01
2.058540044065030050e-01 6.590669127155528439e-01 4.937727442565630898e-01
2.058540044065030050e-01 6.590669127155528439e-01 4.937727442565630898e-01
2.058540044065030050e-01 6.590669127155528439e-01 4.937727442565630898e-01
4.439999490106728008e-01 6.930119067177639147e-01 6.169827788706632593e-02
-3.714209203492602196e-02 9.215558450683372094e-01 4.147477461331355864e-02
-3.714209203492602196e-02 9.215558450683372094e-01 4.147477461331355864e-02
-8.037101835833075636e-02 1.095911556470915871e+00 1.782668340235996074e-02
-1.908713899956742122e-01 1.361796459468930243e+00 1.403852733530763829e-03
8.075028460636829442e-02 1.479183689385892064e+00 5.405574290107303644e-04
-2.418244040578519383e-01 1.245877978149023013e+00 7.508684010583410728e-04
-2.418244040578519383e-01 1.245877978149023013e+00 7.508684010583410728e-04
4.594140289842298386e-01 6.880300540679284982e-01 4.831839072271211510e-02
5.273240050021245073e-01 1.626215302693894138e-01 3.963089255198820604e-01
5.273240050021245073e-01 1.626215302693894138e-01 3.963089255198820604e-01
5.273240050021245073e-01 1.626215302693894138e-01 3.963089255198820604e-01
5.622380637113091328e-01 -1.899514804537923984e-01 1.496416723127552140e-01
5.622380637113091328e-01 -1.899514804537923984e-01 1.496416723127552140e-01
5.622380637113091328e-01 -1.899514804537923984e-01 1.496416723127552140e-01
5.622380637113091328e-01 -1.899514804537923984e-01 1.496416723127552140e-01
5.622380637113091328e-01 -1.899514804537923984e-01 1.496416723127552140e-01
5.622380637113091328e-01 -1.899514804537923984e-01 1.496416723127552140e-01
5.622380637113091328e-01 -1.899514804537923984e-01 1.496416723127552140e-01
5.622380637113091328e-01 -1.899514804537923984e-01 1.496416723127552140e-01
5.622380637113091328e-01 -1.899514804537923984e-01 1.496416723127552140e-01
5.622380637113091328e-01 -1.899514804537923984e-01 1.496416723127552140e-01
5.166208485845961151e-01 -1.573309080567593110e-01 1.755416874679304462e-01
5.166208485845961151e-01 -1.573309080567593110e-01 1.755416874679304462e-01
5.166208485845961151e-01 -1.573309080567593110e-01 1.755416874679304462e-01
5.166208485845961151e-01 -1.573309080567593110e-01 1.755416874679304462e-01
5.166208485845961151e-01 -1.573309080567593110e-01 1.755416874679304462e-01
5.166208485845961151e-01 -1.573309080567593110e-01 1.755416874679304462e-01
5.193926891396741796e-01 1.772645747187468479e-01 4.179599235259321421e-01
5.193926891396741796e-01 1.772645747187468479e-01 4.179599235259321421e-01
5.193926891396741796e-01 1.772645747187468479e-01 4.179599235259321421e-01
5.193926891396741796e-01 1.772645747187468479e-01 4.179599235259321421e-01
5.001237391336950111e-01 2.955501044686983381e-01 3.900518112325879749e-01
5.001237391336950111e-01 2.955501044686983381e-01 3.900518112325879749e-01
5.001237391336950111e-01 2.955501044686983381e-01 3.900518112325879749e-01
5.001237391336950111e-01 2.955501044686983381e-01 3.900518112325879749e-01
5.001237391336950111e-01 2.955501044686983381e-01 3.900518112325879749e-01
5.001237391336950111e-01 2.955501044686983381e-01 3.900518112325879749e-01
3.287882984353716620e-01 3.016903500337212440e-01 7.103024990387761806e-01
3.287882984353716620e-01 3.016903500337212440e-01 7.103024990387761806e-01
