2.489132485845457765e-01 1.481402749648903505e-01 3.218684165070078568e-03
2.489132485845457765e-01 1.481402749648903505e-01 3.218684165070078568e-03
2.489132485845457765e-01 1.481402749648903505e-01 3.218684165070078568e-03
3.061707442642571664e-01 7.967613897196491879e-02 1.351170059708271809e-03
3.061707442642571664e-01 7.967613897196491879e-02 1.351170059708271809e-03
5.878718387452094296e-01 -3.571437563837213947e-02 1.038052647224638712e-03
5.878718387452094296e-01 -3.571437563837213947e-02 1.038052647224638712e-03
7.029423436663738700e-01 2.388194915383184957e-01 8.980970553983495808e-02
7.079706901889125659e-01 6.413213394279890789e-01 1.736429544718537110e-01
3.108293780437818565e-01 8.606681693236573061e-01 1.118794510592798080e-01
3.108293780437818565e-01 8.606681693236573061e-01 1.118794510592798080e-01
3.108293780437818565e-01 8.606681693236573061e-01 1.118794510592798080e-01
7.800878481886063254e-01 4.249040577684217723e-01 2.497816240999692905e-01
7.800878481886063254e-01 4.249040577684217723e-01 2.497816240999692905e-01
6.735333644297776257e-01 3.844611261369416666e-01 2.138975023808566966e-01
4.913611747751637227e-01 5.170268238266879646e-01 2.705902401232342935e-01
4.913611747751637227e-01 5.170268238266879646e-01 2.705902401232342935e-01
4.913611747751637227e-01 5.170268238266879646e-01 2.705902401232342935e-01
4.913611747751637227e-01 5.170268238266879646e-01 2.705902401232342935e-01
-5.060299679448077015e-02 7.155615101906035447e-01 2.329315249895954065e-01
9.842786443602966062e-02 8.008340595166951736e-01 2.271852760260697213e-01
9.999689683644175098e-03 9.716454971722647826e-01 9.913747213089528498e-02
-3.875573152597900917e-01 6.611931094189891223e-01 7.326046222440314726e-02
-4.613174451010650934e-01 7.143612185627011835e-01 8.112351360833040814e-02
-4.613174451010650934e-01 7.143612185627011835e-01 8.112351360833040814e-02
-4.613174451010650934e-01 7.143612185627011835e-01 8.112351360833040814e-02
-4.613174451010650934e-01 7.143612185627011835e-01 8.112351360833040814e-02
7.998459362041121512e-02 4.676691064237171180e-01 8.978120289194753412e-02
-1.568519204516334586e-01 4.991399966954358502e-01 4.524963647405790684e-02
-1.568519204516334586e-01 4.991399966954358502e-01 4.524963647405790684e-02
-3.057201041740629788e-01 6.406799109233767275e-01 8.632118250842198137e-02
-2.393790656560067509e-01 9.585198120378299880e-01 1.563831687718445218e-01
-8.669729623700996868e-01 1.128225786528865626e+00 7.756191442584481344e-02
-9.555621282644448655e-01 1.163225526553948841e+00 6.469501119203162343e-02
-7.390033815195807820e-01 8.853868924327396028e-01 7.942397123145027160e-02
-5.453837956859893810e-01 9.856830976048622794e-01 1.391809759833602389e-01
-7.204318925654544792e-01 9.903576386686525623e-01 1.088226901338083252e-01
-7.775119485978169154e-01 1.124718268127886001e+00 8.411077521080791153e-02
-8.505706060715515493e-01 9.229063458184029178e-01 6.404139169121288166e-02
-3.876253170675015292e-01 1.034275446820810851e+00 1.200711130244984381e-01
-3.725379554436598628e-01 9.495418430326963977e-01 1.652390191885964310e-01
-3.725379554436598628e-01 9.495418430326963977e-01 1.652390191885964310e-01
-2.789550406655362802e-01 6.902915063379939653e-01 1.303966083084800165e-01
-3.282074125231731476e-01 8.253523016875520257e-01 1.841233369375547269e-01
-3.282074125231731476e-01 8.253523016875520257e-01 1.841233369375547269e-01
-3.282074125231731476e-01 8.253523016875520257e-01 1.841233369375547269e-01
1.301324084939471382e-01 5.983982897766504383e-01 2.258498195882451265e-01
3.567339743096556437e-02 6.242442883392107511e-01 2.091737217594221987e-01
-2.654922758274851080e-02 8.595821996076269400e-01 2.025220568260667209e-01
1.554180479498742939e-02 9.129330962878984268e-01 1.485623022710616248e-01
-2.333716017018860611e-01 7.130178717667621235e-01 1.644887792036454910e-01
-2.333716017018860611e-01 7.130178717667621235e-01 1.644887792036454910e-01
-2.333716017018860611e-01 7.130178717667621235e-01 1.644887792036454910e-01
-2.333716017018860611e-01 7.130178717667621235e-01 1.644887792036454910e-01
-3.697719030414268193e-01 9.219588417386185286e-01 1.746279340868605867e-01
1.391758202879351813e-01 7.396415326104437415e-01 2.586447371846214982e-01
5.892996407029855721e-01 7.464619197461933586e-01 1.212421895586920234e-01
5.892996407029855721e-01 7.464619197461933586e-01 1.212421895586920234e-01
-2.074848500406067942e-02 1.034527692929860576e+00 6.119836352060358670e-02
-1.801315959710032832e-01 1.042852057843379088e+00 8.490030904822261359e-02
-1.801315959710032832e-01 1.042852057843379088e+00 8.490030904822261359e-02
-1.347497026098992690e-02 6.002681133339400343e-01 1.684732319886070584e-01
7.009596583780448864e-02 5.578931246103578934e-01 1.656462604010757733e-01
7.009596583780448864e-02 5.578931246103578934e-01 1.656462604010757733e-01
3.074990400571728927e-02 8.506073151813643429e-01 2.001564144670775758e-01
3.074990400571728927e-02 8.506073151813643429e-01 2.001564144670775758e-01
1.509071697826129543e-01 6.658585373954496456e-01 2.671183119757517543e-01
1.509071697826129543e-01 6.658585373954496456e-01 2.671183119757517543e-01
2.024550593892410211e-02 7.422585965057101332e-01 2.531210517174367625e-01
6.301666970711339300e-02 7.896873261924678422e-01 2.389053897542379734e-01
-2.792759683920667535e-02 7.251720436025528294e-01 2.422007196797651141e-01
3.109713365205740709e-01 3.029772770547696226e-01 4.305969895721040858e-02
3.011112406519383944e-02 2.041072677661623924e-01 1.916654992999282901e-03
3.011112406519383944e-02 2.041072677661623924e-01 1.916654992999282901e-03
3.011112406519383944e-02 2.041072677661623924e-01 1.916654992999282901e-03
3.011112406519383944e-02 2.041072677661623924e-01 1.916654992999282901e-03
3.432579524883305755e-01 4.253864448643785989e-01 1.466903989463198554e-01
2.504158465919126275e-01 4.744673838870990812e-01 1.594757076125333239e-01
2.504158465919126275e-01 4.744673838870990812e-01 1.594757076125333239e-01
4.894897873211452866e-01 3.059545038249240623e-01 8.674654452115644621e-02
4.113723670629299001e-01 5.665373460829534746e-01 2.794512767210757809e-01
7.704016451589030812e-01 4.488292802407343185e-01 2.555590430247572375e-01
4.847292958721614586e-01 7.166576399798163521e-01 1.911201700303294393e-01
1.074589243108061476e+00 7.369568122730961734e-01 1.530350532130213270e-02
7.141951321196811087e-01 6.855865850431955844e-01 1.295357946738053823e-01
7.141951321196811087e-01 6.855865850431955844e-01 1.295357946738053823e-01
7.756334668831030843e-01 5.055676864606466481e-01 2.471574434163605893e-01
7.756334668831030843e-01 5.055676864606466481e-01 2.471574434163605893e-01
7.756334668831030843e-01 5.055676864606466481e-01 2.471574434163605893e-01
7.907257968671217441e-01 6.775428388636182131e-01 1.074813409571055978e-01
7.907257968671217441e-01 6.775428388636182131e-01 1.074813409571055978e-01
7.907257968671217441e-01 6.775428388636182131e-01 1.074813409571055978e-01
7.907257968671217441e-01 6.775428388636182131e-01 1.074813409571055978e-01
7.907257968671217441e-01 6.775428388636182131e-01 1.074813409571055978e-01
7.907257968671217441e-01 6.775428388636182131e-01 1.074813409571055978e-01
6.845149072261820233e-01 8.142375830009150883e-01 4.488414471223877572e-02
6.845149072261820233e-01 8.142375830009150883e-01 4.488414471223877572e-02
3.486994089472649216e-01 8.990137572565348734e-01 7.050861538490175995e-02
3.486994089472649216e-01 8.990137572565348734e-01 7.050861538490175995e-02
1.054214207498241906e-01 7.304699362631674742e-01 2.618136230320404212e-01
