2.489132485845457765e-01 1.481402749648903505e-01 1.252804180679909776e-03
2.489132485845457765e-01 1.481402749648903505e-01 1.252804180679909776e-03
2.684114124413330416e-01 4.276361452603540392e-01 1.822098936647665104e-02
2.684114124413330416e-01 4.276361452603540392e-01 1.822098936647665104e-02
1.658063656643667394e-01 4.621743585231611329e-01 1.471939589718743516e-02
1.658063656643667394e-01 4.621743585231611329e-01 1.471939589718743516e-02
-1.439637629072151315e-01 1.083760060104078438e+00 2.039942980554286522e-02
-1.439637629072151315e-01 1.083760060104078438e+00 2.039942980554286522e-02
-1.439637629072151315e-01 1.083760060104078438e+00 2.039942980554286522e-02
-4.980057601133928147e-01 9.798414920471504308e-01 1.262712763946195575e-02
-4.980057601133928147e-01 9.798414920471504308e-01 1.262712763946195575e-02
-4.980057601133928147e-01 9.798414920471504308e-01 1.262712763946195575e-02
-6.934190682952211526e-01 1.137694701650574292e+00 9.567837982234209809e-03
-6.934190682952211526e-01 1.137694701650574292e+00 9.567837982234209809e-03
-5.719626516099343139e-01 1.110211611160584644e+00 1.260231167951911431e-02
-5.719626516099343139e-01 1.110211611160584644e+00 1.260231167951911431e-02
-5.719626516099343139e-01 1.110211611160584644e+00 1.260231167951911431e-02
-5.578142226893378908e-01 7.878430448626253524e-01 3.880241908810353347e-03
-5.578142226893378908e-01 7.878430448626253524e-01 3.880241908810353347e-03
-5.578142226893378908e-01 7.878430448626253524e-01 3.880241908810353347e-03
-8.330507348199318596e-01 1.163063827574917886e+00 6.564750309284996324e-03
-1.179636618988211483e+00 1.185933441227369656e+00 1.633723516616770967e-03
-1.179636618988211483e+00 1.185933441227369656e+00 1.633723516616770967e-03
-1.179636618988211483e+00 1.185933441227369656e+00 1.633723516616770967e-03
-1.179636618988211483e+00 1.185933441227369656e+00 1.633723516616770967e-03
-1.026407825457388068e+00 9.683712142444367288e-01 9.348081841389450572e-04
-8.069355199440358950e-01 1.308800495962535448e+00 7.462569657200550551e-03
-5.249390170158170221e-01 1.130137266777285765e+00 1.384812321555417038e-02
-5.249390170158170221e-01 1.130137266777285765e+00 1.384812321555417038e-02
-4.542061064504335222e-01 9.104867925126012285e-01 1.187983948340844489e-02
-4.542061064504335222e-01 9.104867925126012285e-01 1.187983948340844489e-02
-5.852664994704940282e-01 1.292981527772095518e+00 9.702428941778052165e-03
-5.852664994704940282e-01 1.292981527772095518e+00 9.702428941778052165e-03
-8.133338721076506239e-01 1.133119480246413069e+00 6.548967376662114849e-03
-9.482017661207137182e-01 1.191614260795123226e+00 4.693689581872217097e-03
-1.089779290534520273e+00 1.192383679605324209e+00 2.614514793074108195e-03
-1.089779290534520273e+00 1.192383679605324209e+00 2.614514793074108195e-03
-1.322161387468607119e+00 1.650321382683737959e+00 1.685033133803928718e-03
-1.564842954517634777e+00 1.629019892470568776e+00 1.032433519162663949e-03
-1.564842954517634777e+00 1.629019892470568776e+00 1.032433519162663949e-03
-1.368705968119984240e+00 1.096719018007572544e+00 2.654134876080922918e-04
-1.217410979037501173e+00 1.667795616933701597e+00 1.729571032671626098e-03
-1.020978660644161540e+00 1.795131939946849942e+00 6.165164611296404442e-04
-1.044740757230521844e+00 1.729660041623816813e+00 1.112045346788706132e-03
-1.438738914461356710e+00 1.890707546413391782e+00 4.836157564276702945e-04
-1.178562471928700450e+00 1.472058655788807124e+00 3.072570682268777227e-03
-1.159345366512634756e+00 1.151054617735599583e+00 1.504472417981947419e-03
-1.159345366512634756e+00 1.151054617735599583e+00 1.504472417981947419e-03
-1.159345366512634756e+00 1.151054617735599583e+00 1.504472417981947419e-03
-1.101555776581560675e+00 1.035635124555582154e+00 9.814541226831165806e-04
-1.101555776581560675e+00 1.035635124555582154e+00 9.814541226831165806e-04
-1.101555776581560675e+00 1.035635124555582154e+00 9.814541226831165806e-04
-7.152318351847144484e-01 7.116316578923450598e-01 7.334633569150069430e-04
-8.038397395170052695e-01 8.665308886393168208e-01 1.680775487342587747e-03
-8.038397395170052695e-01 8.665308886393168208e-01 1.680775487342587747e-03
-1.007159661794817529e+00 1.033887788693343968e+00 1.707034732097825790e-03
-8.414792921978629936e-01 1.280520586904691172e+00 7.142244428374843260e-03
-4.949130772324382144e-01 1.015393751941725764e+00 1.372794072008433862e-02
-4.949130772324382144e-01 1.015393751941725764e+00 1.372794072008433862e-02
-3.783958307423320178e-01 7.940927066339684703e-01 9.677943643478004870e-03
-3.783958307423320178e-01 7.940927066339684703e-01 9.677943643478004870e-03
-3.783958307423320178e-01 7.940927066339684703e-01 9.677943643478004870e-03
-6.457996902014142560e-01 5.105879303279304837e-01 1.124968718098700519e-04
-4.094622491072406612e-01 3.056138260507151871e-01 4.778929649163950064e-05
-5.918432970656719583e-01 5.904133650644457498e-01 4.867207915252609184e-04
-5.162313947856538299e-01 7.223216765191918798e-01 2.985413935712010174e-03
-5.162313947856538299e-01 7.223216765191918798e-01 2.985413935712010174e-03
-5.162313947856538299e-01 7.223216765191918798e-01 2.985413935712010174e-03
-5.022352914660208612e-01 8.375357565305482366e-01 7.030180355396859967e-03
-3.520575115939788002e-01 7.188603633712675745e-01 7.060733780854449269e-03
-3.520575115939788002e-01 7.188603633712675745e-01 7.060733780854449269e-03
-1.102152175747746210e-01 1.018725394342278046e+00 2.460776005011953635e-02
-4.144472743561861128e-03 7.460414649864690606e-01 2.868695621546210259e-02
-1.639569581030243250e-01 1.050530372482395780e+00 2.242530760649349628e-02
-1.639569581030243250e-01 1.050530372482395780e+00 2.242530760649349628e-02
-1.256280334392785580e-01 9.805138509069427633e-01 2.618900291865269847e-02
-1.256280334392785580e-01 9.805138509069427633e-01 2.618900291865269847e-02
-2.475239550708629443e-01 1.013723670877494154e+00 2.233777644286883898e-02
-2.475239550708629443e-01 1.013723670877494154e+00 2.233777644286883898e-02
-2.475239550708629443e-01 1.013723670877494154e+00 2.233777644286883898e-02
-1.967582539239451644e-01 7.983909327975442505e-01 1.931980380477097900e-02
-1.967582539239451644e-01 7.983909327975442505e-01 1.931980380477097900e-02
-1.967582539239451644e-01 7.983909327975442505e-01 1.931980380477097900e-02
7.133022822499654469e-02 9.932943566676710745e-01 2.598963444154530483e-02
1.640104561896914004e-01 9.801765621965650155e-01 2.550788324282144207e-02
1.640104561896914004e-01 9.801765621965650155e-01 2.550788324282144207e-02
1.666063055678601856e-01 8.291576713874571070e-01 3.883287541029323275e-02
1.666063055678601856e-01 8.291576713874571070e-01 3.883287541029323275e-02
1.666063055678601856e-01 8.291576713874571070e-01 3.883287541029323275e-02
1.666063055678601856e-01 8.291576713874571070e-01 3.883287541029323275e-02
-1.888245911963583878e-01 9.270795303963575984e-01 2.480187019719354638e-02
9.295146155824662859e-03 1.012981575240122112e+00 2.493176319591135920e-02
2.149719575427351814e-01 8.162264232946867537e-01 4.041609126796782275e-02
1.891949865071499981e-01 1.204880511401360987e+00 5.180041064103023916e-03
1.891949865071499981e-01 1.204880511401360987e+00 5.180041064103023916e-03
1.891949865071499981e-01 1.204880511401360987e+00 5.180041064103023916e-03
5.091224758819872243e-01 1.346698556778331834e+00 1.679417874271384777e-04
4.843498634011657034e-01 7.891855746679510286e-01 3.986379441758164388e-02
4.843498634011657034e-01 7.891855746679510286e-01 3.986379441758164388e-02
7.134146495718811654e-01 5.021452572166041906e-01 6.395547270394189021e-02
