2.489132485845457765e-01 1.481402749648903505e-01 1.236261628191139411e-01
2.489132485845457765e-01 1.481402749648903505e-01 1.236261628191139411e-01
2.489132485845457765e-01 1.481402749648903505e-01 1.236261628191139411e-01
2.489132485845457765e-01 1.481402749648903505e-01 1.236261628191139411e-01
2.489132485845457765e-01 1.481402749648903505e-01 1.236261628191139411e-01
2.115108157032166980e-01 2.961721094022873313e-01 2.574584404304295915e-01
2.115108157032166980e-01 2.961721094022873313e-01 2.574584404304295915e-01
2.115108157032166980e-01 2.961721094022873313e-01 2.574584404304295915e-01
3.650072364637662048e-01 6.588734991540541319e-01 1.573631414776002491e-01
2.371772509864243650e-01 5.214007237674526118e-01 6.332709465570384166e-01
1.850338175150144093e-01 4.278263600908870368e-01 4.075809954562755744e-01
1.850338175150144093e-01 4.278263600908870368e-01 4.075809954562755744e-01
1.850338175150144093e-01 4.278263600908870368e-01 4.075809954562755744e-01
1.850338175150144093e-01 4.278263600908870368e-01 4.075809954562755744e-01
5.894328255788339188e-03 1.006139817192915231e+00 1.332921427442779194e-01
5.894328255788339188e-03 1.006139817192915231e+00 1.332921427442779194e-01
-1.921126157701149306e-01 6.613299084352530777e-01 2.814640922089078033e-03
3.470177954034774359e-01 6.731796676257220113e-01 1.742716111668557721e-01
3.470177954034774359e-01 6.731796676257220113e-01 1.742716111668557721e-01
1.976716894870598207e-01 5.993234188211121749e-01 5.669942540949606258e-01
1.976716894870598207e-01 5.993234188211121749e-01 5.669942540949606258e-01
1.976716894870598207e-01 5.993234188211121749e-01 5.669942540949606258e-01
1.976716894870598207e-01 5.993234188211121749e-01 5.669942540949606258e-01
1.976716894870598207e-01 5.993234188211121749e-01 5.669942540949606258e-01
1.976716894870598207e-01 5.993234188211121749e-01 5.669942540949606258e-01
5.729417585995558171e-02 4.717846629793640556e-01 1.068303437833645619e-01
7.084000024562944753e-02 6.049837949293294104e-01 2.703766997056012422e-01
7.084000024562944753e-02 6.049837949293294104e-01 2.703766997056012422e-01
7.084000024562944753e-02 6.049837949293294104e-01 2.703766997056012422e-01
7.084000024562944753e-02 6.049837949293294104e-01 2.703766997056012422e-01
7.084000024562944753e-02 6.049837949293294104e-01 2.703766997056012422e-01
7.084000024562944753e-02 6.049837949293294104e-01 2.703766997056012422e-01
-2.567973878560968204e-02 5.479282814513339872e-01 4.482021029570298215e-02
3.184330414474416671e-01 4.942365132869639965e-01 6.038912042036725936e-01
3.184330414474416671e-01 4.942365132869639965e-01 6.038912042036725936e-01
3.184330414474416671e-01 4.942365132869639965e-01 6.038912042036725936e-01
3.184330414474416671e-01 4.942365132869639965e-01 6.038912042036725936e-01
3.184330414474416671e-01 4.942365132869639965e-01 6.038912042036725936e-01
3.711041883614233927e-01 2.804942644956919806e-01 6.397646096969592522e-01
3.711041883614233927e-01 2.804942644956919806e-01 6.397646096969592522e-01
3.711041883614233927e-01 2.804942644956919806e-01 6.397646096969592522e-01
3.711041883614233927e-01 2.804942644956919806e-01 6.397646096969592522e-01
3.478663526277387397e-01 2.911619506790077971e-01 6.329995874323831595e-01
3.478663526277387397e-01 2.911619506790077971e-01 6.329995874323831595e-01
3.478663526277387397e-01 2.911619506790077971e-01 6.329995874323831595e-01
3.478663526277387397e-01 2.911619506790077971e-01 6.329995874323831595e-01
4.147231055222473928e-01 4.559596054803094489e-01 3.800393732042284256e-01
1.609021997666436610e-01 6.352985458007659458e-01 5.094741891485807805e-01
1.609021997666436610e-01 6.352985458007659458e-01 5.094741891485807805e-01
3.793287886134335540e-01 4.393734916544968505e-01 5.332112309096341818e-01
3.069407221845964484e-01 3.032441702128811922e-01 5.739938397025545758e-01
3.069407221845964484e-01 3.032441702128811922e-01 5.739938397025545758e-01
3.069407221845964484e-01 3.032441702128811922e-01 5.739938397025545758e-01
3.069407221845964484e-01 3.032441702128811922e-01 5.739938397025545758e-01
4.161148072638056195e-01 3.633069715966317226e-01 5.395668333942520434e-01
4.120422517303254928e-01 3.998635076731224536e-01 4.950738320253780800e-01
2.551913125621821377e-01 5.765617076483664505e-01 5.803815016972354579e-01
2.551913125621821377e-01 5.765617076483664505e-01 5.803815016972354579e-01
2.551913125621821377e-01 5.765617076483664505e-01 5.803815016972354579e-01
2.895524381061014285e-01 3.485582678524944411e-01 6.061512028644692185e-01
1.747917474781764957e-01 6.179862700089866490e-01 5.343420558614550009e-01
1.747917474781764957e-01 6.179862700089866490e-01 5.343420558614550009e-01
1.747917474781764957e-01 6.179862700089866490e-01 5.343420558614550009e-01
1.747917474781764957e-01 6.179862700089866490e-01 5.343420558614550009e-01
1.747917474781764957e-01 6.179862700089866490e-01 5.343420558614550009e-01
1.747917474781764957e-01 6.179862700089866490e-01 5.343420558614550009e-01
1.747917474781764957e-01 6.179862700089866490e-01 5.343420558614550009e-01
1.747917474781764957e-01 6.179862700089866490e-01 5.343420558614550009e-01
1.747917474781764957e-01 6.179862700089866490e-01 5.343420558614550009e-01
2.520171157851082144e-01 3.042004824668246288e-01 4.054791298767341789e-01
2.520171157851082144e-01 3.042004824668246288e-01 4.054791298767341789e-01
2.520171157851082144e-01 3.042004824668246288e-01 4.054791298767341789e-01
2.520171157851082144e-01 3.042004824668246288e-01 4.054791298767341789e-01
2.520171157851082144e-01 3.042004824668246288e-01 4.054791298767341789e-01
2.520171157851082144e-01 3.042004824668246288e-01 4.054791298767341789e-01
2.520171157851082144e-01 3.042004824668246288e-01 4.054791298767341789e-01
2.520171157851082144e-01 3.042004824668246288e-01 4.054791298767341789e-01
2.520171157851082144e-01 3.042004824668246288e-01 4.054791298767341789e-01
2.520171157851082144e-01 3.042004824668246288e-01 4.054791298767341789e-01
2.520171157851082144e-01 3.042004824668246288e-01 4.054791298767341789e-01
1.277653725305814003e-01 5.341859625948700563e-01 3.678412598071157391e-01
1.277653725305814003e-01 5.341859625948700563e-01 3.678412598071157391e-01
1.277653725305814003e-01 5.341859625948700563e-01 3.678412598071157391e-01
1.277653725305814003e-01 5.341859625948700563e-01 3.678412598071157391e-01
1.277653725305814003e-01 5.341859625948700563e-01 3.678412598071157391e-01
1.200035619468676346e-01 4.820155783137396455e-01 2.727175373861995267e-01
1.200035619468676346e-01 4.820155783137396455e-01 2.727175373861995267e-01
1.200035619468676346e-01 4.820155783137396455e-01 2.727175373861995267e-01
1.200035619468676346e-01 4.820155783137396455e-01 2.727175373861995267e-01
3.098950796382337614e-01 5.681733815146947641e-01 4.843249633047568281e-01
3.098950796382337614e-01 5.681733815146947641e-01 4.843249633047568281e-01
2.214277019527392254e-01 3.977906143734933897e-01 4.830248622458134244e-01
2.214277019527392254e-01 3.977906143734933897e-01 4.830248622458134244e-01
2.214277019527392254e-01 3.977906143734933897e-01 4.830248622458134244e-01
2.214277019527392254e-01 3.977906143734933897e-01 4.830248622458134244e-01
2.214277019527392254e-01 3.977906143734933897e-01 4.830248622458134244e-01
1.612638767127757833e-01 5.804028783223933452e-01 5.088024854062671576e-01
1.612638767127757833e-01 5.804028783223933452e-01 5.088024854062671576e-01
6.840717820255681758e-02 6.064408133222222164e-01 2.649205428378013649e-01
6.840717820255681758e-02 6.064408133222222164e-01 2.649205428378013649e-01
