2.489132485845457765e-01 1.481402749648903505e-01 2.436402008602482280e-03
2.489132485845457765e-01 1.481402749648903505e-01 2.436402008602482280e-03
2.489132485845457765e-01 1.481402749648903505e-01 2.436402008602482280e-03
2.489132485845457765e-01 1.481402749648903505e-01 2.436402008602482280e-03
3.895346554676415995e-01 8.176430075308509238e-02 2.234062234702268671e-03
4.819787295884164213e-01 1.917803412424313181e-01 1.793032340563709831e-02
4.449932817905777882e-01 7.174322661434107129e-01 2.017507741249936482e-01
4.636470653423003796e-01 4.919355782004203315e-01 1.745493766815367220e-01
5.220878861015528782e-01 5.668834597361251948e-01 2.173148029399864234e-01
5.220878861015528782e-01 5.668834597361251948e-01 2.173148029399864234e-01
5.220878861015528782e-01 5.668834597361251948e-01 2.173148029399864234e-01
5.388670655091378769e-01 6.842356904671624829e-01 1.947521329121570388e-01
4.387263674414269010e-01 8.339519522473635149e-01 1.284296589094018615e-01
4.387263674414269010e-01 8.339519522473635149e-01 1.284296589094018615e-01
2.133476451702864263e-01 6.509391288470557368e-01 2.033152443675036725e-01
-2.133839115570573819e-02 8.576966503420846433e-01 2.074003499521850369e-01
-2.133839115570573819e-02 8.576966503420846433e-01 2.074003499521850369e-01
-2.922553018578912809e-01 1.070571022674751127e+00 1.468032551205530889e-01
-2.922553018578912809e-01 1.070571022674751127e+00 1.468032551205530889e-01
1.219824229939625582e-01 1.010045043001174481e+00 9.908970756683908865e-02
-9.305082496497596445e-02 1.023438544191952682e+00 1.423433146397659055e-01
-9.305082496497596445e-02 1.023438544191952682e+00 1.423433146397659055e-01
-4.405293452390299236e-01 1.196675315725529876e+00 1.003067279741122059e-01
6.065680191512617947e-02 5.694472128899965568e-01 1.036109495985440970e-01
5.119961601282276842e-01 7.395770051352749119e-01 1.703061854589795199e-01
5.119961601282276842e-01 7.395770051352749119e-01 1.703061854589795199e-01
5.119961601282276842e-01 7.395770051352749119e-01 1.703061854589795199e-01
5.119961601282276842e-01 7.395770051352749119e-01 1.703061854589795199e-01
5.119961601282276842e-01 7.395770051352749119e-01 1.703061854589795199e-01
5.119961601282276842e-01 7.395770051352749119e-01 1.703061854589795199e-01
5.119961601282276842e-01 7.395770051352749119e-01 1.703061854589795199e-01
5.119961601282276842e-01 7.395770051352749119e-01 1.703061854589795199e-01
4.986842502096848206e-01 5.768318523806870157e-01 2.183097534367392789e-01
4.920803393620981070e-01 5.785681105857222173e-01 2.183527796173647950e-01
4.920803393620981070e-01 5.785681105857222173e-01 2.183527796173647950e-01
4.920803393620981070e-01 5.785681105857222173e-01 2.183527796173647950e-01
4.920803393620981070e-01 5.785681105857222173e-01 2.183527796173647950e-01
1.065426625685431672e-01 6.937004201301686379e-01 1.974222979964528890e-01
1.065426625685431672e-01 6.937004201301686379e-01 1.974222979964528890e-01
3.434635596737348751e-01 4.823290678079790728e-01 1.331342318251200196e-01
3.022798066687406027e-01 7.380217563004061176e-01 2.187154318924428575e-01
3.022798066687406027e-01 7.380217563004061176e-01 2.187154318924428575e-01
5.458788407665418063e-01 3.794538438964755178e-01 1.190216902399371945e-01
6.281432503172775794e-01 2.063892318010846216e-01 3.995303068835622667e-02
6.281432503172775794e-01 2.063892318010846216e-01 3.995303068835622667e-02
6.281432503172775794e-01 2.063892318010846216e-01 3.995303068835622667e-02
5.195834383783382027e-01 5.179613207042633727e-01 2.008038347988897465e-01
2.128929254920105540e-01 3.833839203951457941e-01 4.061294645899887756e-02
-6.370849649442777984e-02 4.670416992451934535e-01 2.586279557482540348e-02
-6.370849649442777984e-02 4.670416992451934535e-01 2.586279557482540348e-02
1.496391004123759638e-01 4.383914402796375009e-01 5.204634910667101794e-02
-1.160847139083265311e-02 5.386409053215077680e-01 6.434052971385428865e-02
3.075555273838704307e-01 7.003078335997010573e-01 2.245703541245633872e-01
5.080227577568144914e-01 6.010974871471621572e-01 2.210287395757291606e-01
5.080227577568144914e-01 6.010974871471621572e-01 2.210287395757291606e-01
2.776704332677082943e-01 8.856262448069747162e-01 1.418923537978121763e-01
2.776704332677082943e-01 8.856262448069747162e-01 1.418923537978121763e-01
2.776704332677082943e-01 8.856262448069747162e-01 1.418923537978121763e-01
1.951333600084828590e-01 9.585686316251058603e-01 1.141599474067077485e-01
1.951333600084828590e-01 9.585686316251058603e-01 1.141599474067077485e-01
1.951333600084828590e-01 9.585686316251058603e-01 1.141599474067077485e-01
1.951333600084828590e-01 9.585686316251058603e-01 1.141599474067077485e-01
1.951333600084828590e-01 9.585686316251058603e-01 1.141599474067077485e-01
-1.391630171495126800e-01 1.058362679824613739e+00 1.296287566023578974e-01
-1.206197025770215508e-01 9.485153754639091828e-01 1.856986764463333939e-01
-1.733138939242656051e-01 8.004264452744547231e-01 1.690514742395172743e-01
-1.733138939242656051e-01 8.004264452744547231e-01 1.690514742395172743e-01
-5.689596945071571099e-01 9.377019198422371637e-01 1.099069449241295710e-01
-8.328345120216262831e-02 6.620066126156755049e-01 1.172714544700167866e-01
4.016750235354929477e-03 8.811576587017843076e-01 2.013480431052445119e-01
2.105984460248261358e-01 5.846032749797360761e-01 1.635552607315884921e-01
2.400566710322946107e-01 5.811289295127899379e-01 1.704080359228969110e-01
3.463570818034756860e-01 5.405266441699484448e-01 1.748244030836264840e-01
3.463570818034756860e-01 5.405266441699484448e-01 1.748244030836264840e-01
2.628333243149989507e-01 4.917538382370157946e-01 1.146269639125406525e-01
2.628333243149989507e-01 4.917538382370157946e-01 1.146269639125406525e-01
3.439662985584684973e-01 6.708882996281843036e-01 2.248234537357766405e-01
-1.282370562293427829e-02 6.354855332544332436e-01 1.236131819096401296e-01
-1.282370562293427829e-02 6.354855332544332436e-01 1.236131819096401296e-01
-1.282370562293427829e-02 6.354855332544332436e-01 1.236131819096401296e-01
3.487113704408531523e-01 8.187132444636565642e-01 1.676487012407839039e-01
3.487113704408531523e-01 8.187132444636565642e-01 1.676487012407839039e-01
5.619241064609237224e-02 5.127286753341675496e-01 6.776391525390841608e-02
5.619241064609237224e-02 5.127286753341675496e-01 6.776391525390841608e-02
-2.350546593837181675e-01 7.147152067945804488e-01 9.991831972214476609e-02
-2.350546593837181675e-01 7.147152067945804488e-01 9.991831972214476609e-02
-2.143006726377554294e-01 9.848941051192658946e-01 1.773347933608997729e-01
-3.336986294536007369e-01 9.866498657163634833e-01 1.731450715980099309e-01
5.229348527618327136e-02 8.528171165378127805e-01 2.071587511281270944e-01
4.185574841161758819e-01 7.682919529594826047e-01 1.802265515823198716e-01
3.865861252445865204e-01 8.192305033231594980e-01 1.557139818847301793e-01
3.865861252445865204e-01 8.192305033231594980e-01 1.557139818847301793e-01
3.865861252445865204e-01 8.192305033231594980e-01 1.557139818847301793e-01
3.865861252445865204e-01 8.192305033231594980e-01 1.557139818847301793e-01
2.884979229313509586e-01 8.965678487979003020e-01 1.307374520718986577e-01
8.318976926951698880e-02 9.204225060874109410e-01 1.700518642861315877e-01
8.318976926951698880e-02 9.204225060874109410e-01 1.700518642861315877e-01
-2.401440964907070041e-01 1.070074331409693658e+00 1.404140555785790279e-01
-2.401440964907070041e-01 1.070074331409693658e+00 1.404140555785790279e-01
-2.401440964907070041e-01 1.070074331409693658e+00 1.404140555785790279e-01
