2.489132485845457765e-01 1.481402749648903505e-01 2.937291498153951110e-03
2.489132485845457765e-01 1.481402749648903505e-01 2.937291498153951110e-03
-1.047416082729607512e-02 4.268161248726371482e-01 4.113090809530420278e-02
-1.047416082729607512e-02 4.268161248726371482e-01 4.113090809530420278e-02
-1.047416082729607512e-02 4.268161248726371482e-01 4.113090809530420278e-02
-1.047416082729607512e-02 4.268161248726371482e-01 4.113090809530420278e-02
-1.047416082729607512e-02 4.268161248726371482e-01 4.113090809530420278e-02
-1.359878222715946439e-01 5.039480901854644923e-01 5.443950372893065909e-02
-1.359878222715946439e-01 5.039480901854644923e-01 5.443950372893065909e-02
-1.359878222715946439e-01 5.039480901854644923e-01 5.443950372893065909e-02
-4.306424712318496217e-01 6.959828132449421556e-01 8.977665195161257938e-02
-4.306424712318496217e-01 6.959828132449421556e-01 8.977665195161257938e-02
-9.137452026298469310e-01 9.755842308253860340e-01 7.925436844442229622e-02
-9.726481518402385618e-01 1.119036690479952023e+00 8.087237085126237901e-02
-7.005709798011472422e-01 8.245129415083254365e-01 7.922380262126428596e-02
-5.456475322712444065e-01 8.813220373512953287e-01 1.500691606991654270e-01
-5.456475322712444065e-01 8.813220373512953287e-01 1.500691606991654270e-01
-5.456475322712444065e-01 8.813220373512953287e-01 1.500691606991654270e-01
-5.456475322712444065e-01 8.813220373512953287e-01 1.500691606991654270e-01
-5.456475322712444065e-01 8.813220373512953287e-01 1.500691606991654270e-01
-3.838643408288208159e-01 9.529679788426166365e-01 1.724686283858903602e-01
1.544612350569807280e-01 3.404375937972550226e-01 3.129758740496573627e-02
1.901251452131494102e-01 4.269423524590822416e-01 8.897318765109943350e-02
1.901251452131494102e-01 4.269423524590822416e-01 8.897318765109943350e-02
1.901251452131494102e-01 4.269423524590822416e-01 8.897318765109943350e-02
6.461332208043266689e-01 4.277083520954856333e-01 2.168736890998877731e-01
6.481651163704552632e-01 3.300697608849466058e-01 1.361281650236875196e-01
4.048068307061542526e-01 3.981474394231100389e-01 1.297664792847486315e-01
-9.005470163755813218e-02 9.232420998228778597e-01 1.636027811628689432e-01
-9.005470163755813218e-02 9.232420998228778597e-01 1.636027811628689432e-01
1.577812101831048697e-01 9.128617650801195138e-01 1.097572097713050837e-01
-1.776299153129526909e-01 9.467095809451344657e-01 1.605032371325638973e-01
-1.776299153129526909e-01 9.467095809451344657e-01 1.605032371325638973e-01
-1.776299153129526909e-01 9.467095809451344657e-01 1.605032371325638973e-01
-3.074029012697507834e-01 6.135282432546595999e-01 7.506935181614672603e-02
-3.317137781475857361e-01 8.069921943257879482e-01 1.892622385674694596e-01
-3.317137781475857361e-01 8.069921943257879482e-01 1.892622385674694596e-01
-3.317137781475857361e-01 8.069921943257879482e-01 1.892622385674694596e-01
3.572372738200044751e-01 5.989342072286373275e-01 2.667357703065603158e-01
3.572372738200044751e-01 5.989342072286373275e-01 2.667357703065603158e-01
3.572372738200044751e-01 5.989342072286373275e-01 2.667357703065603158e-01
9.955090900041757562e-02 5.621568196679574969e-01 1.781747161309046590e-01
5.820194202275651429e-01 4.406147479788512511e-01 2.158656384030605835e-01
5.820194202275651429e-01 4.406147479788512511e-01 2.158656384030605835e-01
1.098200180657402436e+00 4.759773281181247095e-01 1.362491136886092302e-01
1.365307211902334839e+00 3.308715365050609036e-01 1.136585355680274356e-01
1.270037111462831492e+00 1.249222727182088544e-01 8.424083688545655479e-02
1.267595168946469952e+00 8.377854140767376778e-02 6.370245101810008415e-02
8.320947452701218383e-01 2.894524095305315847e-01 1.411519519096700592e-01
5.034593169265669799e-01 5.083950523625682116e-01 2.470844683073050718e-01
5.034593169265669799e-01 5.083950523625682116e-01 2.470844683073050718e-01
5.034593169265669799e-01 5.083950523625682116e-01 2.470844683073050718e-01
5.034593169265669799e-01 5.083950523625682116e-01 2.470844683073050718e-01
5.034593169265669799e-01 5.083950523625682116e-01 2.470844683073050718e-01
7.155890625928564841e-01 3.933528680610699491e-01 2.025666549859797827e-01
7.155890625928564841e-01 3.933528680610699491e-01 2.025666549859797827e-01
7.155890625928564841e-01 3.933528680610699491e-01 2.025666549859797827e-01
1.204761055657298963e+00 3.589028212398099882e-01 1.495145038209192145e-01
1.204761055657298963e+00 3.589028212398099882e-01 1.495145038209192145e-01
1.642725858910080827e+00 3.022005720070060630e-01 5.560685821302348286e-02
1.711343746897459939e+00 -1.249131983231695497e-01 1.961824419261408090e-02
1.711343746897459939e+00 -1.249131983231695497e-01 1.961824419261408090e-02
1.662688457361978456e+00 -4.727310457728818582e-02 3.549535247224554907e-02
1.662688457361978456e+00 -4.727310457728818582e-02 3.549535247224554907e-02
1.662688457361978456e+00 -4.727310457728818582e-02 3.549535247224554907e-02
1.900447257921467070e+00 -1.052722661520456154e-01 2.573810706255116529e-02
1.900447257921467070e+00 -1.052722661520456154e-01 2.573810706255116529e-02
2.270383074590237360e+00 -4.633021929841635300e-03 1.705867835072301733e-02
2.315620792705177955e+00 9.181245198610014924e-02 9.855793033388999744e-03
2.315620792705177955e+00 9.181245198610014924e-02 9.855793033388999744e-03
2.315620792705177955e+00 9.181245198610014924e-02 9.855793033388999744e-03
2.048501136240780784e+00 1.824042637249152499e-01 2.041570809539738213e-02
1.197903318922683091e+00 1.507336923331498157e-02 2.986869414309662255e-02
1.197903318922683091e+00 1.507336923331498157e-02 2.986869414309662255e-02
1.135430718789663729e+00 1.429759095070222974e-01 8.241717897769139378e-02
1.135430718789663729e+00 1.429759095070222974e-01 8.241717897769139378e-02
1.251427142811121440e+00 4.484907800315327542e-01 1.000321760348497069e-01
1.251427142811121440e+00 4.484907800315327542e-01 1.000321760348497069e-01
1.579973553048068524e+00 1.809954564948075273e-01 8.648875833479537090e-02
1.579973553048068524e+00 1.809954564948075273e-01 8.648875833479537090e-02
1.579973553048068524e+00 1.809954564948075273e-01 8.648875833479537090e-02
1.629003314767736743e+00 3.323434280943863284e-01 4.999449745790734284e-02
1.775110241517434018e+00 2.866202651253735301e-01 3.627120258289739940e-02
1.775110241517434018e+00 2.866202651253735301e-01 3.627120258289739940e-02
1.775110241517434018e+00 2.866202651253735301e-01 3.627120258289739940e-02
1.755908496937198526e+00 3.974771353704160126e-01 1.696257299631064031e-02
1.535819952107369879e+00 3.126378377036727052e-01 7.585680147989280753e-02
1.013292429478266587e+00 1.679833634381161511e-01 8.234150781690192933e-02
1.381925129015713516e+00 1.304597585344471899e-01 9.070888978826979754e-02
1.381925129015713516e+00 1.304597585344471899e-01 9.070888978826979754e-02
1.233607495450933733e+00 4.921983269846918474e-01 8.265261622759614846e-02
1.233607495450933733e+00 4.921983269846918474e-01 8.265261622759614846e-02
1.593051272921513606e+00 3.799936131655407556e-01 4.288835260111204667e-02
1.593051272921513606e+00 3.799936131655407556e-01 4.288835260111204667e-02
1.498613684053436090e+00 4.224824702749492289e-01 4.740286938722992199e-02
1.306044316328246913e+00 2.280232931615972791e-01 1.270315508265595361e-01
1.419410587508561639e+00 4.267202608293894084e-01 6.331027060981085641e-02
1.419410587508561639e+00 4.267202608293894084e-01 6.331027060981085641e-02
1.419410587508561639e+00 4.267202608293894084e-01 6.331027060981085641e-02
1.401119556730350046e+00 1.913442262501467983e-01 1.097257753179218809e-01
