2.489132485845457765e-01 1.481402749648903505e-01 1.994938272179452507e-03
2.489132485845457765e-01 1.481402749648903505e-01 1.994938272179452507e-03
3.335759746077398002e-01 8.445358729658450914e-01 6.688464709323713175e-02
3.335759746077398002e-01 8.445358729658450914e-01 6.688464709323713175e-02
3.335759746077398002e-01 8.445358729658450914e-01 6.688464709323713175e-02
3.335759746077398002e-01 8.445358729658450914e-01 6.688464709323713175e-02
3.335759746077398002e-01 8.445358729658450914e-01 6.688464709323713175e-02
3.335759746077398002e-01 8.445358729658450914e-01 6.688464709323713175e-02
-1.297741976010013953e-03 1.072434590066559945e+00 7.684520064117866811e-02
-1.297741976010013953e-03 1.072434590066559945e+00 7.684520064117866811e-02
-1.297741976010013953e-03 1.072434590066559945e+00 7.684520064117866811e-02
-3.001424109762070025e-02 1.062783095829541891e+00 8.885746975056613151e-02
-1.421151173200163320e-01 1.315830618910368566e+00 2.653000919514961545e-02
2.401834641871411213e-01 9.008943804462201665e-01 7.293508223716767269e-02
2.401834641871411213e-01 9.008943804462201665e-01 7.293508223716767269e-02
2.401834641871411213e-01 9.008943804462201665e-01 7.293508223716767269e-02
-2.622092377964865828e-02 1.136819005885677969e+00 5.873420195271461530e-02
-3.623407194482948235e-01 6.818638443420986794e-01 2.569120918927621927e-02
-5.144312453626271875e-01 8.753700990519259761e-01 6.307856631912610312e-02
-3.264714942111610618e-01 8.515918673599187638e-01 9.785801331798563152e-02
1.432262107585378086e-01 8.465980273480809837e-01 1.106317003074343275e-01
1.432262107585378086e-01 8.465980273480809837e-01 1.106317003074343275e-01
1.432262107585378086e-01 8.465980273480809837e-01 1.106317003074343275e-01
1.432262107585378086e-01 8.465980273480809837e-01 1.106317003074343275e-01
2.769192456169744521e-01 7.034519393668290377e-01 1.025149038042831862e-01
2.769192456169744521e-01 7.034519393668290377e-01 1.025149038042831862e-01
1.425883619763184673e-01 7.591645657129743041e-01 1.162213275330187812e-01
-4.901285775770777842e-02 1.151369434984973461e+00 5.908514513281883096e-02
-4.901285775770777842e-02 1.151369434984973461e+00 5.908514513281883096e-02
-4.901285775770777842e-02 1.151369434984973461e+00 5.908514513281883096e-02
-9.527320506514980192e-02 1.153625866442388848e+00 7.049771970041172897e-02
-2.144414439834755048e-01 9.724990343824786443e-01 1.491857207103830241e-01
-2.144414439834755048e-01 9.724990343824786443e-01 1.491857207103830241e-01
-2.144414439834755048e-01 9.724990343824786443e-01 1.491857207103830241e-01
-2.144414439834755048e-01 9.724990343824786443e-01 1.491857207103830241e-01
-2.144414439834755048e-01 9.724990343824786443e-01 1.491857207103830241e-01
-2.144414439834755048e-01 9.724990343824786443e-01 1.491857207103830241e-01
-2.144414439834755048e-01 9.724990343824786443e-01 1.491857207103830241e-01
-2.418092389454005731e-01 8.395011305269624025e-01 1.107236435803329588e-01
-2.418092389454005731e-01 8.395011305269624025e-01 1.107236435803329588e-01
-6.108612500564989389e-01 1.149873169858756539e+00 1.578232383682445783e-01
-4.996249290285761369e-01 1.162451704547838416e+00 1.630540908539437617e-01
-4.996249290285761369e-01 1.162451704547838416e+00 1.630540908539437617e-01
-4.996249290285761369e-01 1.162451704547838416e+00 1.630540908539437617e-01
-4.996249290285761369e-01 1.162451704547838416e+00 1.630540908539437617e-01
-7.279577585199015211e-02 1.004271996707563730e+00 1.218808461912940233e-01
1.478765683403611142e-01 8.203555642516362489e-01 1.136951093498283771e-01
7.115033613285665082e-03 8.917088466464340168e-01 1.287087338842169415e-01
7.115033613285665082e-03 8.917088466464340168e-01 1.287087338842169415e-01
7.115033613285665082e-03 8.917088466464340168e-01 1.287087338842169415e-01
7.115033613285665082e-03 8.917088466464340168e-01 1.287087338842169415e-01
-1.049636902511173475e-01 1.010276581460791245e+00 1.279631563452175991e-01
-1.049636902511173475e-01 1.010276581460791245e+00 1.279631563452175991e-01
-1.049636902511173475e-01 1.010276581460791245e+00 1.279631563452175991e-01
-1.049636902511173475e-01 1.010276581460791245e+00 1.279631563452175991e-01
-1.049636902511173475e-01 1.010276581460791245e+00 1.279631563452175991e-01
-1.049636902511173475e-01 1.010276581460791245e+00 1.279631563452175991e-01
-7.391537423121138928e-03 8.569577251603575085e-01 1.317996119492017559e-01
-7.391537423121138928e-03 8.569577251603575085e-01 1.317996119492017559e-01
-3.758140618747908279e-01 1.106163008425822936e+00 1.573814752773280423e-01
-4.330832373020061521e-01 8.453369409909001764e-01 6.930083210830909057e-02
-2.870770321499518385e-01 1.098233390362947315e+00 1.447253345102950117e-01
-4.507202435359293213e-01 1.130954791367350332e+00 1.618256118187662573e-01
-4.507202435359293213e-01 1.130954791367350332e+00 1.618256118187662573e-01
-4.507202435359293213e-01 1.130954791367350332e+00 1.618256118187662573e-01
-4.507202435359293213e-01 1.130954791367350332e+00 1.618256118187662573e-01
-4.507202435359293213e-01 1.130954791367350332e+00 1.618256118187662573e-01
-2.375193815547856357e-01 9.412133256140469140e-01 1.453705724344947492e-01
-4.330075648256936915e-02 9.474145561862594711e-01 1.293143081968181618e-01
-4.330075648256936915e-02 9.474145561862594711e-01 1.293143081968181618e-01
-4.330075648256936915e-02 9.474145561862594711e-01 1.293143081968181618e-01
-5.092062459451009993e-01 9.473816878585002987e-01 9.812737801005841365e-02
-3.629220247840940772e-01 1.296461555732747462e+00 8.450721267774995160e-02
-4.572394791509042378e-01 1.274180923397215670e+00 1.229058862153796367e-01
-4.129607467612691485e-01 1.440492687223047241e+00 3.849510628712977944e-02
-6.422745833713942032e-01 1.142191175723182406e+00 1.507580854322076724e-01
-6.422745833713942032e-01 1.142191175723182406e+00 1.507580854322076724e-01
-8.712158327863257501e-01 1.260335679114497287e+00 1.416161202477778658e-01
-8.712158327863257501e-01 1.260335679114497287e+00 1.416161202477778658e-01
-6.950414188074593991e-01 1.532107526840597922e+00 6.641765304290099536e-02
-6.950414188074593991e-01 1.532107526840597922e+00 6.641765304290099536e-02
-7.938749707797968513e-01 1.073108453463042622e+00 7.968190177457072643e-02
-1.428393371901071962e+00 1.185602729340988759e+00 5.994073705680079411e-03
-1.428393371901071962e+00 1.185602729340988759e+00 5.994073705680079411e-03
-1.428393371901071962e+00 1.185602729340988759e+00 5.994073705680079411e-03
-1.428393371901071962e+00 1.185602729340988759e+00 5.994073705680079411e-03
-5.618182103717331843e-01 1.527349250335293895e+00 3.885547163679255872e-02
-5.299136584340786715e-01 1.375958678794764634e+00 9.530775409320443869e-02
-9.652157770870956055e-02 9.178305148711070061e-01 1.400489384204579579e-01
1.603237292424694593e-01 8.767656530259483327e-01 1.001359159277856459e-01
1.603237292424694593e-01 8.767656530259483327e-01 1.001359159277856459e-01
-2.964816227003595484e-01 1.211296101303690698e+00 1.043413689457162452e-01
-2.964816227003595484e-01 1.211296101303690698e+00 1.043413689457162452e-01
-2.964816227003595484e-01 1.211296101303690698e+00 1.043413689457162452e-01
-2.964816227003595484e-01 1.211296101303690698e+00 1.043413689457162452e-01
-4.701288570756632090e-01 1.066664736538919245e+00 1.549001791211268575e-01
-4.701288570756632090e-01 1.066664736538919245e+00 1.549001791211268575e-01
4.100286335190050924e-02 5.011352030871724095e-01 3.195099059414094333e-02
-5.306865871333486806e-02 7.438411306449759230e-01 1.042829289627529854e-01
-5.306865871333486806e-02 7.438411306449759230e-01 1.042829289627529854e-01
