2.489132485845457765e-01 1.481402749648903505e-01 2.596764640616904679e-03
3.005420415679859181e-01 8.097197362362665296e-02 1.722417400831351359e-03
5.058955345436720874e-01 1.329133600785842861e-01 1.525924374459087032e-02
6.715295785405426265e-01 -4.724193922310945815e-02 7.538935896751860349e-03
9.030383566106637838e-01 -1.100055862807995111e-01 1.814546151194479026e-02
1.093999461106581084e+00 3.875577324352792452e-01 7.356160875689021772e-02
1.093999461106581084e+00 3.875577324352792452e-01 7.356160875689021772e-02
1.093999461106581084e+00 3.875577324352792452e-01 7.356160875689021772e-02
1.358961640536004767e+00 -6.555736339213580344e-02 1.012335581159227033e-01
1.358961640536004767e+00 -6.555736339213580344e-02 1.012335581159227033e-01
1.774139669899863936e+00 -4.137737023165776185e-01 5.930913769359690002e-02
1.774139669899863936e+00 -4.137737023165776185e-01 5.930913769359690002e-02
1.774139669899863936e+00 -4.137737023165776185e-01 5.930913769359690002e-02
1.774139669899863936e+00 -4.137737023165776185e-01 5.930913769359690002e-02
1.774139669899863936e+00 -4.137737023165776185e-01 5.930913769359690002e-02
1.370700931220383723e+00 -2.154472009307270841e-01 6.220913165340734297e-02
2.136889824900270796e+00 -4.228386546800529944e-01 5.179668808587770124e-02
2.136889824900270796e+00 -4.228386546800529944e-01 5.179668808587770124e-02
2.136889824900270796e+00 -4.228386546800529944e-01 5.179668808587770124e-02
2.136889824900270796e+00 -4.228386546800529944e-01 5.179668808587770124e-02
2.135942566769632567e+00 -6.718923899656439325e-01 3.448893294819194155e-02
2.135942566769632567e+00 -6.718923899656439325e-01 3.448893294819194155e-02
1.902086997712487237e+00 -5.836903435128374396e-01 3.408758299245513712e-02
1.874910915493931185e+00 -2.623198701617343587e-01 7.145924669968944931e-02
1.874910915493931185e+00 -2.623198701617343587e-01 7.145924669968944931e-02
1.874910915493931185e+00 -2.623198701617343587e-01 7.145924669968944931e-02
1.874910915493931185e+00 -2.623198701617343587e-01 7.145924669968944931e-02
1.874910915493931185e+00 -2.623198701617343587e-01 7.145924669968944931e-02
1.876417924762223910e+00 -3.635939082054085447e-01 7.090691399341747525e-02
1.876417924762223910e+00 -3.635939082054085447e-01 7.090691399341747525e-02
1.801841834712638146e+00 -5.068787944475766638e-01 4.083695789456801700e-02
1.801841834712638146e+00 -5.068787944475766638e-01 4.083695789456801700e-02
1.523556818288984260e+00 -3.257440683255871106e-01 5.300517092918436562e-02
1.523556818288984260e+00 -3.257440683255871106e-01 5.300517092918436562e-02
1.523556818288984260e+00 -3.257440683255871106e-01 5.300517092918436562e-02
1.523556818288984260e+00 -3.257440683255871106e-01 5.300517092918436562e-02
1.523556818288984260e+00 -3.257440683255871106e-01 5.300517092918436562e-02
1.764871699710704345e+00 -1.100462746789753199e-01 6.762597580017890020e-02
1.851630388947641093e+00 -1.019516950889880202e-01 4.952492521065791214e-02
2.049879280356000422e+00 -6.203174728046497721e-01 3.817573850046184630e-02
2.106544441503825915e+00 -7.804518931482610222e-01 1.709418729377703422e-02
2.106544441503825915e+00 -7.804518931482610222e-01 1.709418729377703422e-02
2.106544441503825915e+00 -7.804518931482610222e-01 1.709418729377703422e-02
2.431049059778198629e+00 -7.603916916514992241e-01 3.036146421626510425e-02
2.431049059778198629e+00 -7.603916916514992241e-01 3.036146421626510425e-02
2.431049059778198629e+00 -7.603916916514992241e-01 3.036146421626510425e-02
2.608961253118817325e+00 -6.483948444779724651e-01 2.088195140693334048e-02
2.608961253118817325e+00 -6.483948444779724651e-01 2.088195140693334048e-02
2.534095639211054962e+00 -8.025224791662258772e-01 2.650903543816192365e-02
2.295019290826016078e+00 -6.821983102188323711e-01 3.720465703579051153e-02
2.295019290826016078e+00 -6.821983102188323711e-01 3.720465703579051153e-02
2.197774878324195491e+00 -8.182432658312008833e-01 1.729742521690811122e-02
2.197774878324195491e+00 -8.182432658312008833e-01 1.729742521690811122e-02
2.267002185756803900e+00 -7.821972819965400392e-01 2.504095612016239009e-02
2.275795723535342763e+00 -5.560466418175455949e-01 4.366522825390004026e-02
2.275795723535342763e+00 -5.560466418175455949e-01 4.366522825390004026e-02
2.275795723535342763e+00 -5.560466418175455949e-01 4.366522825390004026e-02
2.382598638792678081e+00 -3.345902912632828796e-01 1.404356252395289918e-02
2.050128611443638338e+00 -6.263526405451860235e-01 3.715853463770704690e-02
2.253035045527060909e+00 -9.840847741214204802e-01 5.388852394135076537e-03
2.253035045527060909e+00 -9.840847741214204802e-01 5.388852394135076537e-03
2.114782284910112775e+00 -9.508505226662387066e-01 3.762071083119899496e-03
2.142664306380455130e+00 -4.367149421760430084e-01 5.193878479707875195e-02
2.466715922548397444e+00 -5.887530144747338268e-01 2.906167065145210532e-02
2.304321628233994446e+00 -3.590318663985511694e-01 2.429247700337592436e-02
2.041632548972986516e+00 -2.370944413721468025e-01 4.253171753833635133e-02
1.232661499387631920e+00 -1.109433328098041738e-01 7.158507645342067349e-02
1.607434161981270204e+00 -2.425824053411683445e-01 8.336444513300317327e-02
1.607434161981270204e+00 -2.425824053411683445e-01 8.336444513300317327e-02
1.607434161981270204e+00 -2.425824053411683445e-01 8.336444513300317327e-02
1.607434161981270204e+00 -2.425824053411683445e-01 8.336444513300317327e-02
1.321994441245594620e+00 4.283862772380633843e-02 1.105409578749618482e-01
1.321994441245594620e+00 4.283862772380633843e-02 1.105409578749618482e-01
1.321994441245594620e+00 4.283862772380633843e-02 1.105409578749618482e-01
1.247168087884225063e+00 -9.984357642580971026e-02 7.778255061070744880e-02
1.247168087884225063e+00 -9.984357642580971026e-02 7.778255061070744880e-02
1.247168087884225063e+00 -9.984357642580971026e-02 7.778255061070744880e-02
1.247168087884225063e+00 -9.984357642580971026e-02 7.778255061070744880e-02
1.121910155191971681e+00 2.568089815229697703e-01 1.068444257669083353e-01
1.121910155191971681e+00 2.568089815229697703e-01 1.068444257669083353e-01
1.208627665833487130e+00 1.300293078670411440e-04 1.009229419219497548e-01
1.338615343191217111e+00 2.214428214917918969e-01 7.211947889762886088e-02
1.106642297099830641e+00 4.387778625590574300e-02 9.796924164002401847e-02
1.171073590829116329e+00 1.198895771181624492e-01 1.162008720956415608e-01
1.039223928849421608e+00 8.939515572784947905e-02 9.980242151155065133e-02
1.039223928849421608e+00 8.939515572784947905e-02 9.980242151155065133e-02
8.629620447050860843e-01 1.762640557241527128e-01 9.275306773085371936e-02
6.761932542842133964e-01 4.758939376956073386e-01 1.134586293026333126e-01
6.761932542842133964e-01 4.758939376956073386e-01 1.134586293026333126e-01
6.761932542842133964e-01 4.758939376956073386e-01 1.134586293026333126e-01
6.761932542842133964e-01 4.758939376956073386e-01 1.134586293026333126e-01
6.761932542842133964e-01 4.758939376956073386e-01 1.134586293026333126e-01
6.761932542842133964e-01 4.758939376956073386e-01 1.134586293026333126e-01
6.761932542842133964e-01 4.758939376956073386e-01 1.134586293026333126e-01
6.761932542842133964e-01 4.758939376956073386e-01 1.134586293026333126e-01
6.761932542842133964e-01 4.758939376956073386e-01 1.134586293026333126e-01
2.146711102552177342e-01 4.134468762705295619e-01 2.798507655152323789e-02
1.789731237601235869e-02 4.813754477527047992e-01 1.504125871981601761e-02
1.789731237601235869e-02 4.813754477527047992e-01 1.504125871981601761e-02
1.977422982240675253e-01 9.465503517100599673e-01 5.499631171906072674e-02
