2.489132485845457765e-01 1.481402749648903505e-01 1.699296235142038758e-01
1.537856825007644646e-01 4.492962154721625856e-01 4.315049394842510599e-01
1.537856825007644646e-01 4.492962154721625856e-01 4.315049394842510599e-01
1.537856825007644646e-01 4.492962154721625856e-01 4.315049394842510599e-01
7.999959081296256769e-02 5.424814593390713258e-01 3.258744424062719469e-01
3.363805965170207912e-01 6.437799591874798777e-01 7.242907886941041262e-02
3.363805965170207912e-01 6.437799591874798777e-01 7.242907886941041262e-02
3.363805965170207912e-01 6.437799591874798777e-01 7.242907886941041262e-02
3.363805965170207912e-01 6.437799591874798777e-01 7.242907886941041262e-02
3.363805965170207912e-01 6.437799591874798777e-01 7.242907886941041262e-02
3.363805965170207912e-01 6.437799591874798777e-01 7.242907886941041262e-02
2.729150908200206338e-01 6.846403971767802688e-01 1.219181264016845068e-01
1.367353261189278302e-01 4.223333325797047344e-01 3.354018137969241864e-01
4.045915525185025396e-01 1.601914383990071800e-01 4.808153247801124630e-01
4.045915525185025396e-01 1.601914383990071800e-01 4.808153247801124630e-01
4.226991382011510145e-01 3.570282300072437076e-01 2.836601683080630654e-01
4.226991382011510145e-01 3.570282300072437076e-01 2.836601683080630654e-01
4.226991382011510145e-01 3.570282300072437076e-01 2.836601683080630654e-01
4.226991382011510145e-01 3.570282300072437076e-01 2.836601683080630654e-01
4.226991382011510145e-01 3.570282300072437076e-01 2.836601683080630654e-01
4.226991382011510145e-01 3.570282300072437076e-01 2.836601683080630654e-01
4.371149661590484348e-01 5.782996697089781701e-01 2.330747203361114780e-02
5.764906720473145230e-01 3.658215124389473383e-01 1.709981257253578163e-02
5.764906720473145230e-01 3.658215124389473383e-01 1.709981257253578163e-02
7.663309547556786949e-01 -9.524681708426746551e-02 2.550741337212962881e-02
8.706132185986668048e-01 -2.698835810412907321e-01 8.975095258934959186e-03
7.026505435429893920e-01 -4.792133165792555882e-01 1.817302290079133437e-02
7.026505435429893920e-01 -4.792133165792555882e-01 1.817302290079133437e-02
3.985358701836188566e-01 -1.913572890192642983e-01 2.767127849054436955e-02
3.985358701836188566e-01 -1.913572890192642983e-01 2.767127849054436955e-02
3.929426354880487526e-01 3.063711206335404946e-01 4.598664707682813546e-01
3.929426354880487526e-01 3.063711206335404946e-01 4.598664707682813546e-01
4.829543897799615793e-01 -2.511174663364951209e-02 2.800815414783243695e-01
4.829543897799615793e-01 -2.511174663364951209e-02 2.800815414783243695e-01
4.829543897799615793e-01 -2.511174663364951209e-02 2.800815414783243695e-01
4.829543897799615793e-01 -2.511174663364951209e-02 2.800815414783243695e-01
4.554357858570394213e-01 8.907886020973532215e-02 4.032292610778512865e-01
4.554357858570394213e-01 8.907886020973532215e-02 4.032292610778512865e-01
4.554357858570394213e-01 8.907886020973532215e-02 4.032292610778512865e-01
4.554357858570394213e-01 8.907886020973532215e-02 4.032292610778512865e-01
4.554357858570394213e-01 8.907886020973532215e-02 4.032292610778512865e-01
3.190661735188496939e-01 3.323816131614794056e-01 5.845109451516248278e-01
3.190661735188496939e-01 3.323816131614794056e-01 5.845109451516248278e-01
3.190661735188496939e-01 3.323816131614794056e-01 5.845109451516248278e-01
3.190661735188496939e-01 3.323816131614794056e-01 5.845109451516248278e-01
3.190661735188496939e-01 3.323816131614794056e-01 5.845109451516248278e-01
3.190661735188496939e-01 3.323816131614794056e-01 5.845109451516248278e-01
3.190661735188496939e-01 3.323816131614794056e-01 5.845109451516248278e-01
3.190661735188496939e-01 3.323816131614794056e-01 5.845109451516248278e-01
3.190661735188496939e-01 3.323816131614794056e-01 5.845109451516248278e-01
3.190661735188496939e-01 3.323816131614794056e-01 5.845109451516248278e-01
4.182485271874465393e-01 3.519340901998408988e-01 3.065695818434419628e-01
4.182485271874465393e-01 3.519340901998408988e-01 3.065695818434419628e-01
4.182485271874465393e-01 3.519340901998408988e-01 3.065695818434419628e-01
6.221492714358675125e-01 1.206804241767679697e-01 8.128810064341290831e-02
6.221492714358675125e-01 1.206804241767679697e-01 8.128810064341290831e-02
6.221492714358675125e-01 1.206804241767679697e-01 8.128810064341290831e-02
6.221492714358675125e-01 1.206804241767679697e-01 8.128810064341290831e-02
6.221492714358675125e-01 1.206804241767679697e-01 8.128810064341290831e-02
5.527439740036077520e-01 -9.735589762647137158e-02 2.109504121229080487e-01
5.527439740036077520e-01 -9.735589762647137158e-02 2.109504121229080487e-01
5.527439740036077520e-01 -9.735589762647137158e-02 2.109504121229080487e-01
5.527439740036077520e-01 -9.735589762647137158e-02 2.109504121229080487e-01
5.527439740036077520e-01 -9.735589762647137158e-02 2.109504121229080487e-01
4.103184314916172859e-01 2.999978017446239820e-01 4.164480339198730618e-01
4.103184314916172859e-01 2.999978017446239820e-01 4.164480339198730618e-01
4.103184314916172859e-01 2.999978017446239820e-01 4.164480339198730618e-01
4.103184314916172859e-01 2.999978017446239820e-01 4.164480339198730618e-01
4.103184314916172859e-01 2.999978017446239820e-01 4.164480339198730618e-01
4.103184314916172859e-01 2.999978017446239820e-01 4.164480339198730618e-01
8.463152387755623618e-02 2.862377205893258947e-01 4.824308356990887614e-02
8.463152387755623618e-02 2.862377205893258947e-01 4.824308356990887614e-02
8.463152387755623618e-02 2.862377205893258947e-01 4.824308356990887614e-02
8.463152387755623618e-02 2.862377205893258947e-01 4.824308356990887614e-02
2.568625230309845575e-01 5.952116375173099883e-02 7.412178915648978683e-02
2.568625230309845575e-01 5.952116375173099883e-02 7.412178915648978683e-02
1.548269887698384140e-01 2.118833428009294639e-01 7.691942226379457070e-02
1.548269887698384140e-01 2.118833428009294639e-01 7.691942226379457070e-02
1.548269887698384140e-01 2.118833428009294639e-01 7.691942226379457070e-02
2.124982515467068456e-01 4.941797181713137310e-01 5.570366941972076935e-01
2.124982515467068456e-01 4.941797181713137310e-01 5.570366941972076935e-01
2.124982515467068456e-01 4.941797181713137310e-01 5.570366941972076935e-01
2.124982515467068456e-01 4.941797181713137310e-01 5.570366941972076935e-01
2.124982515467068456e-01 4.941797181713137310e-01 5.570366941972076935e-01
2.124982515467068456e-01 4.941797181713137310e-01 5.570366941972076935e-01
2.124982515467068456e-01 4.941797181713137310e-01 5.570366941972076935e-01
5.561739606222189103e-01 1.092159467292306285e-01 2.142506069519790612e-01
5.561739606222189103e-01 1.092159467292306285e-01 2.142506069519790612e-01
5.561739606222189103e-01 1.092159467292306285e-01 2.142506069519790612e-01
5.462056523982613543e-01 1.054825167993859031e-01 2.402089655048590955e-01
3.185156352685427072e-01 3.794744973824317746e-01 5.540645171678971748e-01
3.185156352685427072e-01 3.794744973824317746e-01 5.540645171678971748e-01
3.185156352685427072e-01 3.794744973824317746e-01 5.540645171678971748e-01
3.185156352685427072e-01 3.794744973824317746e-01 5.540645171678971748e-01
3.185156352685427072e-01 3.794744973824317746e-01 5.540645171678971748e-01
3.185156352685427072e-01 3.794744973824317746e-01 5.540645171678971748e-01
3.185156352685427072e-01 3.794744973824317746e-01 5.540645171678971748e-01
3.185156352685427072e-01 3.794744973824317746e-01 5.540645171678971748e-01
4.192624389176087818e-01 2.862384196484294430e-01 4.081332222837691925e-01
3.089978864120276891e-01 4.031875029638245511e-01 5.447454913973497348e-01
