2.489132485845457765e-01 1.481402749648903505e-01 1.021710923361872220e-01
4.723764889101407238e-01 6.803025044061104809e-02 5.332071712559665055e-01
4.723764889101407238e-01 6.803025044061104809e-02 5.332071712559665055e-01
4.723764889101407238e-01 6.803025044061104809e-02 5.332071712559665055e-01
5.311575553202713129e-01 3.007649356522737460e-01 5.331333274711388404e-01
9.577042042218472107e-01 -2.807261564552885891e-01 2.533244750512990695e-01
9.577042042218472107e-01 -2.807261564552885891e-01 2.533244750512990695e-01
9.577042042218472107e-01 -2.807261564552885891e-01 2.533244750512990695e-01
1.243750167328814937e+00 -6.030812940841490111e-01 4.473182603020760262e-02
9.950582648760679660e-01 -6.766964982870361522e-01 3.951247566103648079e-02
1.205627664091996287e+00 -8.748156894568865916e-01 1.598328135294510913e-02
9.420402693080243139e-01 -1.659217280757121493e-01 2.002183641925466551e-01
9.747814899470097494e-01 -2.301464790804995941e-01 1.939409804794212933e-01
9.747814899470097494e-01 -2.301464790804995941e-01 1.939409804794212933e-01
9.108917880951776791e-01 -2.311446745285046511e-01 3.129918055199006344e-01
9.108917880951776791e-01 -2.311446745285046511e-01 3.129918055199006344e-01
9.108917880951776791e-01 -2.311446745285046511e-01 3.129918055199006344e-01
9.108917880951776791e-01 -2.311446745285046511e-01 3.129918055199006344e-01
5.982718527391215346e-01 -1.372165343085641198e-01 3.302386781047466080e-01
5.982718527391215346e-01 -1.372165343085641198e-01 3.302386781047466080e-01
7.987216082083031798e-01 -2.468375324453843667e-01 4.047941626964898787e-01
7.987216082083031798e-01 -2.468375324453843667e-01 4.047941626964898787e-01
8.001068461453492153e-01 -1.637891120999382388e-01 4.800765779600309480e-01
8.001068461453492153e-01 -1.637891120999382388e-01 4.800765779600309480e-01
6.744099485700778551e-01 -3.372785301520909718e-01 9.822427193968284731e-02
6.744099485700778551e-01 -3.372785301520909718e-01 9.822427193968284731e-02
8.079716866478834358e-01 -1.295508738160968398e-01 4.650804998604276541e-01
8.079716866478834358e-01 -1.295508738160968398e-01 4.650804998604276541e-01
8.079716866478834358e-01 -1.295508738160968398e-01 4.650804998604276541e-01
8.079716866478834358e-01 -1.295508738160968398e-01 4.650804998604276541e-01
8.079716866478834358e-01 -1.295508738160968398e-01 4.650804998604276541e-01
6.412256580086159730e-01 -2.494281670120133687e-01 1.787862560124235667e-01
6.412256580086159730e-01 -2.494281670120133687e-01 1.787862560124235667e-01
7.017026747582661983e-01 -4.229120089144577932e-01 4.660418887080906847e-02
7.017026747582661983e-01 -4.229120089144577932e-01 4.660418887080906847e-02
7.017026747582661983e-01 -4.229120089144577932e-01 4.660418887080906847e-02
7.017026747582661983e-01 -4.229120089144577932e-01 4.660418887080906847e-02
7.017026747582661983e-01 -4.229120089144577932e-01 4.660418887080906847e-02
7.017026747582661983e-01 -4.229120089144577932e-01 4.660418887080906847e-02
9.950457401662982093e-01 -2.387122129498248646e-01 1.656054446874583308e-01
9.441455032266869996e-01 -1.383651325407095345e-01 1.688613309646725125e-01
9.441455032266869996e-01 -1.383651325407095345e-01 1.688613309646725125e-01
8.007616167332839430e-01 -1.541789475438995471e-01 4.811304366132406751e-01
8.007616167332839430e-01 -1.541789475438995471e-01 4.811304366132406751e-01
7.644379141793854471e-01 -6.151212282294048206e-02 5.167516037468669055e-01
7.644379141793854471e-01 -6.151212282294048206e-02 5.167516037468669055e-01
7.954603142180898256e-01 1.867503889874737033e-01 7.441328494760736378e-02
3.938649383679830307e-01 1.477636621550904861e-01 4.920513236765614029e-01
6.719291478975308873e-01 -3.813927657468209054e-01 5.529444965020797326e-02
6.719291478975308873e-01 -3.813927657468209054e-01 5.529444965020797326e-02
6.719291478975308873e-01 -3.813927657468209054e-01 5.529444965020797326e-02
9.445248304420326146e-01 -4.059878646947681635e-01 2.344346934077058131e-01
8.328898991807552887e-01 -2.696799513707103801e-01 3.804643736118365482e-01
8.328898991807552887e-01 -2.696799513707103801e-01 3.804643736118365482e-01
8.328898991807552887e-01 -2.696799513707103801e-01 3.804643736118365482e-01
8.328898991807552887e-01 -2.696799513707103801e-01 3.804643736118365482e-01
8.328898991807552887e-01 -2.696799513707103801e-01 3.804643736118365482e-01
6.737132111452944772e-01 -2.252571497667065492e-01 2.859970315209198755e-01
7.996929188753056916e-01 -8.188610502670182201e-02 4.492170025882659679e-01
7.996929188753056916e-01 -8.188610502670182201e-02 4.492170025882659679e-01
7.996929188753056916e-01 -8.188610502670182201e-02 4.492170025882659679e-01
7.996929188753056916e-01 -8.188610502670182201e-02 4.492170025882659679e-01
7.996929188753056916e-01 -8.188610502670182201e-02 4.492170025882659679e-01
7.996929188753056916e-01 -8.188610502670182201e-02 4.492170025882659679e-01
7.996929188753056916e-01 -8.188610502670182201e-02 4.492170025882659679e-01
7.996929188753056916e-01 -8.188610502670182201e-02 4.492170025882659679e-01
7.996929188753056916e-01 -8.188610502670182201e-02 4.492170025882659679e-01
7.996929188753056916e-01 -8.188610502670182201e-02 4.492170025882659679e-01
7.996929188753056916e-01 -8.188610502670182201e-02 4.492170025882659679e-01
7.996929188753056916e-01 -8.188610502670182201e-02 4.492170025882659679e-01
7.996929188753056916e-01 -8.188610502670182201e-02 4.492170025882659679e-01
7.996929188753056916e-01 -8.188610502670182201e-02 4.492170025882659679e-01
7.996929188753056916e-01 -8.188610502670182201e-02 4.492170025882659679e-01
7.996929188753056916e-01 -8.188610502670182201e-02 4.492170025882659679e-01
7.961711609348524066e-01 -1.966661146104636271e-01 4.640111414038983195e-01
7.961711609348524066e-01 -1.966661146104636271e-01 4.640111414038983195e-01
7.961711609348524066e-01 -1.966661146104636271e-01 4.640111414038983195e-01
7.256213279166163765e-01 -1.752155020993861334e-01 4.770869933172641741e-01
7.256213279166163765e-01 -1.752155020993861334e-01 4.770869933172641741e-01
7.256213279166163765e-01 -1.752155020993861334e-01 4.770869933172641741e-01
7.256213279166163765e-01 -1.752155020993861334e-01 4.770869933172641741e-01
7.256213279166163765e-01 -1.752155020993861334e-01 4.770869933172641741e-01
7.256213279166163765e-01 -1.752155020993861334e-01 4.770869933172641741e-01
7.256213279166163765e-01 -1.752155020993861334e-01 4.770869933172641741e-01
7.256213279166163765e-01 -1.752155020993861334e-01 4.770869933172641741e-01
7.256213279166163765e-01 -1.752155020993861334e-01 4.770869933172641741e-01
7.256213279166163765e-01 -1.752155020993861334e-01 4.770869933172641741e-01
7.256213279166163765e-01 -1.752155020993861334e-01 4.770869933172641741e-01
6.430935926497119981e-01 -6.324193921691090292e-03 6.831787244872234988e-01
6.430935926497119981e-01 -6.324193921691090292e-03 6.831787244872234988e-01
6.430935926497119981e-01 -6.324193921691090292e-03 6.831787244872234988e-01
7.071309833610894824e-01 -1.640067235419142774e-02 6.101706225134232442e-01
8.209987603169994763e-01 7.607384843140031772e-02 1.564989362043028853e-01
7.495910684155874248e-01 -3.062057552483026246e-01 2.477552761365260925e-01
4.918953690373668031e-01 4.023129868483501514e-01 3.770150905233551342e-01
4.918953690373668031e-01 4.023129868483501514e-01 3.770150905233551342e-01
4.918953690373668031e-01 4.023129868483501514e-01 3.770150905233551342e-01
4.918953690373668031e-01 4.023129868483501514e-01 3.770150905233551342e-01
6.439759182183169006e-01 1.630682176300051467e-01 5.040803926159415083e-01
4.326304133181299028e-01 3.215349892015084698e-01 7.345282835413802225e-01
