2.489132485845457765e-01 1.481402749648903505e-01 1.778880615522164966e-03
2.489132485845457765e-01 1.481402749648903505e-01 1.778880615522164966e-03
5.393223989230968574e-01 9.249995413949275991e-02 6.353432858818954324e-03
1.928375249045020112e-01 2.464122630528901015e-01 3.955772013534699164e-03
1.928375249045020112e-01 2.464122630528901015e-01 3.955772013534699164e-03
8.499937954511130322e-02 4.434480056481674426e-01 1.490958782543605823e-02
4.045487322844077971e-01 6.761673723229846278e-01 7.114105470609452531e-02
4.045487322844077971e-01 6.761673723229846278e-01 7.114105470609452531e-02
1.946839382391704343e-01 8.040918725107765175e-01 7.114122184506924129e-02
1.946839382391704343e-01 8.040918725107765175e-01 7.114122184506924129e-02
3.373124138691151463e-01 4.702757411969276102e-01 4.580260485299997991e-02
5.077745515886457062e-01 4.562213270685936406e-01 6.089831643887785168e-02
5.077745515886457062e-01 4.562213270685936406e-01 6.089831643887785168e-02
5.077745515886457062e-01 4.562213270685936406e-01 6.089831643887785168e-02
4.712823698500016589e-01 2.060877578165596358e-01 1.307140894463243094e-02
8.619385964878536477e-01 2.699717399212156477e-01 5.750394508646920061e-02
8.619385964878536477e-01 2.699717399212156477e-01 5.750394508646920061e-02
8.619385964878536477e-01 2.699717399212156477e-01 5.750394508646920061e-02
1.206234967867404473e+00 4.080182469246780297e-01 2.916165071241319517e-02
1.328839565647027099e+00 3.191698228290665851e-01 2.941782660714528999e-02
9.590103923700269428e-01 4.231964628936004114e-01 5.437145915673014668e-02
9.590103923700269428e-01 4.231964628936004114e-01 5.437145915673014668e-02
2.915425276998983017e-01 8.622756386576889698e-01 5.454724529918594106e-02
2.915425276998983017e-01 8.622756386576889698e-01 5.454724529918594106e-02
9.929994717099593915e-02 6.754612383487121896e-01 5.895486608286785307e-02
9.929994717099593915e-02 6.754612383487121896e-01 5.895486608286785307e-02
-1.682382085702459618e-01 6.729548492451025155e-01 2.646445299917862815e-02
-3.724405341899327815e-01 8.356915025619091608e-01 3.234491221875993028e-02
-3.724405341899327815e-01 8.356915025619091608e-01 3.234491221875993028e-02
-3.724405341899327815e-01 8.356915025619091608e-01 3.234491221875993028e-02
-3.724405341899327815e-01 8.356915025619091608e-01 3.234491221875993028e-02
-1.479185284345042040e-01 7.955534456060262549e-01 5.233810817918231606e-02
-1.479185284345042040e-01 7.955534456060262549e-01 5.233810817918231606e-02
5.117464716510240486e-01 8.511911223899423229e-01 3.024182117477774295e-02
4.416534022113516311e-01 6.307341482150157219e-01 7.193764613929926055e-02
4.416534022113516311e-01 6.307341482150157219e-01 7.193764613929926055e-02
4.009147615776069151e-01 8.244191422469291375e-01 4.911218312996178115e-02
4.009147615776069151e-01 8.244191422469291375e-01 4.911218312996178115e-02
5.179850816553084325e-01 6.534985009870253325e-01 6.599947745402631738e-02
6.060996979393385997e-01 6.573243424416579384e-01 5.662418316604808655e-02
6.060996979393385997e-01 6.573243424416579384e-01 5.662418316604808655e-02
6.622048016928362424e-01 5.710989150992306085e-01 6.380033816399212354e-02
6.622048016928362424e-01 5.710989150992306085e-01 6.380033816399212354e-02
8.361898480457760074e-01 4.186244040905893748e-01 6.445251028950930994e-02
9.263633108294296870e-01 2.690833936868116671e-01 5.985942370260262380e-02
1.469788967321646211e+00 2.669999448437590517e-01 2.273661165042618892e-02
1.366587020986816281e+00 3.456031306460943808e-01 2.208939350170870120e-02
1.117642842972179196e+00 -4.619271222668225318e-02 2.519298580552023492e-02
1.117642842972179196e+00 -4.619271222668225318e-02 2.519298580552023492e-02
9.235275533256863678e-01 4.998138653091045991e-01 4.662920807286987518e-02
9.235275533256863678e-01 4.998138653091045991e-01 4.662920807286987518e-02
2.757898196614710917e-01 6.424011675059282389e-01 6.941851641179029586e-02
4.761864815895194836e-01 7.119033360438603575e-01 6.152876612243571991e-02
6.832134235218063623e-01 3.616342281688292859e-01 5.951825332507037353e-02
5.092666636277688452e-01 5.717353927552385473e-01 7.142905889888316595e-02
1.827724137109582592e-01 8.251666727027378023e-01 6.988516317063395156e-02
1.767433578476209355e-01 1.004892040855453139e+00 3.875353260499696251e-02
-1.403289106205224679e-01 8.024767752008146182e-01 5.450358212203108149e-02
-1.403289106205224679e-01 8.024767752008146182e-01 5.450358212203108149e-02
2.006877178642264281e-01 7.085893510355349978e-01 7.138222103125833884e-02
2.006877178642264281e-01 7.085893510355349978e-01 7.138222103125833884e-02
3.435961931452005125e-01 8.021092101456751555e-01 6.005786661232942469e-02
-8.052003829872034224e-02 8.204589031041483738e-01 6.370705864216519299e-02
-8.052003829872034224e-02 8.204589031041483738e-01 6.370705864216519299e-02
-8.052003829872034224e-02 8.204589031041483738e-01 6.370705864216519299e-02
-8.052003829872034224e-02 8.204589031041483738e-01 6.370705864216519299e-02
-5.537962051934337826e-02 9.525049668476051057e-01 6.871642187125014123e-02
-5.537962051934337826e-02 9.525049668476051057e-01 6.871642187125014123e-02
-5.537962051934337826e-02 9.525049668476051057e-01 6.871642187125014123e-02
-2.323399835559128990e-01 1.296634310008402791e+00 2.580797855687644998e-02
-2.323399835559128990e-01 1.296634310008402791e+00 2.580797855687644998e-02
-2.607696644650208118e-01 1.271115110646267699e+00 3.299808426247818199e-02
1.683056546795165254e-01 7.002245341660546796e-01 6.882970606736950325e-02
1.865346383899968707e-01 8.686396993480806072e-01 6.412841558717341517e-02
-4.212599656924058689e-01 7.839542868865747582e-01 1.896091022955703753e-02
-4.212599656924058689e-01 7.839542868865747582e-01 1.896091022955703753e-02
-4.212599656924058689e-01 7.839542868865747582e-01 1.896091022955703753e-02
2.347182180743767610e-02 6.350972871436489919e-01 4.180621856504739692e-02
1.866029649475140217e-01 7.982728141278958578e-01 7.182545863028316768e-02
1.866029649475140217e-01 7.982728141278958578e-01 7.182545863028316768e-02
2.107676949745619643e-01 6.329158235681350275e-01 6.309241484720864990e-02
5.303651508943323378e-01 7.681918922325547960e-01 4.448020078830326740e-02
6.694199079644020944e-01 5.736676742320906408e-01 6.284196341161138455e-02
7.605882494796522009e-01 4.317570257154929037e-01 6.700917942739413602e-02
5.368441238209142874e-01 8.708413714142435591e-01 2.405635480556560235e-02
4.705751208917998696e-01 6.477552435493665328e-01 6.987277499798556779e-02
4.705751208917998696e-01 6.477552435493665328e-01 6.987277499798556779e-02
1.886943644295460687e-01 9.382302465895649979e-01 5.117613584914700725e-02
1.524553206892367285e-01 9.454359998483310434e-01 5.382362437995659443e-02
5.807613168421513761e-01 5.464972491104749253e-01 7.032362427316216080e-02
5.807613168421513761e-01 5.464972491104749253e-01 7.032362427316216080e-02
2.822937914889053213e-01 4.774208176470654541e-01 4.076612168384145113e-02
6.726634412123804196e-01 5.861928117757897461e-01 6.083694617684719946e-02
4.468063352991566983e-01 5.769704952222537431e-01 7.118150059719445533e-02
4.468063352991566983e-01 5.769704952222537431e-01 7.118150059719445533e-02
4.468063352991566983e-01 5.769704952222537431e-01 7.118150059719445533e-02
4.468063352991566983e-01 5.769704952222537431e-01 7.118150059719445533e-02
7.782326208782031074e-01 4.580034398555142827e-01 6.553884078109718792e-02
7.782326208782031074e-01 4.580034398555142827e-01 6.553884078109718792e-02
7.782326208782031074e-01 4.580034398555142827e-01 6.553884078109718792e-02
