2.489132485845457765e-01 1.481402749648903505e-01 2.566638164555503764e-03
4.938309129684695931e-01 4.559746872323369171e-01 1.660968113208705355e-01
4.938309129684695931e-01 4.559746872323369171e-01 1.660968113208705355e-01
4.938309129684695931e-01 4.559746872323369171e-01 1.660968113208705355e-01
5.816795331896768007e-02 3.298013231592932248e-01 9.986283043590914177e-03
-8.002978510762648323e-02 5.342534407058813217e-01 4.604935805711163344e-02
-2.819151541611394363e-01 7.832673662134699288e-01 1.206195283837091514e-01
-2.819151541611394363e-01 7.832673662134699288e-01 1.206195283837091514e-01
3.385806260925146027e-01 5.787115204822481651e-01 2.015958639130167596e-01
3.385806260925146027e-01 5.787115204822481651e-01 2.015958639130167596e-01
-2.238672027622330418e-01 7.764852267833792787e-01 1.368277844850401825e-01
2.252056078969207897e-01 8.819433052845591092e-01 1.605403565274572952e-01
2.252056078969207897e-01 8.819433052845591092e-01 1.605403565274572952e-01
2.252056078969207897e-01 8.819433052845591092e-01 1.605403565274572952e-01
5.013761779862453416e-01 8.730295514392866219e-01 8.220467829005978500e-02
5.013761779862453416e-01 8.730295514392866219e-01 8.220467829005978500e-02
-9.276303199097102326e-02 9.224228249128971768e-01 1.922490574505673067e-01
-1.976039172754399387e-01 9.385373277057962316e-01 1.865369695067130573e-01
-2.179220832578701583e-01 9.305622865888325546e-01 1.855072493892758745e-01
-1.779191558622761626e-01 8.951705620889828241e-01 1.907721855891350848e-01
-3.425773520649739723e-01 6.439041037050980965e-01 3.613106082297658228e-02
-3.425773520649739723e-01 6.439041037050980965e-01 3.613106082297658228e-02
3.505104442563462541e-01 9.590178668617088675e-02 2.304161378037722103e-03
1.313055672126443252e+00 1.478625306668661099e-01 1.197790260453721195e-01
7.627385937215837020e-01 1.859055706650102335e-01 5.893048732331741812e-02
7.469382932210685277e-01 3.813302714155997197e-01 1.770712896499957445e-01
7.469382932210685277e-01 3.813302714155997197e-01 1.770712896499957445e-01
2.045833807636636692e-01 3.778873487280339782e-01 3.827543285321267919e-02
4.654017062024076723e-01 5.299666248195628038e-01 2.047040315145522427e-01
4.654017062024076723e-01 5.299666248195628038e-01 2.047040315145522427e-01
4.654017062024076723e-01 5.299666248195628038e-01 2.047040315145522427e-01
4.654017062024076723e-01 5.299666248195628038e-01 2.047040315145522427e-01
2.924526661618308543e-01 7.970794437036692326e-01 1.978660708893451581e-01
2.924526661618308543e-01 7.970794437036692326e-01 1.978660708893451581e-01
5.408527031791241502e-01 7.790909745164404931e-01 1.340239431761023614e-01
5.408527031791241502e-01 7.790909745164404931e-01 1.340239431761023614e-01
5.408527031791241502e-01 7.790909745164404931e-01 1.340239431761023614e-01
5.408527031791241502e-01 7.790909745164404931e-01 1.340239431761023614e-01
5.408527031791241502e-01 7.790909745164404931e-01 1.340239431761023614e-01
6.219612731426636953e-01 8.566503627379939978e-01 5.948216669177172622e-02
6.219612731426636953e-01 8.566503627379939978e-01 5.948216669177172622e-02
5.063266901889833527e-01 7.501173001589862555e-01 1.666292798367075001e-01
5.063266901889833527e-01 7.501173001589862555e-01 1.666292798367075001e-01
5.063266901889833527e-01 7.501173001589862555e-01 1.666292798367075001e-01
2.059436718113073495e-01 6.532931199609048889e-01 2.062106342720310403e-01
2.059436718113073495e-01 6.532931199609048889e-01 2.062106342720310403e-01
2.059436718113073495e-01 6.532931199609048889e-01 2.062106342720310403e-01
3.037962563854686993e-01 6.622268948627724194e-01 2.264047706712165320e-01
8.583155737312278544e-02 7.578123213104126510e-01 2.157183498747642925e-01
-2.413084337256397316e-01 9.387344823480372469e-01 1.824832079431309151e-01
-4.457102331452357236e-01 8.720657151234644244e-01 1.121795460440873360e-01
-4.457102331452357236e-01 8.720657151234644244e-01 1.121795460440873360e-01
-4.457102331452357236e-01 8.720657151234644244e-01 1.121795460440873360e-01
2.735086132402337888e-01 1.037342088439016097e+00 4.815067099078378099e-02
-1.381078373925598290e-02 8.491378689272079949e-01 2.085150940485782922e-01
-1.381078373925598290e-02 8.491378689272079949e-01 2.085150940485782922e-01
-1.381078373925598290e-02 8.491378689272079949e-01 2.085150940485782922e-01
-2.091330275834221430e-01 1.157948964592086405e+00 8.294803019777514941e-02
-2.091330275834221430e-01 1.157948964592086405e+00 8.294803019777514941e-02
-2.091330275834221430e-01 1.157948964592086405e+00 8.294803019777514941e-02
1.099635906997625812e-02 7.001551502559268947e-01 1.735656227780431327e-01
3.521898688810113920e-01 6.917293664913045648e-01 2.279311232837519241e-01
4.883919835149472810e-01 8.451578779535910968e-01 1.044609471205936446e-01
4.883919835149472810e-01 8.451578779535910968e-01 1.044609471205936446e-01
3.440127080596117604e-01 5.505798580166798573e-01 1.864231932023360516e-01
8.057728953184754017e-01 5.404745213219828148e-01 1.917036634984695953e-01
3.358632423912061293e-01 5.679127087137415542e-01 1.947730423957151624e-01
3.358632423912061293e-01 5.679127087137415542e-01 1.947730423957151624e-01
5.417432445220956572e-01 3.135210772586403682e-01 8.055895786466583941e-02
6.997004620491640292e-01 2.938375639027942521e-01 1.087140806350146843e-01
7.906562527209082258e-01 6.313688496037206388e-01 1.477141522032449639e-01
5.902680127125436993e-01 2.752156741503856141e-01 6.982586818795258332e-02
5.902680127125436993e-01 2.752156741503856141e-01 6.982586818795258332e-02
5.722838239456703446e-01 3.809758634661721266e-01 1.350593904600412565e-01
5.462635177849630708e-01 8.630524457751991285e-01 7.562599736022906916e-02
7.985968202103251867e-01 8.325833065279948375e-01 3.353539385051513416e-02
5.846109204641488644e-01 1.114005726631520865e+00 3.384040040463705788e-03
5.846109204641488644e-01 1.114005726631520865e+00 3.384040040463705788e-03
5.846109204641488644e-01 1.114005726631520865e+00 3.384040040463705788e-03
5.846109204641488644e-01 1.114005726631520865e+00 3.384040040463705788e-03
5.846109204641488644e-01 1.114005726631520865e+00 3.384040040463705788e-03
8.539416173927599774e-02 1.296023744006642442e+00 5.817797059130221105e-03
8.539416173927599774e-02 1.296023744006642442e+00 5.817797059130221105e-03
3.608632539600489242e-01 8.357558414289034676e-01 1.528726517238929161e-01
4.392815407276930428e-01 8.987572689805718440e-01 8.382511478085115375e-02
2.013846512775280817e-01 8.609708522316266155e-01 1.809296772223633887e-01
-1.443318961564719616e-01 7.263528451020185850e-01 1.352789057624529945e-01
-1.443318961564719616e-01 7.263528451020185850e-01 1.352789057624529945e-01
-4.259821780684215353e-01 8.625848816593053581e-01 1.139826520369083829e-01
-4.259821780684215353e-01 8.625848816593053581e-01 1.139826520369083829e-01
-4.844889168656552059e-03 5.147589437168973436e-01 5.403356872364584867e-02
-4.527852741714075320e-03 7.068583787852610323e-01 1.722754388092500866e-01
3.760218942499130024e-01 5.553914637329901982e-01 1.980118828110556117e-01
3.760218942499130024e-01 5.553914637329901982e-01 1.980118828110556117e-01
3.760218942499130024e-01 5.553914637329901982e-01 1.980118828110556117e-01
1.432770771211311633e-01 4.808230358227552070e-01 7.405728524265817181e-02
1.432770771211311633e-01 4.808230358227552070e-01 7.405728524265817181e-02
-9.026694404655419279e-02 7.313268870766311824e-01 1.573111405066593416e-01
-9.026694404655419279e-02 7.313268870766311824e-01 1.573111405066593416e-01
4.019349965377513323e-01 6.333879839010577717e-01 2.290209284368253939e-01
