2.489132485845457765e-01 1.481402749648903505e-01 3.364363111495982574e-03
6.932041672559963175e-01 3.731496134898025230e-01 1.688355544661092056e-01
6.581464427830974184e-01 6.581020418732208555e-01 1.224197062354627635e-01
6.581464427830974184e-01 6.581020418732208555e-01 1.224197062354627635e-01
5.033335480396241568e-01 3.449950108161554674e-01 1.073550389277119904e-01
7.310022533214872720e-01 5.577984973136557167e-02 2.313172345309818037e-02
7.310022533214872720e-01 5.577984973136557167e-02 2.313172345309818037e-02
5.479942739385685879e-01 3.459048896800596129e-01 1.212088465222508765e-01
1.047010593235361497e+00 9.954015288610795764e-02 9.253892139873302891e-02
7.039304864856206212e-01 3.349878142344246967e-01 1.526728995553012780e-01
8.415044692628118606e-01 4.393396099590267667e-01 1.628404049621606231e-01
8.415044692628118606e-01 4.393396099590267667e-01 1.628404049621606231e-01
6.929463949536811551e-01 9.366292911472106075e-01 7.938355370167522740e-03
6.929463949536811551e-01 9.366292911472106075e-01 7.938355370167522740e-03
4.656594977790827761e-01 1.054393353926958987e+00 8.956721694549992993e-03
4.656594977790827761e-01 1.054393353926958987e+00 8.956721694549992993e-03
4.656594977790827761e-01 1.054393353926958987e+00 8.956721694549992993e-03
4.656594977790827761e-01 1.054393353926958987e+00 8.956721694549992993e-03
5.181781903650858334e-01 6.039462734129301680e-01 1.967270513027062906e-01
5.181781903650858334e-01 6.039462734129301680e-01 1.967270513027062906e-01
4.588482741004978882e-01 7.724073592212299388e-01 1.265605134021570155e-01
4.588482741004978882e-01 7.724073592212299388e-01 1.265605134021570155e-01
5.242124135313689370e-01 6.816875712305676682e-01 1.594585544220155637e-01
5.242124135313689370e-01 6.816875712305676682e-01 1.594585544220155637e-01
5.242124135313689370e-01 6.816875712305676682e-01 1.594585544220155637e-01
5.242124135313689370e-01 6.816875712305676682e-01 1.594585544220155637e-01
2.303924905159751013e-01 6.307880856583411022e-01 2.007388876284432189e-01
2.303924905159751013e-01 6.307880856583411022e-01 2.007388876284432189e-01
2.303924905159751013e-01 6.307880856583411022e-01 2.007388876284432189e-01
7.059203723632636596e-01 6.962012728928832495e-01 8.215460366067947606e-02
5.280028104313209125e-01 4.138366546438536631e-01 1.585193203847122256e-01
1.176360538073814688e+00 4.964095270565078710e-01 3.843881045389101192e-02
1.176360538073814688e+00 4.964095270565078710e-01 3.843881045389101192e-02
1.176360538073814688e+00 4.964095270565078710e-01 3.843881045389101192e-02
1.176360538073814688e+00 4.964095270565078710e-01 3.843881045389101192e-02
1.176360538073814688e+00 4.964095270565078710e-01 3.843881045389101192e-02
1.233698863339454999e+00 2.187978309468960880e-01 1.129289147973410595e-01
1.233698863339454999e+00 2.187978309468960880e-01 1.129289147973410595e-01
1.256635179491067511e+00 -2.141200696267331338e-03 7.615417602236394801e-02
1.433121867618279754e+00 3.689084279912969305e-02 8.712855195281915544e-02
1.175797666776135397e+00 3.851419820547612449e-01 7.967996654073888907e-02
1.064085780487328492e+00 4.983721923845701451e-01 6.575662800747056336e-02
1.064085780487328492e+00 4.983721923845701451e-01 6.575662800747056336e-02
7.760094034598881141e-01 1.111572334469366208e-01 4.818612907670429685e-02
6.947502175631392607e-01 1.679212758447449771e-01 5.705231951952784153e-02
1.376565811722641808e+00 -3.838184457528043270e-02 7.295041292778908781e-02
1.376565811722641808e+00 -3.838184457528043270e-02 7.295041292778908781e-02
1.412446071120586399e+00 2.814721438178779955e-02 8.756718670274213356e-02
1.392953180154438808e+00 2.615357535934619282e-01 6.326067229219102528e-02
1.392953180154438808e+00 2.615357535934619282e-01 6.326067229219102528e-02
9.755160622963496841e-01 5.837152242231355426e-02 6.176730255781976570e-02
9.755160622963496841e-01 5.837152242231355426e-02 6.176730255781976570e-02
1.007577160785798176e+00 3.684257182182390511e-02 5.796525655636353136e-02
1.007577160785798176e+00 3.684257182182390511e-02 5.796525655636353136e-02
1.007577160785798176e+00 3.684257182182390511e-02 5.796525655636353136e-02
1.007577160785798176e+00 3.684257182182390511e-02 5.796525655636353136e-02
1.429307015292398564e+00 2.222921793815771652e-01 6.565793186589707897e-02
1.280572574316176437e+00 3.713603659481906627e-02 9.066784591124930903e-02
1.446910501695581885e+00 7.565492226608205861e-02 8.676608657085395360e-02
1.446910501695581885e+00 7.565492226608205861e-02 8.676608657085395360e-02
1.446910501695581885e+00 7.565492226608205861e-02 8.676608657085395360e-02
1.441940315035884046e+00 -9.797197413266819921e-02 5.964998870528792629e-02
1.441940315035884046e+00 -9.797197413266819921e-02 5.964998870528792629e-02
1.319221140731010600e+00 5.530991473542876125e-02 9.561767416220499916e-02
1.022934424829319511e+00 3.557320053671312321e-01 1.365272008709736418e-01
1.090237964112839242e+00 1.511667147696217905e-01 1.180019329413117685e-01
1.262569892628366164e+00 3.220265840100814403e-01 7.801568057446293947e-02
1.262569892628366164e+00 3.220265840100814403e-01 7.801568057446293947e-02
1.262569892628366164e+00 3.220265840100814403e-01 7.801568057446293947e-02
1.262569892628366164e+00 3.220265840100814403e-01 7.801568057446293947e-02
1.262569892628366164e+00 3.220265840100814403e-01 7.801568057446293947e-02
1.262569892628366164e+00 3.220265840100814403e-01 7.801568057446293947e-02
1.458835930761756217e+00 -1.235543502821634942e-01 5.363963222840069378e-02
1.724158486761414810e+00 -2.413534690251080694e-01 3.846941616720314649e-02
1.933298652546484142e+00 -8.693145167476565294e-02 3.184313701046445622e-02
1.933298652546484142e+00 -8.693145167476565294e-02 3.184313701046445622e-02
2.309666787845869429e+00 -6.256606551158588880e-02 3.590391354078535657e-03
2.370448849558063120e+00 -2.499684550157418028e-01 9.025377649375346256e-03
2.207332637973325351e+00 -2.635193232080413894e-01 1.882704713535551799e-02
1.945545801373584460e+00 -5.603907007805697393e-02 2.734377209568750536e-02
1.945545801373584460e+00 -5.603907007805697393e-02 2.734377209568750536e-02
1.945545801373584460e+00 -5.603907007805697393e-02 2.734377209568750536e-02
1.945545801373584460e+00 -5.603907007805697393e-02 2.734377209568750536e-02
1.726102393500985599e+00 2.643304411942281051e-01 1.035292149481623764e-02
1.726102393500985599e+00 2.643304411942281051e-01 1.035292149481623764e-02
1.726102393500985599e+00 2.643304411942281051e-01 1.035292149481623764e-02
1.726102393500985599e+00 2.643304411942281051e-01 1.035292149481623764e-02
1.726102393500985599e+00 2.643304411942281051e-01 1.035292149481623764e-02
1.726102393500985599e+00 2.643304411942281051e-01 1.035292149481623764e-02
1.726102393500985599e+00 2.643304411942281051e-01 1.035292149481623764e-02
1.726102393500985599e+00 2.643304411942281051e-01 1.035292149481623764e-02
1.408225602623983441e+00 -2.583916180291710996e-01 1.761901356179764594e-02
1.408225602623983441e+00 -2.583916180291710996e-01 1.761901356179764594e-02
6.747478703137701483e-01 2.113262616231671442e-01 7.434350004015533031e-02
5.326364088958959186e-01 3.181441314463674397e-01 9.893270587224246848e-02
7.893590965075717447e-01 2.669781133082652635e-01 1.327348069514023843e-01
5.844397980587358044e-01 2.451766460401488545e-01 7.033894324727393843e-02
5.844397980587358044e-01 2.451766460401488545e-01 7.033894324727393843e-02
5.844397980587358044e-01 2.451766460401488545e-01 7.033894324727393843e-02
5.632275502737513762e-01 3.325559516065840215e-01 1.170067827823923490e-01
