2.489132485845457765e-01 1.481402749648903505e-01 4.411312705872801054e-02
4.289021361810063659e-01 1.966145207813235207e-01 4.689155067189058612e-01
6.186929368101423687e-01 1.302696680829210085e-01 8.268230896722168488e-01
6.186929368101423687e-01 1.302696680829210085e-01 8.268230896722168488e-01
6.186929368101423687e-01 1.302696680829210085e-01 8.268230896722168488e-01
6.186929368101423687e-01 1.302696680829210085e-01 8.268230896722168488e-01
6.186929368101423687e-01 1.302696680829210085e-01 8.268230896722168488e-01
6.186929368101423687e-01 1.302696680829210085e-01 8.268230896722168488e-01
6.186929368101423687e-01 1.302696680829210085e-01 8.268230896722168488e-01
7.316367051183773063e-01 4.255407253391087219e-02 7.957179774206701861e-01
7.316367051183773063e-01 4.255407253391087219e-02 7.957179774206701861e-01
7.316367051183773063e-01 4.255407253391087219e-02 7.957179774206701861e-01
5.652804171387094678e-01 1.605534340064153354e-01 7.846729504163006963e-01
5.652804171387094678e-01 1.605534340064153354e-01 7.846729504163006963e-01
1.028674938250678239e-01 4.117894558653351078e-01 5.924681924169989539e-02
1.999671243980982727e-01 2.152620118092575530e-01 4.137361346217532238e-02
3.496446273173589581e-01 1.739356092451208036e-01 2.060479463286960522e-01
3.496446273173589581e-01 1.739356092451208036e-01 2.060479463286960522e-01
4.691588835192634921e-01 3.627759084331740880e-01 7.336388875435413404e-01
4.691588835192634921e-01 3.627759084331740880e-01 7.336388875435413404e-01
4.691588835192634921e-01 3.627759084331740880e-01 7.336388875435413404e-01
6.620228806349715001e-01 -8.492508336739756913e-03 6.971573957511847386e-01
6.620228806349715001e-01 -8.492508336739756913e-03 6.971573957511847386e-01
6.620228806349715001e-01 -8.492508336739756913e-03 6.971573957511847386e-01
8.269848458686130943e-01 1.991265566994429859e-01 2.805309964144011015e-01
8.269848458686130943e-01 1.991265566994429859e-01 2.805309964144011015e-01
8.269848458686130943e-01 1.991265566994429859e-01 2.805309964144011015e-01
7.744724402547022990e-01 1.785643310453219335e-01 4.807763973282919712e-01
7.744724402547022990e-01 1.785643310453219335e-01 4.807763973282919712e-01
7.744724402547022990e-01 1.785643310453219335e-01 4.807763973282919712e-01
4.317608335771818684e-01 5.855841865560262871e-01 4.029278071053019605e-01
4.317608335771818684e-01 5.855841865560262871e-01 4.029278071053019605e-01
8.156564817388761712e-02 6.363698678343652215e-01 1.659048410341875390e-01
8.156564817388761712e-02 6.363698678343652215e-01 1.659048410341875390e-01
8.156564817388761712e-02 6.363698678343652215e-01 1.659048410341875390e-01
8.156564817388761712e-02 6.363698678343652215e-01 1.659048410341875390e-01
1.221997467240428653e-01 6.438358350646781192e-01 2.328178659014123741e-01
3.768112380215337121e-01 2.703350835368389937e-01 4.467248613424015247e-01
3.768112380215337121e-01 2.703350835368389937e-01 4.467248613424015247e-01
3.768112380215337121e-01 2.703350835368389937e-01 4.467248613424015247e-01
8.064244739208727974e-01 1.213341373740765561e-01 5.030205686389557229e-01
8.064244739208727974e-01 1.213341373740765561e-01 5.030205686389557229e-01
8.064244739208727974e-01 1.213341373740765561e-01 5.030205686389557229e-01
8.064244739208727974e-01 1.213341373740765561e-01 5.030205686389557229e-01
8.064244739208727974e-01 1.213341373740765561e-01 5.030205686389557229e-01
3.579706221117865406e-01 2.356508949241578610e-01 3.280382005659876476e-01
3.579706221117865406e-01 2.356508949241578610e-01 3.280382005659876476e-01
3.579706221117865406e-01 2.356508949241578610e-01 3.280382005659876476e-01
3.579706221117865406e-01 2.356508949241578610e-01 3.280382005659876476e-01
3.579706221117865406e-01 2.356508949241578610e-01 3.280382005659876476e-01
3.579706221117865406e-01 2.356508949241578610e-01 3.280382005659876476e-01
3.579706221117865406e-01 2.356508949241578610e-01 3.280382005659876476e-01
2.078979265051376091e-01 4.578205500174565845e-01 2.583409588031719273e-01
3.860177975418913610e-01 3.714184099709149089e-01 6.134659920864037330e-01
4.957088478301657219e-01 5.515387591950724477e-01 3.584173107162266780e-01
6.732847325583288800e-01 -1.966730174787605367e-01 2.851819901071906416e-01
6.732847325583288800e-01 -1.966730174787605367e-01 2.851819901071906416e-01
8.486525940279130431e-01 2.070338490335475456e-01 2.139650828269729355e-01
8.486525940279130431e-01 2.070338490335475456e-01 2.139650828269729355e-01
6.179995981301891206e-01 4.304598389174517648e-01 3.488683633647754467e-01
6.179995981301891206e-01 4.304598389174517648e-01 3.488683633647754467e-01
6.179995981301891206e-01 4.304598389174517648e-01 3.488683633647754467e-01
6.179995981301891206e-01 4.304598389174517648e-01 3.488683633647754467e-01
6.179995981301891206e-01 4.304598389174517648e-01 3.488683633647754467e-01
6.179995981301891206e-01 4.304598389174517648e-01 3.488683633647754467e-01
6.179995981301891206e-01 4.304598389174517648e-01 3.488683633647754467e-01
3.851649503471769598e-01 2.559711237930584748e-01 4.464708076565204742e-01
3.851649503471769598e-01 2.559711237930584748e-01 4.464708076565204742e-01
3.851649503471769598e-01 2.559711237930584748e-01 4.464708076565204742e-01
5.717099629004958050e-01 4.429146333715219264e-01 4.374939474334170741e-01
5.717099629004958050e-01 4.429146333715219264e-01 4.374939474334170741e-01
5.902878982818874354e-01 4.107345351954193036e-01 4.686076027568954472e-01
5.902878982818874354e-01 4.107345351954193036e-01 4.686076027568954472e-01
5.902878982818874354e-01 4.107345351954193036e-01 4.686076027568954472e-01
4.891514707322260347e-01 5.836310400064088633e-01 3.035148340023928193e-01
4.891514707322260347e-01 5.836310400064088633e-01 3.035148340023928193e-01
4.891514707322260347e-01 5.836310400064088633e-01 3.035148340023928193e-01
3.114178386515428221e-01 6.477522048078209194e-01 4.134986416811232135e-01
7.094703845817653676e-01 2.336759267092006764e-01 5.595318453227652311e-01
7.094703845817653676e-01 2.336759267092006764e-01 5.595318453227652311e-01
7.094703845817653676e-01 2.336759267092006764e-01 5.595318453227652311e-01
7.094703845817653676e-01 2.336759267092006764e-01 5.595318453227652311e-01
5.568038805595006968e-01 1.271892050054471979e-01 7.157902352545145730e-01
5.568038805595006968e-01 1.271892050054471979e-01 7.157902352545145730e-01
5.568038805595006968e-01 1.271892050054471979e-01 7.157902352545145730e-01
4.363448561005615067e-01 -7.302215247113577612e-02 6.627394718631900161e-02
8.881668773435138498e-01 -7.813437356211146156e-02 5.795687272375188437e-01
8.391773146322842880e-01 4.599360995577882194e-02 5.465428736720118197e-01
8.391773146322842880e-01 4.599360995577882194e-02 5.465428736720118197e-01
9.403843490343043454e-01 -1.006879007023829681e-01 4.678324181883787292e-01
9.403843490343043454e-01 -1.006879007023829681e-01 4.678324181883787292e-01
9.403843490343043454e-01 -1.006879007023829681e-01 4.678324181883787292e-01
9.403843490343043454e-01 -1.006879007023829681e-01 4.678324181883787292e-01
1.130273450235892874e+00 -2.859629842562072533e-01 2.085176130934777994e-01
1.130273450235892874e+00 -2.859629842562072533e-01 2.085176130934777994e-01
1.130273450235892874e+00 -2.859629842562072533e-01 2.085176130934777994e-01
1.130273450235892874e+00 -2.859629842562072533e-01 2.085176130934777994e-01
1.130273450235892874e+00 -2.859629842562072533e-01 2.085176130934777994e-01
1.009786355019486548e+00 -4.352750319268220425e-01 3.175436309128613632e-01
1.009786355019486548e+00 -4.352750319268220425e-01 3.175436309128613632e-01
