2.489132485845457765e-01 1.481402749648903505e-01 1.840469602527859683e-01
2.489132485845457765e-01 1.481402749648903505e-01 1.840469602527859683e-01
2.489132485845457765e-01 1.481402749648903505e-01 1.840469602527859683e-01
2.489132485845457765e-01 1.481402749648903505e-01 1.840469602527859683e-01
2.489132485845457765e-01 1.481402749648903505e-01 1.840469602527859683e-01
2.489132485845457765e-01 1.481402749648903505e-01 1.840469602527859683e-01
2.883691317027073375e-01 1.361962242590863958e-01 2.757778280158108553e-01
1.667777966902829201e-01 3.116269776627094146e-01 1.623734947677216156e-01
3.341434836879997317e-01 2.410148014386424287e-01 5.863671574240710838e-01
3.341434836879997317e-01 2.410148014386424287e-01 5.863671574240710838e-01
2.018514595873304174e-01 5.197853707767146059e-01 5.326326027575258859e-01
2.018514595873304174e-01 5.197853707767146059e-01 5.326326027575258859e-01
2.018514595873304174e-01 5.197853707767146059e-01 5.326326027575258859e-01
2.018514595873304174e-01 5.197853707767146059e-01 5.326326027575258859e-01
2.604715279706602549e-01 2.332853952099226413e-01 3.631156751112806780e-01
2.604715279706602549e-01 2.332853952099226413e-01 3.631156751112806780e-01
2.604715279706602549e-01 2.332853952099226413e-01 3.631156751112806780e-01
2.604715279706602549e-01 2.332853952099226413e-01 3.631156751112806780e-01
2.604715279706602549e-01 2.332853952099226413e-01 3.631156751112806780e-01
2.604715279706602549e-01 2.332853952099226413e-01 3.631156751112806780e-01
2.604715279706602549e-01 2.332853952099226413e-01 3.631156751112806780e-01
2.205863217361511697e-01 1.842171222019951815e-01 1.580018040381602484e-01
2.205863217361511697e-01 1.842171222019951815e-01 1.580018040381602484e-01
2.205863217361511697e-01 1.842171222019951815e-01 1.580018040381602484e-01
2.205863217361511697e-01 1.842171222019951815e-01 1.580018040381602484e-01
2.886456729155114642e-01 3.013770529141218124e-01 5.852366633246279815e-01
4.024660797632513831e-01 5.996084745513152736e-02 3.626921583986338349e-01
4.024660797632513831e-01 5.996084745513152736e-02 3.626921583986338349e-01
4.024660797632513831e-01 5.996084745513152736e-02 3.626921583986338349e-01
4.024660797632513831e-01 5.996084745513152736e-02 3.626921583986338349e-01
4.024660797632513831e-01 5.996084745513152736e-02 3.626921583986338349e-01
4.024660797632513831e-01 5.996084745513152736e-02 3.626921583986338349e-01
2.304301662425259078e-01 1.346750623781211575e-01 1.244502751239494748e-01
5.547391727705769382e-01 8.267644207794828948e-02 1.297087887829155295e-01
3.086419839544940480e-01 2.442317646524183594e-01 5.423788558449651465e-01
3.086419839544940480e-01 2.442317646524183594e-01 5.423788558449651465e-01
3.086419839544940480e-01 2.442317646524183594e-01 5.423788558449651465e-01
3.086419839544940480e-01 2.442317646524183594e-01 5.423788558449651465e-01
3.086419839544940480e-01 2.442317646524183594e-01 5.423788558449651465e-01
2.717439163736590779e-01 6.663088783457085662e-02 1.332343095904896524e-01
2.717439163736590779e-01 6.663088783457085662e-02 1.332343095904896524e-01
2.717439163736590779e-01 6.663088783457085662e-02 1.332343095904896524e-01
2.717439163736590779e-01 6.663088783457085662e-02 1.332343095904896524e-01
2.717439163736590779e-01 6.663088783457085662e-02 1.332343095904896524e-01
4.636999124967325359e-01 7.254181065225380476e-02 3.319259562996039747e-01
4.636999124967325359e-01 7.254181065225380476e-02 3.319259562996039747e-01
4.636999124967325359e-01 7.254181065225380476e-02 3.319259562996039747e-01
3.194478698428627750e-01 1.454854378563092965e-01 3.817485027167709100e-01
2.842998622339752979e-01 2.751641902787884675e-01 5.274270289706265435e-01
2.842998622339752979e-01 2.751641902787884675e-01 5.274270289706265435e-01
2.842998622339752979e-01 2.751641902787884675e-01 5.274270289706265435e-01
2.842998622339752979e-01 2.751641902787884675e-01 5.274270289706265435e-01
2.842998622339752979e-01 2.751641902787884675e-01 5.274270289706265435e-01
2.216240957998373284e-01 4.083861578755085819e-01 5.063218005900415042e-01
1.040982060308895812e-01 4.503141490118032220e-01 1.250958297192742152e-01
3.613000603344576622e-01 1.920532726799364376e-01 5.404957873598289497e-01
3.199114442402266612e-01 3.887188165880580693e-01 6.833413971239261642e-01
3.199114442402266612e-01 3.887188165880580693e-01 6.833413971239261642e-01
3.199114442402266612e-01 3.887188165880580693e-01 6.833413971239261642e-01
3.199114442402266612e-01 3.887188165880580693e-01 6.833413971239261642e-01
3.199114442402266612e-01 3.887188165880580693e-01 6.833413971239261642e-01
4.613347194388243699e-01 2.394216410382138394e-01 3.348787947053196712e-01
4.613347194388243699e-01 2.394216410382138394e-01 3.348787947053196712e-01
4.613347194388243699e-01 2.394216410382138394e-01 3.348787947053196712e-01
4.572508699198315485e-01 2.908260238522191177e-01 3.106271483998095384e-01
4.572508699198315485e-01 2.908260238522191177e-01 3.106271483998095384e-01
4.572508699198315485e-01 2.908260238522191177e-01 3.106271483998095384e-01
4.572508699198315485e-01 2.908260238522191177e-01 3.106271483998095384e-01
3.015727285310965122e-01 4.051190328429971621e-01 6.912154554872951273e-01
3.015727285310965122e-01 4.051190328429971621e-01 6.912154554872951273e-01
3.015727285310965122e-01 4.051190328429971621e-01 6.912154554872951273e-01
3.015727285310965122e-01 4.051190328429971621e-01 6.912154554872951273e-01
3.015727285310965122e-01 4.051190328429971621e-01 6.912154554872951273e-01
3.015727285310965122e-01 4.051190328429971621e-01 6.912154554872951273e-01
3.308781244786925813e-01 3.278500284092074057e-01 6.695591951815972331e-01
3.308781244786925813e-01 3.278500284092074057e-01 6.695591951815972331e-01
3.308781244786925813e-01 3.278500284092074057e-01 6.695591951815972331e-01
3.308781244786925813e-01 3.278500284092074057e-01 6.695591951815972331e-01
3.308781244786925813e-01 3.278500284092074057e-01 6.695591951815972331e-01
3.273615796987686677e-01 3.907479233268502106e-01 6.731274167336158687e-01
3.273615796987686677e-01 3.907479233268502106e-01 6.731274167336158687e-01
3.273615796987686677e-01 3.907479233268502106e-01 6.731274167336158687e-01
3.273615796987686677e-01 3.907479233268502106e-01 6.731274167336158687e-01
3.273615796987686677e-01 3.907479233268502106e-01 6.731274167336158687e-01
3.273615796987686677e-01 3.907479233268502106e-01 6.731274167336158687e-01
3.273615796987686677e-01 3.907479233268502106e-01 6.731274167336158687e-01
3.075349006542774100e-01 3.231615445780482432e-01 6.539985893315003462e-01
5.864921410049093176e-01 -5.108787863129060636e-02 8.934193447984853376e-02
5.864921410049093176e-01 -5.108787863129060636e-02 8.934193447984853376e-02
5.864921410049093176e-01 -5.108787863129060636e-02 8.934193447984853376e-02
4.574102634146696156e-01 1.416854167254953667e-02 2.940709501053851982e-01
4.574102634146696156e-01 1.416854167254953667e-02 2.940709501053851982e-01
4.574102634146696156e-01 1.416854167254953667e-02 2.940709501053851982e-01
4.574102634146696156e-01 1.416854167254953667e-02 2.940709501053851982e-01
4.581001934170343404e-01 8.167208745450885155e-02 3.474570576861680249e-01
3.796244221505560290e-01 3.787579184480798222e-01 5.324230024721884336e-01
3.796244221505560290e-01 3.787579184480798222e-01 5.324230024721884336e-01
3.796244221505560290e-01 3.787579184480798222e-01 5.324230024721884336e-01
3.796244221505560290e-01 3.787579184480798222e-01 5.324230024721884336e-01
3.796244221505560290e-01 3.787579184480798222e-01 5.324230024721884336e-01
