2.489132485845457765e-01 1.481402749648903505e-01 1.690675552565880846e-03
2.489132485845457765e-01 1.481402749648903505e-01 1.690675552565880846e-03
7.259925083935683809e-02 3.932286451818916007e-01 5.753589140007999043e-03
5.126533909591783900e-01 4.320068446939877571e-01 4.317974878183308829e-02
3.640918731612194925e-01 5.455129270202850877e-01 4.110067751622490523e-02
1.026765062742275969e+00 4.191180440837687371e-01 3.700049066829470129e-02
5.714198610065590600e-01 3.306108442207695286e-01 3.704600565569393655e-02
7.240047822682680323e-01 1.791046417744871222e-01 3.135766406232941977e-02
8.063428600682983616e-01 3.866008465062606980e-01 5.395346557098858187e-02
8.063428600682983616e-01 3.866008465062606980e-01 5.395346557098858187e-02
1.212325783880560115e+00 1.350594467651521913e-01 5.695884462928384878e-02
1.273770643237746469e+00 -6.884604944644706626e-02 4.808374530957002652e-02
1.273770643237746469e+00 -6.884604944644706626e-02 4.808374530957002652e-02
1.273770643237746469e+00 -6.884604944644706626e-02 4.808374530957002652e-02
1.583716289120821408e+00 -1.312961652024138004e-01 5.383147678766556782e-02
1.583716289120821408e+00 -1.312961652024138004e-01 5.383147678766556782e-02
1.583716289120821408e+00 -1.312961652024138004e-01 5.383147678766556782e-02
1.583716289120821408e+00 -1.312961652024138004e-01 5.383147678766556782e-02
1.583716289120821408e+00 -1.312961652024138004e-01 5.383147678766556782e-02
1.583716289120821408e+00 -1.312961652024138004e-01 5.383147678766556782e-02
1.271551998441155629e+00 -1.652043116301830095e-01 3.328914994398962657e-02
1.456171794327441926e+00 -2.669123665038855009e-01 3.434579903714508886e-02
2.036382057358129050e+00 -3.593347309379540944e-01 4.115957870698722793e-02
2.264374385258695277e+00 -4.249061286582846986e-01 2.959580309379177335e-02
2.264374385258695277e+00 -4.249061286582846986e-01 2.959580309379177335e-02
1.866629244160579182e+00 -3.959370058990190344e-01 4.350091547978133383e-02
1.704785454170029579e+00 2.183207588612123828e-02 2.976539946811897902e-02
1.704785454170029579e+00 2.183207588612123828e-02 2.976539946811897902e-02
1.704785454170029579e+00 2.183207588612123828e-02 2.976539946811897902e-02
1.448205685872924642e+00 -1.651788659918035918e-01 4.828770870914601138e-02
1.833953555928032886e+00 -1.634278850080730372e-01 4.110036025414290362e-02
1.686072091955445940e+00 -5.459077087011914298e-01 1.417190077142654013e-02
1.620008630164391006e+00 -4.314112382727465222e-01 2.362880141823199900e-02
1.742597560976747229e+00 -2.384567595177314314e-01 5.042302887722787536e-02
1.498473379026299179e+00 -2.442550456762813404e-01 4.133502888357822036e-02
1.822726628489118816e+00 -1.981048091969887515e-01 4.521303089533102587e-02
1.822726628489118816e+00 -1.981048091969887515e-01 4.521303089533102587e-02
1.873022979679093591e+00 -2.158498724159627069e-01 4.287465113985564763e-02
1.873022979679093591e+00 -2.158498724159627069e-01 4.287465113985564763e-02
1.572438649042399383e+00 7.593011257910170508e-02 3.554350368357824669e-02
1.572438649042399383e+00 7.593011257910170508e-02 3.554350368357824669e-02
1.658976403551975398e+00 -1.675809975742489355e-01 5.228971186685157230e-02
1.795655733228508799e+00 2.496152898767903250e-02 2.064650052506699501e-02
1.891609656787074600e+00 -2.048482798690509921e-01 4.033211891556268136e-02
1.658805578850344187e+00 -4.528159459430555756e-02 4.356983958366873744e-02
1.658805578850344187e+00 -4.528159459430555756e-02 4.356983958366873744e-02
1.581058991044264506e+00 -2.830544565373123156e-01 4.203965937278016096e-02
1.480679336696671955e+00 1.476439873591186003e-01 3.425419324990317677e-02
1.480679336696671955e+00 1.476439873591186003e-01 3.425419324990317677e-02
1.361990232822942515e+00 1.998365517505495681e-01 3.849238810449692044e-02
1.079682030663504211e+00 5.002613693247243143e-01 1.992267576990796110e-02
1.079682030663504211e+00 5.002613693247243143e-01 1.992267576990796110e-02
1.013608330341515762e+00 4.670283228781350604e-01 3.065196342510821681e-02
1.013608330341515762e+00 4.670283228781350604e-01 3.065196342510821681e-02
5.096235937403286176e-01 3.772263716661645727e-01 3.689241078894432702e-02
5.096235937403286176e-01 3.772263716661645727e-01 3.689241078894432702e-02
5.096235937403286176e-01 3.772263716661645727e-01 3.689241078894432702e-02
5.096235937403286176e-01 3.772263716661645727e-01 3.689241078894432702e-02
5.096235937403286176e-01 3.772263716661645727e-01 3.689241078894432702e-02
3.548936947382772544e-01 4.574834786163193834e-01 3.173561864529184096e-02
3.548936947382772544e-01 4.574834786163193834e-01 3.173561864529184096e-02
5.289119306886698180e-01 3.346491410940422573e-01 3.332701664485879234e-02
5.289119306886698180e-01 3.346491410940422573e-01 3.332701664485879234e-02
3.530263647041137487e-01 6.875736639616534251e-01 4.243092118893145720e-02
3.530263647041137487e-01 6.875736639616534251e-01 4.243092118893145720e-02
3.796480212500886187e-01 7.478395467124524520e-01 3.723169294785275141e-02
3.796480212500886187e-01 7.478395467124524520e-01 3.723169294785275141e-02
4.340280695131444322e-01 5.423979232237058357e-01 4.527097101610425695e-02
4.340280695131444322e-01 5.423979232237058357e-01 4.527097101610425695e-02
4.727063908258047897e-01 4.030067446197506120e-01 3.647386440839587435e-02
3.084477584671178052e-01 6.603614393293743001e-01 4.239757308516332174e-02
3.084477584671178052e-01 6.603614393293743001e-01 4.239757308516332174e-02
3.084477584671178052e-01 6.603614393293743001e-01 4.239757308516332174e-02
3.084477584671178052e-01 6.603614393293743001e-01 4.239757308516332174e-02
3.084477584671178052e-01 6.603614393293743001e-01 4.239757308516332174e-02
3.084477584671178052e-01 6.603614393293743001e-01 4.239757308516332174e-02
3.003848637901965768e-01 5.692139466053359742e-01 3.816502036967669292e-02
3.003848637901965768e-01 5.692139466053359742e-01 3.816502036967669292e-02
3.003848637901965768e-01 5.692139466053359742e-01 3.816502036967669292e-02
5.363962616255097959e-01 2.861176848760852987e-01 2.753071428566852483e-02
5.363962616255097959e-01 2.861176848760852987e-01 2.753071428566852483e-02
4.096101771244233802e-01 4.223641127904329551e-01 3.275659596294917125e-02
4.096101771244233802e-01 4.223641127904329551e-01 3.275659596294917125e-02
3.824250455326014819e-01 6.595246826968815812e-01 4.370593414207387534e-02
3.824250455326014819e-01 6.595246826968815812e-01 4.370593414207387534e-02
7.192690287418741502e-01 2.800374808229579293e-01 4.487689664759207664e-02
7.192690287418741502e-01 2.800374808229579293e-01 4.487689664759207664e-02
7.192690287418741502e-01 2.800374808229579293e-01 4.487689664759207664e-02
1.234620498562024382e+00 -1.129700800515042736e-01 3.805259759496694427e-02
1.010766188927661124e+00 -1.651410365925093382e-01 1.155858482015312792e-02
1.378161034296377707e+00 -1.374698793017639087e-01 4.695617799759627120e-02
1.157726431906836551e+00 -3.320094810634874327e-02 4.309092989264368123e-02
1.157726431906836551e+00 -3.320094810634874327e-02 4.309092989264368123e-02
1.157726431906836551e+00 -3.320094810634874327e-02 4.309092989264368123e-02
1.190384313570429731e+00 2.831457614430185066e-01 4.269014721942192975e-02
1.559695508945280196e+00 9.307241523012271811e-02 3.430702231292534488e-02
1.578792884661539775e+00 -1.124590496185003952e-01 5.378766874544764487e-02
1.578792884661539775e+00 -1.124590496185003952e-01 5.378766874544764487e-02
1.578792884661539775e+00 -1.124590496185003952e-01 5.378766874544764487e-02
1.765911772448198525e+00 -1.784344550715687983e-01 4.769206816501343760e-02
