2.489132485845457765e-01 1.481402749648903505e-01 1.764739798108579394e-01
2.489132485845457765e-01 1.481402749648903505e-01 1.764739798108579394e-01
2.489132485845457765e-01 1.481402749648903505e-01 1.764739798108579394e-01
3.657213390832775857e-01 -3.923277974327910034e-02 1.471196624113491336e-01
2.344942806617429931e-01 3.485034044823865917e-01 5.365242255225750601e-01
2.344942806617429931e-01 3.485034044823865917e-01 5.365242255225750601e-01
2.344942806617429931e-01 3.485034044823865917e-01 5.365242255225750601e-01
2.344942806617429931e-01 3.485034044823865917e-01 5.365242255225750601e-01
2.344942806617429931e-01 3.485034044823865917e-01 5.365242255225750601e-01
4.408581185203618302e-01 4.699110535276406209e-01 1.859627063986069029e-01
4.408581185203618302e-01 4.699110535276406209e-01 1.859627063986069029e-01
5.522929744815754383e-01 3.643608962193594092e-01 6.325033360710381747e-02
4.432643292633944854e-01 3.217372779843813424e-01 4.325287222487999017e-01
4.039100133125194669e-01 4.149573955385674751e-01 4.205268330175318536e-01
4.039100133125194669e-01 4.149573955385674751e-01 4.205268330175318536e-01
4.039100133125194669e-01 4.149573955385674751e-01 4.205268330175318536e-01
5.248769813634420744e-01 9.812926357935508603e-02 3.709065120736141363e-01
5.248769813634420744e-01 9.812926357935508603e-02 3.709065120736141363e-01
5.248769813634420744e-01 9.812926357935508603e-02 3.709065120736141363e-01
6.506458198164417617e-01 1.662085797226542372e-02 1.095260517843582582e-01
6.506458198164417617e-01 1.662085797226542372e-02 1.095260517843582582e-01
3.359919011612946260e-01 2.428624097432242057e-01 6.438139966507232526e-01
3.359919011612946260e-01 2.428624097432242057e-01 6.438139966507232526e-01
5.395146137561829258e-01 3.342272823585656916e-01 1.056658733454343135e-01
5.395146137561829258e-01 3.342272823585656916e-01 1.056658733454343135e-01
5.395146137561829258e-01 3.342272823585656916e-01 1.056658733454343135e-01
5.395146137561829258e-01 3.342272823585656916e-01 1.056658733454343135e-01
5.395146137561829258e-01 3.342272823585656916e-01 1.056658733454343135e-01
5.395146137561829258e-01 3.342272823585656916e-01 1.056658733454343135e-01
5.395146137561829258e-01 3.342272823585656916e-01 1.056658733454343135e-01
2.545405969697540627e-01 2.796309683421269732e-01 4.652716867544988699e-01
2.545405969697540627e-01 2.796309683421269732e-01 4.652716867544988699e-01
4.683734540270617641e-01 -8.600927531202751108e-02 2.387141828634495033e-01
4.683734540270617641e-01 -8.600927531202751108e-02 2.387141828634495033e-01
4.683734540270617641e-01 -8.600927531202751108e-02 2.387141828634495033e-01
3.537011507172801994e-01 1.408220783179042201e-01 4.740729585614846808e-01
3.537011507172801994e-01 1.408220783179042201e-01 4.740729585614846808e-01
3.537011507172801994e-01 1.408220783179042201e-01 4.740729585614846808e-01
3.537011507172801994e-01 1.408220783179042201e-01 4.740729585614846808e-01
3.537011507172801994e-01 1.408220783179042201e-01 4.740729585614846808e-01
4.138768207392897192e-01 3.356437387534255135e-01 5.289113991789762270e-01
4.138768207392897192e-01 3.356437387534255135e-01 5.289113991789762270e-01
4.138768207392897192e-01 3.356437387534255135e-01 5.289113991789762270e-01
4.138768207392897192e-01 3.356437387534255135e-01 5.289113991789762270e-01
4.138768207392897192e-01 3.356437387534255135e-01 5.289113991789762270e-01
4.138768207392897192e-01 3.356437387534255135e-01 5.289113991789762270e-01
4.138768207392897192e-01 3.356437387534255135e-01 5.289113991789762270e-01
4.138768207392897192e-01 3.356437387534255135e-01 5.289113991789762270e-01
2.628625735103820027e-01 4.577824613386808905e-01 7.246474140229001160e-01
2.628625735103820027e-01 4.577824613386808905e-01 7.246474140229001160e-01
-3.203478716286872752e-02 6.765434158388013985e-01 9.396620946610921565e-02
4.883259456799418641e-03 9.398258461791331175e-01 1.780512700152531436e-01
4.883259456799418641e-03 9.398258461791331175e-01 1.780512700152531436e-01
-9.227065998720476725e-02 1.094539202157815527e+00 6.708780025419507076e-02
2.476965030555669245e-01 7.988324379005713460e-01 1.515685523731516160e-01
2.476965030555669245e-01 7.988324379005713460e-01 1.515685523731516160e-01
2.476965030555669245e-01 7.988324379005713460e-01 1.515685523731516160e-01
3.590544139556863801e-01 3.649396614042578202e-01 6.758769185709965210e-01
3.590544139556863801e-01 3.649396614042578202e-01 6.758769185709965210e-01
3.590544139556863801e-01 3.649396614042578202e-01 6.758769185709965210e-01
3.590544139556863801e-01 3.649396614042578202e-01 6.758769185709965210e-01
1.293102740153212193e-01 7.608090812537326997e-01 3.970969762482256527e-01
1.293102740153212193e-01 7.608090812537326997e-01 3.970969762482256527e-01
1.293102740153212193e-01 7.608090812537326997e-01 3.970969762482256527e-01
1.293102740153212193e-01 7.608090812537326997e-01 3.970969762482256527e-01
3.660904125678374754e-01 4.675351168915815037e-01 4.629178815617110421e-01
3.660904125678374754e-01 4.675351168915815037e-01 4.629178815617110421e-01
3.660904125678374754e-01 4.675351168915815037e-01 4.629178815617110421e-01
3.660904125678374754e-01 4.675351168915815037e-01 4.629178815617110421e-01
3.660904125678374754e-01 4.675351168915815037e-01 4.629178815617110421e-01
3.660904125678374754e-01 4.675351168915815037e-01 4.629178815617110421e-01
3.660904125678374754e-01 4.675351168915815037e-01 4.629178815617110421e-01
3.660904125678374754e-01 4.675351168915815037e-01 4.629178815617110421e-01
3.660904125678374754e-01 4.675351168915815037e-01 4.629178815617110421e-01
3.660904125678374754e-01 4.675351168915815037e-01 4.629178815617110421e-01
5.450836021532721176e-01 1.640394799845514284e-01 2.630338887577640672e-01
5.450836021532721176e-01 1.640394799845514284e-01 2.630338887577640672e-01
3.606779374071908961e-01 3.800664587912194192e-01 6.518949251097847508e-01
5.498763704656346452e-01 1.488339698935333688e-01 2.620998413533994209e-01
5.498763704656346452e-01 1.488339698935333688e-01 2.620998413533994209e-01
5.498763704656346452e-01 1.488339698935333688e-01 2.620998413533994209e-01
5.498763704656346452e-01 1.488339698935333688e-01 2.620998413533994209e-01
5.498763704656346452e-01 1.488339698935333688e-01 2.620998413533994209e-01
2.888635935511451591e-01 2.910158049447106876e-01 6.146155026245584407e-01
2.888635935511451591e-01 2.910158049447106876e-01 6.146155026245584407e-01
2.888635935511451591e-01 2.910158049447106876e-01 6.146155026245584407e-01
3.803650780011623711e-01 5.233558119216608073e-01 2.868022592397118098e-01
3.803650780011623711e-01 5.233558119216608073e-01 2.868022592397118098e-01
3.803650780011623711e-01 5.233558119216608073e-01 2.868022592397118098e-01
2.083869621185902021e-02 7.422519397897970883e-01 2.400020296012894683e-01
2.083869621185902021e-02 7.422519397897970883e-01 2.400020296012894683e-01
2.828859447696334684e-01 3.451958570624014122e-01 6.897013480731410962e-01
4.324938741088618088e-01 2.502490661943554406e-01 5.674502021495279047e-01
4.324938741088618088e-01 2.502490661943554406e-01 5.674502021495279047e-01
4.324938741088618088e-01 2.502490661943554406e-01 5.674502021495279047e-01
3.523930110076942679e-01 2.160111280944881362e-01 6.265450136344477006e-01
4.074927134999076772e-01 1.453604739612570085e-01 5.707834254007969621e-01
4.074927134999076772e-01 1.453604739612570085e-01 5.707834254007969621e-01
4.074927134999076772e-01 1.453604739612570085e-01 5.707834254007969621e-01
4.074927134999076772e-01 1.453604739612570085e-01 5.707834254007969621e-01
