2.489132485845457765e-01 1.481402749648903505e-01 2.194471318617240430e-01
4.684840724645523702e-01 1.729057887264419946e-01 2.892356254063533361e-01
4.684840724645523702e-01 1.729057887264419946e-01 2.892356254063533361e-01
4.684840724645523702e-01 1.729057887264419946e-01 2.892356254063533361e-01
5.451426793550241401e-01 -2.458682852293140597e-01 9.126561552103280850e-02
5.451426793550241401e-01 -2.458682852293140597e-01 9.126561552103280850e-02
5.451426793550241401e-01 -2.458682852293140597e-01 9.126561552103280850e-02
5.451426793550241401e-01 -2.458682852293140597e-01 9.126561552103280850e-02
4.940999193348008522e-01 -1.158122324157868921e-01 1.891213480785710332e-01
4.940999193348008522e-01 -1.158122324157868921e-01 1.891213480785710332e-01
5.784481997891854910e-01 -3.532660340788499331e-01 4.174538095840289037e-02
5.784481997891854910e-01 -3.532660340788499331e-01 4.174538095840289037e-02
4.300270611193196535e-01 -6.940808636401119003e-02 2.024216422364970291e-01
3.373470832885486770e-01 -5.312641873739284981e-02 9.678078249321471482e-02
3.373470832885486770e-01 -5.312641873739284981e-02 9.678078249321471482e-02
6.562785717794036300e-01 -1.238369791580279794e-01 6.842519620686900172e-02
6.562785717794036300e-01 -1.238369791580279794e-01 6.842519620686900172e-02
5.142224091251385021e-01 -6.132884640945944488e-02 2.317255063889394340e-01
5.142224091251385021e-01 -6.132884640945944488e-02 2.317255063889394340e-01
5.142224091251385021e-01 -6.132884640945944488e-02 2.317255063889394340e-01
5.142224091251385021e-01 -6.132884640945944488e-02 2.317255063889394340e-01
5.142224091251385021e-01 -6.132884640945944488e-02 2.317255063889394340e-01
5.142224091251385021e-01 -6.132884640945944488e-02 2.317255063889394340e-01
5.142224091251385021e-01 -6.132884640945944488e-02 2.317255063889394340e-01
5.142224091251385021e-01 -6.132884640945944488e-02 2.317255063889394340e-01
5.142224091251385021e-01 -6.132884640945944488e-02 2.317255063889394340e-01
4.771781467677712607e-01 -2.329305537435757967e-02 2.810821900551753738e-01
4.771781467677712607e-01 -2.329305537435757967e-02 2.810821900551753738e-01
1.551379293583539654e-01 6.676120684001383143e-01 3.685385833328372329e-01
1.551379293583539654e-01 6.676120684001383143e-01 3.685385833328372329e-01
1.551379293583539654e-01 6.676120684001383143e-01 3.685385833328372329e-01
2.318190401846171311e-01 7.520766138477259499e-01 8.264469144659934707e-02
5.219928400740520003e-02 9.178382366563656580e-01 1.183780973001229697e-01
5.219928400740520003e-02 9.178382366563656580e-01 1.183780973001229697e-01
2.115743588216949245e-01 6.447649385594766969e-01 2.918047682832741185e-01
2.115743588216949245e-01 6.447649385594766969e-01 2.918047682832741185e-01
2.115743588216949245e-01 6.447649385594766969e-01 2.918047682832741185e-01
2.115743588216949245e-01 6.447649385594766969e-01 2.918047682832741185e-01
2.817459030582700197e-01 7.256600610651149363e-01 4.727170028288866371e-02
3.952711180349566256e-01 3.214006117625853864e-01 3.385533509695616283e-01
3.952711180349566256e-01 3.214006117625853864e-01 3.385533509695616283e-01
3.952711180349566256e-01 3.214006117625853864e-01 3.385533509695616283e-01
3.952711180349566256e-01 3.214006117625853864e-01 3.385533509695616283e-01
3.952711180349566256e-01 3.214006117625853864e-01 3.385533509695616283e-01
4.941724811716824428e-01 -4.723428179933347737e-02 2.537245006308814221e-01
4.941724811716824428e-01 -4.723428179933347737e-02 2.537245006308814221e-01
4.941724811716824428e-01 -4.723428179933347737e-02 2.537245006308814221e-01
4.941724811716824428e-01 -4.723428179933347737e-02 2.537245006308814221e-01
4.941724811716824428e-01 -4.723428179933347737e-02 2.537245006308814221e-01
4.941724811716824428e-01 -4.723428179933347737e-02 2.537245006308814221e-01
4.941724811716824428e-01 -4.723428179933347737e-02 2.537245006308814221e-01
4.941724811716824428e-01 -4.723428179933347737e-02 2.537245006308814221e-01
4.941724811716824428e-01 -4.723428179933347737e-02 2.537245006308814221e-01
4.941724811716824428e-01 -4.723428179933347737e-02 2.537245006308814221e-01
4.941724811716824428e-01 -4.723428179933347737e-02 2.537245006308814221e-01
4.941724811716824428e-01 -4.723428179933347737e-02 2.537245006308814221e-01
4.941724811716824428e-01 -4.723428179933347737e-02 2.537245006308814221e-01
4.941724811716824428e-01 -4.723428179933347737e-02 2.537245006308814221e-01
4.941724811716824428e-01 -4.723428179933347737e-02 2.537245006308814221e-01
4.941724811716824428e-01 -4.723428179933347737e-02 2.537245006308814221e-01
2.760625073190134393e-01 1.557308047155075703e-01 3.115114661755656322e-01
2.760625073190134393e-01 1.557308047155075703e-01 3.115114661755656322e-01
2.479051450289023739e-01 4.068790742658078274e-01 6.072815861951370575e-01
2.479051450289023739e-01 4.068790742658078274e-01 6.072815861951370575e-01
3.066940465869532062e-01 5.638188031471944583e-01 1.886576203931315532e-01
3.066940465869532062e-01 5.638188031471944583e-01 1.886576203931315532e-01
3.066940465869532062e-01 5.638188031471944583e-01 1.886576203931315532e-01
3.066940465869532062e-01 5.638188031471944583e-01 1.886576203931315532e-01
3.066940465869532062e-01 5.638188031471944583e-01 1.886576203931315532e-01
2.918600686428093338e-01 5.107775168970831725e-01 3.379055099607463086e-01
2.918600686428093338e-01 5.107775168970831725e-01 3.379055099607463086e-01
2.918600686428093338e-01 5.107775168970831725e-01 3.379055099607463086e-01
9.552108987286966890e-02 7.230629204084645378e-01 3.404444866290080585e-01
9.552108987286966890e-02 7.230629204084645378e-01 3.404444866290080585e-01
9.552108987286966890e-02 7.230629204084645378e-01 3.404444866290080585e-01
9.552108987286966890e-02 7.230629204084645378e-01 3.404444866290080585e-01
9.552108987286966890e-02 7.230629204084645378e-01 3.404444866290080585e-01
9.552108987286966890e-02 7.230629204084645378e-01 3.404444866290080585e-01
9.552108987286966890e-02 7.230629204084645378e-01 3.404444866290080585e-01
9.552108987286966890e-02 7.230629204084645378e-01 3.404444866290080585e-01
9.552108987286966890e-02 7.230629204084645378e-01 3.404444866290080585e-01
9.552108987286966890e-02 7.230629204084645378e-01 3.404444866290080585e-01
2.641035795996821700e-01 5.433876334912715045e-01 3.578441186701936672e-01
2.641035795996821700e-01 5.433876334912715045e-01 3.578441186701936672e-01
2.122730754363394423e-01 5.767274817087907346e-01 4.328064744026142718e-01
2.122730754363394423e-01 5.767274817087907346e-01 4.328064744026142718e-01
2.122730754363394423e-01 5.767274817087907346e-01 4.328064744026142718e-01
2.122730754363394423e-01 5.767274817087907346e-01 4.328064744026142718e-01
2.060989332417867970e-01 6.172231809177599615e-01 3.634642487394030286e-01
2.060989332417867970e-01 6.172231809177599615e-01 3.634642487394030286e-01
2.060989332417867970e-01 6.172231809177599615e-01 3.634642487394030286e-01
2.060989332417867970e-01 6.172231809177599615e-01 3.634642487394030286e-01
2.060989332417867970e-01 6.172231809177599615e-01 3.634642487394030286e-01
2.407431850597309686e-01 4.211567281594444934e-01 6.041397659667707698e-01
2.983397410086682244e-01 5.203810333817231459e-01 2.961175100078092259e-01
4.902751711061913986e-01 4.390868608312331611e-02 2.979167606680942493e-01
4.902751711061913986e-01 4.390868608312331611e-02 2.979167606680942493e-01
4.902751711061913986e-01 4.390868608312331611e-02 2.979167606680942493e-01
1.958612258550962437e-01 3.675791894216555167e-01 4.900489494220325870e-01
1.958612258550962437e-01 3.675791894216555167e-01 4.900489494220325870e-01
