2.489132485845457765e-01 1.481402749648903505e-01 1.575582069869912007e-03
9.079176640535755460e-01 1.322366681070943906e-01 3.401471597333976388e-02
9.307998988696563059e-01 2.103914895106025751e-01 5.163793974544012705e-02
1.197644479557159691e+00 3.092409619035318968e-01 5.879848042020448251e-02
1.197644479557159691e+00 3.092409619035318968e-01 5.879848042020448251e-02
5.468546669909237767e-01 4.593766740403113502e-01 6.479948511382459253e-02
5.468546669909237767e-01 4.593766740403113502e-01 6.479948511382459253e-02
5.468546669909237767e-01 4.593766740403113502e-01 6.479948511382459253e-02
4.074821615436184929e-01 5.446780106673440036e-01 6.700138292870859436e-02
4.074821615436184929e-01 5.446780106673440036e-01 6.700138292870859436e-02
4.074821615436184929e-01 5.446780106673440036e-01 6.700138292870859436e-02
4.074821615436184929e-01 5.446780106673440036e-01 6.700138292870859436e-02
4.074821615436184929e-01 5.446780106673440036e-01 6.700138292870859436e-02
4.074821615436184929e-01 5.446780106673440036e-01 6.700138292870859436e-02
4.074821615436184929e-01 5.446780106673440036e-01 6.700138292870859436e-02
6.558506566826838302e-01 5.366537124410240001e-01 7.499252376822117261e-02
6.558506566826838302e-01 5.366537124410240001e-01 7.499252376822117261e-02
6.887286437315675025e-01 4.792082020979084866e-01 7.424222271409591789e-02
3.988012269513190322e-01 5.044947941734556629e-01 5.877386104481337886e-02
6.648587107125671913e-01 3.765365161631235580e-01 6.022408467401515336e-02
6.024539251222187364e-01 8.050714409213249878e-02 6.470318940998216924e-03
6.024539251222187364e-01 8.050714409213249878e-02 6.470318940998216924e-03
6.024539251222187364e-01 8.050714409213249878e-02 6.470318940998216924e-03
6.510012321717892902e-01 5.088866776585799778e-01 7.502856370833951849e-02
6.510012321717892902e-01 5.088866776585799778e-01 7.502856370833951849e-02
8.366091544165290550e-01 4.303340244111099611e-01 7.229453649838954443e-02
1.334509152969764134e+00 4.073031463611717640e-01 2.965416779673328909e-02
1.334509152969764134e+00 4.073031463611717640e-01 2.965416779673328909e-02
1.120918586233088821e+00 5.810154307869148660e-01 2.298511616523182463e-02
1.120918586233088821e+00 5.810154307869148660e-01 2.298511616523182463e-02
5.006232173179552269e-01 4.243909393633713556e-01 5.326917598851355767e-02
5.650673008917934670e-01 4.053612172727700247e-01 5.619753593089511778e-02
8.918075250636698925e-01 2.161563753776216401e-01 4.938351867527488587e-02
8.918075250636698925e-01 2.161563753776216401e-01 4.938351867527488587e-02
4.761722704515778393e-01 6.053474095806700150e-01 7.628470076699676861e-02
4.203469635307904850e-01 7.238833485933092726e-01 7.148680638545802657e-02
4.203469635307904850e-01 7.238833485933092726e-01 7.148680638545802657e-02
1.822671139579045696e-01 8.601903464463251936e-01 6.857692139908162787e-02
1.822671139579045696e-01 8.601903464463251936e-01 6.857692139908162787e-02
1.412940485872196672e-02 7.173981360196199919e-01 5.700802153420507501e-02
1.412940485872196672e-02 7.173981360196199919e-01 5.700802153420507501e-02
1.585825228618421567e-01 9.256638499611773430e-01 5.965649880805912186e-02
-3.062737153135856039e-01 1.063780015774763443e+00 6.231759975767566656e-02
-3.062737153135856039e-01 1.063780015774763443e+00 6.231759975767566656e-02
-6.984080190466243065e-01 1.005427900069805647e+00 2.666202081679188568e-02
-6.984080190466243065e-01 1.005427900069805647e+00 2.666202081679188568e-02
-6.984080190466243065e-01 1.005427900069805647e+00 2.666202081679188568e-02
-6.984080190466243065e-01 1.005427900069805647e+00 2.666202081679188568e-02
-6.984080190466243065e-01 1.005427900069805647e+00 2.666202081679188568e-02
-6.984080190466243065e-01 1.005427900069805647e+00 2.666202081679188568e-02
-6.038980270611452594e-01 9.252769689019427757e-01 2.424005182100889139e-02
-6.052830474403754213e-01 6.722206581480201226e-01 2.663039473943099901e-03
-3.545953032319972276e-01 1.153532543872152427e+00 5.533049150949487238e-02
-1.309266107631840426e-01 1.084936759097737680e+00 5.371860420850475826e-02
-1.309266107631840426e-01 1.084936759097737680e+00 5.371860420850475826e-02
-1.309266107631840426e-01 1.084936759097737680e+00 5.371860420850475826e-02
-1.309266107631840426e-01 1.084936759097737680e+00 5.371860420850475826e-02
-3.039083160861948407e-01 1.370762625836559945e+00 1.724031915206453505e-02
-5.899011440773924697e-01 1.470187026356853055e+00 2.082541820999549501e-02
-6.122532375974272245e-01 1.357217001914726939e+00 3.854068261120759814e-02
-6.122532375974272245e-01 1.357217001914726939e+00 3.854068261120759814e-02
-6.122532375974272245e-01 1.357217001914726939e+00 3.854068261120759814e-02
-7.796940236320459849e-01 1.313073089570232499e+00 4.516470828120603548e-02
-7.796940236320459849e-01 1.313073089570232499e+00 4.516470828120603548e-02
-7.796940236320459849e-01 1.313073089570232499e+00 4.516470828120603548e-02
-8.176716777651752421e-01 1.240887357375777711e+00 4.244065804404070080e-02
-8.176716777651752421e-01 1.240887357375777711e+00 4.244065804404070080e-02
-6.410237088269251648e-01 1.573632487062153862e+00 1.147953788495542117e-02
-6.635446934843400868e-01 1.532086847905235638e+00 1.690742424983997585e-02
-6.635446934843400868e-01 1.532086847905235638e+00 1.690742424983997585e-02
-6.635446934843400868e-01 1.532086847905235638e+00 1.690742424983997585e-02
-6.635446934843400868e-01 1.532086847905235638e+00 1.690742424983997585e-02
-6.635446934843400868e-01 1.532086847905235638e+00 1.690742424983997585e-02
-6.635446934843400868e-01 1.532086847905235638e+00 1.690742424983997585e-02
-8.370745903386841436e-01 1.608704808151833809e+00 1.624207447479689495e-02
-8.370745903386841436e-01 1.608704808151833809e+00 1.624207447479689495e-02
-8.370745903386841436e-01 1.608704808151833809e+00 1.624207447479689495e-02
-8.370745903386841436e-01 1.608704808151833809e+00 1.624207447479689495e-02
-1.268384860403674708e+00 1.598816846433661620e+00 2.673652050893954302e-02
-1.279747506909282073e+00 1.546117553353330898e+00 2.742133910055784968e-02
-8.968767840619802367e-01 1.717766769196282794e+00 8.614159034733935918e-03
-1.235476192327579437e+00 1.415039417650964637e+00 2.540420467703488616e-02
-1.235476192327579437e+00 1.415039417650964637e+00 2.540420467703488616e-02
-1.235476192327579437e+00 1.415039417650964637e+00 2.540420467703488616e-02
-1.000528096847650872e+00 1.348301615515902441e+00 3.623423939334764754e-02
-9.994862961345548635e-01 1.295146784108940796e+00 3.317236082407318959e-02
-9.994862961345548635e-01 1.295146784108940796e+00 3.317236082407318959e-02
-1.060490826497074268e+00 1.552732985232884166e+00 2.960728796080598288e-02
-6.793053780366227201e-01 1.464853619599664425e+00 2.653035229570466225e-02
-6.793053780366227201e-01 1.464853619599664425e+00 2.653035229570466225e-02
-2.028189182204810925e-01 1.258974559147605810e+00 2.715786300979328508e-02
-3.217531594425693808e-01 1.175399618913064215e+00 5.084767627330577522e-02
-3.217531594425693808e-01 1.175399618913064215e+00 5.084767627330577522e-02
-4.646148681881943077e-01 8.955263244516030730e-01 3.372940772045141672e-02
-2.510959636232009684e-01 5.734787515779782296e-01 8.388629814409130289e-03
-2.510959636232009684e-01 5.734787515779782296e-01 8.388629814409130289e-03
-2.510959636232009684e-01 5.734787515779782296e-01 8.388629814409130289e-03
-2.510959636232009684e-01 5.734787515779782296e-01 8.388629814409130289e-03
-4.301430908640753725e-01 8.596375541212744054e-01 3.149500612603077510e-02
-3.833460366538668507e-01 1.073366420071982130e+00 6.048469925795659646e-02
