2.489132485845457765e-01 1.481402749648903505e-01 2.071453406908839966e-03
5.124739280471621861e-01 4.036072312466554290e-01 6.118404356814036160e-02
4.696739843234211675e-01 6.483605665166473075e-01 8.666854092009647348e-02
3.294310681032385224e-01 5.668734099987602360e-01 8.956942298316715456e-02
3.294310681032385224e-01 5.668734099987602360e-01 8.956942298316715456e-02
4.807354173776318129e-02 8.871777207163211720e-01 1.233361052146028369e-01
4.807354173776318129e-02 8.871777207163211720e-01 1.233361052146028369e-01
2.784407875242178587e-01 6.996759569820053537e-01 1.077779850145120372e-01
1.984598269301894036e-01 5.600015036186002382e-01 7.457950940969163001e-02
-9.909220853839825760e-02 6.368145809867562512e-01 5.273568359103115999e-02
-2.850300338962567792e-02 6.282006750225863634e-01 6.244633192204375460e-02
-6.938742649445112098e-02 9.335307035895938910e-01 1.343334319503436680e-01
-1.743454047944935636e-01 8.153591305119261001e-01 1.100071163305631622e-01
-1.743454047944935636e-01 8.153591305119261001e-01 1.100071163305631622e-01
-2.959108244892740269e-01 7.755105608946935014e-01 6.720915275680268419e-02
-3.170092489424182203e-01 1.173864908744033819e+00 1.201900762643243609e-01
-3.170092489424182203e-01 1.173864908744033819e+00 1.201900762643243609e-01
-1.825005614196767434e-01 1.167841219376812401e+00 8.678498359932344808e-02
-1.825005614196767434e-01 1.167841219376812401e+00 8.678498359932344808e-02
-1.825005614196767434e-01 1.167841219376812401e+00 8.678498359932344808e-02
-7.608303506903892899e-01 9.722021871034698393e-01 4.168824604379652021e-02
-9.103254519083554541e-01 1.252007823404336806e+00 1.151041781474387016e-01
-9.103254519083554541e-01 1.252007823404336806e+00 1.151041781474387016e-01
-8.791840380492074170e-01 1.148926954822814261e+00 8.183938566791576497e-02
-8.791840380492074170e-01 1.148926954822814261e+00 8.183938566791576497e-02
-6.954125115318996464e-01 1.386152881497030087e+00 1.222098271804172992e-01
-6.954125115318996464e-01 1.386152881497030087e+00 1.222098271804172992e-01
-6.954125115318996464e-01 1.386152881497030087e+00 1.222098271804172992e-01
-9.756661186304498301e-01 1.429116124232664875e+00 1.360064322422531724e-01
-9.659752035158316597e-01 1.357592671036944143e+00 1.321809690145092087e-01
-1.154370405278593470e+00 1.326609876172574420e+00 7.859891220149890778e-02
-7.154905767350647761e-01 1.218564277850675559e+00 1.444607728270778380e-01
-1.443352359368928139e+00 1.673238495997508180e+00 9.674810518127130443e-02
-1.443352359368928139e+00 1.673238495997508180e+00 9.674810518127130443e-02
-1.163946275689355270e+00 1.515839271015799072e+00 1.220424758631984408e-01
-1.163946275689355270e+00 1.515839271015799072e+00 1.220424758631984408e-01
-1.215226419977855521e+00 1.677187326320298544e+00 9.765831201360337943e-02
-1.478762393274975828e+00 1.757265926504380626e+00 9.020333751987036353e-02
-1.441949554198498351e+00 1.523236720476657924e+00 7.138419044152700954e-02
-1.441949554198498351e+00 1.523236720476657924e+00 7.138419044152700954e-02
-1.441949554198498351e+00 1.523236720476657924e+00 7.138419044152700954e-02
-1.216652799791659190e+00 1.701786559454848247e+00 9.017470218525433512e-02
-1.216652799791659190e+00 1.701786559454848247e+00 9.017470218525433512e-02
-1.216652799791659190e+00 1.701786559454848247e+00 9.017470218525433512e-02
-9.011368236796268860e-01 1.489969887469381415e+00 1.196966757140445758e-01
-9.011368236796268860e-01 1.489969887469381415e+00 1.196966757140445758e-01
-7.010815829189094295e-01 1.145783175072517146e+00 1.272728140014839637e-01
-7.010815829189094295e-01 1.145783175072517146e+00 1.272728140014839637e-01
-5.230557310260063320e-01 9.280036271885714338e-01 7.927732367353207410e-02
-5.230557310260063320e-01 9.280036271885714338e-01 7.927732367353207410e-02
-3.663712056091612546e-01 8.492915788352939366e-01 8.284818651218645025e-02
-3.663712056091612546e-01 8.492915788352939366e-01 8.284818651218645025e-02
-1.630205343713641841e-01 8.005154029374405011e-01 1.062374749178541383e-01
-6.173080610967133230e-01 9.760574664455391458e-01 7.645111276734690986e-02
-6.173080610967133230e-01 9.760574664455391458e-01 7.645111276734690986e-02
-9.779880774257749820e-01 1.228252095393839172e+00 8.782820732260453178e-02
-7.906950519714966985e-01 1.498055219641031943e+00 9.580772215439326001e-02
-7.906950519714966985e-01 1.498055219641031943e+00 9.580772215439326001e-02
-6.220247322118407363e-01 8.928754351956135205e-01 4.261165376513660619e-02
-1.182048933664014090e+00 1.532789933504901114e+00 1.206172763965269179e-01
-1.182048933664014090e+00 1.532789933504901114e+00 1.206172763965269179e-01
-1.182048933664014090e+00 1.532789933504901114e+00 1.206172763965269179e-01
-1.182048933664014090e+00 1.532789933504901114e+00 1.206172763965269179e-01
-1.182048933664014090e+00 1.532789933504901114e+00 1.206172763965269179e-01
-1.414358903041470272e+00 1.679233162903985388e+00 9.939853285742891731e-02
-1.414358903041470272e+00 1.679233162903985388e+00 9.939853285742891731e-02
-1.414358903041470272e+00 1.679233162903985388e+00 9.939853285742891731e-02
-1.414358903041470272e+00 1.679233162903985388e+00 9.939853285742891731e-02
-1.509407461085643387e+00 1.773294897442466711e+00 8.755312102258384910e-02
-1.509407461085643387e+00 1.773294897442466711e+00 8.755312102258384910e-02
-1.588107393560266090e+00 1.510417796876078134e+00 3.776556247671008365e-02
-1.155844942319344870e+00 1.695130811882030519e+00 8.432291476786808737e-02
-1.155844942319344870e+00 1.695130811882030519e+00 8.432291476786808737e-02
-1.155844942319344870e+00 1.695130811882030519e+00 8.432291476786808737e-02
-1.243255332101235178e+00 1.564562844790474694e+00 1.152994213883173219e-01
-1.243255332101235178e+00 1.564562844790474694e+00 1.152994213883173219e-01
-1.243255332101235178e+00 1.564562844790474694e+00 1.152994213883173219e-01
-1.243255332101235178e+00 1.564562844790474694e+00 1.152994213883173219e-01
-1.419090405735902838e+00 1.397009608400205050e+00 4.033365870374342604e-02
-1.419090405735902838e+00 1.397009608400205050e+00 4.033365870374342604e-02
-1.245502051797493515e+00 1.503451830239613596e+00 1.090463736207507167e-01
-9.975189333391150104e-01 1.005915171595763935e+00 1.526890846045455934e-02
-9.975189333391150104e-01 1.005915171595763935e+00 1.526890846045455934e-02
-9.975189333391150104e-01 1.005915171595763935e+00 1.526890846045455934e-02
-1.280181181799534329e+00 1.112005802668702081e+00 6.967880536325585586e-03
-1.006715750545154053e+00 9.741601766414420549e-01 1.021515382214378820e-02
-1.044501415393036980e+00 1.349820027536805522e+00 1.146734412436440920e-01
-1.044501415393036980e+00 1.349820027536805522e+00 1.146734412436440920e-01
-9.653830992372345321e-01 1.359902101309973910e+00 1.326636894218054807e-01
-9.653830992372345321e-01 1.359902101309973910e+00 1.326636894218054807e-01
-1.166083459612085704e+00 1.358243024628785767e+00 8.694639842538243180e-02
-1.166083459612085704e+00 1.358243024628785767e+00 8.694639842538243180e-02
-1.166083459612085704e+00 1.358243024628785767e+00 8.694639842538243180e-02
-1.166083459612085704e+00 1.358243024628785767e+00 8.694639842538243180e-02
-1.386608738199544222e+00 1.572287007965228245e+00 9.487922795370422324e-02
-1.483250199527288204e+00 1.912014013997358486e+00 5.542389939535884158e-02
-1.483250199527288204e+00 1.912014013997358486e+00 5.542389939535884158e-02
-1.483250199527288204e+00 1.912014013997358486e+00 5.542389939535884158e-02
-1.483250199527288204e+00 1.912014013997358486e+00 5.542389939535884158e-02
-1.854487048221127976e+00 2.203907422489201018e+00 2.171953057629476616e-02
