2.489132485845457765e-01 1.481402749648903505e-01 2.920844464417112971e-03
3.320005602029321157e-01 4.820837916758032859e-01 1.464365167558446534e-01
3.320005602029321157e-01 4.820837916758032859e-01 1.464365167558446534e-01
7.952387955722777235e-01 4.005951840842750800e-01 2.142550539190569703e-01
9.480449187009100109e-01 2.375784742832437457e-01 1.519900598728672336e-01
1.410288066560041020e+00 1.740708061537449836e-01 1.288401282410178705e-01
1.410288066560041020e+00 1.740708061537449836e-01 1.288401282410178705e-01
1.410288066560041020e+00 1.740708061537449836e-01 1.288401282410178705e-01
1.009811462947233451e+00 2.975660087644711460e-01 1.867523774985863083e-01
1.009811462947233451e+00 2.975660087644711460e-01 1.867523774985863083e-01
1.009811462947233451e+00 2.975660087644711460e-01 1.867523774985863083e-01
1.058343605219758343e+00 3.796937865295459402e-01 1.819183106113463066e-01
9.689646908851226037e-01 1.992091965538755616e-01 1.318290165617013454e-01
9.689646908851226037e-01 1.992091965538755616e-01 1.318290165617013454e-01
8.333140519579759209e-01 4.101232347764725006e-01 2.167230922476110211e-01
8.333140519579759209e-01 4.101232347764725006e-01 2.167230922476110211e-01
8.333140519579759209e-01 4.101232347764725006e-01 2.167230922476110211e-01
9.059548820450044060e-01 3.136905552811252162e-01 1.879625734072394305e-01
9.059548820450044060e-01 3.136905552811252162e-01 1.879625734072394305e-01
8.618980928763837479e-01 4.856010469813042962e-01 2.039976303548609593e-01
8.618980928763837479e-01 4.856010469813042962e-01 2.039976303548609593e-01
8.618980928763837479e-01 4.856010469813042962e-01 2.039976303548609593e-01
8.618980928763837479e-01 4.856010469813042962e-01 2.039976303548609593e-01
6.706294894389891459e-01 3.584233955546723971e-01 1.681892165112603144e-01
4.405564392046026345e-01 7.387924590375205547e-01 1.981920560117970964e-01
4.405564392046026345e-01 7.387924590375205547e-01 1.981920560117970964e-01
4.405564392046026345e-01 7.387924590375205547e-01 1.981920560117970964e-01
4.405564392046026345e-01 7.387924590375205547e-01 1.981920560117970964e-01
4.910981651460772368e-01 9.611298317099327138e-01 3.741186956042350659e-02
4.910981651460772368e-01 9.611298317099327138e-01 3.741186956042350659e-02
-1.570107587575238495e-01 1.096151132612110501e+00 1.085554674404256986e-01
-1.570107587575238495e-01 1.096151132612110501e+00 1.085554674404256986e-01
-3.930372625833726263e-01 7.792586494518869422e-01 7.200366876935097860e-02
-3.930372625833726263e-01 7.792586494518869422e-01 7.200366876935097860e-02
-3.910037459323132403e-01 9.222411980188007785e-01 1.353586682972123811e-01
-4.918641504272279197e-01 1.155485039965838734e+00 1.143965146954676881e-01
-4.918641504272279197e-01 1.155485039965838734e+00 1.143965146954676881e-01
-2.606755018197395302e-01 8.352632746631500904e-01 1.446146328727145047e-01
-2.606755018197395302e-01 8.352632746631500904e-01 1.446146328727145047e-01
-2.606755018197395302e-01 8.352632746631500904e-01 1.446146328727145047e-01
-2.606755018197395302e-01 8.352632746631500904e-01 1.446146328727145047e-01
1.566035881853133360e-01 9.556747828076865847e-01 1.274956469960407957e-01
7.167070756714075674e-01 6.515266180562693243e-01 1.605423710782028224e-01
5.407924554259074812e-01 3.267876594408592461e-01 1.033811058283635731e-01
5.407924554259074812e-01 3.267876594408592461e-01 1.033811058283635731e-01
5.236479350101823638e-01 4.849596474966972881e-01 2.121236679463817110e-01
8.037040536012232117e-01 6.157268722176821862e-01 1.514350909162409387e-01
8.037040536012232117e-01 6.157268722176821862e-01 1.514350909162409387e-01
9.850640929048163352e-01 7.244586123030128944e-01 3.293179852286894777e-02
9.850640929048163352e-01 7.244586123030128944e-01 3.293179852286894777e-02
9.850640929048163352e-01 7.244586123030128944e-01 3.293179852286894777e-02
1.170080655978374962e+00 5.912186305920670293e-01 4.368414781878954267e-02
5.075523470345674193e-01 6.816652072707414245e-01 2.136132671748061096e-01
2.814645664431028593e-01 7.752853315198400264e-01 2.161346262629167680e-01
4.906002041126282798e-01 1.104855697948250004e+00 6.480446714134040914e-03
3.230310997917142934e-01 1.056229830606929321e+00 3.107821680220755958e-02
2.392852756643824574e-01 1.080418577166199379e+00 3.560532015915982007e-02
2.392852756643824574e-01 1.080418577166199379e+00 3.560532015915982007e-02
-3.711004640631831997e-02 7.466254235188529709e-01 1.814480664512493624e-01
2.676348214855401864e-01 6.767732703552333806e-01 2.348322408323989252e-01
2.676348214855401864e-01 6.767732703552333806e-01 2.348322408323989252e-01
2.676348214855401864e-01 6.767732703552333806e-01 2.348322408323989252e-01
2.676348214855401864e-01 6.767732703552333806e-01 2.348322408323989252e-01
2.676348214855401864e-01 6.767732703552333806e-01 2.348322408323989252e-01
4.562677251235791598e-01 6.470838015464289716e-01 2.378332395688294021e-01
4.972475572445461678e-02 7.278918854126907867e-01 2.012551130235846752e-01
4.972475572445461678e-02 7.278918854126907867e-01 2.012551130235846752e-01
1.584146507287403915e-01 7.866595453681730632e-01 2.243167276179326153e-01
1.584146507287403915e-01 7.866595453681730632e-01 2.243167276179326153e-01
7.992113856988453113e-01 3.472599682794377252e-01 1.907948922176971041e-01
7.992113856988453113e-01 3.472599682794377252e-01 1.907948922176971041e-01
6.202744407881441990e-01 5.787814388354153294e-01 2.310960625350209630e-01
5.129046345037746590e-01 6.299498968531398457e-01 2.347646972487411610e-01
6.448070064672960511e-01 5.920629611020447047e-01 2.210429989769770176e-01
6.448070064672960511e-01 5.920629611020447047e-01 2.210429989769770176e-01
6.448070064672960511e-01 5.920629611020447047e-01 2.210429989769770176e-01
8.694525411573623686e-01 4.822309420456659668e-01 2.030718153617410426e-01
7.476822860919275504e-01 2.579360143857516441e-01 1.169616015174069767e-01
6.248072268183095801e-01 3.166228027636568965e-01 1.227846723760747660e-01
3.407454329850578278e-01 4.847564562757332718e-01 1.518220792855684564e-01
3.407454329850578278e-01 4.847564562757332718e-01 1.518220792855684564e-01
5.585745324770834408e-01 4.797475499080068317e-01 2.171622012311226757e-01
5.585745324770834408e-01 4.797475499080068317e-01 2.171622012311226757e-01
6.251551778821154981e-01 3.450582982303409540e-01 1.443561502353658266e-01
4.491517356368603942e-01 4.316282321952280565e-01 1.510007075372556407e-01
4.866186297638694924e-01 2.389751813708715089e-01 3.995587153291023375e-02
1.844693907153204249e-01 3.902598277878855937e-01 4.232317098162186736e-02
1.844693907153204249e-01 3.902598277878855937e-01 4.232317098162186736e-02
7.493078144695519693e-04 6.080857223961531055e-01 1.098622665826970990e-01
7.493078144695519693e-04 6.080857223961531055e-01 1.098622665826970990e-01
-4.079248969870170882e-02 4.756315306496442519e-01 3.099464642939850356e-02
-4.079248969870170882e-02 4.756315306496442519e-01 3.099464642939850356e-02
4.938122606672415427e-02 4.081117637281859167e-01 2.495282923322367230e-02
2.495612148488720039e-01 4.598990867187919829e-01 9.943483229746688523e-02
5.664996871487596453e-01 3.861927709722826618e-01 1.566560268867916994e-01
5.664996871487596453e-01 3.861927709722826618e-01 1.566560268867916994e-01
5.664996871487596453e-01 3.861927709722826618e-01 1.566560268867916994e-01
4.957793639668028884e-01 5.119580174830332675e-01 2.201264091856217908e-01
4.957793639668028884e-01 5.119580174830332675e-01 2.201264091856217908e-01
4.957793639668028884e-01 5.119580174830332675e-01 2.201264091856217908e-01
