2.489132485845457765e-01 1.481402749648903505e-01 1.417550901155072282e-03
4.867077128278030074e-01 1.086289203272611248e-02 1.591905861464529932e-03
9.338947787186274718e-01 2.181078750380313624e-01 2.776321999805609828e-02
9.338947787186274718e-01 2.181078750380313624e-01 2.776321999805609828e-02
1.292525897971163573e+00 2.203337779761821436e-01 1.647264916076241620e-02
1.086033883857172366e+00 2.007146486483779857e-01 2.604760987528664112e-02
1.086033883857172366e+00 2.007146486483779857e-01 2.604760987528664112e-02
8.763882277950063582e-01 6.069679024083871055e-02 1.573207940168258601e-02
9.790031033798030080e-01 3.227655172463814726e-01 2.591018173891540891e-02
1.024827144893945441e+00 3.458851981566754552e-01 2.245917992344069122e-02
1.051384145325652053e+00 1.846402719658896407e-01 2.677094207651759677e-02
1.051384145325652053e+00 1.846402719658896407e-01 2.677094207651759677e-02
1.051384145325652053e+00 1.846402719658896407e-01 2.677094207651759677e-02
1.371187077469290028e+00 2.491804914344802058e-01 1.087847937546948876e-02
1.371187077469290028e+00 2.491804914344802058e-01 1.087847937546948876e-02
1.371187077469290028e+00 2.491804914344802058e-01 1.087847937546948876e-02
1.371187077469290028e+00 2.491804914344802058e-01 1.087847937546948876e-02
1.393775648948295531e+00 3.868214624056206530e-01 3.718864400846933881e-03
1.393775648948295531e+00 3.868214624056206530e-01 3.718864400846933881e-03
1.713460242749434315e+00 2.913884391933554419e-01 1.006165931100961577e-03
1.847820601777799610e+00 -8.103798675526030504e-02 8.053594499347321162e-03
1.686161906208982320e+00 -2.736504710220099001e-01 1.540741143403152012e-02
1.871613907405356381e+00 -7.400545903995656705e-01 2.082558198184933720e-03
1.871613907405356381e+00 -7.400545903995656705e-01 2.082558198184933720e-03
2.355464440506003676e+00 -3.793746505580047890e-01 3.749301849085021499e-03
2.534722570161082267e+00 -6.058998871689094123e-01 4.434354103288798248e-03
2.534722570161082267e+00 -6.058998871689094123e-01 4.434354103288798248e-03
2.534722570161082267e+00 -6.058998871689094123e-01 4.434354103288798248e-03
2.534722570161082267e+00 -6.058998871689094123e-01 4.434354103288798248e-03
2.141267844012161525e+00 -5.790871742659232657e-01 8.705560503528764899e-03
2.141267844012161525e+00 -5.790871742659232657e-01 8.705560503528764899e-03
2.134344062423607635e+00 -3.199539985290221211e-01 7.199848485417145727e-03
2.134344062423607635e+00 -3.199539985290221211e-01 7.199848485417145727e-03
1.848817966327303886e+00 -1.866466721838047904e-01 1.173658705355092556e-02
1.653618142369225552e+00 4.305477886439934565e-02 9.791327338097746691e-03
1.653618142369225552e+00 4.305477886439934565e-02 9.791327338097746691e-03
1.289734091941438177e+00 -2.846834130372404015e-02 2.169686236592503412e-02
1.150261442429701075e+00 4.419482544874143159e-01 9.231355219988270772e-03
1.227085283005429517e+00 7.262476407669087308e-01 3.172207877100550089e-04
1.907302310626661557e+00 1.946239908925050388e-01 6.184593877423410786e-04
1.907302310626661557e+00 1.946239908925050388e-01 6.184593877423410786e-04
1.227238169491733366e+00 1.093247646867245293e-01 2.383712817711865564e-02
1.227238169491733366e+00 1.093247646867245293e-01 2.383712817711865564e-02
1.182430756976190045e+00 -1.397050446978248261e-01 1.272116528926183800e-02
1.182430756976190045e+00 -1.397050446978248261e-01 1.272116528926183800e-02
1.386262547092356190e+00 -4.005575673254528624e-02 2.117943346668879276e-02
1.053743726509869694e+00 1.119613743070951989e-01 2.499131846202698806e-02
9.353230345661693867e-01 4.785840433492982715e-02 1.720922569141809799e-02
9.353230345661693867e-01 4.785840433492982715e-02 1.720922569141809799e-02
1.427253868738593834e+00 -1.107903318238287471e-01 1.959366892950391986e-02
1.427253868738593834e+00 -1.107903318238287471e-01 1.959366892950391986e-02
1.427253868738593834e+00 -1.107903318238287471e-01 1.959366892950391986e-02
1.973973379132184958e+00 -3.955299836123141177e-01 1.173301889319147348e-02
1.973973379132184958e+00 -3.955299836123141177e-01 1.173301889319147348e-02
1.973973379132184958e+00 -3.955299836123141177e-01 1.173301889319147348e-02
1.973973379132184958e+00 -3.955299836123141177e-01 1.173301889319147348e-02
1.973973379132184958e+00 -3.955299836123141177e-01 1.173301889319147348e-02
2.309443127278224317e+00 -5.471951354930142397e-01 7.315561271336636258e-03
2.500539495427180903e+00 -7.299358770471358060e-01 5.574621330332473271e-03
2.500539495427180903e+00 -7.299358770471358060e-01 5.574621330332473271e-03
2.500539495427180903e+00 -7.299358770471358060e-01 5.574621330332473271e-03
2.382847773573815164e+00 -8.002573209941247212e-01 5.134087562423510394e-03
2.580006351552601274e+00 -7.687703708154438598e-01 4.910065272589191586e-03
2.237090382886743001e+00 -1.175743582024778133e+00 1.348899655195654650e-04
2.237090382886743001e+00 -1.175743582024778133e+00 1.348899655195654650e-04
2.237090382886743001e+00 -1.175743582024778133e+00 1.348899655195654650e-04
2.237090382886743001e+00 -1.175743582024778133e+00 1.348899655195654650e-04
2.237090382886743001e+00 -1.175743582024778133e+00 1.348899655195654650e-04
2.237090382886743001e+00 -1.175743582024778133e+00 1.348899655195654650e-04
2.237090382886743001e+00 -1.175743582024778133e+00 1.348899655195654650e-04
1.825121421840835589e+00 -1.027057314124194098e+00 4.741087634202444145e-05
1.761077131963841857e+00 -7.832165549224361367e-01 7.653043259025603265e-04
1.761077131963841857e+00 -7.832165549224361367e-01 7.653043259025603265e-04
1.761077131963841857e+00 -7.832165549224361367e-01 7.653043259025603265e-04
1.761077131963841857e+00 -7.832165549224361367e-01 7.653043259025603265e-04
1.802411102577493152e+00 -7.926855824969620823e-01 8.767758224955354319e-04
2.102450432663607316e+00 -8.813160539694695483e-01 1.614836657630082904e-03
2.102450432663607316e+00 -8.813160539694695483e-01 1.614836657630082904e-03
1.881500366161127591e+00 -8.424199014504608618e-01 8.005029589386294855e-04
2.066237879228345786e+00 -8.327572524726374326e-01 2.107388271427614729e-03
2.472264911086491601e+00 -8.757295587146611826e-01 4.172332137777564481e-03
2.394324473549064081e+00 -8.662546073031376359e-01 3.994574928497857461e-03
2.467645016867481722e+00 -9.113034828197819071e-01 3.580526603510609217e-03
2.300679852478506149e+00 -8.680730651356175498e-01 3.347964893476796169e-03
2.149774468141747885e+00 -9.166306073640890784e-01 1.442637688827980418e-03
2.149774468141747885e+00 -9.166306073640890784e-01 1.442637688827980418e-03
2.001779109932500855e+00 -4.461932670231517073e-01 1.111794340169854241e-02
2.001779109932500855e+00 -4.461932670231517073e-01 1.111794340169854241e-02
2.052095631796202024e+00 -3.083562845344180459e-01 9.051532963742345630e-03
2.052095631796202024e+00 -3.083562845344180459e-01 9.051532963742345630e-03
2.052095631796202024e+00 -3.083562845344180459e-01 9.051532963742345630e-03
2.020103973548878606e+00 -2.633875429945625180e-01 8.773856904117496164e-03
2.414083729647488408e+00 -7.119693850673775026e-01 6.221545623855647029e-03
2.414083729647488408e+00 -7.119693850673775026e-01 6.221545623855647029e-03
2.342566984870293023e+00 -6.055855175394512235e-01 7.124608073460872090e-03
2.309710281876135696e+00 -6.993333848768283900e-01 6.670719808363100717e-03
2.084902304360031433e+00 -5.299842979097435514e-01 9.607549611491107699e-03
2.084902304360031433e+00 -5.299842979097435514e-01 9.607549611491107699e-03
2.084902304360031433e+00 -5.299842979097435514e-01 9.607549611491107699e-03
2.084902304360031433e+00 -5.299842979097435514e-01 9.607549611491107699e-03
