2.489132485845457765e-01 1.481402749648903505e-01 2.034032341863628839e-03
4.197153657181900144e-01 1.299709162189496559e-01 5.091281536323125252e-03
2.009653445927454540e-01 3.251541313757354001e-01 1.382994082727171878e-02
2.009653445927454540e-01 3.251541313757354001e-01 1.382994082727171878e-02
2.009653445927454540e-01 3.251541313757354001e-01 1.382994082727171878e-02
5.275789946023056176e-01 -6.902321222354101948e-02 5.946261059423310884e-04
5.275789946023056176e-01 -6.902321222354101948e-02 5.946261059423310884e-04
5.275789946023056176e-01 -6.902321222354101948e-02 5.946261059423310884e-04
5.275789946023056176e-01 -6.902321222354101948e-02 5.946261059423310884e-04
3.290858116420564139e-01 2.928082392895104413e-01 1.952763757126117425e-02
3.290858116420564139e-01 2.928082392895104413e-01 1.952763757126117425e-02
6.110317521747515856e-02 5.405599949697432738e-01 4.832203710741680980e-02
4.009950312070061779e-02 1.121573709597184720e+00 5.211937392880720138e-02
4.009950312070061779e-02 1.121573709597184720e+00 5.211937392880720138e-02
1.447068520669552924e-02 1.228049678573196912e+00 2.432887600720315402e-02
1.447068520669552924e-02 1.228049678573196912e+00 2.432887600720315402e-02
1.447068520669552924e-02 1.228049678573196912e+00 2.432887600720315402e-02
1.447068520669552924e-02 1.228049678573196912e+00 2.432887600720315402e-02
3.430028619674459489e-01 1.147832477930771367e+00 1.283205726633441027e-02
6.591256638559346293e-01 8.516580982305025360e-01 4.959540220050201453e-02
5.638169609672915028e-01 7.860524732813981563e-01 9.837248726236939855e-02
5.638169609672915028e-01 7.860524732813981563e-01 9.837248726236939855e-02
5.638169609672915028e-01 7.860524732813981563e-01 9.837248726236939855e-02
5.638169609672915028e-01 7.860524732813981563e-01 9.837248726236939855e-02
5.638169609672915028e-01 7.860524732813981563e-01 9.837248726236939855e-02
9.498093225237427273e-01 6.351598128301532142e-01 7.599840924739009740e-02
1.208084638253347665e+00 5.946419956081028246e-02 6.917308667064089867e-02
8.830181817309881165e-01 4.297401079746309138e-01 1.483142095212195144e-01
6.994561395991168995e-01 3.612638840565403076e-01 1.118107066518902321e-01
8.548805950602285098e-01 3.535949297339832653e-01 1.335795412170400764e-01
8.548805950602285098e-01 3.535949297339832653e-01 1.335795412170400764e-01
8.548805950602285098e-01 3.535949297339832653e-01 1.335795412170400764e-01
8.548805950602285098e-01 3.535949297339832653e-01 1.335795412170400764e-01
1.008968661755113683e+00 2.506043537729137904e-01 1.162543523800266126e-01
7.140892437099470857e-01 6.134414736404761870e-01 1.386522762487581717e-01
7.140892437099470857e-01 6.134414736404761870e-01 1.386522762487581717e-01
3.836942905884847543e-01 5.814962248872271866e-01 1.374288215760660070e-01
5.253014564097990835e-01 6.697599608405758742e-01 1.495239879536303107e-01
1.882404195759750376e-01 6.916161139179207717e-01 1.339151181787063827e-01
1.882404195759750376e-01 6.916161139179207717e-01 1.339151181787063827e-01
1.882404195759750376e-01 6.916161139179207717e-01 1.339151181787063827e-01
3.404061412329551506e-01 6.309800324499503787e-01 1.440336815426188077e-01
6.766943704184651409e-01 4.972481008021002458e-01 1.527066261821457827e-01
8.970380424321362511e-01 7.659720909669472944e-01 3.755341234571779596e-02
7.467568137305570231e-01 1.045122640511309875e+00 4.299181876416684894e-03
7.961647266069593609e-01 9.442439511835568622e-01 1.094092247063349448e-02
7.851200022626675379e-01 8.308335928932933934e-01 3.541520270483743821e-02
9.770249512440585260e-01 8.632029983491772418e-01 9.609631678191551951e-03
9.770249512440585260e-01 8.632029983491772418e-01 9.609631678191551951e-03
9.770249512440585260e-01 8.632029983491772418e-01 9.609631678191551951e-03
8.631268922270531885e-01 4.923056260189082045e-01 1.456499173352698850e-01
5.724048574505777864e-01 7.372363567448976251e-01 1.187323479279124988e-01
3.864629466452502715e-01 8.565921749223952553e-01 1.033316713875625931e-01
1.243004670968078651e-02 1.344470805415990400e+00 7.247749040086904661e-03
1.243004670968078651e-02 1.344470805415990400e+00 7.247749040086904661e-03
-5.755038764424831310e-01 1.341319614911605784e+00 4.654478263686708667e-02
-5.249999017186328665e-01 1.354057547047929688e+00 4.055199255400332436e-02
-1.154677584251060374e+00 1.370638843000479223e+00 3.032237987894779649e-02
-1.106521282371824233e+00 1.132794794683704698e+00 1.486215458672247337e-02
-1.106521282371824233e+00 1.132794794683704698e+00 1.486215458672247337e-02
-7.083159777683994962e-01 1.070376408648839428e+00 5.216082733841120173e-02
-2.598690743139722148e-01 1.130910863562361035e+00 8.363103123866000299e-02
8.497006989895633522e-02 8.301490949833668642e-01 1.376225925569402875e-01
4.484464315648960253e-02 1.154098389054854401e+00 4.066212892449114907e-02
-2.585610493435085422e-01 1.102433991103064503e+00 9.145323363568612363e-02
-2.858201424019304326e-01 8.790414206747052539e-01 8.825583915385414036e-02
-2.858201424019304326e-01 8.790414206747052539e-01 8.825583915385414036e-02
-1.702093616355696559e-01 7.050076497085833171e-01 5.821017570895147680e-02
-1.702093616355696559e-01 7.050076497085833171e-01 5.821017570895147680e-02
-2.126611428723993447e-01 5.984423590859379027e-01 2.212075413574136548e-02
-2.720239540607631290e-01 8.920143485149354401e-01 9.421129079405403395e-02
-9.561939037491945514e-02 1.201869918682665350e+00 4.297649408299072937e-02
-1.962408257050307636e-01 1.219415611508883890e+00 4.898117403536274977e-02
-2.811844110865286406e-01 9.671017223759790227e-01 1.044892927824308815e-01
-2.811844110865286406e-01 9.671017223759790227e-01 1.044892927824308815e-01
-2.811844110865286406e-01 9.671017223759790227e-01 1.044892927824308815e-01
-2.953865144938582210e-01 9.464823545195153454e-01 1.001621581023333374e-01
-1.689278590358790355e-01 1.258073767575941249e+00 3.479744801109094232e-02
-1.689278590358790355e-01 1.258073767575941249e+00 3.479744801109094232e-02
-2.878995205722658657e-01 1.106445970794116329e+00 9.149557682278815218e-02
-4.353315541597077565e-02 1.142759825702014176e+00 5.605679946967562916e-02
-1.463638496274812240e-01 1.073402606589554775e+00 9.293332208719431997e-02
-2.436378501735884106e-01 8.688312945568643642e-01 9.431729652195824931e-02
2.348463348101020309e-01 1.088201934309023011e+00 3.629753210660680018e-02
3.256838718282177858e-01 1.167893858271501717e+00 1.121405035673669198e-02
3.256838718282177858e-01 1.167893858271501717e+00 1.121405035673669198e-02
3.796164823475154382e-01 1.113833334345903259e+00 1.543672050210455858e-02
3.796164823475154382e-01 1.113833334345903259e+00 1.543672050210455858e-02
4.883762734951634932e-01 1.137961956696238230e+00 6.514898858424352304e-03
4.883762734951634932e-01 1.137961956696238230e+00 6.514898858424352304e-03
4.883762734951634932e-01 1.137961956696238230e+00 6.514898858424352304e-03
4.883762734951634932e-01 1.137961956696238230e+00 6.514898858424352304e-03
3.960587978829466227e-01 9.163883701536610360e-01 7.416963896742019557e-02
2.514074274315653557e-01 6.518923166855647988e-01 1.345688147532806134e-01
6.547018506266826243e-01 7.198746090566311429e-01 1.083684114870426679e-01
6.052572526085311377e-01 6.108761244009472957e-01 1.533792763621851241e-01
6.052572526085311377e-01 6.108761244009472957e-01 1.533792763621851241e-01
6.766588663668416936e-01 6.250404987530499001e-01 1.413694326044111493e-01
6.766588663668416936e-01 6.250404987530499001e-01 1.413694326044111493e-01
6.566057692232194487e-01 2.499287758682655070e-01 5.372285916423296531e-02
