2.489132485845457765e-01 1.481402749648903505e-01 1.721167345218782563e-01
2.489132485845457765e-01 1.481402749648903505e-01 1.721167345218782563e-01
2.489132485845457765e-01 1.481402749648903505e-01 1.721167345218782563e-01
2.489132485845457765e-01 1.481402749648903505e-01 1.721167345218782563e-01
2.489132485845457765e-01 1.481402749648903505e-01 1.721167345218782563e-01
1.476648691911082723e-01 7.208088768227900456e-01 2.695876844286554386e-01
1.476648691911082723e-01 7.208088768227900456e-01 2.695876844286554386e-01
1.476648691911082723e-01 7.208088768227900456e-01 2.695876844286554386e-01
1.476648691911082723e-01 7.208088768227900456e-01 2.695876844286554386e-01
1.476648691911082723e-01 7.208088768227900456e-01 2.695876844286554386e-01
1.476648691911082723e-01 7.208088768227900456e-01 2.695876844286554386e-01
2.519664164980079391e-01 5.491460204628226816e-01 6.229887093707437984e-01
2.519664164980079391e-01 5.491460204628226816e-01 6.229887093707437984e-01
2.519664164980079391e-01 5.491460204628226816e-01 6.229887093707437984e-01
2.519664164980079391e-01 5.491460204628226816e-01 6.229887093707437984e-01
2.519664164980079391e-01 5.491460204628226816e-01 6.229887093707437984e-01
2.519664164980079391e-01 5.491460204628226816e-01 6.229887093707437984e-01
3.040230907110312852e-01 4.182898990427900143e-01 7.651858792280985533e-01
3.040230907110312852e-01 4.182898990427900143e-01 7.651858792280985533e-01
3.040230907110312852e-01 4.182898990427900143e-01 7.651858792280985533e-01
3.040230907110312852e-01 4.182898990427900143e-01 7.651858792280985533e-01
3.040230907110312852e-01 4.182898990427900143e-01 7.651858792280985533e-01
3.040230907110312852e-01 4.182898990427900143e-01 7.651858792280985533e-01
3.040230907110312852e-01 4.182898990427900143e-01 7.651858792280985533e-01
3.040230907110312852e-01 4.182898990427900143e-01 7.651858792280985533e-01
3.916821208251203834e-01 6.192473035483319066e-01 2.480732774655627360e-01
1.397865295105699679e-01 5.988668810331990722e-01 2.548333890609705277e-01
1.397865295105699679e-01 5.988668810331990722e-01 2.548333890609705277e-01
2.190762682547807150e-01 3.805419344254513669e-01 4.033904671486419624e-01
3.284993441253760138e-01 8.020712888575374233e-01 1.300401970336657054e-01
3.284993441253760138e-01 8.020712888575374233e-01 1.300401970336657054e-01
3.284993441253760138e-01 8.020712888575374233e-01 1.300401970336657054e-01
3.667229348971773328e-01 7.769685020300478584e-01 9.825834467433348929e-02
3.667229348971773328e-01 7.769685020300478584e-01 9.825834467433348929e-02
3.667229348971773328e-01 7.769685020300478584e-01 9.825834467433348929e-02
3.667229348971773328e-01 7.769685020300478584e-01 9.825834467433348929e-02
3.667229348971773328e-01 7.769685020300478584e-01 9.825834467433348929e-02
3.667229348971773328e-01 7.769685020300478584e-01 9.825834467433348929e-02
3.667229348971773328e-01 7.769685020300478584e-01 9.825834467433348929e-02
3.667229348971773328e-01 7.769685020300478584e-01 9.825834467433348929e-02
3.667229348971773328e-01 7.769685020300478584e-01 9.825834467433348929e-02
3.667229348971773328e-01 7.769685020300478584e-01 9.825834467433348929e-02
3.667229348971773328e-01 7.769685020300478584e-01 9.825834467433348929e-02
3.667229348971773328e-01 7.769685020300478584e-01 9.825834467433348929e-02
1.561283658288341036e-01 4.632946379805342185e-01 2.324793378128668653e-01
1.561283658288341036e-01 4.632946379805342185e-01 2.324793378128668653e-01
1.561283658288341036e-01 4.632946379805342185e-01 2.324793378128668653e-01
3.966877670603104478e-01 2.865992509164483892e-01 7.216755751832572008e-01
3.966877670603104478e-01 2.865992509164483892e-01 7.216755751832572008e-01
3.966877670603104478e-01 2.865992509164483892e-01 7.216755751832572008e-01
3.966877670603104478e-01 2.865992509164483892e-01 7.216755751832572008e-01
6.107189135996721197e-01 1.904092277845587378e-01 6.623967247407491765e-02
6.107189135996721197e-01 1.904092277845587378e-01 6.623967247407491765e-02
6.107189135996721197e-01 1.904092277845587378e-01 6.623967247407491765e-02
6.107189135996721197e-01 1.904092277845587378e-01 6.623967247407491765e-02
6.107189135996721197e-01 1.904092277845587378e-01 6.623967247407491765e-02
6.107189135996721197e-01 1.904092277845587378e-01 6.623967247407491765e-02
6.107189135996721197e-01 1.904092277845587378e-01 6.623967247407491765e-02
6.677237073458428540e-01 2.520759385712809109e-01 1.128804336635865976e-02
6.677237073458428540e-01 2.520759385712809109e-01 1.128804336635865976e-02
6.677237073458428540e-01 2.520759385712809109e-01 1.128804336635865976e-02
1.838488994493487350e-01 3.434672242116240670e-01 2.118451937792547868e-01
3.313502780651421675e-01 5.990127199809417435e-01 4.853990384582334006e-01
3.313502780651421675e-01 5.990127199809417435e-01 4.853990384582334006e-01
3.313502780651421675e-01 5.990127199809417435e-01 4.853990384582334006e-01
4.926487929078817718e-01 3.667666866113379887e-01 2.565939978858057802e-01
4.926487929078817718e-01 3.667666866113379887e-01 2.565939978858057802e-01
4.926487929078817718e-01 3.667666866113379887e-01 2.565939978858057802e-01
3.578933752941891866e-01 5.352262648287493541e-01 5.379559900340122880e-01
3.578933752941891866e-01 5.352262648287493541e-01 5.379559900340122880e-01
3.578933752941891866e-01 5.352262648287493541e-01 5.379559900340122880e-01
3.578933752941891866e-01 5.352262648287493541e-01 5.379559900340122880e-01
3.578933752941891866e-01 5.352262648287493541e-01 5.379559900340122880e-01
4.925715972544841836e-01 3.756758714747567840e-01 2.467053570481983205e-01
4.925715972544841836e-01 3.756758714747567840e-01 2.467053570481983205e-01
2.990684035357479287e-01 1.046200645129677365e-01 2.508445770684214482e-01
4.411267492057108774e-01 2.441227856138307173e-01 5.910511590453989550e-01
4.411267492057108774e-01 2.441227856138307173e-01 5.910511590453989550e-01
4.411267492057108774e-01 2.441227856138307173e-01 5.910511590453989550e-01
4.411267492057108774e-01 2.441227856138307173e-01 5.910511590453989550e-01
4.411267492057108774e-01 2.441227856138307173e-01 5.910511590453989550e-01
2.797018135578202558e-01 7.840376764071114168e-01 2.333022890763240265e-01
1.429552557242300681e-01 7.421701188456499843e-01 2.497164425276846844e-01
1.429552557242300681e-01 7.421701188456499843e-01 2.497164425276846844e-01
1.429552557242300681e-01 7.421701188456499843e-01 2.497164425276846844e-01
1.429552557242300681e-01 7.421701188456499843e-01 2.497164425276846844e-01
2.367954029501451729e-01 5.088445083342422182e-01 5.921711384652046384e-01
2.367954029501451729e-01 5.088445083342422182e-01 5.921711384652046384e-01
2.367954029501451729e-01 5.088445083342422182e-01 5.921711384652046384e-01
2.367954029501451729e-01 5.088445083342422182e-01 5.921711384652046384e-01
1.906629910431806019e-01 3.042612980019808733e-01 1.904987488906655924e-01
1.906629910431806019e-01 3.042612980019808733e-01 1.904987488906655924e-01
1.906629910431806019e-01 3.042612980019808733e-01 1.904987488906655924e-01
2.904891360182700333e-01 3.116590594547221649e-01 6.217188592097905309e-01
2.904891360182700333e-01 3.116590594547221649e-01 6.217188592097905309e-01
2.731015226501867232e-01 1.842177332810214507e-01 3.051462177345344862e-01
4.790945714792927967e-01 3.582860340303879454e-01 3.215381741252362202e-01
4.790945714792927967e-01 3.582860340303879454e-01 3.215381741252362202e-01
4.790945714792927967e-01 3.582860340303879454e-01 3.215381741252362202e-01
4.790945714792927967e-01 3.582860340303879454e-01 3.215381741252362202e-01
