2.489132485845457765e-01 1.481402749648903505e-01 1.275848057262505284e-03
9.760517864380583442e-01 2.170653983120560127e-01 4.254442017004194526e-02
9.760517864380583442e-01 2.170653983120560127e-01 4.254442017004194526e-02
1.046354317609378137e+00 4.440887404642149816e-01 3.670774308837797262e-02
6.321236370826328610e-01 3.483102893933164856e-01 3.445125411206814009e-02
4.617723419037575994e-01 5.017972841022420027e-01 3.839570112499821747e-02
6.031365131894645959e-01 4.528157882770886822e-01 4.248499010458722802e-02
6.031365131894645959e-01 4.528157882770886822e-01 4.248499010458722802e-02
6.031365131894645959e-01 4.528157882770886822e-01 4.248499010458722802e-02
6.031365131894645959e-01 4.528157882770886822e-01 4.248499010458722802e-02
5.631833355268665020e-01 5.672828024329890084e-01 4.415464537335860029e-02
5.631833355268665020e-01 5.672828024329890084e-01 4.415464537335860029e-02
5.631833355268665020e-01 5.672828024329890084e-01 4.415464537335860029e-02
3.996636324766886794e-01 3.512736723598509636e-01 1.774420109676952753e-02
4.354475675096266540e-01 8.160242592291256924e-01 2.783196882717500417e-02
4.354475675096266540e-01 8.160242592291256924e-01 2.783196882717500417e-02
8.089031988060524370e-01 6.158422856737912898e-01 3.070022223115269344e-02
1.088577414936789722e+00 4.762282717092862772e-01 2.954206374110738761e-02
8.114622463655313256e-01 3.668582271397405892e-01 4.610771850228129187e-02
1.737743460631492542e+00 1.658180701922146727e-01 1.994325274236577114e-02
1.737743460631492542e+00 1.658180701922146727e-01 1.994325274236577114e-02
1.737743460631492542e+00 1.658180701922146727e-01 1.994325274236577114e-02
1.585797434644829362e+00 1.429680239230003147e-01 3.359197184482452109e-02
1.585797434644829362e+00 1.429680239230003147e-01 3.359197184482452109e-02
1.345475768538583861e+00 1.456598507976332724e-01 4.586487440347093714e-02
1.345475768538583861e+00 1.456598507976332724e-01 4.586487440347093714e-02
1.596395841102129953e+00 2.201947724938365103e-01 2.391553587270569062e-02
1.596395841102129953e+00 2.201947724938365103e-01 2.391553587270569062e-02
1.596395841102129953e+00 2.201947724938365103e-01 2.391553587270569062e-02
1.596395841102129953e+00 2.201947724938365103e-01 2.391553587270569062e-02
1.596395841102129953e+00 2.201947724938365103e-01 2.391553587270569062e-02
1.037354268560681803e+00 4.108600804596196365e-02 2.504066961638576339e-02
1.226317050778262807e+00 4.902062085817750214e-02 3.863587993605519660e-02
1.226317050778262807e+00 4.902062085817750214e-02 3.863587993605519660e-02
1.226317050778262807e+00 4.902062085817750214e-02 3.863587993605519660e-02
1.226317050778262807e+00 4.902062085817750214e-02 3.863587993605519660e-02
1.226317050778262807e+00 4.902062085817750214e-02 3.863587993605519660e-02
1.044096564364782376e+00 5.404598184592500354e-02 2.722774103372622642e-02
8.461389297653889585e-01 -1.012920595130829965e-01 3.626822124728551738e-03
8.077580899105226697e-01 5.125878083365034144e-01 4.257071917545415113e-02
6.474363777936955611e-01 3.605393624874709824e-01 3.693065169824420041e-02
6.474363777936955611e-01 3.605393624874709824e-01 3.693065169824420041e-02
7.746370893872054353e-01 5.097007980942569461e-01 4.399024076000811190e-02
8.104697932682756178e-01 5.563990771430615823e-01 3.797160070749151795e-02
6.866549117354507903e-01 3.649536251121061614e-01 3.997996071022954373e-02
6.866549117354507903e-01 3.649536251121061614e-01 3.997996071022954373e-02
6.866549117354507903e-01 3.649536251121061614e-01 3.997996071022954373e-02
6.866549117354507903e-01 3.649536251121061614e-01 3.997996071022954373e-02
9.252364839167432908e-01 1.370028497092224129e-01 2.957306385790045219e-02
9.252364839167432908e-01 1.370028497092224129e-01 2.957306385790045219e-02
9.252364839167432908e-01 1.370028497092224129e-01 2.957306385790045219e-02
1.129117076801043229e+00 5.616642473130627478e-01 1.610270510812885150e-02
1.607459429988259192e+00 -2.572815119570620590e-01 2.342619643906170349e-02
1.607459429988259192e+00 -2.572815119570620590e-01 2.342619643906170349e-02
1.521275252261343969e+00 -1.058783171432658154e-01 3.637701881968808532e-02
1.521275252261343969e+00 -1.058783171432658154e-01 3.637701881968808532e-02
1.521275252261343969e+00 -1.058783171432658154e-01 3.637701881968808532e-02
1.521275252261343969e+00 -1.058783171432658154e-01 3.637701881968808532e-02
1.521275252261343969e+00 -1.058783171432658154e-01 3.637701881968808532e-02
1.709619030970459974e+00 -8.571062235074677904e-02 4.030268450623333831e-02
1.400700599282769465e+00 3.769541699804956902e-02 4.407713671581550002e-02
1.400700599282769465e+00 3.769541699804956902e-02 4.407713671581550002e-02
1.412383700486405713e+00 1.555671979521826009e-01 4.309129258788733235e-02
1.006777201139511302e+00 2.982003415305045646e-01 4.786487511945676510e-02
1.006777201139511302e+00 2.982003415305045646e-01 4.786487511945676510e-02
1.006777201139511302e+00 2.982003415305045646e-01 4.786487511945676510e-02
1.006777201139511302e+00 2.982003415305045646e-01 4.786487511945676510e-02
1.006777201139511302e+00 2.982003415305045646e-01 4.786487511945676510e-02
1.006777201139511302e+00 2.982003415305045646e-01 4.786487511945676510e-02
8.589368422820835569e-01 2.665548071416313225e-01 4.077177703042809270e-02
6.920484619806334115e-01 6.065251017327374372e-01 3.862607651330891845e-02
6.920484619806334115e-01 6.065251017327374372e-01 3.862607651330891845e-02
6.572706471397558037e-01 4.132476001518676778e-01 4.243944629627149218e-02
6.377721538808355239e-01 5.514176630578536686e-01 4.443404241159847751e-02
5.952982171080101192e-01 4.398193659887009721e-01 4.115125306851443593e-02
4.663165433383785197e-01 5.844144166188727230e-01 4.266667391081947064e-02
3.232072617928185565e-01 7.948791504399308483e-01 3.467907075885367368e-02
5.188280378243002033e-01 1.084382174900573981e+00 2.761071550939105026e-03
2.429717302967163151e-01 7.178716530742283997e-01 3.835375722456819958e-02
1.217586306551705078e-01 9.733693206877251924e-01 2.474225772881421398e-02
1.217586306551705078e-01 9.733693206877251924e-01 2.474225772881421398e-02
1.217586306551705078e-01 9.733693206877251924e-01 2.474225772881421398e-02
3.533809383182516251e-01 4.505654043252567131e-01 2.552585242695881024e-02
1.571185785429237147e-01 4.473824616722923420e-01 1.240294122026587564e-02
1.571185785429237147e-01 4.473824616722923420e-01 1.240294122026587564e-02
1.571185785429237147e-01 4.473824616722923420e-01 1.240294122026587564e-02
1.571185785429237147e-01 4.473824616722923420e-01 1.240294122026587564e-02
-2.831338397646507299e-01 7.814701965222003999e-01 1.507298351291377035e-02
-2.831338397646507299e-01 7.814701965222003999e-01 1.507298351291377035e-02
-2.831338397646507299e-01 7.814701965222003999e-01 1.507298351291377035e-02
-5.248730744483693922e-01 7.912103831181604985e-01 5.645851126452472966e-03
-5.248730744483693922e-01 7.912103831181604985e-01 5.645851126452472966e-03
-6.166621910701645115e-01 1.034392702027194799e+00 1.401300615104568784e-02
-2.109186973497718109e-01 9.900855144055492607e-01 2.733583705034752648e-02
-1.414603135132002643e-01 1.035277277925632067e+00 2.599843914595835470e-02
1.271331700264075049e-01 5.010080663891036679e-01 1.541119075687676088e-02
1.271331700264075049e-01 5.010080663891036679e-01 1.541119075687676088e-02
1.271331700264075049e-01 5.010080663891036679e-01 1.541119075687676088e-02
1.271331700264075049e-01 5.010080663891036679e-01 1.541119075687676088e-02
-9.725686713378972614e-02 7.144244174644173162e-01 2.061229911740134965e-02
