2.489132485845457765e-01 1.481402749648903505e-01 3.502111825391038963e-02
2.367666375715664628e-01 1.840822476679306319e-01 4.419342814357585247e-02
3.139995570406439729e-01 4.576525736935403432e-01 3.884756052760389711e-01
1.562891531129970424e-01 7.851009100525478956e-01 2.385790121766319383e-01
1.562891531129970424e-01 7.851009100525478956e-01 2.385790121766319383e-01
1.562891531129970424e-01 7.851009100525478956e-01 2.385790121766319383e-01
1.562891531129970424e-01 7.851009100525478956e-01 2.385790121766319383e-01
-7.805182427120002653e-02 7.484433017208147465e-01 1.187596568749096082e-01
-7.805182427120002653e-02 7.484433017208147465e-01 1.187596568749096082e-01
2.372244870560246410e-01 3.800429851411995519e-01 2.131279825461148414e-01
2.372244870560246410e-01 3.800429851411995519e-01 2.131279825461148414e-01
1.820121192604267357e-01 7.803638194832603903e-01 2.289574074741985987e-01
1.820121192604267357e-01 7.803638194832603903e-01 2.289574074741985987e-01
1.258574336384899461e-01 5.287596088044663745e-01 1.983764740880278599e-01
2.296564467847168056e-01 2.927265476177312031e-01 1.121164671316870615e-01
2.296564467847168056e-01 2.927265476177312031e-01 1.121164671316870615e-01
8.116891235472063482e-01 -9.719833018887585885e-02 4.628678226812388830e-01
1.013691475594795444e+00 -1.123766660218479124e-01 2.746726910559614265e-01
1.013691475594795444e+00 -1.123766660218479124e-01 2.746726910559614265e-01
1.013691475594795444e+00 -1.123766660218479124e-01 2.746726910559614265e-01
9.125257447794348220e-01 -4.339053751030925721e-01 1.557691123646436082e-01
9.125257447794348220e-01 -4.339053751030925721e-01 1.557691123646436082e-01
9.125257447794348220e-01 -4.339053751030925721e-01 1.557691123646436082e-01
9.862018180986541482e-01 -1.520661481099908063e-01 3.621257244222335636e-01
9.862018180986541482e-01 -1.520661481099908063e-01 3.621257244222335636e-01
9.695572629899141814e-01 -8.278966207845461778e-02 3.136653994367422649e-01
1.182944928634842796e+00 -6.141065226391473342e-01 2.035302608669274371e-01
1.092071585322068161e+00 -4.212480983398757539e-01 3.254175310836625035e-01
1.092631531423874591e+00 -2.252222872836214529e-01 2.719316240366183024e-01
1.092631531423874591e+00 -2.252222872836214529e-01 2.719316240366183024e-01
1.001812180797929663e+00 -6.990028806648646009e-01 2.612790537084032014e-02
1.001812180797929663e+00 -6.990028806648646009e-01 2.612790537084032014e-02
1.054179399384474136e+00 -4.905377171210503207e-01 2.383481131854959800e-01
9.848493016549619838e-01 -1.520743813022647495e-01 3.640667073171796608e-01
1.123815320539369056e+00 -1.741395425023731791e-01 1.707892065987850760e-01
1.123815320539369056e+00 -1.741395425023731791e-01 1.707892065987850760e-01
1.016351971694708700e+00 -1.367820200320867541e-01 2.990825496836465591e-01
1.016351971694708700e+00 -1.367820200320867541e-01 2.990825496836465591e-01
1.111638312991822142e+00 -3.245279785269002959e-01 3.218133668180783169e-01
1.111638312991822142e+00 -3.245279785269002959e-01 3.218133668180783169e-01
1.111638312991822142e+00 -3.245279785269002959e-01 3.218133668180783169e-01
1.246399760851908844e+00 -3.972879968145802687e-01 2.043901966929899672e-01
1.246399760851908844e+00 -3.972879968145802687e-01 2.043901966929899672e-01
7.152685395630593579e-01 2.986081516978822403e-03 4.786024932623741956e-01
7.152685395630593579e-01 2.986081516978822403e-03 4.786024932623741956e-01
7.152685395630593579e-01 2.986081516978822403e-03 4.786024932623741956e-01
7.152685395630593579e-01 2.986081516978822403e-03 4.786024932623741956e-01
7.152685395630593579e-01 2.986081516978822403e-03 4.786024932623741956e-01
9.033564345042884858e-01 -1.847398025807223398e-01 4.367619255557080860e-01
1.066426464473493319e+00 -2.776139505539411689e-01 3.481486461443847880e-01
1.066426464473493319e+00 -2.776139505539411689e-01 3.481486461443847880e-01
1.066426464473493319e+00 -2.776139505539411689e-01 3.481486461443847880e-01
1.066426464473493319e+00 -2.776139505539411689e-01 3.481486461443847880e-01
8.500724829214156841e-01 3.730701834989979537e-01 2.200662449129878184e-02
8.500724829214156841e-01 3.730701834989979537e-01 2.200662449129878184e-02
5.108200628710535263e-01 3.677067700844752762e-01 4.193653213749091724e-01
5.108200628710535263e-01 3.677067700844752762e-01 4.193653213749091724e-01
3.231745526252706169e-01 4.693770485781446067e-01 3.973085579565016623e-01
3.231745526252706169e-01 4.693770485781446067e-01 3.973085579565016623e-01
3.231745526252706169e-01 4.693770485781446067e-01 3.973085579565016623e-01
3.231745526252706169e-01 4.693770485781446067e-01 3.973085579565016623e-01
3.231745526252706169e-01 4.693770485781446067e-01 3.973085579565016623e-01
3.231745526252706169e-01 4.693770485781446067e-01 3.973085579565016623e-01
3.231745526252706169e-01 4.693770485781446067e-01 3.973085579565016623e-01
1.607097391046321266e-01 6.525406554845017970e-01 3.041960843073069354e-01
1.607097391046321266e-01 6.525406554845017970e-01 3.041960843073069354e-01
1.607097391046321266e-01 6.525406554845017970e-01 3.041960843073069354e-01
1.607097391046321266e-01 6.525406554845017970e-01 3.041960843073069354e-01
2.647970331201881522e-01 5.012616282494698483e-01 3.584349377447001994e-01
2.647970331201881522e-01 5.012616282494698483e-01 3.584349377447001994e-01
2.647970331201881522e-01 5.012616282494698483e-01 3.584349377447001994e-01
3.923740548816242457e-01 4.343711685805935474e-01 4.248317322842855570e-01
3.923740548816242457e-01 4.343711685805935474e-01 4.248317322842855570e-01
2.687863693570566870e-01 5.794607034081782349e-01 3.572421878689857055e-01
2.687863693570566870e-01 5.794607034081782349e-01 3.572421878689857055e-01
2.687863693570566870e-01 5.794607034081782349e-01 3.572421878689857055e-01
2.584902459164458710e-01 3.955653004070193157e-01 2.645843601560473046e-01
4.192110578126092002e-01 3.334035525219862794e-01 4.345273801244828871e-01
3.198605094010934513e-01 5.172750839389548272e-01 3.876884950774081573e-01
3.198605094010934513e-01 5.172750839389548272e-01 3.876884950774081573e-01
3.198605094010934513e-01 5.172750839389548272e-01 3.876884950774081573e-01
3.198605094010934513e-01 5.172750839389548272e-01 3.876884950774081573e-01
4.982896952356988818e-01 4.338584927273844705e-01 3.480819007199232873e-01
4.982896952356988818e-01 4.338584927273844705e-01 3.480819007199232873e-01
4.982896952356988818e-01 4.338584927273844705e-01 3.480819007199232873e-01
5.202025757896117097e-01 4.789018993932845913e-01 2.485723340342090026e-01
3.000313182429737990e-01 4.061669493877910764e-01 3.401972595565471713e-01
3.000313182429737990e-01 4.061669493877910764e-01 3.401972595565471713e-01
3.000313182429737990e-01 4.061669493877910764e-01 3.401972595565471713e-01
3.690497812738142702e-01 4.120020425690640864e-01 4.196149905954288384e-01
3.690497812738142702e-01 4.120020425690640864e-01 4.196149905954288384e-01
3.690497812738142702e-01 4.120020425690640864e-01 4.196149905954288384e-01
3.690497812738142702e-01 4.120020425690640864e-01 4.196149905954288384e-01
3.690497812738142702e-01 4.120020425690640864e-01 4.196149905954288384e-01
3.690497812738142702e-01 4.120020425690640864e-01 4.196149905954288384e-01
8.175327947957131691e-01 2.484177310047241405e-01 1.268105055395448433e-01
6.929740696708187597e-01 4.137245554762114530e-01 1.006356737184471717e-01
8.429753040591542179e-01 2.991256821939134447e-01 5.848902232809292945e-02
8.429753040591542179e-01 2.991256821939134447e-01 5.848902232809292945e-02
8.429753040591542179e-01 2.991256821939134447e-01 5.848902232809292945e-02
