2.489132485845457765e-01 1.481402749648903505e-01 2.689514325958322453e-03
3.216555166594263215e-01 1.699168469712091789e-01 6.167068090791373060e-03
3.216555166594263215e-01 1.699168469712091789e-01 6.167068090791373060e-03
-2.222077091301379315e-01 4.910588577295990631e-01 1.321003914063226953e-02
1.067829775423726479e-01 2.885771744188465604e-01 7.944287405237575664e-03
1.067829775423726479e-01 2.885771744188465604e-01 7.944287405237575664e-03
-2.547182936824718413e-02 4.872924846971156132e-01 3.804297019802038021e-02
-2.547182936824718413e-02 4.872924846971156132e-01 3.804297019802038021e-02
1.569306751500851860e-01 2.475058039609158711e-01 6.251640492810614513e-03
1.569306751500851860e-01 2.475058039609158711e-01 6.251640492810614513e-03
1.569306751500851860e-01 2.475058039609158711e-01 6.251640492810614513e-03
3.134301278944361946e-01 6.682653069223738473e-01 2.321472124648950308e-01
3.798409756694434147e-01 5.476751165122897280e-01 2.002117354759423151e-01
7.549492468339596973e-02 5.911694869687180720e-01 1.253252688990564301e-01
1.889061595930866533e-01 6.362336616151799129e-01 1.957355361226703339e-01
1.889061595930866533e-01 6.362336616151799129e-01 1.957355361226703339e-01
1.889061595930866533e-01 6.362336616151799129e-01 1.957355361226703339e-01
1.889061595930866533e-01 6.362336616151799129e-01 1.957355361226703339e-01
1.302786513904302390e-01 9.790092345123520001e-01 1.181900706798417189e-01
1.302786513904302390e-01 9.790092345123520001e-01 1.181900706798417189e-01
1.302786513904302390e-01 9.790092345123520001e-01 1.181900706798417189e-01
1.302786513904302390e-01 9.790092345123520001e-01 1.181900706798417189e-01
1.302786513904302390e-01 9.790092345123520001e-01 1.181900706798417189e-01
-5.367559438242644476e-02 9.213556704868042235e-01 1.901894629861883568e-01
-5.367559438242644476e-02 9.213556704868042235e-01 1.901894629861883568e-01
-5.367559438242644476e-02 9.213556704868042235e-01 1.901894629861883568e-01
-5.367559438242644476e-02 9.213556704868042235e-01 1.901894629861883568e-01
2.555403836592787803e-01 8.302917328418675247e-01 1.881796082633383216e-01
2.555403836592787803e-01 8.302917328418675247e-01 1.881796082633383216e-01
1.673566382761969007e-01 1.042489803750389132e+00 6.782453136698669838e-02
2.957542643041812802e-01 9.973119587240523165e-01 6.280698099688426794e-02
2.957542643041812802e-01 9.973119587240523165e-01 6.280698099688426794e-02
-2.458380494218388446e-01 8.392222941868351382e-01 1.574628889551488442e-01
-2.458380494218388446e-01 8.392222941868351382e-01 1.574628889551488442e-01
-2.458380494218388446e-01 8.392222941868351382e-01 1.574628889551488442e-01
-2.458380494218388446e-01 8.392222941868351382e-01 1.574628889551488442e-01
-2.458380494218388446e-01 8.392222941868351382e-01 1.574628889551488442e-01
-2.458380494218388446e-01 8.392222941868351382e-01 1.574628889551488442e-01
-3.434118097505773348e-01 1.133032154808175651e+00 1.180068706872248185e-01
-3.496275116999777444e-01 1.070402401329932029e+00 1.464456603524427469e-01
-2.390427032000566054e-01 8.044497300784038130e-01 1.433988849230215801e-01
-8.706198983485546883e-02 8.946306253035559708e-01 1.980463221813907604e-01
2.535823944768674232e-01 8.391450915048783710e-01 1.829481010947144604e-01
4.469310011815105232e-01 5.538769621972484680e-01 2.188602594634292409e-01
4.469310011815105232e-01 5.538769621972484680e-01 2.188602594634292409e-01
8.416944902285441454e-01 6.286699102498939373e-01 1.308034612593532986e-01
7.229279903689209696e-01 1.668499648027546023e-01 4.716441548074001844e-02
1.055055316165304014e+00 6.519018908850089389e-01 5.052797966767293147e-02
6.169159292274667417e-01 4.691292424660706839e-01 2.097979038868492130e-01
6.169159292274667417e-01 4.691292424660706839e-01 2.097979038868492130e-01
6.169159292274667417e-01 4.691292424660706839e-01 2.097979038868492130e-01
6.169159292274667417e-01 4.691292424660706839e-01 2.097979038868492130e-01
9.941459398448120321e-01 5.276406463301703820e-01 1.382370700291836729e-01
9.941459398448120321e-01 5.276406463301703820e-01 1.382370700291836729e-01
9.941459398448120321e-01 5.276406463301703820e-01 1.382370700291836729e-01
9.941459398448120321e-01 5.276406463301703820e-01 1.382370700291836729e-01
9.941459398448120321e-01 5.276406463301703820e-01 1.382370700291836729e-01
9.941459398448120321e-01 5.276406463301703820e-01 1.382370700291836729e-01
1.322244939383890427e+00 1.079189045816161818e-01 1.139334917253719132e-01
1.322244939383890427e+00 1.079189045816161818e-01 1.139334917253719132e-01
1.322244939383890427e+00 1.079189045816161818e-01 1.139334917253719132e-01
8.644286594132128965e-01 2.645026696640138120e-01 1.371567669585238569e-01
8.644286594132128965e-01 2.645026696640138120e-01 1.371567669585238569e-01
8.644286594132128965e-01 2.645026696640138120e-01 1.371567669585238569e-01
8.644286594132128965e-01 2.645026696640138120e-01 1.371567669585238569e-01
8.644286594132128965e-01 2.645026696640138120e-01 1.371567669585238569e-01
7.329907618737723229e-01 4.809995993133688863e-01 2.192007703335757118e-01
6.875384463631832865e-01 3.953242920888150325e-01 1.829352533789432023e-01
6.875384463631832865e-01 3.953242920888150325e-01 1.829352533789432023e-01
6.875384463631832865e-01 3.953242920888150325e-01 1.829352533789432023e-01
6.875384463631832865e-01 3.953242920888150325e-01 1.829352533789432023e-01
9.987927097694794254e-01 1.923924811118183364e-01 1.187334124245290473e-01
9.987927097694794254e-01 1.923924811118183364e-01 1.187334124245290473e-01
8.675621459295261850e-01 2.907460984494281142e-01 1.545909792650869974e-01
5.510520469874340410e-01 4.056860345675474822e-01 1.540017089924972105e-01
5.510520469874340410e-01 4.056860345675474822e-01 1.540017089924972105e-01
4.470319675070439924e-01 3.275835870496295876e-01 6.897806557609786893e-02
4.470319675070439924e-01 3.275835870496295876e-01 6.897806557609786893e-02
4.470319675070439924e-01 3.275835870496295876e-01 6.897806557609786893e-02
5.819154953341370007e-01 5.289161295346762603e-01 2.265180944595175938e-01
5.311964015942426398e-01 6.686273510469002979e-01 2.108118951863022505e-01
7.770145703471675880e-03 6.790342986365395239e-01 1.597265772495302383e-01
7.770145703471675880e-03 6.790342986365395239e-01 1.597265772495302383e-01
5.368197744634023438e-01 8.378968293161608294e-01 9.349722168167605429e-02
5.368197744634023438e-01 8.378968293161608294e-01 9.349722168167605429e-02
7.589086755428655628e-01 9.408682100232732548e-01 1.159579656371299318e-02
7.320619844126070586e-01 8.889652250882158491e-01 2.511938912483400663e-02
7.320619844126070586e-01 8.889652250882158491e-01 2.511938912483400663e-02
6.250254498272076464e-01 5.935990249516746031e-01 2.198298090236506241e-01
2.692070692674026211e-01 3.599301620510618194e-01 4.451901183784594263e-02
1.150558271378542274e-01 2.298731679487436008e-01 3.609450809587760271e-03
1.375502540479059121e-01 7.498951962386477543e-01 2.230912197974560807e-01
1.805739796098222993e-01 6.861093702192728738e-01 2.165395820569660235e-01
1.805739796098222993e-01 6.861093702192728738e-01 2.165395820569660235e-01
1.805739796098222993e-01 6.861093702192728738e-01 2.165395820569660235e-01
1.805739796098222993e-01 6.861093702192728738e-01 2.165395820569660235e-01
5.476881711822493282e-01 4.918120656843322780e-01 2.088027247411705090e-01
5.476881711822493282e-01 4.918120656843322780e-01 2.088027247411705090e-01
5.904460637995799788e-01 3.473173355161737197e-01 1.229917450000271306e-01
7.313846650147015627e-01 3.924270294384805680e-01 1.896726615083293155e-01
