2.489132485845457765e-01 1.481402749648903505e-01 3.869505484572238752e-02
4.947639703407137324e-01 2.950093383745376330e-01 7.294937527721565562e-01
4.947639703407137324e-01 2.950093383745376330e-01 7.294937527721565562e-01
4.947639703407137324e-01 2.950093383745376330e-01 7.294937527721565562e-01
4.947639703407137324e-01 2.950093383745376330e-01 7.294937527721565562e-01
4.086670403740513269e-01 3.127613204764497223e-01 5.609596415979147821e-01
3.304050038161343017e-01 5.041446547720955795e-01 5.219954187309844285e-01
4.243822016275961007e-01 5.122818608524655204e-01 5.511930465438862337e-01
4.243822016275961007e-01 5.122818608524655204e-01 5.511930465438862337e-01
2.851452933300804293e-01 4.488304915155783004e-02 2.111010141153803893e-02
2.851452933300804293e-01 4.488304915155783004e-02 2.111010141153803893e-02
5.581199710223643251e-01 4.022014882293875604e-01 5.874561045496476952e-01
5.581199710223643251e-01 4.022014882293875604e-01 5.874561045496476952e-01
5.581199710223643251e-01 4.022014882293875604e-01 5.874561045496476952e-01
5.581199710223643251e-01 4.022014882293875604e-01 5.874561045496476952e-01
5.581199710223643251e-01 4.022014882293875604e-01 5.874561045496476952e-01
5.581199710223643251e-01 4.022014882293875604e-01 5.874561045496476952e-01
7.877623826605740787e-01 -1.532999205467275305e-01 5.825902937587760233e-01
7.679021963298833242e-01 1.255322195646219052e-01 6.707184021321453971e-01
7.679021963298833242e-01 1.255322195646219052e-01 6.707184021321453971e-01
7.679021963298833242e-01 1.255322195646219052e-01 6.707184021321453971e-01
4.972551051607922989e-01 3.413771731089747519e-01 7.297109094506843974e-01
4.972551051607922989e-01 3.413771731089747519e-01 7.297109094506843974e-01
4.794582462346071994e-01 2.464896573114010447e-01 6.542858157064307401e-01
7.017569059285746480e-01 -8.857523219660878855e-02 5.527013349999253533e-01
8.334700678029233201e-01 -2.027997055657563830e-01 5.499047691548220040e-01
8.334700678029233201e-01 -2.027997055657563830e-01 5.499047691548220040e-01
8.334700678029233201e-01 -2.027997055657563830e-01 5.499047691548220040e-01
8.334700678029233201e-01 -2.027997055657563830e-01 5.499047691548220040e-01
6.849682617648573668e-01 -2.044210438884086767e-01 2.498139805267046432e-01
6.849682617648573668e-01 -2.044210438884086767e-01 2.498139805267046432e-01
4.408033685274179714e-01 2.550647669897457837e-01 5.628658788015823422e-01
4.408033685274179714e-01 2.550647669897457837e-01 5.628658788015823422e-01
4.408033685274179714e-01 2.550647669897457837e-01 5.628658788015823422e-01
4.571120450092236998e-01 3.094647603262448698e-01 6.728449136539795816e-01
6.513563327747821097e-01 2.803501080590298233e-03 6.412613040674960407e-01
6.610990074215755685e-01 1.737348818753487734e-01 8.029938194668621021e-01
6.610990074215755685e-01 1.737348818753487734e-01 8.029938194668621021e-01
6.495176674541456308e-01 7.369404790077746514e-02 7.674628419352471642e-01
7.812683242675864115e-01 -1.842441566347761961e-01 5.028161115700353623e-01
7.812683242675864115e-01 -1.842441566347761961e-01 5.028161115700353623e-01
7.812683242675864115e-01 -1.842441566347761961e-01 5.028161115700353623e-01
7.812683242675864115e-01 -1.842441566347761961e-01 5.028161115700353623e-01
7.812683242675864115e-01 -1.842441566347761961e-01 5.028161115700353623e-01
7.812683242675864115e-01 -1.842441566347761961e-01 5.028161115700353623e-01
7.812683242675864115e-01 -1.842441566347761961e-01 5.028161115700353623e-01
7.812683242675864115e-01 -1.842441566347761961e-01 5.028161115700353623e-01
7.812683242675864115e-01 -1.842441566347761961e-01 5.028161115700353623e-01
7.812683242675864115e-01 -1.842441566347761961e-01 5.028161115700353623e-01
7.812683242675864115e-01 -1.842441566347761961e-01 5.028161115700353623e-01
7.812683242675864115e-01 -1.842441566347761961e-01 5.028161115700353623e-01
7.812683242675864115e-01 -1.842441566347761961e-01 5.028161115700353623e-01
7.812683242675864115e-01 -1.842441566347761961e-01 5.028161115700353623e-01
7.812683242675864115e-01 -1.842441566347761961e-01 5.028161115700353623e-01
5.334403735408717040e-01 1.178268751637237266e-01 5.706201900984344544e-01
5.334403735408717040e-01 1.178268751637237266e-01 5.706201900984344544e-01
7.335805634794270169e-01 2.097163099263565922e-01 5.940445022758538141e-01
5.324697859488372043e-01 2.025545017274912873e-01 7.198909875164613004e-01
5.258795418563235735e-01 2.562450201133925631e-01 7.560644927496288359e-01
5.258795418563235735e-01 2.562450201133925631e-01 7.560644927496288359e-01
1.905851971131702349e-01 3.378731872616544951e-01 9.837167362689157313e-02
1.905851971131702349e-01 3.378731872616544951e-01 9.837167362689157313e-02
1.905851971131702349e-01 3.378731872616544951e-01 9.837167362689157313e-02
3.130962310462396814e-01 5.242268783857126913e-01 4.968350039956813680e-01
3.130962310462396814e-01 5.242268783857126913e-01 4.968350039956813680e-01
3.130962310462396814e-01 5.242268783857126913e-01 4.968350039956813680e-01
3.130962310462396814e-01 5.242268783857126913e-01 4.968350039956813680e-01
3.130962310462396814e-01 5.242268783857126913e-01 4.968350039956813680e-01
3.130962310462396814e-01 5.242268783857126913e-01 4.968350039956813680e-01
3.130962310462396814e-01 5.242268783857126913e-01 4.968350039956813680e-01
3.130962310462396814e-01 5.242268783857126913e-01 4.968350039956813680e-01
3.130962310462396814e-01 5.242268783857126913e-01 4.968350039956813680e-01
3.130962310462396814e-01 5.242268783857126913e-01 4.968350039956813680e-01
3.130962310462396814e-01 5.242268783857126913e-01 4.968350039956813680e-01
3.948030762856591380e-01 5.247799017074910033e-01 5.460493061499447354e-01
3.948030762856591380e-01 5.247799017074910033e-01 5.460493061499447354e-01
3.463718242506303446e-01 5.753314316665731898e-01 4.886398201058495538e-01
7.550684727336163249e-01 5.564817403752438940e-01 2.713047373627867215e-02
4.010473250494220876e-01 7.929045813138053678e-01 1.148443391792907525e-01
4.010473250494220876e-01 7.929045813138053678e-01 1.148443391792907525e-01
1.752503216085004867e-01 9.982271492300714977e-01 8.193813114767088679e-02
3.260573332740198116e-01 4.852811859288719276e-01 5.140409470683047211e-01
3.260573332740198116e-01 4.852811859288719276e-01 5.140409470683047211e-01
3.260573332740198116e-01 4.852811859288719276e-01 5.140409470683047211e-01
3.260573332740198116e-01 4.852811859288719276e-01 5.140409470683047211e-01
6.265565958334100571e-01 1.594528785529695236e-01 8.144386802161173167e-01
6.265565958334100571e-01 1.594528785529695236e-01 8.144386802161173167e-01
6.265565958334100571e-01 1.594528785529695236e-01 8.144386802161173167e-01
6.530736984077172291e-01 -1.363540236357488888e-01 3.177536876177634584e-01
5.748648442645653001e-01 2.884771988348738825e-01 7.628837862112622936e-01
5.748648442645653001e-01 2.884771988348738825e-01 7.628837862112622936e-01
7.694214182781144995e-01 3.123060704401253718e-02 7.717416885543068039e-01
7.694214182781144995e-01 3.123060704401253718e-02 7.717416885543068039e-01
7.678035191759616795e-01 9.159108083042735715e-02 7.240109972850439224e-01
7.678035191759616795e-01 9.159108083042735715e-02 7.240109972850439224e-01
7.678035191759616795e-01 9.159108083042735715e-02 7.240109972850439224e-01
7.678035191759616795e-01 9.159108083042735715e-02 7.240109972850439224e-01
7.678035191759616795e-01 9.159108083042735715e-02 7.240109972850439224e-01
7.678035191759616795e-01 9.159108083042735715e-02 7.240109972850439224e-01
7.678035191759616795e-01 9.159108083042735715e-02 7.240109972850439224e-01
