2.489132485845457765e-01 1.481402749648903505e-01 6.454827016140669317e-03
2.489132485845457765e-01 1.481402749648903505e-01 6.454827016140669317e-03
4.998949576780100101e-01 6.759404142399596527e-01 1.564147587456366228e-01
4.998949576780100101e-01 6.759404142399596527e-01 1.564147587456366228e-01
4.998949576780100101e-01 6.759404142399596527e-01 1.564147587456366228e-01
1.317231981479483061e-01 7.440739673852536651e-01 1.623836919204087459e-01
-1.666558747914802519e-01 8.401962450183263487e-01 7.241069569043971643e-02
-4.608823148463510599e-01 8.169780712730937422e-01 7.008882794927712330e-03
-2.719155507018224394e-01 1.214609586865275537e+00 5.568894906179196191e-02
-2.719155507018224394e-01 1.214609586865275537e+00 5.568894906179196191e-02
-3.671326805055445397e-01 1.476446170172464711e+00 1.392874182855407747e-02
-3.671326805055445397e-01 1.476446170172464711e+00 1.392874182855407747e-02
-3.671326805055445397e-01 1.476446170172464711e+00 1.392874182855407747e-02
-3.671326805055445397e-01 1.476446170172464711e+00 1.392874182855407747e-02
-4.328829817308975647e-01 9.062339114982149724e-01 1.856633210021558025e-02
-4.328829817308975647e-01 9.062339114982149724e-01 1.856633210021558025e-02
-2.488335570682236042e-01 9.053723472567617447e-01 6.065745851088299306e-02
-2.488335570682236042e-01 9.053723472567617447e-01 6.065745851088299306e-02
-2.488335570682236042e-01 9.053723472567617447e-01 6.065745851088299306e-02
-9.846373502380065257e-02 7.254586951645002335e-01 6.356286298768848431e-02
1.216284142055101547e-01 4.840889473441448709e-01 5.907422910751252559e-02
6.097989949678860044e-02 5.705716228411373825e-01 7.006115722149727776e-02
6.097989949678860044e-02 5.705716228411373825e-01 7.006115722149727776e-02
2.267122198315659198e-01 5.670163465196198516e-01 1.534623386267897349e-01
2.267122198315659198e-01 5.670163465196198516e-01 1.534623386267897349e-01
2.267122198315659198e-01 5.670163465196198516e-01 1.534623386267897349e-01
4.020267770189036582e-01 6.781138010267266925e-01 1.894387596088732695e-01
8.355222384633540500e-01 5.618443966094429642e-01 7.139901246156665771e-02
8.355222384633540500e-01 5.618443966094429642e-01 7.139901246156665771e-02
8.355222384633540500e-01 5.618443966094429642e-01 7.139901246156665771e-02
1.149530338925680795e+00 1.343273056749220151e-01 1.710449756099534924e-01
1.149530338925680795e+00 1.343273056749220151e-01 1.710449756099534924e-01
1.149530338925680795e+00 1.343273056749220151e-01 1.710449756099534924e-01
1.149530338925680795e+00 1.343273056749220151e-01 1.710449756099534924e-01
1.149530338925680795e+00 1.343273056749220151e-01 1.710449756099534924e-01
1.149530338925680795e+00 1.343273056749220151e-01 1.710449756099534924e-01
1.071782550333465922e+00 -1.078601293213211632e-01 1.584799787783126856e-01
1.071782550333465922e+00 -1.078601293213211632e-01 1.584799787783126856e-01
1.071782550333465922e+00 -1.078601293213211632e-01 1.584799787783126856e-01
9.548451849591945706e-01 -2.037068693834499511e-01 5.342945570928537419e-02
9.548451849591945706e-01 -2.037068693834499511e-01 5.342945570928537419e-02
9.679056345842240727e-01 7.314237220115787919e-02 2.290430463030693198e-01
8.301342690472210961e-01 4.620890486301197919e-01 1.417968900044644098e-01
9.186883919703533463e-01 2.637847708607942154e-01 2.257144911527681763e-01
9.186883919703533463e-01 2.637847708607942154e-01 2.257144911527681763e-01
7.891119786423537175e-01 4.102316539173660459e-01 2.041134448513761690e-01
7.891119786423537175e-01 4.102316539173660459e-01 2.041134448513761690e-01
7.891119786423537175e-01 4.102316539173660459e-01 2.041134448513761690e-01
4.727211012882197583e-01 3.286863427240881430e-01 1.584459754889009642e-01
4.727211012882197583e-01 3.286863427240881430e-01 1.584459754889009642e-01
4.727211012882197583e-01 3.286863427240881430e-01 1.584459754889009642e-01
4.727211012882197583e-01 3.286863427240881430e-01 1.584459754889009642e-01
5.560749172228741655e-01 5.338979285290046395e-01 2.248804181881069175e-01
5.691450260236105008e-01 4.105433269003479491e-01 2.458275390285039053e-01
5.691450260236105008e-01 4.105433269003479491e-01 2.458275390285039053e-01
5.691450260236105008e-01 4.105433269003479491e-01 2.458275390285039053e-01
5.206709781458326303e-01 4.346360529711150167e-01 2.378564383623361922e-01
5.206709781458326303e-01 4.346360529711150167e-01 2.378564383623361922e-01
5.206709781458326303e-01 4.346360529711150167e-01 2.378564383623361922e-01
5.206709781458326303e-01 4.346360529711150167e-01 2.378564383623361922e-01
5.206709781458326303e-01 4.346360529711150167e-01 2.378564383623361922e-01
2.705681283416894733e-01 6.909017585123216065e-01 1.937102991635000493e-01
2.705681283416894733e-01 6.909017585123216065e-01 1.937102991635000493e-01
2.203300094564355494e-01 6.905380884980517608e-01 1.842917481080484643e-01
2.203300094564355494e-01 6.905380884980517608e-01 1.842917481080484643e-01
6.099009861908214480e-01 4.423563889117591019e-01 2.479151670907461247e-01
6.099009861908214480e-01 4.423563889117591019e-01 2.479151670907461247e-01
5.656246567327930519e-01 2.845683248514345731e-01 1.847123602840401446e-01
5.656246567327930519e-01 2.845683248514345731e-01 1.847123602840401446e-01
8.640180955762937209e-01 2.584326642378714234e-01 2.474552306011894298e-01
8.640180955762937209e-01 2.584326642378714234e-01 2.474552306011894298e-01
7.566765625823165253e-01 3.311367982780132335e-01 2.535980111069169318e-01
6.044624060571027746e-01 3.331590020101239391e-01 2.335340652550861318e-01
7.305197929974790449e-01 1.190127577562900829e-01 1.598343970166010708e-01
9.171023834816528497e-01 2.115838298457534683e-01 2.443621301281135305e-01
7.527880277828409294e-01 1.658515091667695229e-01 2.065135883589274135e-01
7.527880277828409294e-01 1.658515091667695229e-01 2.065135883589274135e-01
7.527880277828409294e-01 1.658515091667695229e-01 2.065135883589274135e-01
7.527880277828409294e-01 1.658515091667695229e-01 2.065135883589274135e-01
5.546918385697137133e-01 3.963603737745508004e-02 3.246205728395010898e-02
5.546918385697137133e-01 3.963603737745508004e-02 3.246205728395010898e-02
9.344444540174172698e-01 1.200017745791142343e-01 2.399910010612404110e-01
9.344444540174172698e-01 1.200017745791142343e-01 2.399910010612404110e-01
9.344444540174172698e-01 1.200017745791142343e-01 2.399910010612404110e-01
9.344444540174172698e-01 1.200017745791142343e-01 2.399910010612404110e-01
9.344444540174172698e-01 1.200017745791142343e-01 2.399910010612404110e-01
9.344444540174172698e-01 1.200017745791142343e-01 2.399910010612404110e-01
8.010515875741208713e-01 1.894276882318076394e-01 2.393081438484536416e-01
8.010515875741208713e-01 1.894276882318076394e-01 2.393081438484536416e-01
4.537861407112702139e-01 1.756774033532763069e-01 5.350792303441479630e-02
7.110926588407029403e-01 4.585201339659772390e-01 2.110239205051659683e-01
7.110926588407029403e-01 4.585201339659772390e-01 2.110239205051659683e-01
7.110926588407029403e-01 4.585201339659772390e-01 2.110239205051659683e-01
7.110926588407029403e-01 4.585201339659772390e-01 2.110239205051659683e-01
7.110926588407029403e-01 4.585201339659772390e-01 2.110239205051659683e-01
7.110926588407029403e-01 4.585201339659772390e-01 2.110239205051659683e-01
9.519312828826522743e-01 2.288401196788148462e-01 2.267635409232878207e-01
9.519312828826522743e-01 2.288401196788148462e-01 2.267635409232878207e-01
6.471563803635520529e-01 4.108633428219916617e-01 2.512594316651111104e-01
6.471563803635520529e-01 4.108633428219916617e-01 2.512594316651111104e-01
