2.489132485845457765e-01 1.481402749648903505e-01 6.495132100649396618e-03
2.489132485845457765e-01 1.481402749648903505e-01 6.495132100649396618e-03
2.489132485845457765e-01 1.481402749648903505e-01 6.495132100649396618e-03
3.604612507733491178e-01 1.504077056042997795e-01 1.603984879719841730e-02
5.395810725353861192e-01 3.696837680735211018e-01 1.944143694924854449e-01
5.395810725353861192e-01 3.696837680735211018e-01 1.944143694924854449e-01
4.412622346540975293e-01 4.511599718360871369e-01 2.276586462426362090e-01
4.412622346540975293e-01 4.511599718360871369e-01 2.276586462426362090e-01
4.412622346540975293e-01 4.511599718360871369e-01 2.276586462426362090e-01
2.065612568917254976e-01 7.563503185938340589e-01 2.012591093626278915e-01
-1.992029962179768798e-01 1.038954112071477365e+00 1.143924353393099419e-01
-5.320287890700928224e-02 1.050123398093526506e+00 6.335709351868427930e-02
1.215981465338940581e-01 7.954293004932785349e-01 2.062926755981261406e-01
5.059497656951505995e-01 6.422072935597383792e-01 1.328579501640882732e-01
3.521492587761135828e-01 6.174957855013999408e-01 2.350308877411878827e-01
5.450894529092722429e-01 3.875625517330985037e-01 2.033124828677682905e-01
5.450894529092722429e-01 3.875625517330985037e-01 2.033124828677682905e-01
7.211169253153906222e-01 3.931881711980220739e-01 1.638649825592665699e-01
5.326198838040573369e-01 4.881208967793209674e-01 2.147000239279850953e-01
-3.675801613117779532e-01 5.678725461084954684e-01 1.366738827886514185e-02
-3.675801613117779532e-01 5.678725461084954684e-01 1.366738827886514185e-02
-3.675801613117779532e-01 5.678725461084954684e-01 1.366738827886514185e-02
-3.675801613117779532e-01 5.678725461084954684e-01 1.366738827886514185e-02
-5.316868480374787875e-01 8.207017152762526857e-01 5.308587478093165779e-02
-3.018464021004476638e-01 1.083773262128825854e+00 1.066472811803899773e-01
-3.018464021004476638e-01 1.083773262128825854e+00 1.066472811803899773e-01
-8.484726728630490045e-02 1.139092361230399808e+00 2.823347552089386717e-02
-4.945947908086808509e-01 1.302674877889166583e+00 2.985084074363140647e-02
-4.945947908086808509e-01 1.302674877889166583e+00 2.985084074363140647e-02
-4.945947908086808509e-01 1.302674877889166583e+00 2.985084074363140647e-02
-3.161973462444974681e-01 1.134398083035241367e+00 7.778998310083316825e-02
-3.161973462444974681e-01 1.134398083035241367e+00 7.778998310083316825e-02
5.061934737233382275e-01 8.219077732565640559e-01 2.532788479233790205e-02
-3.821754004184685360e-02 1.049268202412959816e+00 5.962040799569394423e-02
-3.821754004184685360e-02 1.049268202412959816e+00 5.962040799569394423e-02
-1.368255843054622944e-01 9.122278943228154802e-01 1.926714382014802773e-01
-1.368255843054622944e-01 9.122278943228154802e-01 1.926714382014802773e-01
-1.368255843054622944e-01 9.122278943228154802e-01 1.926714382014802773e-01
-1.368255843054622944e-01 9.122278943228154802e-01 1.926714382014802773e-01
-2.392977666155850502e-01 8.852310240492500260e-01 1.985093544703065704e-01
-1.250662094245156286e-01 8.381706423765397096e-01 2.243474847304603448e-01
-1.250662094245156286e-01 8.381706423765397096e-01 2.243474847304603448e-01
-1.250662094245156286e-01 8.381706423765397096e-01 2.243474847304603448e-01
-4.001974370049738994e-01 1.039173253478546943e+00 1.391009445225313002e-01
-2.105533755397798190e-01 9.872261291491779556e-01 1.549880879527768263e-01
-2.105533755397798190e-01 9.872261291491779556e-01 1.549880879527768263e-01
-2.105533755397798190e-01 9.872261291491779556e-01 1.549880879527768263e-01
-2.105533755397798190e-01 9.872261291491779556e-01 1.549880879527768263e-01
-2.105533755397798190e-01 9.872261291491779556e-01 1.549880879527768263e-01
-2.105533755397798190e-01 9.872261291491779556e-01 1.549880879527768263e-01
4.855697802897479542e-02 6.355129040952297581e-01 2.278952435530568754e-01
4.855697802897479542e-02 6.355129040952297581e-01 2.278952435530568754e-01
4.855697802897479542e-02 6.355129040952297581e-01 2.278952435530568754e-01
4.855697802897479542e-02 6.355129040952297581e-01 2.278952435530568754e-01
4.855697802897479542e-02 6.355129040952297581e-01 2.278952435530568754e-01
3.545361906315374623e-01 8.353116037208131450e-01 6.156983899055009507e-02
3.545361906315374623e-01 8.353116037208131450e-01 6.156983899055009507e-02
3.545361906315374623e-01 8.353116037208131450e-01 6.156983899055009507e-02
3.545361906315374623e-01 8.353116037208131450e-01 6.156983899055009507e-02
4.631906808472702752e-01 5.879398374561369822e-01 1.994130896680642584e-01
4.631906808472702752e-01 5.879398374561369822e-01 1.994130896680642584e-01
1.195532090508505951e-01 6.456285270689903211e-01 2.573438473275118099e-01
1.195532090508505951e-01 6.456285270689903211e-01 2.573438473275118099e-01
1.195532090508505951e-01 6.456285270689903211e-01 2.573438473275118099e-01
1.195532090508505951e-01 6.456285270689903211e-01 2.573438473275118099e-01
1.195532090508505951e-01 6.456285270689903211e-01 2.573438473275118099e-01
1.195532090508505951e-01 6.456285270689903211e-01 2.573438473275118099e-01
2.482590319773936849e-01 6.782928187814525334e-01 2.415010410693440301e-01
2.482590319773936849e-01 6.782928187814525334e-01 2.415010410693440301e-01
2.482590319773936849e-01 6.782928187814525334e-01 2.415010410693440301e-01
2.482590319773936849e-01 6.782928187814525334e-01 2.415010410693440301e-01
2.482590319773936849e-01 6.782928187814525334e-01 2.415010410693440301e-01
2.482590319773936849e-01 6.782928187814525334e-01 2.415010410693440301e-01
2.482590319773936849e-01 6.782928187814525334e-01 2.415010410693440301e-01
5.676920814094135181e-01 6.610557233822378365e-01 8.599874225515788395e-02
9.453373413543675330e-02 7.004926620666259707e-01 2.604994108693782784e-01
9.453373413543675330e-02 7.004926620666259707e-01 2.604994108693782784e-01
9.453373413543675330e-02 7.004926620666259707e-01 2.604994108693782784e-01
-2.989308163938859120e-01 7.999575627581646531e-01 1.493355047315118311e-01
-2.989308163938859120e-01 7.999575627581646531e-01 1.493355047315118311e-01
-2.151812878409326835e-01 1.121431184402446490e+00 6.317087987433106511e-02
-2.151812878409326835e-01 1.121431184402446490e+00 6.317087987433106511e-02
-2.151812878409326835e-01 1.121431184402446490e+00 6.317087987433106511e-02
-2.151812878409326835e-01 1.121431184402446490e+00 6.317087987433106511e-02
-4.256864839873051309e-01 1.279613832365514181e+00 2.953694657090537648e-02
-3.116422974491191433e-01 7.727090536522756015e-01 1.262169739767598775e-01
-3.582997373946695263e-01 1.115132528680810697e+00 9.700356553745580201e-02
-3.582997373946695263e-01 1.115132528680810697e+00 9.700356553745580201e-02
1.928578732225311176e-02 9.569189540617220047e-01 1.060026325764214933e-01
1.928578732225311176e-02 9.569189540617220047e-01 1.060026325764214933e-01
1.928578732225311176e-02 9.569189540617220047e-01 1.060026325764214933e-01
-2.234144592412218994e-02 9.878687835995054733e-01 9.688425691974929255e-02
5.969148656605636205e-01 7.451426425974785328e-01 3.157240549002295754e-02
6.530311056873095987e-01 3.350316308040722779e-01 1.791004649654516501e-01
6.530311056873095987e-01 3.350316308040722779e-01 1.791004649654516501e-01
6.530311056873095987e-01 3.350316308040722779e-01 1.791004649654516501e-01
6.530311056873095987e-01 3.350316308040722779e-01 1.791004649654516501e-01
6.530311056873095987e-01 3.350316308040722779e-01 1.791004649654516501e-01
6.530311056873095987e-01 3.350316308040722779e-01 1.791004649654516501e-01
7.252609412365662589e-01 3.484073394951704983e-01 1.679012608822222918e-01
