2.489132485845457765e-01 1.481402749648903505e-01 1.523061090498934334e-03
6.758054060804047358e-01 -2.140625729488498941e-01 3.720004729763115884e-04
6.758054060804047358e-01 -2.140625729488498941e-01 3.720004729763115884e-04
6.758054060804047358e-01 -2.140625729488498941e-01 3.720004729763115884e-04
6.758054060804047358e-01 -2.140625729488498941e-01 3.720004729763115884e-04
6.758054060804047358e-01 -2.140625729488498941e-01 3.720004729763115884e-04
6.758054060804047358e-01 -2.140625729488498941e-01 3.720004729763115884e-04
7.666772206478167373e-01 6.009842195876585746e-02 1.671647153319933202e-02
9.524263121362234186e-01 -1.823831221965220573e-01 4.440767514867102056e-03
1.198106501567684390e+00 2.668800061396728873e-01 9.694154453074287081e-02
1.198106501567684390e+00 2.668800061396728873e-01 9.694154453074287081e-02
1.163612006386978370e+00 2.201820277652905000e-02 5.793553137812645221e-02
1.433496276649144363e+00 4.763060177923582050e-01 2.250610314144496638e-02
7.542354655862911761e-01 6.141654846769534215e-02 1.587906544292128075e-02
1.433763296094123785e-01 4.297812877099764228e-01 1.166493878344118315e-02
8.319252699591488387e-01 2.876049602005608663e-01 7.353159011107837650e-02
3.896181671817294800e-01 5.515379488113558715e-01 5.345858626271792619e-02
5.651165608499011395e-01 3.882651399794106450e-01 5.298064625638568281e-02
5.651165608499011395e-01 3.882651399794106450e-01 5.298064625638568281e-02
5.651165608499011395e-01 3.882651399794106450e-01 5.298064625638568281e-02
5.651165608499011395e-01 3.882651399794106450e-01 5.298064625638568281e-02
5.651165608499011395e-01 3.882651399794106450e-01 5.298064625638568281e-02
7.726897480919774353e-01 6.171594270062954468e-01 6.352125845273906557e-02
1.291888179642936230e+00 5.279860655902299804e-01 2.744054127945254329e-02
7.781533791606912720e-01 6.288998965884886605e-01 6.044031605001960739e-02
7.781533791606912720e-01 6.288998965884886605e-01 6.044031605001960739e-02
2.444224052707221206e-01 4.930296224766140822e-01 2.759923793468309350e-02
4.171689144242307634e-01 2.057025046243744493e-01 8.798615459070102326e-03
4.171689144242307634e-01 2.057025046243744493e-01 8.798615459070102326e-03
5.802536289224105026e-01 8.754652016296756711e-01 2.408948865256861638e-02
4.376302524773287850e-01 6.604316437171271481e-01 6.186908356778695467e-02
4.174547757755532884e-01 4.192726008590145770e-01 3.748046594700308459e-02
4.174547757755532884e-01 4.192726008590145770e-01 3.748046594700308459e-02
4.174547757755532884e-01 4.192726008590145770e-01 3.748046594700308459e-02
6.947362671857137961e-01 7.839323351684683860e-01 3.268424148654900524e-02
6.567526285200124825e-01 4.679361814877671111e-01 7.651896454628087652e-02
6.567526285200124825e-01 4.679361814877671111e-01 7.651896454628087652e-02
8.266152814269756011e-01 2.144470804902056105e-01 5.593562079324240766e-02
1.200194931697192491e+00 -5.263896014771257681e-03 5.580236475553062431e-02
1.200194931697192491e+00 -5.263896014771257681e-03 5.580236475553062431e-02
1.413695961126219869e+00 1.345351449299676261e-01 9.528995469968953858e-02
1.413695961126219869e+00 1.345351449299676261e-01 9.528995469968953858e-02
1.413695961126219869e+00 1.345351449299676261e-01 9.528995469968953858e-02
1.413695961126219869e+00 1.345351449299676261e-01 9.528995469968953858e-02
1.413695961126219869e+00 1.345351449299676261e-01 9.528995469968953858e-02
1.413695961126219869e+00 1.345351449299676261e-01 9.528995469968953858e-02
5.423974520205456784e-01 4.224019598033021961e-01 5.580730723695880718e-02
2.863662812919126055e-01 8.185187145622756510e-01 4.504319933948940091e-02
6.732917592792334038e-02 6.818245509663394266e-01 3.029730499441856545e-02
-1.214317130764497599e-01 7.802535870398377149e-01 2.134828594149279501e-02
-1.214317130764497599e-01 7.802535870398377149e-01 2.134828594149279501e-02
1.274788067908485534e-01 9.341155867039053762e-01 3.240818649068648305e-02
1.274788067908485534e-01 9.341155867039053762e-01 3.240818649068648305e-02
1.274788067908485534e-01 9.341155867039053762e-01 3.240818649068648305e-02
1.274788067908485534e-01 9.341155867039053762e-01 3.240818649068648305e-02
1.274788067908485534e-01 9.341155867039053762e-01 3.240818649068648305e-02
-1.187881333920559612e-04 8.354818404181901803e-01 3.257587666574728730e-02
-2.120623374912039283e-01 8.467095818067726931e-01 1.863432432183665874e-02
4.684471463101094746e-02 1.073189460068175283e+00 1.898817831174458640e-02
-7.775307288268121231e-02 9.799455872482163432e-01 2.614319943047119926e-02
-2.917040662666603446e-01 9.726566245965259094e-01 1.787082741178775205e-02
-4.463678752032158581e-01 7.320188595775584117e-01 3.368160762289345612e-03
-1.949856003960035444e-01 7.996292896767691616e-01 1.732434919028624093e-02
-1.949856003960035444e-01 7.996292896767691616e-01 1.732434919028624093e-02
-4.078069290876384922e-02 7.105655942482554943e-01 2.287493709538558281e-02
3.591960536505904300e-01 9.911123064381111014e-01 1.878572877759587118e-02
5.413029761230672143e-01 6.769159756683531537e-01 6.234930136025856884e-02
4.378732142972180386e-01 5.124291165924622637e-01 5.491520289618252726e-02
-1.827264033558608780e-01 8.186682639331331890e-01 1.917992760210323472e-02
-1.827264033558608780e-01 8.186682639331331890e-01 1.917992760210323472e-02
1.702769420116199139e-01 6.480836516724688412e-01 3.780437443166787675e-02
1.702769420116199139e-01 6.480836516724688412e-01 3.780437443166787675e-02
1.668902105101589262e-01 6.462122325473358408e-01 3.726726180198729893e-02
5.165300669110198806e-01 7.598890050453450673e-01 4.940910818005924549e-02
5.122943105982816769e-01 5.450419662081493755e-01 6.688966731967249668e-02
4.606962509369389447e-01 3.750485671034731183e-01 3.553974381519411224e-02
4.606962509369389447e-01 3.750485671034731183e-01 3.553974381519411224e-02
2.752835519194677394e-01 6.714902567371643372e-01 5.013486056609815777e-02
2.752835519194677394e-01 6.714902567371643372e-01 5.013486056609815777e-02
4.032308161585314021e-01 9.129850852798807592e-01 2.800568307709100715e-02
4.032308161585314021e-01 9.129850852798807592e-01 2.800568307709100715e-02
4.897838821162739387e-01 8.358018443917993867e-01 3.669250670038136375e-02
2.636982040024122842e-01 6.264850789755586069e-01 4.606874382373414567e-02
2.636982040024122842e-01 6.264850789755586069e-01 4.606874382373414567e-02
9.230767839426805565e-01 2.911525269781365388e-01 8.627958856671644194e-02
9.952240391208873049e-01 2.036592249114990982e-01 7.941055867604093765e-02
8.889769729631218365e-01 4.922470591887618818e-01 8.143682770089845369e-02
1.119473554228085366e+00 2.866263208348365232e-01 9.749817000227482822e-02
1.119473554228085366e+00 2.866263208348365232e-01 9.749817000227482822e-02
1.119473554228085366e+00 2.866263208348365232e-01 9.749817000227482822e-02
1.119473554228085366e+00 2.866263208348365232e-01 9.749817000227482822e-02
1.119473554228085366e+00 2.866263208348365232e-01 9.749817000227482822e-02
6.824451337921459970e-01 3.675365743291648668e-01 6.674662239562838273e-02
6.639463022371452361e-01 8.090450032123047697e-02 1.168217804216971009e-02
6.639463022371452361e-01 8.090450032123047697e-02 1.168217804216971009e-02
1.335019398707690597e+00 6.972843153044511189e-02 8.993602369609980662e-02
1.335019398707690597e+00 6.972843153044511189e-02 8.993602369609980662e-02
1.657326206289489789e+00 5.380188877655210644e-02 8.146165489159246098e-02
1.657326206289489789e+00 5.380188877655210644e-02 8.146165489159246098e-02
1.657326206289489789e+00 5.380188877655210644e-02 8.146165489159246098e-02
