2.489132485845457765e-01 1.481402749648903505e-01 2.040975997325270106e-03
2.489132485845457765e-01 1.481402749648903505e-01 2.040975997325270106e-03
2.489132485845457765e-01 1.481402749648903505e-01 2.040975997325270106e-03
-1.283129291930457105e-02 1.164147245876084424e+00 1.220891394213952617e-02
-1.283129291930457105e-02 1.164147245876084424e+00 1.220891394213952617e-02
4.777967424097630256e-02 1.032600159402475626e+00 2.240092616800912206e-02
6.942331493986172442e-01 6.709354657420176782e-01 4.070489394678499656e-02
6.942331493986172442e-01 6.709354657420176782e-01 4.070489394678499656e-02
6.942331493986172442e-01 6.709354657420176782e-01 4.070489394678499656e-02
3.955291792588109256e-01 7.863225298210138048e-01 4.160681403036693704e-02
3.092741902183618330e-01 4.610479153592701440e-01 3.472027350387814348e-02
3.092741902183618330e-01 4.610479153592701440e-01 3.472027350387814348e-02
3.092741902183618330e-01 4.610479153592701440e-01 3.472027350387814348e-02
6.044112662217726584e-01 8.064399713738981124e-01 2.315372405298175493e-02
5.111002911514583857e-01 6.892364767006350368e-01 5.177776265310227166e-02
5.111002911514583857e-01 6.892364767006350368e-01 5.177776265310227166e-02
6.659524339303408702e-01 4.739299757962851523e-01 7.634740394064835900e-02
4.415649641157761707e-01 3.228728613001297099e-01 3.144866700976097634e-02
4.415649641157761707e-01 3.228728613001297099e-01 3.144866700976097634e-02
4.193549984068429826e-01 8.010726691848399916e-01 3.790659118081474849e-02
5.084417733182462484e-01 8.952175304858064342e-01 1.707984998096783932e-02
4.155918037964010381e-01 6.149033934285574876e-01 5.972316422368547512e-02
4.155918037964010381e-01 6.149033934285574876e-01 5.972316422368547512e-02
6.840602755081663933e-01 3.461064552981337750e-01 7.368904421284469541e-02
9.864726304340278862e-01 4.002633439073836619e-01 7.165252647878242453e-02
5.930660735885926460e-01 3.424924551710533671e-01 5.914681541739277154e-02
5.930660735885926460e-01 3.424924551710533671e-01 5.914681541739277154e-02
8.462780147154911337e-01 1.436616008244217535e-01 6.298500498471901188e-02
7.464488322128727260e-01 3.017290419187137474e-01 7.669996057579249460e-02
7.464488322128727260e-01 3.017290419187137474e-01 7.669996057579249460e-02
1.012869703753626727e+00 2.933538287980306247e-01 9.081395031146899388e-02
1.089552623551492294e+00 2.672367195533366102e-01 8.966241585702264261e-02
1.089552623551492294e+00 2.672367195533366102e-01 8.966241585702264261e-02
1.089552623551492294e+00 2.672367195533366102e-01 8.966241585702264261e-02
1.089366406525074771e+00 2.383897243340080130e-02 7.857287303854376681e-02
1.089366406525074771e+00 2.383897243340080130e-02 7.857287303854376681e-02
1.149543586059625033e+00 2.814500922630109869e-01 7.974754169863006170e-02
9.591168676499408630e-01 2.303113802917494679e-02 5.398818108351593342e-02
9.463095288005597405e-01 8.171497043696725193e-02 6.669883837984821873e-02
9.463095288005597405e-01 8.171497043696725193e-02 6.669883837984821873e-02
9.463095288005597405e-01 8.171497043696725193e-02 6.669883837984821873e-02
9.303065312070346593e-01 3.872156198491027296e-02 5.264035426518719890e-02
1.386161475238997465e+00 1.610997522330691878e-01 7.353611492389310056e-02
1.052055111107915497e+00 -1.246611783071605029e-02 6.218788981771386504e-02
1.213503680297776333e+00 1.162530785776929310e-01 1.008042370922485331e-01
1.439426989949527336e+00 -4.401907202444832468e-02 1.007986546348220436e-01
1.499293306958290994e+00 8.386733727315692777e-02 7.376761022142455659e-02
1.323380016807962800e+00 3.116425127923898308e-02 1.019023394876849703e-01
1.218517643961851915e+00 1.211043080095242364e-01 1.004193894618223559e-01
1.218517643961851915e+00 1.211043080095242364e-01 1.004193894618223559e-01
1.249811996898961386e+00 2.353298613546630780e-01 7.662925850568587383e-02
6.573879227154666438e-01 1.427552493159908176e-01 3.010440478286386529e-02
6.573879227154666438e-01 1.427552493159908176e-01 3.010440478286386529e-02
6.573879227154666438e-01 1.427552493159908176e-01 3.010440478286386529e-02
7.879736005502282481e-01 1.637851847708182706e-02 2.466255552590443378e-02
8.622967305865356646e-01 -1.373301498015350453e-01 1.058629427612273709e-02
8.622967305865356646e-01 -1.373301498015350453e-01 1.058629427612273709e-02
1.278558878113624342e+00 3.452449807848395613e-01 4.159998305308860306e-02
1.278558878113624342e+00 3.452449807848395613e-01 4.159998305308860306e-02
1.278558878113624342e+00 3.452449807848395613e-01 4.159998305308860306e-02
1.237182090569021842e+00 2.636815831188941694e-01 7.102282520987096559e-02
1.324958729996809303e+00 2.012801547955425652e-01 7.330402905636226873e-02
1.324958729996809303e+00 2.012801547955425652e-01 7.330402905636226873e-02
1.324958729996809303e+00 2.012801547955425652e-01 7.330402905636226873e-02
1.471424849241898203e+00 -2.653958025711643520e-01 6.648523247561911875e-02
1.525825024508452810e+00 -3.179921328749295562e-01 6.050512952297508462e-02
1.939585106098325795e+00 -3.066627730792316209e-01 7.594352473951462845e-02
1.939585106098325795e+00 -3.066627730792316209e-01 7.594352473951462845e-02
1.962707291018660705e+00 -4.587095066022698897e-01 7.135431873991394947e-02
1.285713676783450055e+00 -9.514497870407906399e-02 8.207298817752187170e-02
1.285713676783450055e+00 -9.514497870407906399e-02 8.207298817752187170e-02
1.226228183364883595e+00 -5.183690130483954439e-01 2.205908101900864830e-03
1.419281380276129934e+00 -1.115791375750891934e-01 9.511112624006630434e-02
1.419281380276129934e+00 -1.115791375750891934e-01 9.511112624006630434e-02
1.419281380276129934e+00 -1.115791375750891934e-01 9.511112624006630434e-02
1.640247875021902946e+00 -4.265869944747733289e-01 4.837329280030630563e-02
1.589805662817074916e+00 -3.351901780486884475e-01 6.535095127100123968e-02
1.589805662817074916e+00 -3.351901780486884475e-01 6.535095127100123968e-02
1.634693718493169134e+00 -2.796339872280373950e-01 8.374269065233651277e-02
1.479937871779479108e+00 -4.866775989918040723e-01 1.661082676371266470e-02
1.479937871779479108e+00 -4.866775989918040723e-01 1.661082676371266470e-02
1.691789282289821283e+00 -7.769111649743626336e-02 7.791802139417336459e-02
1.691789282289821283e+00 -7.769111649743626336e-02 7.791802139417336459e-02
1.539950705881458992e+00 1.297218586292531728e-01 5.370008734418095508e-02
1.517672359850981811e+00 -2.877773383095144633e-02 9.438241410881208215e-02
1.517672359850981811e+00 -2.877773383095144633e-02 9.438241410881208215e-02
1.517672359850981811e+00 -2.877773383095144633e-02 9.438241410881208215e-02
1.517672359850981811e+00 -2.877773383095144633e-02 9.438241410881208215e-02
1.517672359850981811e+00 -2.877773383095144633e-02 9.438241410881208215e-02
2.110619996550941124e+00 -3.220060357741491019e-01 5.326283228548279319e-02
1.661011561429976524e+00 -4.193485409192326263e-01 5.313000076847146369e-02
1.676934362631340436e+00 3.707611103215974202e-02 5.263155717341948953e-02
1.676934362631340436e+00 3.707611103215974202e-02 5.263155717341948953e-02
1.676934362631340436e+00 3.707611103215974202e-02 5.263155717341948953e-02
1.244217618006981496e+00 -1.613626312895753701e-01 5.671902609926586514e-02
1.763224593644074023e+00 -2.418088546649483916e-01 8.884065748554438591e-02
1.988887533272885477e+00 -2.536162354992588797e-01 6.144572550709258285e-02
2.068068733430529882e+00 -4.015317713130017729e-01 6.841984842987634818e-02
2.138910053829689684e+00 -2.573266543934403239e-01 3.739425925960784824e-02
1.448149880403020173e+00 1.968535263585186046e-02 9.521129010820644778e-02
