2.489132485845457765e-01 1.481402749648903505e-01 2.820001542726242785e-03
3.129489554315248445e-01 1.939388845782780424e-01 8.602798688067353136e-03
7.522179868681264647e-01 2.829212457329079444e-01 1.304967542609150044e-01
1.215631300322336461e+00 3.272082783750263624e-01 1.523383762464875779e-01
8.309058006827325649e-01 5.496946374783018285e-01 1.838915969431517972e-01
8.784376089031744606e-01 4.976317597933982984e-01 1.935728358577492592e-01
8.784376089031744606e-01 4.976317597933982984e-01 1.935728358577492592e-01
6.621402287343172155e-01 4.885619946986336504e-01 2.275742794703989602e-01
5.104674858248174907e-01 4.561315988906531893e-01 1.850322609739131208e-01
3.133482443966877362e-01 4.988586040558922186e-01 1.489468735796402321e-01
4.409029071135725508e-01 4.413277345309012389e-01 1.511889120780241513e-01
4.409029071135725508e-01 4.413277345309012389e-01 1.511889120780241513e-01
7.869429575276137845e-01 1.849587142698264630e-01 7.459974168349041423e-02
1.071491694603232681e+00 2.649203654273151187e-01 1.719025804495105114e-01
1.071491694603232681e+00 2.649203654273151187e-01 1.719025804495105114e-01
1.071491694603232681e+00 2.649203654273151187e-01 1.719025804495105114e-01
1.071491694603232681e+00 2.649203654273151187e-01 1.719025804495105114e-01
1.071491694603232681e+00 2.649203654273151187e-01 1.719025804495105114e-01
9.238711818063733983e-01 1.558757315294862500e-01 8.856772912155609634e-02
1.141060122530633159e+00 1.227865999949874221e-01 1.107829541541566765e-01
1.312310856891017341e+00 5.130009571473566066e-01 4.426934382089621478e-02
1.312310856891017341e+00 5.130009571473566066e-01 4.426934382089621478e-02
1.312310856891017341e+00 5.130009571473566066e-01 4.426934382089621478e-02
1.312310856891017341e+00 5.130009571473566066e-01 4.426934382089621478e-02
1.312310856891017341e+00 5.130009571473566066e-01 4.426934382089621478e-02
1.312310856891017341e+00 5.130009571473566066e-01 4.426934382089621478e-02
1.249950940778510544e+00 3.833342927197301853e-01 1.210403462251126855e-01
1.249950940778510544e+00 3.833342927197301853e-01 1.210403462251126855e-01
1.249950940778510544e+00 3.833342927197301853e-01 1.210403462251126855e-01
1.033712247180568644e+00 4.642806571143675565e-01 1.574261614692186728e-01
1.329201727873193351e+00 1.346170617659661617e-01 1.296095781964150540e-01
1.329201727873193351e+00 1.346170617659661617e-01 1.296095781964150540e-01
1.329201727873193351e+00 1.346170617659661617e-01 1.296095781964150540e-01
1.462125068411815665e+00 1.524778460272910308e-01 1.198857733907303658e-01
1.462125068411815665e+00 1.524778460272910308e-01 1.198857733907303658e-01
1.462125068411815665e+00 1.524778460272910308e-01 1.198857733907303658e-01
1.462125068411815665e+00 1.524778460272910308e-01 1.198857733907303658e-01
1.714559201534701538e+00 1.105630584538565414e-01 7.605323015618174753e-02
1.714559201534701538e+00 1.105630584538565414e-01 7.605323015618174753e-02
1.714559201534701538e+00 1.105630584538565414e-01 7.605323015618174753e-02
1.714559201534701538e+00 1.105630584538565414e-01 7.605323015618174753e-02
1.378743427949535194e+00 -3.674091658991976428e-03 7.832680934158817165e-02
1.378743427949535194e+00 -3.674091658991976428e-03 7.832680934158817165e-02
1.378743427949535194e+00 -3.674091658991976428e-03 7.832680934158817165e-02
1.378743427949535194e+00 -3.674091658991976428e-03 7.832680934158817165e-02
1.393050550881511862e+00 2.386080021909259274e-01 1.259692579542004698e-01
1.099188302086500979e+00 2.271744835921680750e-01 1.587376918184942309e-01
1.099188302086500979e+00 2.271744835921680750e-01 1.587376918184942309e-01
1.099188302086500979e+00 2.271744835921680750e-01 1.587376918184942309e-01
1.099188302086500979e+00 2.271744835921680750e-01 1.587376918184942309e-01
1.099188302086500979e+00 2.271744835921680750e-01 1.587376918184942309e-01
1.323897295954508335e+00 1.560951622475793554e-01 1.353794639807005817e-01
1.323897295954508335e+00 1.560951622475793554e-01 1.353794639807005817e-01
1.032675484764814300e+00 -1.439601515354388406e-02 2.942188846252030004e-02
8.058178640743244303e-01 1.749247608174416824e-01 7.315297630337591617e-02
8.058178640743244303e-01 1.749247608174416824e-01 7.315297630337591617e-02
8.058178640743244303e-01 1.749247608174416824e-01 7.315297630337591617e-02
1.621028182652084482e-03 7.227465647441482233e-01 1.830072720769021499e-01
1.621028182652084482e-03 7.227465647441482233e-01 1.830072720769021499e-01
1.621028182652084482e-03 7.227465647441482233e-01 1.830072720769021499e-01
1.621028182652084482e-03 7.227465647441482233e-01 1.830072720769021499e-01
-3.501683434028055042e-02 7.620916535024945260e-01 1.894941352245770871e-01
-3.501683434028055042e-02 7.620916535024945260e-01 1.894941352245770871e-01
-3.501683434028055042e-02 7.620916535024945260e-01 1.894941352245770871e-01
-1.237141103028321087e-01 8.937274169724299666e-01 1.941275392145521139e-01
-2.308119904370961040e-01 8.954521453543602405e-01 1.755170010083670629e-01
-6.919284748194734491e-02 5.188753927618767747e-01 4.117471765559875541e-02
-6.919284748194734491e-02 5.188753927618767747e-01 4.117471765559875541e-02
1.687613697673000235e-02 5.386682592630709365e-01 7.223217017703295606e-02
-2.571334002463963597e-01 7.204880715961465842e-01 8.757123429162140538e-02
-2.571334002463963597e-01 7.204880715961465842e-01 8.757123429162140538e-02
2.635250661389569315e-01 6.294389535732436425e-01 2.168477325885378726e-01
2.741946003718761515e-01 8.453946452530360922e-01 1.736741633012849617e-01
-4.592856009732720901e-02 7.724386854479357023e-01 1.903519925125745360e-01
1.390100422817676928e-01 9.786329668522267822e-01 1.160268294045810472e-01
-3.954729601148585516e-01 1.034915995923179954e+00 1.501960012098986219e-01
-3.954729601148585516e-01 1.034915995923179954e+00 1.501960012098986219e-01
-3.954729601148585516e-01 1.034915995923179954e+00 1.501960012098986219e-01
-3.481236975919621557e-01 9.454154451714996688e-01 1.564111484979570366e-01
-3.481236975919621557e-01 9.454154451714996688e-01 1.564111484979570366e-01
-3.481236975919621557e-01 9.454154451714996688e-01 1.564111484979570366e-01
-3.481236975919621557e-01 9.454154451714996688e-01 1.564111484979570366e-01
-2.277093976438421541e-01 8.809491652375950332e-01 1.733396344633580943e-01
-2.277093976438421541e-01 8.809491652375950332e-01 1.733396344633580943e-01
-2.277093976438421541e-01 8.809491652375950332e-01 1.733396344633580943e-01
-2.277093976438421541e-01 8.809491652375950332e-01 1.733396344633580943e-01
-2.277093976438421541e-01 8.809491652375950332e-01 1.733396344633580943e-01
-8.641178737906848872e-02 8.005480147283611236e-01 1.887671250394275246e-01
-8.641178737906848872e-02 8.005480147283611236e-01 1.887671250394275246e-01
-6.927810604718646903e-02 5.902919784188636054e-01 7.516480770823764923e-02
1.736603989729263997e-01 4.957492060644939635e-01 9.593549319171265632e-02
-1.471256979100610263e-01 4.814884838367889386e-01 1.813180587980164904e-02
-1.471256979100610263e-01 4.814884838367889386e-01 1.813180587980164904e-02
-1.471256979100610263e-01 4.814884838367889386e-01 1.813180587980164904e-02
3.140251597221689339e-01 8.292485665689102170e-01 1.734215169660157096e-01
3.140251597221689339e-01 8.292485665689102170e-01 1.734215169660157096e-01
4.831598812648804087e-01 6.732697081545566675e-01 2.223461853122628840e-01
5.984399779238573913e-01 5.696934796524885103e-01 2.333288270019896748e-01
5.984399779238573913e-01 5.696934796524885103e-01 2.333288270019896748e-01
5.984399779238573913e-01 5.696934796524885103e-01 2.333288270019896748e-01
