2.489132485845457765e-01 1.481402749648903505e-01 1.379592463175639567e-03
4.050410870832345522e-01 1.253563045147046140e-01 2.770557398949691739e-03
2.435693506861016377e-01 2.987904706443623715e-01 7.929866907088014769e-03
2.630257726544476538e-01 3.368744087978391977e-01 1.258811265217173528e-02
1.678685089847053447e-01 3.994491076893954551e-01 1.422385849076084410e-02
1.544632320298097439e-01 8.421723327863213093e-01 7.572347359856981819e-02
4.161384069734489488e-01 6.022859906048341205e-01 7.985433888318567430e-02
6.543150095039458325e-01 5.443836254026411803e-01 8.624048521152301305e-02
6.543150095039458325e-01 5.443836254026411803e-01 8.624048521152301305e-02
8.735119003241846869e-01 5.747487306308463051e-01 7.269637909437831613e-02
1.060856443195864696e+00 1.504154045232002912e-01 4.644451857234693781e-02
1.060856443195864696e+00 1.504154045232002912e-01 4.644451857234693781e-02
1.060856443195864696e+00 1.504154045232002912e-01 4.644451857234693781e-02
1.060856443195864696e+00 1.504154045232002912e-01 4.644451857234693781e-02
1.099729062954900582e+00 1.187854207447643085e-01 4.272623102091024916e-02
1.099729062954900582e+00 1.187854207447643085e-01 4.272623102091024916e-02
9.726474101747701884e-01 2.456565495705429480e-01 6.040108984868414882e-02
1.095635756574148134e+00 4.191838362302247045e-01 7.518326534791282267e-02
1.095635756574148134e+00 4.191838362302247045e-01 7.518326534791282267e-02
1.095635756574148134e+00 4.191838362302247045e-01 7.518326534791282267e-02
1.095635756574148134e+00 4.191838362302247045e-01 7.518326534791282267e-02
1.095635756574148134e+00 4.191838362302247045e-01 7.518326534791282267e-02
1.264391941506099570e+00 1.646940199349725131e-01 6.322150658367881038e-02
1.264391941506099570e+00 1.646940199349725131e-01 6.322150658367881038e-02
1.273075455447373994e+00 2.169863334013724665e-01 6.978068535578267617e-02
1.273075455447373994e+00 2.169863334013724665e-01 6.978068535578267617e-02
1.039245612366975990e+00 2.588466916005282559e-01 6.816923408982500376e-02
1.039245612366975990e+00 2.588466916005282559e-01 6.816923408982500376e-02
1.039245612366975990e+00 2.588466916005282559e-01 6.816923408982500376e-02
1.039245612366975990e+00 2.588466916005282559e-01 6.816923408982500376e-02
1.039245612366975990e+00 2.588466916005282559e-01 6.816923408982500376e-02
8.336921235079295389e-01 2.629357942836578754e-01 5.092477557878961197e-02
9.400459784024007837e-01 5.483943460796225633e-01 7.061943565792790090e-02
9.400459784024007837e-01 5.483943460796225633e-01 7.061943565792790090e-02
9.400459784024007837e-01 5.483943460796225633e-01 7.061943565792790090e-02
1.099190464435649384e+00 4.279342294899215471e-01 7.386307160305322084e-02
1.099190464435649384e+00 4.279342294899215471e-01 7.386307160305322084e-02
1.099190464435649384e+00 4.279342294899215471e-01 7.386307160305322084e-02
1.099190464435649384e+00 4.279342294899215471e-01 7.386307160305322084e-02
1.099190464435649384e+00 4.279342294899215471e-01 7.386307160305322084e-02
1.099190464435649384e+00 4.279342294899215471e-01 7.386307160305322084e-02
8.437638692808329122e-01 3.442524588943006170e-01 7.065658244989046766e-02
8.437638692808329122e-01 3.442524588943006170e-01 7.065658244989046766e-02
9.298680820670895963e-01 1.792150709677972908e-01 4.077222717366507654e-02
9.298680820670895963e-01 1.792150709677972908e-01 4.077222717366507654e-02
5.519911432326319867e-01 3.308130977064365208e-01 3.619618424982922605e-02
9.383029063499706002e-01 3.905809580971631445e-01 8.182686295749845573e-02
1.004575166552879928e+00 4.050147315424377781e-01 8.144341372227728582e-02
1.286889875008928374e+00 1.305153359908801103e-01 5.850048875647013286e-02
1.286889875008928374e+00 1.305153359908801103e-01 5.850048875647013286e-02
1.286889875008928374e+00 1.305153359908801103e-01 5.850048875647013286e-02
1.286889875008928374e+00 1.305153359908801103e-01 5.850048875647013286e-02
1.187850672097422233e+00 3.845842058475779091e-01 7.111541969452274403e-02
1.460581570816552155e+00 9.175268353359888884e-02 5.797761345480328954e-02
1.460581570816552155e+00 9.175268353359888884e-02 5.797761345480328954e-02
1.460581570816552155e+00 9.175268353359888884e-02 5.797761345480328954e-02
1.581725682802707311e+00 -5.444905068958366678e-02 4.007832020488565766e-02
1.544089404354779704e+00 -3.404180531821565658e-02 4.183130886557227118e-02
1.220290050225840250e+00 1.957615446548309213e-01 6.637580891881110501e-02
1.220290050225840250e+00 1.957615446548309213e-01 6.637580891881110501e-02
7.655901892479443083e-01 6.522810850944846806e-01 6.845669211327007342e-02
8.156115990678922678e-01 5.898881983634546300e-01 7.568012597488722737e-02
5.854307316573125197e-01 7.376769762066391900e-01 6.863761961382885968e-02
2.393757446878824746e-01 8.509643954494650053e-01 7.266131442630582860e-02
2.393757446878824746e-01 8.509643954494650053e-01 7.266131442630582860e-02
2.393757446878824746e-01 8.509643954494650053e-01 7.266131442630582860e-02
5.957613766081635287e-01 4.553151996892459419e-01 7.078128668750527375e-02
5.957613766081635287e-01 4.553151996892459419e-01 7.078128668750527375e-02
7.052793230039743344e-01 5.890712196037062309e-01 8.388441575699628894e-02
7.508927434588896777e-01 4.639179763761286934e-01 8.347481271985106310e-02
7.508927434588896777e-01 4.639179763761286934e-01 8.347481271985106310e-02
7.508927434588896777e-01 4.639179763761286934e-01 8.347481271985106310e-02
7.508927434588896777e-01 4.639179763761286934e-01 8.347481271985106310e-02
1.048507924632130495e+00 5.016954309450734062e-01 6.740800374943212159e-02
8.448927263838235113e-01 7.327923168050833880e-01 3.983372068447387643e-02
8.448927263838235113e-01 7.327923168050833880e-01 3.983372068447387643e-02
8.448927263838235113e-01 7.327923168050833880e-01 3.983372068447387643e-02
8.448927263838235113e-01 7.327923168050833880e-01 3.983372068447387643e-02
8.448927263838235113e-01 7.327923168050833880e-01 3.983372068447387643e-02
5.412987341230299787e-01 8.268622150334313803e-01 5.213740081395708964e-02
3.397092644825814856e-01 1.219829190049226630e+00 4.534171131427729845e-03
-1.360857248172763767e-01 8.308325036770147776e-01 5.828120589356907549e-02
-1.671384418473074451e-01 8.377430535255150357e-01 5.595207346413191146e-02
-5.983774219559534480e-03 9.600221311920837941e-01 6.532446759183799245e-02
-7.692624105887349573e-02 4.915899772481674423e-01 1.013688671594973646e-02
-2.864652442136811361e-02 5.854013612725172955e-01 2.630503596197424077e-02
1.099502138970844256e-01 7.754147800670518897e-01 7.444951248799340504e-02
5.093590667510208836e-03 8.194759310724967216e-01 7.000012016137267812e-02
2.841208231114353278e-01 5.959017230081459227e-01 6.562077981779072811e-02
2.757230743582607668e-01 1.002566970561345583e+00 3.755601171866898569e-02
5.339016235521309994e-01 4.047511939535832770e-01 5.176573716571262335e-02
3.102056140708429055e-01 6.950122480664885360e-01 8.149765847474799152e-02
2.831442891122790129e-01 6.477482751167725761e-01 7.474643669896557929e-02
3.011409676919567513e-01 7.879745476163401152e-01 7.871223847887133529e-02
3.011409676919567513e-01 7.879745476163401152e-01 7.871223847887133529e-02
-3.262587101417158131e-02 9.553317408664722121e-01 6.626975220410041834e-02
3.158988996279173400e-01 5.725275758545502747e-01 6.450878043921287608e-02
3.158988996279173400e-01 5.725275758545502747e-01 6.450878043921287608e-02
3.158988996279173400e-01 5.725275758545502747e-01 6.450878043921287608e-02
6.145177639243187828e-01 7.568764036251447447e-01 6.111117771122044628e-02
