2.489132485845457765e-01 1.481402749648903505e-01 1.418562016276813664e-01
9.789689745587248915e-02 6.576264558635880331e-01 3.983248985316562019e-01
9.789689745587248915e-02 6.576264558635880331e-01 3.983248985316562019e-01
9.789689745587248915e-02 6.576264558635880331e-01 3.983248985316562019e-01
3.976517150785924271e-01 4.014681614856163705e-01 4.922333048314517234e-01
2.232404711799695074e-01 2.563047092124970394e-01 2.671527823904435439e-01
2.232404711799695074e-01 2.563047092124970394e-01 2.671527823904435439e-01
2.221233870240433284e-01 2.509061401443879458e-01 2.530357203111784359e-01
2.221233870240433284e-01 2.509061401443879458e-01 2.530357203111784359e-01
1.996400207818999906e-01 6.922206112304112313e-01 3.023321335378839625e-01
1.996400207818999906e-01 6.922206112304112313e-01 3.023321335378839625e-01
1.996400207818999906e-01 6.922206112304112313e-01 3.023321335378839625e-01
3.233756998647579484e-01 7.811248403156274556e-01 2.737254554888291988e-02
-4.769817237373574770e-02 5.609666182396889633e-01 6.769175533471202821e-02
-4.769817237373574770e-02 5.609666182396889633e-01 6.769175533471202821e-02
-4.769817237373574770e-02 5.609666182396889633e-01 6.769175533471202821e-02
-4.769817237373574770e-02 5.609666182396889633e-01 6.769175533471202821e-02
-4.769817237373574770e-02 5.609666182396889633e-01 6.769175533471202821e-02
2.056198155490849278e-01 4.550321916340929196e-01 5.649210409582723358e-01
2.056198155490849278e-01 4.550321916340929196e-01 5.649210409582723358e-01
2.056198155490849278e-01 4.550321916340929196e-01 5.649210409582723358e-01
2.056198155490849278e-01 4.550321916340929196e-01 5.649210409582723358e-01
2.543154817983691585e-01 3.741166338107979050e-01 6.022469685629860958e-01
2.543154817983691585e-01 3.741166338107979050e-01 6.022469685629860958e-01
2.543154817983691585e-01 3.741166338107979050e-01 6.022469685629860958e-01
2.543154817983691585e-01 3.741166338107979050e-01 6.022469685629860958e-01
4.440478714423431450e-01 3.306336654905528971e-01 5.044644430734612772e-01
2.361050014374537487e-01 5.115554615624444690e-01 5.893350253047250353e-01
2.361050014374537487e-01 5.115554615624444690e-01 5.893350253047250353e-01
2.361050014374537487e-01 5.115554615624444690e-01 5.893350253047250353e-01
2.361050014374537487e-01 5.115554615624444690e-01 5.893350253047250353e-01
1.801524950623057675e-01 6.914150253409074853e-01 3.341525389080072794e-01
2.921842709798853077e-01 4.046787985857152603e-01 6.741857210253303645e-01
2.921842709798853077e-01 4.046787985857152603e-01 6.741857210253303645e-01
2.921842709798853077e-01 4.046787985857152603e-01 6.741857210253303645e-01
2.921842709798853077e-01 4.046787985857152603e-01 6.741857210253303645e-01
2.683551607639411696e-01 4.311259328689672210e-01 6.545719018484047469e-01
2.683551607639411696e-01 4.311259328689672210e-01 6.545719018484047469e-01
2.164790273188633984e-01 2.199246563610559313e-01 1.814585713058304295e-01
2.164790273188633984e-01 2.199246563610559313e-01 1.814585713058304295e-01
2.164790273188633984e-01 2.199246563610559313e-01 1.814585713058304295e-01
2.164790273188633984e-01 2.199246563610559313e-01 1.814585713058304295e-01
2.164790273188633984e-01 2.199246563610559313e-01 1.814585713058304295e-01
5.492521709466826607e-01 2.292730399100266769e-01 3.544093253993671477e-01
5.492521709466826607e-01 2.292730399100266769e-01 3.544093253993671477e-01
5.492521709466826607e-01 2.292730399100266769e-01 3.544093253993671477e-01
4.184924211443896702e-01 3.183095618635248814e-01 6.082862457866411443e-01
4.184924211443896702e-01 3.183095618635248814e-01 6.082862457866411443e-01
4.184924211443896702e-01 3.183095618635248814e-01 6.082862457866411443e-01
4.184924211443896702e-01 3.183095618635248814e-01 6.082862457866411443e-01
4.184924211443896702e-01 3.183095618635248814e-01 6.082862457866411443e-01
3.103561324800965249e-01 3.988727076484429035e-01 6.766995687969804552e-01
3.103561324800965249e-01 3.988727076484429035e-01 6.766995687969804552e-01
3.103561324800965249e-01 3.988727076484429035e-01 6.766995687969804552e-01
3.103561324800965249e-01 3.988727076484429035e-01 6.766995687969804552e-01
3.103561324800965249e-01 3.988727076484429035e-01 6.766995687969804552e-01
3.103561324800965249e-01 3.988727076484429035e-01 6.766995687969804552e-01
2.634886154579627604e-01 1.295142993112299856e-01 1.440458390048058590e-01
2.634886154579627604e-01 1.295142993112299856e-01 1.440458390048058590e-01
2.119862253405456753e-01 4.758457287192432994e-01 5.879899390476720500e-01
2.119862253405456753e-01 4.758457287192432994e-01 5.879899390476720500e-01
2.561538872365914377e-01 6.283672046222141816e-01 3.296269654170990715e-01
1.859105205749640444e-01 3.770762675423661725e-01 3.894650603924423860e-01
1.859105205749640444e-01 3.770762675423661725e-01 3.894650603924423860e-01
1.859105205749640444e-01 3.770762675423661725e-01 3.894650603924423860e-01
1.859105205749640444e-01 3.770762675423661725e-01 3.894650603924423860e-01
4.162943244407841248e-01 3.319779429885256761e-01 5.889929809651118786e-01
4.162943244407841248e-01 3.319779429885256761e-01 5.889929809651118786e-01
3.224563150225832620e-01 2.689669997096985066e-01 6.167970939053440960e-01
3.224563150225832620e-01 2.689669997096985066e-01 6.167970939053440960e-01
2.274402719370576809e-01 4.781139030368996012e-01 6.087146584721667697e-01
2.274402719370576809e-01 4.781139030368996012e-01 6.087146584721667697e-01
2.274402719370576809e-01 4.781139030368996012e-01 6.087146584721667697e-01
2.274402719370576809e-01 4.781139030368996012e-01 6.087146584721667697e-01
2.274402719370576809e-01 4.781139030368996012e-01 6.087146584721667697e-01
2.274402719370576809e-01 4.781139030368996012e-01 6.087146584721667697e-01
2.274402719370576809e-01 4.781139030368996012e-01 6.087146584721667697e-01
2.274402719370576809e-01 4.781139030368996012e-01 6.087146584721667697e-01
2.274402719370576809e-01 4.781139030368996012e-01 6.087146584721667697e-01
2.274402719370576809e-01 4.781139030368996012e-01 6.087146584721667697e-01
2.274402719370576809e-01 4.781139030368996012e-01 6.087146584721667697e-01
2.274402719370576809e-01 4.781139030368996012e-01 6.087146584721667697e-01
-6.878920716453779116e-02 8.426785089070844004e-01 1.621677101360410600e-01
-6.878920716453779116e-02 8.426785089070844004e-01 1.621677101360410600e-01
2.431552988296350470e-01 5.877930918064168120e-01 4.481375660756566903e-01
2.431552988296350470e-01 5.877930918064168120e-01 4.481375660756566903e-01
3.739849318521719646e-01 4.714165334341847702e-01 3.935597462045957728e-01
3.739849318521719646e-01 4.714165334341847702e-01 3.935597462045957728e-01
3.739849318521719646e-01 4.714165334341847702e-01 3.935597462045957728e-01
3.739849318521719646e-01 4.714165334341847702e-01 3.935597462045957728e-01
3.739849318521719646e-01 4.714165334341847702e-01 3.935597462045957728e-01
3.739849318521719646e-01 4.714165334341847702e-01 3.935597462045957728e-01
3.739849318521719646e-01 4.714165334341847702e-01 3.935597462045957728e-01
3.739849318521719646e-01 4.714165334341847702e-01 3.935597462045957728e-01
3.739849318521719646e-01 4.714165334341847702e-01 3.935597462045957728e-01
3.739849318521719646e-01 4.714165334341847702e-01 3.935597462045957728e-01
3.739849318521719646e-01 4.714165334341847702e-01 3.935597462045957728e-01
3.739849318521719646e-01 4.714165334341847702e-01 3.935597462045957728e-01
3.739849318521719646e-01 4.714165334341847702e-01 3.935597462045957728e-01
2.358828709900033238e-01 7.284276417226404066e-02 4.708171573220726325e-02
