2.489132485845457765e-01 1.481402749648903505e-01 3.752538793389363896e-03
4.043497230284830435e-01 4.588527035926887598e-01 1.322405294008918986e-01
4.043497230284830435e-01 4.588527035926887598e-01 1.322405294008918986e-01
4.043497230284830435e-01 4.588527035926887598e-01 1.322405294008918986e-01
4.043497230284830435e-01 4.588527035926887598e-01 1.322405294008918986e-01
4.043497230284830435e-01 4.588527035926887598e-01 1.322405294008918986e-01
6.944047647217113095e-01 4.846233759249149453e-01 1.082997259124513917e-01
6.944047647217113095e-01 4.846233759249149453e-01 1.082997259124513917e-01
6.944047647217113095e-01 4.846233759249149453e-01 1.082997259124513917e-01
6.944047647217113095e-01 4.846233759249149453e-01 1.082997259124513917e-01
6.944047647217113095e-01 4.846233759249149453e-01 1.082997259124513917e-01
6.944047647217113095e-01 4.846233759249149453e-01 1.082997259124513917e-01
3.910543598890446337e-01 7.218951773444410858e-01 1.329632756517306336e-01
3.983355581754067232e-01 5.279788492907704356e-01 1.579522989317623805e-01
5.728579971446196017e-01 4.535388285215403159e-01 1.351945880322577009e-01
5.728579971446196017e-01 4.535388285215403159e-01 1.351945880322577009e-01
4.948215535946944854e-01 2.844480174642574632e-01 6.395399806824765554e-02
4.948215535946944854e-01 2.844480174642574632e-01 6.395399806824765554e-02
4.948215535946944854e-01 2.844480174642574632e-01 6.395399806824765554e-02
4.948215535946944854e-01 2.844480174642574632e-01 6.395399806824765554e-02
4.948215535946944854e-01 2.844480174642574632e-01 6.395399806824765554e-02
4.948215535946944854e-01 2.844480174642574632e-01 6.395399806824765554e-02
4.948215535946944854e-01 2.844480174642574632e-01 6.395399806824765554e-02
5.970937739805715072e-01 2.395239346008091186e-01 6.268607105025433834e-02
1.073468537613509577e+00 3.884352749855477516e-01 3.360205021517724544e-02
1.124101461058252038e+00 4.021596489766713356e-01 2.296918706984958647e-02
1.247713618682420478e+00 3.208040538852912071e-01 1.813592397483413179e-02
1.247713618682420478e+00 3.208040538852912071e-01 1.813592397483413179e-02
1.247713618682420478e+00 3.208040538852912071e-01 1.813592397483413179e-02
1.170874726351499362e+00 2.114544164823184136e-01 4.293093530911120531e-02
1.170874726351499362e+00 2.114544164823184136e-01 4.293093530911120531e-02
1.170874726351499362e+00 2.114544164823184136e-01 4.293093530911120531e-02
1.170874726351499362e+00 2.114544164823184136e-01 4.293093530911120531e-02
9.387606930395314686e-01 4.230645206826345039e-01 5.516598413929792860e-02
1.001777674391601813e+00 2.226985580038204626e-01 6.765501569572557328e-02
8.326871399688420272e-01 1.032879697233807931e-01 4.473159045717740173e-02
6.993445457196135751e-01 3.169784950334613716e-01 1.018715240444749287e-01
6.993445457196135751e-01 3.169784950334613716e-01 1.018715240444749287e-01
6.993445457196135751e-01 3.169784950334613716e-01 1.018715240444749287e-01
6.993445457196135751e-01 3.169784950334613716e-01 1.018715240444749287e-01
8.007223882192630038e-01 1.524282616485167496e-01 5.658114264734393634e-02
6.735040863069703398e-01 4.798473002846332935e-01 1.150267537616286445e-01
6.735040863069703398e-01 4.798473002846332935e-01 1.150267537616286445e-01
1.224864742986804478e+00 1.831972488761539619e-01 3.744593804385547980e-02
1.022207253786023617e+00 2.285345561205632536e-01 6.490403308199925447e-02
1.022207253786023617e+00 2.285345561205632536e-01 6.490403308199925447e-02
1.022207253786023617e+00 2.285345561205632536e-01 6.490403308199925447e-02
4.382496443615456760e-01 4.696322571353652719e-01 1.407235238403335420e-01
4.382496443615456760e-01 4.696322571353652719e-01 1.407235238403335420e-01
7.094855956738752578e-01 4.394455473567252524e-01 1.116805030115044506e-01
7.094855956738752578e-01 4.394455473567252524e-01 1.116805030115044506e-01
7.162937982160506589e-01 1.419287153449005912e-02 1.388179709304650580e-02
7.162937982160506589e-01 1.419287153449005912e-02 1.388179709304650580e-02
9.098832031362126260e-01 -7.564439744476043892e-02 1.294704950294264627e-02
9.385872993955309829e-01 7.303648412158095793e-01 3.947428412440129146e-03
1.045273186031052015e+00 3.110965594341495999e-01 5.314189094103793226e-02
6.760762331228102884e-01 1.268178761703346313e-01 3.448598883322855080e-02
6.760762331228102884e-01 1.268178761703346313e-01 3.448598883322855080e-02
8.260418441172401316e-01 3.980504168196777881e-01 8.920516658575612656e-02
8.260418441172401316e-01 3.980504168196777881e-01 8.920516658575612656e-02
8.260418441172401316e-01 3.980504168196777881e-01 8.920516658575612656e-02
5.215650129839621840e-01 3.086076865062518659e-01 7.997398700410969508e-02
5.215650129839621840e-01 3.086076865062518659e-01 7.997398700410969508e-02
7.785331910469525107e-01 5.375920722611005065e-01 6.694401779041531109e-02
7.028286139949309064e-01 5.150424780855205054e-01 9.799771050327661659e-02
2.363652892801596517e-01 2.458346778525493659e-01 1.283716368561547277e-02
1.699840837511125413e-01 2.827236795663471969e-01 1.297875415677957230e-02
4.966670196424203265e-01 5.260257254478044597e-01 1.501926795361196998e-01
3.276474626425450731e-01 3.402489268171086101e-01 5.445048005628634613e-02
4.850473678507038477e-01 7.980846159846488597e-01 5.901803525752905011e-02
4.850473678507038477e-01 7.980846159846488597e-01 5.901803525752905011e-02
4.850473678507038477e-01 7.980846159846488597e-01 5.901803525752905011e-02
4.850473678507038477e-01 7.980846159846488597e-01 5.901803525752905011e-02
4.850473678507038477e-01 7.980846159846488597e-01 5.901803525752905011e-02
4.850473678507038477e-01 7.980846159846488597e-01 5.901803525752905011e-02
4.850473678507038477e-01 7.980846159846488597e-01 5.901803525752905011e-02
3.163838686999885796e-01 7.450702835207912988e-01 1.520659532906802058e-01
5.145345620548538168e-01 4.898548914283405997e-01 1.453130689025595446e-01
5.145345620548538168e-01 4.898548914283405997e-01 1.453130689025595446e-01
5.145345620548538168e-01 4.898548914283405997e-01 1.453130689025595446e-01
5.145345620548538168e-01 4.898548914283405997e-01 1.453130689025595446e-01
5.145345620548538168e-01 4.898548914283405997e-01 1.453130689025595446e-01
5.407927355126646018e-01 3.314690308450625733e-01 9.378975145402167202e-02
4.490808995057964936e-01 2.617084083008709983e-01 4.599838118982783886e-02
5.476016761761671736e-01 3.921970828382131402e-01 1.200481846062686764e-01
5.476016761761671736e-01 3.921970828382131402e-01 1.200481846062686764e-01
5.476016761761671736e-01 3.921970828382131402e-01 1.200481846062686764e-01
5.705143023916472433e-01 4.663332048841724586e-01 1.367483608257767380e-01
5.705143023916472433e-01 4.663332048841724586e-01 1.367483608257767380e-01
5.705143023916472433e-01 4.663332048841724586e-01 1.367483608257767380e-01
5.705143023916472433e-01 4.663332048841724586e-01 1.367483608257767380e-01
5.705143023916472433e-01 4.663332048841724586e-01 1.367483608257767380e-01
5.705143023916472433e-01 4.663332048841724586e-01 1.367483608257767380e-01
5.705143023916472433e-01 4.663332048841724586e-01 1.367483608257767380e-01
6.521567621222319477e-01 5.450055507852870074e-01 1.054612445447021263e-01
6.521567621222319477e-01 5.450055507852870074e-01 1.054612445447021263e-01
6.521567621222319477e-01 5.450055507852870074e-01 1.054612445447021263e-01
6.320590073144540799e-01 3.670870427504335787e-01 1.150596886864122675e-01
6.290543399010762871e-01 2.156521478975566841e-01 5.814233238074834054e-02
7.985605483927775694e-01 4.715768112514523436e-01 8.083302225800056973e-02
