2.489132485845457765e-01 1.481402749648903505e-01 2.374927151461743956e-03
2.489132485845457765e-01 1.481402749648903505e-01 2.374927151461743956e-03
5.976056314331470443e-01 3.267157570503426145e-01 6.977593416182314989e-02
5.976056314331470443e-01 3.267157570503426145e-01 6.977593416182314989e-02
2.980426904010757827e-01 6.693846249511703483e-01 1.242151012838682150e-01
2.980426904010757827e-01 6.693846249511703483e-01 1.242151012838682150e-01
-8.423502404177940495e-02 9.351929369691363014e-01 1.302805673858912217e-01
-8.423502404177940495e-02 9.351929369691363014e-01 1.302805673858912217e-01
-8.423502404177940495e-02 9.351929369691363014e-01 1.302805673858912217e-01
-8.423502404177940495e-02 9.351929369691363014e-01 1.302805673858912217e-01
3.695789330772952797e-02 7.950678579449570460e-01 1.276735758789645236e-01
3.695789330772952797e-02 7.950678579449570460e-01 1.276735758789645236e-01
2.966128572170063094e-01 1.066675058432208889e+00 2.288597276852663565e-02
5.546933616584962534e-01 7.853976311079587935e-01 5.640927652588383773e-02
3.502302147412875710e-01 9.585675347454085671e-01 4.235825113525357871e-02
5.125651126293485627e-01 8.939264740416104082e-01 3.225396406061713933e-02
5.125651126293485627e-01 8.939264740416104082e-01 3.225396406061713933e-02
5.125651126293485627e-01 8.939264740416104082e-01 3.225396406061713933e-02
5.125651126293485627e-01 8.939264740416104082e-01 3.225396406061713933e-02
2.175744686785256454e-01 1.028449221445546513e+00 4.570525940700043144e-02
2.175744686785256454e-01 1.028449221445546513e+00 4.570525940700043144e-02
2.175744686785256454e-01 1.028449221445546513e+00 4.570525940700043144e-02
2.175744686785256454e-01 1.028449221445546513e+00 4.570525940700043144e-02
2.175744686785256454e-01 1.028449221445546513e+00 4.570525940700043144e-02
2.175744686785256454e-01 1.028449221445546513e+00 4.570525940700043144e-02
5.021206820210992738e-01 9.474961268884548593e-01 2.166605308583269274e-02
8.334960103242244900e-01 5.938687184543678388e-01 5.697852362986669666e-02
7.290784047688885217e-01 6.153146811321228427e-01 7.268024069748076077e-02
7.290784047688885217e-01 6.153146811321228427e-01 7.268024069748076077e-02
7.721806176536621935e-01 3.387333476790927445e-01 9.167982995894967402e-02
7.721806176536621935e-01 3.387333476790927445e-01 9.167982995894967402e-02
7.721806176536621935e-01 3.387333476790927445e-01 9.167982995894967402e-02
4.528555238896434521e-01 4.710423761810162979e-01 9.556605813366358948e-02
1.111609504386827929e-01 5.578425729802248823e-01 6.429012750304344270e-02
1.111609504386827929e-01 5.578425729802248823e-01 6.429012750304344270e-02
1.111609504386827929e-01 5.578425729802248823e-01 6.429012750304344270e-02
2.116492175470829906e-01 9.562218179602142154e-01 7.282522680811318039e-02
-3.074422824259854803e-01 9.500960387504567839e-01 1.168417542116129693e-01
-3.074422824259854803e-01 9.500960387504567839e-01 1.168417542116129693e-01
-3.074422824259854803e-01 9.500960387504567839e-01 1.168417542116129693e-01
-3.074422824259854803e-01 9.500960387504567839e-01 1.168417542116129693e-01
-3.074422824259854803e-01 9.500960387504567839e-01 1.168417542116129693e-01
-3.150924453193015284e-01 9.685672349948026838e-01 1.198824505435894527e-01
-3.150924453193015284e-01 9.685672349948026838e-01 1.198824505435894527e-01
-3.150924453193015284e-01 9.685672349948026838e-01 1.198824505435894527e-01
-3.150924453193015284e-01 9.685672349948026838e-01 1.198824505435894527e-01
-3.150924453193015284e-01 9.685672349948026838e-01 1.198824505435894527e-01
-3.150924453193015284e-01 9.685672349948026838e-01 1.198824505435894527e-01
-2.188264211637325207e-01 1.003337237403376436e+00 1.294588721139733611e-01
-7.047603249784852864e-01 1.202164382085911587e+00 1.058427846571173975e-01
-7.047603249784852864e-01 1.202164382085911587e+00 1.058427846571173975e-01
-4.609662419485470730e-01 1.005536296987207479e+00 1.035663157885468172e-01
-4.609662419485470730e-01 1.005536296987207479e+00 1.035663157885468172e-01
-6.162974571656281153e-01 1.165866423100013760e+00 1.125753166049362486e-01
-9.231861116058308614e-01 1.174968832847969935e+00 5.601937311089173060e-02
-9.231861116058308614e-01 1.174968832847969935e+00 5.601937311089173060e-02
-9.231861116058308614e-01 1.174968832847969935e+00 5.601937311089173060e-02
-9.231861116058308614e-01 1.174968832847969935e+00 5.601937311089173060e-02
-8.778681624753530421e-01 1.359481530115326908e+00 9.981795452394430501e-02
-8.778681624753530421e-01 1.359481530115326908e+00 9.981795452394430501e-02
-9.143029761956420476e-01 1.365909640324048935e+00 9.707173032865785978e-02
-1.236789311693359261e+00 1.392632837697630022e+00 5.189296634200353531e-02
-1.193769366272001697e+00 1.260095787168980186e+00 2.976983082770358682e-02
-1.193769366272001697e+00 1.260095787168980186e+00 2.976983082770358682e-02
-1.193769366272001697e+00 1.260095787168980186e+00 2.976983082770358682e-02
-1.193769366272001697e+00 1.260095787168980186e+00 2.976983082770358682e-02
-1.193769366272001697e+00 1.260095787168980186e+00 2.976983082770358682e-02
-1.193769366272001697e+00 1.260095787168980186e+00 2.976983082770358682e-02
-1.210528293617672224e+00 1.869209242981919372e+00 2.225881085952929883e-02
-1.210528293617672224e+00 1.869209242981919372e+00 2.225881085952929883e-02
-1.231727250519090378e+00 1.357951005436696335e+00 4.506343242535192778e-02
-1.231727250519090378e+00 1.357951005436696335e+00 4.506343242535192778e-02
-1.452681206021084082e+00 1.535226418388139003e+00 4.480364513333208454e-02
-1.452681206021084082e+00 1.535226418388139003e+00 4.480364513333208454e-02
-1.402028935378097918e+00 1.765523835620993021e+00 5.497314010619419600e-02
-1.320900415922824367e+00 1.696576201923601257e+00 6.311433598254426180e-02
-1.320900415922824367e+00 1.696576201923601257e+00 6.311433598254426180e-02
-1.320900415922824367e+00 1.696576201923601257e+00 6.311433598254426180e-02
-1.320900415922824367e+00 1.696576201923601257e+00 6.311433598254426180e-02
-1.702939620554190459e+00 1.891149883625595995e+00 4.188220581024516137e-02
-1.702939620554190459e+00 1.891149883625595995e+00 4.188220581024516137e-02
-1.641516525837561025e+00 1.742544810607222328e+00 4.583475774486984317e-02
-1.641516525837561025e+00 1.742544810607222328e+00 4.583475774486984317e-02
-1.899280254117840183e+00 1.803862927145061468e+00 2.627473752608747853e-02
-1.676832371088793572e+00 1.961218721224089023e+00 3.505641344651676261e-02
-1.759787794689562590e+00 1.773964086454990596e+00 3.680489856645640517e-02
-1.435603034068928974e+00 1.369635319030235499e+00 1.902729158116416019e-02
-1.313688801184830668e+00 1.333574250859600019e+00 2.745940292254100273e-02
-1.313688801184830668e+00 1.333574250859600019e+00 2.745940292254100273e-02
-1.313688801184830668e+00 1.333574250859600019e+00 2.745940292254100273e-02
-1.224339536918536586e+00 1.535077714737080212e+00 7.500925072520883696e-02
-1.224339536918536586e+00 1.535077714737080212e+00 7.500925072520883696e-02
-1.464717227076388406e+00 1.603618648624822951e+00 5.307382220270268069e-02
-1.464717227076388406e+00 1.603618648624822951e+00 5.307382220270268069e-02
-1.464717227076388406e+00 1.603618648624822951e+00 5.307382220270268069e-02
-1.464717227076388406e+00 1.603618648624822951e+00 5.307382220270268069e-02
-1.637180457871725281e+00 1.568848704292321816e+00 2.585528602229012970e-02
-1.362547656199768698e+00 1.676800309508359677e+00 6.449687523154107316e-02
-1.362547656199768698e+00 1.676800309508359677e+00 6.449687523154107316e-02
-1.362547656199768698e+00 1.676800309508359677e+00 6.449687523154107316e-02
