2.489132485845457765e-01 1.481402749648903505e-01 1.882910609470494915e-03
2.489132485845457765e-01 1.481402749648903505e-01 1.882910609470494915e-03
2.069387437280903186e-01 2.270849139693743302e-01 4.221972230975377764e-03
2.069387437280903186e-01 2.270849139693743302e-01 4.221972230975377764e-03
1.780907377996069352e-01 7.130401402230488461e-01 1.338381225262482155e-01
1.780907377996069352e-01 7.130401402230488461e-01 1.338381225262482155e-01
2.159169703388587325e-01 7.699212932778713991e-01 1.424168986565136907e-01
3.339063007279174933e-02 9.450141444503695753e-01 1.183696284132951110e-01
3.339063007279174933e-02 9.450141444503695753e-01 1.183696284132951110e-01
-6.165181879313243185e-02 9.851596030025950856e-01 1.139512444911173761e-01
-6.165181879313243185e-02 9.851596030025950856e-01 1.139512444911173761e-01
1.755377407094078079e-01 7.295676621151840902e-01 1.366405017182581449e-01
1.755377407094078079e-01 7.295676621151840902e-01 1.366405017182581449e-01
-5.101951563550983781e-01 7.261507214511053743e-01 1.635013554346347389e-02
-4.117208742583426395e-01 8.669551191877747920e-01 6.427033372131850386e-02
2.385861368446548503e-01 1.008061411133106766e+00 6.389532522265729819e-02
2.385861368446548503e-01 1.008061411133106766e+00 6.389532522265729819e-02
6.885605284717680186e-02 1.095645686478013969e+00 5.724908208834720430e-02
6.885605284717680186e-02 1.095645686478013969e+00 5.724908208834720430e-02
6.885605284717680186e-02 1.095645686478013969e+00 5.724908208834720430e-02
6.885605284717680186e-02 1.095645686478013969e+00 5.724908208834720430e-02
-2.716507437061751462e-01 1.119646331691865893e+00 8.981193045101390493e-02
1.617267146031881042e-01 6.202970608644389205e-01 1.004035993476883465e-01
1.617267146031881042e-01 6.202970608644389205e-01 1.004035993476883465e-01
1.617267146031881042e-01 6.202970608644389205e-01 1.004035993476883465e-01
2.079477099668853302e-01 8.810298884564813360e-01 1.205959017323045557e-01
2.079477099668853302e-01 8.810298884564813360e-01 1.205959017323045557e-01
1.549734459246229767e-02 9.086646654072771945e-01 1.275717404389178355e-01
-6.519703290677301977e-02 9.427327582199833689e-01 1.229288405650432459e-01
-1.231939323930986152e-01 1.001915221063659045e+00 1.128052673431530623e-01
-1.203932739985867223e-01 1.048727954917249017e+00 9.974024448800782039e-02
3.303032544860327602e-01 1.089152571947411552e+00 2.483109707479205439e-02
3.303032544860327602e-01 1.089152571947411552e+00 2.483109707479205439e-02
5.667440519632235274e-01 8.945070039257987382e-01 5.024829283053704188e-02
5.667440519632235274e-01 8.945070039257987382e-01 5.024829283053704188e-02
2.679577703524261834e-01 8.856757527489235171e-01 1.101677047939964293e-01
2.679577703524261834e-01 8.856757527489235171e-01 1.101677047939964293e-01
2.328094978852388031e-01 7.097088609276456239e-01 1.400007942139747108e-01
2.055808101596645343e-01 6.715043115734391499e-01 1.276451315355838778e-01
2.055808101596645343e-01 6.715043115734391499e-01 1.276451315355838778e-01
2.055808101596645343e-01 6.715043115734391499e-01 1.276451315355838778e-01
2.055808101596645343e-01 6.715043115734391499e-01 1.276451315355838778e-01
1.992853774208990514e-01 8.199606944347019866e-01 1.374021412511101103e-01
1.992853774208990514e-01 8.199606944347019866e-01 1.374021412511101103e-01
-1.346447628455725021e-01 9.456645915007382275e-01 1.210443494077851623e-01
-1.346447628455725021e-01 9.456645915007382275e-01 1.210443494077851623e-01
-1.346447628455725021e-01 9.456645915007382275e-01 1.210443494077851623e-01
6.759647751990882636e-02 7.282700600908829092e-01 1.193202579059068624e-01
6.759647751990882636e-02 7.282700600908829092e-01 1.193202579059068624e-01
6.759647751990882636e-02 7.282700600908829092e-01 1.193202579059068624e-01
2.659007038831533443e-01 6.685697175758892330e-01 1.362801832862355067e-01
4.216942863626667037e-01 6.106680686288441517e-01 1.425841308480717273e-01
5.184470895484103448e-01 3.749141416196863363e-01 7.159378169932038849e-02
5.899487712091339153e-01 4.409699951733920265e-01 1.141268102088579955e-01
5.899487712091339153e-01 4.409699951733920265e-01 1.141268102088579955e-01
8.656928088623949691e-01 3.711241806999249215e-01 1.261413359364793041e-01
8.656928088623949691e-01 3.711241806999249215e-01 1.261413359364793041e-01
9.627585343139728469e-01 5.481221448055619838e-01 1.055612108157361756e-01
1.426829954088547403e+00 1.285733068608190255e-01 9.045254523120957457e-02
1.599196453833829024e+00 3.099903650796017596e-01 5.012975928265162723e-02
1.545120401368855312e+00 9.362660143287057646e-02 8.262986698970264943e-02
1.545120401368855312e+00 9.362660143287057646e-02 8.262986698970264943e-02
1.545120401368855312e+00 9.362660143287057646e-02 8.262986698970264943e-02
2.094381589008616373e+00 -3.390132514733602553e-01 2.242949745524843927e-02
2.123574611961845715e+00 -2.910547713671578496e-01 2.846768437743328953e-02
2.432650464602697404e+00 -3.782892789317274795e-01 1.963625292502728381e-02
2.432650464602697404e+00 -3.782892789317274795e-01 1.963625292502728381e-02
2.432650464602697404e+00 -3.782892789317274795e-01 1.963625292502728381e-02
2.258403713392245216e+00 -4.240914535350960302e-01 1.622996215448083840e-02
2.258403713392245216e+00 -4.240914535350960302e-01 1.622996215448083840e-02
2.258403713392245216e+00 -4.240914535350960302e-01 1.622996215448083840e-02
2.258403713392245216e+00 -4.240914535350960302e-01 1.622996215448083840e-02
2.258403713392245216e+00 -4.240914535350960302e-01 1.622996215448083840e-02
2.116352040271339163e+00 -6.872725533539103537e-01 8.737448691201227420e-04
2.116352040271339163e+00 -6.872725533539103537e-01 8.737448691201227420e-04
1.710046371356528816e+00 -2.658948485129301598e-01 1.896392097127901771e-02
1.710046371356528816e+00 -2.658948485129301598e-01 1.896392097127901771e-02
1.710046371356528816e+00 -2.658948485129301598e-01 1.896392097127901771e-02
2.156003681472388855e+00 -3.813101979963980925e-01 1.881081921369136614e-02
2.226560231964549441e+00 -3.298679002738125199e-01 2.477841626237619818e-02
2.374618633885985375e+00 -2.613036613843727762e-01 2.490503952105061619e-02
2.374618633885985375e+00 -2.613036613843727762e-01 2.490503952105061619e-02
2.698624327797215727e+00 -4.809832979941567888e-01 1.184678169099057272e-02
2.698624327797215727e+00 -4.809832979941567888e-01 1.184678169099057272e-02
2.698624327797215727e+00 -4.809832979941567888e-01 1.184678169099057272e-02
2.698624327797215727e+00 -4.809832979941567888e-01 1.184678169099057272e-02
2.326077166193190937e+00 -5.446430759235592056e-01 7.934414678172137247e-03
2.326077166193190937e+00 -5.446430759235592056e-01 7.934414678172137247e-03
2.432802739020934357e+00 -3.573870043947764419e-01 2.057602448565820988e-02
2.432802739020934357e+00 -3.573870043947764419e-01 2.057602448565820988e-02
2.465225105045167009e+00 -2.003206347792507724e-02 8.590542543450502971e-03
2.465225105045167009e+00 -2.003206347792507724e-02 8.590542543450502971e-03
2.118337138542187414e+00 2.935694862175780573e-01 4.490348169394953702e-03
1.634236588713682936e+00 3.071822051257845909e-01 4.506665341846470552e-02
1.634236588713682936e+00 3.071822051257845909e-01 4.506665341846470552e-02
1.616243528289884157e+00 -1.023897591339079649e-01 4.622421728855859169e-02
1.712063692647493252e+00 4.255991566750867983e-01 1.395908588677480765e-02
1.712063692647493252e+00 4.255991566750867983e-01 1.395908588677480765e-02
1.712063692647493252e+00 4.255991566750867983e-01 1.395908588677480765e-02
1.712063692647493252e+00 4.255991566750867983e-01 1.395908588677480765e-02
