2.489132485845457765e-01 1.481402749648903505e-01 1.091238869078309526e-01
2.971717028000363525e-01 8.165238826079734835e-02 1.052361530805915601e-01
2.971717028000363525e-01 8.165238826079734835e-02 1.052361530805915601e-01
2.971717028000363525e-01 8.165238826079734835e-02 1.052361530805915601e-01
2.971717028000363525e-01 8.165238826079734835e-02 1.052361530805915601e-01
3.170272555660906821e-01 2.216626244871263141e-01 4.358058446882425718e-01
1.682309871801788981e-01 5.343017491050083834e-01 4.892698434325628565e-01
1.682309871801788981e-01 5.343017491050083834e-01 4.892698434325628565e-01
1.682309871801788981e-01 5.343017491050083834e-01 4.892698434325628565e-01
1.682309871801788981e-01 5.343017491050083834e-01 4.892698434325628565e-01
-1.272663613022012308e-01 8.086401403345249150e-01 1.095111270405949300e-01
3.015540159527355657e-01 7.654183076307066180e-01 6.816312325633808178e-02
3.015540159527355657e-01 7.654183076307066180e-01 6.816312325633808178e-02
3.605451559375103532e-01 7.164041109816042807e-01 5.861910310083023878e-02
1.741097296240775860e-01 4.097295639924691812e-01 3.608241402971646417e-01
1.741097296240775860e-01 4.097295639924691812e-01 3.608241402971646417e-01
1.741097296240775860e-01 4.097295639924691812e-01 3.608241402971646417e-01
1.741097296240775860e-01 4.097295639924691812e-01 3.608241402971646417e-01
1.741097296240775860e-01 4.097295639924691812e-01 3.608241402971646417e-01
1.741097296240775860e-01 4.097295639924691812e-01 3.608241402971646417e-01
1.741097296240775860e-01 4.097295639924691812e-01 3.608241402971646417e-01
4.024055208096795067e-01 1.135836751954537038e-01 4.457768936254938308e-01
4.024055208096795067e-01 1.135836751954537038e-01 4.457768936254938308e-01
4.024055208096795067e-01 1.135836751954537038e-01 4.457768936254938308e-01
4.024055208096795067e-01 1.135836751954537038e-01 4.457768936254938308e-01
2.485089645387267010e-01 4.697662364973649307e-01 6.104127967234626029e-01
2.485089645387267010e-01 4.697662364973649307e-01 6.104127967234626029e-01
2.485089645387267010e-01 4.697662364973649307e-01 6.104127967234626029e-01
2.485089645387267010e-01 4.697662364973649307e-01 6.104127967234626029e-01
4.843402431022648669e-01 2.036145902486629078e-01 7.687506293672322633e-01
4.843402431022648669e-01 2.036145902486629078e-01 7.687506293672322633e-01
4.843402431022648669e-01 2.036145902486629078e-01 7.687506293672322633e-01
4.843402431022648669e-01 2.036145902486629078e-01 7.687506293672322633e-01
4.843402431022648669e-01 2.036145902486629078e-01 7.687506293672322633e-01
4.843402431022648669e-01 2.036145902486629078e-01 7.687506293672322633e-01
4.843402431022648669e-01 2.036145902486629078e-01 7.687506293672322633e-01
2.163358482996745047e-01 4.755228343303039562e-01 5.595711210369728184e-01
2.163358482996745047e-01 4.755228343303039562e-01 5.595711210369728184e-01
2.163358482996745047e-01 4.755228343303039562e-01 5.595711210369728184e-01
4.166690704762101571e-01 3.368623665873268780e-01 7.120942405547153742e-01
4.166690704762101571e-01 3.368623665873268780e-01 7.120942405547153742e-01
4.166690704762101571e-01 3.368623665873268780e-01 7.120942405547153742e-01
4.166690704762101571e-01 3.368623665873268780e-01 7.120942405547153742e-01
4.166690704762101571e-01 3.368623665873268780e-01 7.120942405547153742e-01
4.166690704762101571e-01 3.368623665873268780e-01 7.120942405547153742e-01
4.166690704762101571e-01 3.368623665873268780e-01 7.120942405547153742e-01
4.166690704762101571e-01 3.368623665873268780e-01 7.120942405547153742e-01
4.166690704762101571e-01 3.368623665873268780e-01 7.120942405547153742e-01
4.166690704762101571e-01 3.368623665873268780e-01 7.120942405547153742e-01
4.166690704762101571e-01 3.368623665873268780e-01 7.120942405547153742e-01
4.166690704762101571e-01 3.368623665873268780e-01 7.120942405547153742e-01
4.011615428177442988e-01 4.668726326398746629e-01 4.395796042749902099e-01
2.704726438200348859e-01 4.310051965606303548e-01 6.397043184355544199e-01
2.704726438200348859e-01 4.310051965606303548e-01 6.397043184355544199e-01
3.790591977139928237e-01 5.647869035948116512e-01 2.512874049551303557e-01
3.790591977139928237e-01 5.647869035948116512e-01 2.512874049551303557e-01
-6.459891417224161714e-02 6.907628942817545248e-01 1.344192111408653023e-01
-6.459891417224161714e-02 6.907628942817545248e-01 1.344192111408653023e-01
1.250150600490253228e-01 6.341567270854837624e-01 4.187895217369397849e-01
1.250150600490253228e-01 6.341567270854837624e-01 4.187895217369397849e-01
1.250150600490253228e-01 6.341567270854837624e-01 4.187895217369397849e-01
1.250150600490253228e-01 6.341567270854837624e-01 4.187895217369397849e-01
1.250150600490253228e-01 6.341567270854837624e-01 4.187895217369397849e-01
1.250150600490253228e-01 6.341567270854837624e-01 4.187895217369397849e-01
3.187767258926416103e-01 3.527676057488952632e-01 6.856742956640324849e-01
3.187767258926416103e-01 3.527676057488952632e-01 6.856742956640324849e-01
3.187767258926416103e-01 3.527676057488952632e-01 6.856742956640324849e-01
6.145325247483724995e-01 6.815165577156295784e-02 6.713412120117027149e-01
6.145325247483724995e-01 6.815165577156295784e-02 6.713412120117027149e-01
6.145325247483724995e-01 6.815165577156295784e-02 6.713412120117027149e-01
3.706403124596233667e-01 2.106527190864034282e-01 5.919733553083353916e-01
3.706403124596233667e-01 2.106527190864034282e-01 5.919733553083353916e-01
4.976339665049708261e-01 3.278893485013080200e-01 5.243237328607491810e-01
1.896001839253313448e-01 7.317406605093230709e-01 2.571128863198530734e-01
1.896001839253313448e-01 7.317406605093230709e-01 2.571128863198530734e-01
1.896001839253313448e-01 7.317406605093230709e-01 2.571128863198530734e-01
1.785038024365543374e-01 5.642515564714367660e-01 5.038892207736204165e-01
2.117234227514125933e-01 6.523023965038180494e-01 3.811315851938187893e-01
2.117234227514125933e-01 6.523023965038180494e-01 3.811315851938187893e-01
2.117234227514125933e-01 6.523023965038180494e-01 3.811315851938187893e-01
2.117234227514125933e-01 6.523023965038180494e-01 3.811315851938187893e-01
1.224273554307186290e-01 7.026814679494380878e-01 3.580935914657871200e-01
8.397793784903920256e-03 5.324559769699085399e-01 1.275861046369218266e-01
4.606093703874877127e-02 7.033919048774739391e-01 3.097838749945828751e-01
4.606093703874877127e-02 7.033919048774739391e-01 3.097838749945828751e-01
4.606093703874877127e-02 7.033919048774739391e-01 3.097838749945828751e-01
3.125521346219743979e-01 5.017476339372395344e-01 5.555145549619187051e-01
5.993816921707992851e-01 4.512786737314318786e-01 5.140739923394441885e-02
5.993816921707992851e-01 4.512786737314318786e-01 5.140739923394441885e-02
6.978962218063288203e-01 2.576493054838026042e-01 1.126651374429561148e-01
7.295907464975811552e-01 1.856971907090948504e-01 1.479074516866499545e-01
7.295907464975811552e-01 1.856971907090948504e-01 1.479074516866499545e-01
8.883478566446842972e-01 7.648856698135669818e-02 3.832969619473037409e-02
8.883478566446842972e-01 7.648856698135669818e-02 3.832969619473037409e-02
5.688845661986072777e-01 1.789763078144342989e-01 6.475834318892397246e-01
3.100871056917264834e-01 2.724593347607887628e-01 5.334614856206013611e-01
3.100871056917264834e-01 2.724593347607887628e-01 5.334614856206013611e-01
3.100871056917264834e-01 2.724593347607887628e-01 5.334614856206013611e-01
4.708844876465080320e-01 2.977568591842227885e-02 4.353759993434649922e-01
4.708844876465080320e-01 2.977568591842227885e-02 4.353759993434649922e-01
