2.489132485845457765e-01 1.481402749648903505e-01 2.181780031897380488e-03
2.489132485845457765e-01 1.481402749648903505e-01 2.181780031897380488e-03
1.347022728650532630e-01 4.781210613082331196e-01 4.219773039647074786e-02
4.675444704424366882e-01 4.227046234714876283e-01 9.579371227176816661e-02
4.675444704424366882e-01 4.227046234714876283e-01 9.579371227176816661e-02
1.003409990697895271e+00 5.429462697160714058e-04 2.950499672454841293e-02
6.919252924270432592e-01 3.989906471258075626e-01 1.370843664824957508e-01
5.969167522775099544e-01 7.167263557189699208e-01 1.253250030875561194e-01
3.843613892704899060e-01 5.907634351247740279e-01 1.470170932626416183e-01
4.591355364555912422e-01 3.676278446187670745e-01 6.790132722050427894e-02
3.477719928444414910e-01 7.766652452821910524e-01 1.438761715419256682e-01
3.477719928444414910e-01 7.766652452821910524e-01 1.438761715419256682e-01
3.477719928444414910e-01 7.766652452821910524e-01 1.438761715419256682e-01
3.477719928444414910e-01 7.766652452821910524e-01 1.438761715419256682e-01
7.429032334820284689e-03 8.967100066449735785e-01 1.295577522344798782e-01
7.429032334820284689e-03 8.967100066449735785e-01 1.295577522344798782e-01
6.877134155758040102e-01 4.159011664680469789e-01 1.428855392444060568e-01
6.961754105636037693e-01 6.076373068127066679e-01 1.487062534040232142e-01
6.961754105636037693e-01 6.076373068127066679e-01 1.487062534040232142e-01
7.390128894516769797e-01 6.572827986485690888e-01 1.193483087271251381e-01
1.211396352488008699e+00 3.495396167868161652e-01 1.219307799441090995e-01
1.211396352488008699e+00 3.495396167868161652e-01 1.219307799441090995e-01
1.211396352488008699e+00 3.495396167868161652e-01 1.219307799441090995e-01
1.078483839960447055e+00 5.402247402638149509e-01 8.449113516800961510e-02
9.087457593943293332e-01 3.794895119386221261e-01 1.541879017090038440e-01
9.087457593943293332e-01 3.794895119386221261e-01 1.541879017090038440e-01
9.087457593943293332e-01 3.794895119386221261e-01 1.541879017090038440e-01
9.302024045087966542e-01 4.509350699976344967e-01 1.508306030662834862e-01
9.302024045087966542e-01 4.509350699976344967e-01 1.508306030662834862e-01
1.305283728648418906e+00 1.344328306554093411e-01 1.140174715884738205e-01
1.540290513023973018e+00 1.398909112867227633e-01 9.727016212039647780e-02
1.213890728570842237e+00 1.060943060847722996e-01 9.869979146635453338e-02
1.133898632255230021e+00 2.676522899278999112e-01 1.382520139426192396e-01
1.133898632255230021e+00 2.676522899278999112e-01 1.382520139426192396e-01
1.313384489608010020e+00 3.689946677885821424e-01 9.191082406031708674e-02
1.313384489608010020e+00 3.689946677885821424e-01 9.191082406031708674e-02
1.313384489608010020e+00 3.689946677885821424e-01 9.191082406031708674e-02
1.313384489608010020e+00 3.689946677885821424e-01 9.191082406031708674e-02
1.157209904370424702e+00 3.064692141460069186e-01 1.378218880009642044e-01
1.157209904370424702e+00 3.064692141460069186e-01 1.378218880009642044e-01
1.272922831129309262e+00 3.083840490748660512e-01 1.189474907390154490e-01
1.272922831129309262e+00 3.083840490748660512e-01 1.189474907390154490e-01
1.243577287972850165e+00 4.723908355519382263e-01 7.064514650510035632e-02
1.243577287972850165e+00 4.723908355519382263e-01 7.064514650510035632e-02
1.243577287972850165e+00 4.723908355519382263e-01 7.064514650510035632e-02
7.738040304355540133e-01 3.425368795816830514e-01 1.288635514039680185e-01
7.738040304355540133e-01 3.425368795816830514e-01 1.288635514039680185e-01
7.738040304355540133e-01 3.425368795816830514e-01 1.288635514039680185e-01
6.231522694434660226e-01 3.651399491900851890e-01 1.065017774517612731e-01
7.976623521186553267e-01 3.554407278562469186e-01 1.382366877700886842e-01
1.444899931177738850e+00 3.546498250303276589e-01 6.533934678101002702e-02
1.186776226980164495e+00 4.650964652956922629e-01 8.784095266612751418e-02
1.186776226980164495e+00 4.650964652956922629e-01 8.784095266612751418e-02
1.186776226980164495e+00 4.650964652956922629e-01 8.784095266612751418e-02
9.361240525603431450e-01 3.446008837117954804e-01 1.491640747200811690e-01
9.361240525603431450e-01 3.446008837117954804e-01 1.491640747200811690e-01
1.088311535949820774e+00 1.048114767148159432e-01 8.003131600682449054e-02
1.088311535949820774e+00 1.048114767148159432e-01 8.003131600682449054e-02
1.088311535949820774e+00 1.048114767148159432e-01 8.003131600682449054e-02
1.088311535949820774e+00 1.048114767148159432e-01 8.003131600682449054e-02
1.242976655394269159e+00 1.825597197080202627e-01 1.235484727008106104e-01
9.004702106144040208e-01 2.307635041102430451e-01 1.026541856524254559e-01
9.004702106144040208e-01 2.307635041102430451e-01 1.026541856524254559e-01
9.004702106144040208e-01 2.307635041102430451e-01 1.026541856524254559e-01
1.082318279256891502e+00 5.936678043093789325e-01 6.118774875555612475e-02
1.082318279256891502e+00 5.936678043093789325e-01 6.118774875555612475e-02
1.082318279256891502e+00 5.936678043093789325e-01 6.118774875555612475e-02
9.507483087193602245e-01 5.594093399261255151e-01 1.097590748909359620e-01
8.324402194357568563e-01 6.092259963278674473e-01 1.180159404842187898e-01
1.485499149435893784e+00 3.066513513745899866e-01 7.145329011743192793e-02
1.531109814359649990e+00 3.735962090555848825e-01 4.195409713255181250e-02
1.970435947866410187e+00 2.430903837345298746e-01 1.209349917932818139e-02
1.970435947866410187e+00 2.430903837345298746e-01 1.209349917932818139e-02
1.970435947866410187e+00 2.430903837345298746e-01 1.209349917932818139e-02
1.964439955158458373e+00 2.862458360267170487e-01 8.475070960469368447e-03
1.779612264808020372e+00 1.029641464985829868e-01 6.187127369364531226e-02
1.722784011698364592e+00 -4.426880803306776357e-02 7.645128747166653194e-02
1.722784011698364592e+00 -4.426880803306776357e-02 7.645128747166653194e-02
1.722784011698364592e+00 -4.426880803306776357e-02 7.645128747166653194e-02
1.660544868491625303e+00 -4.040616157297152733e-02 7.912097374260194937e-02
1.660544868491625303e+00 -4.040616157297152733e-02 7.912097374260194937e-02
1.660544868491625303e+00 -4.040616157297152733e-02 7.912097374260194937e-02
1.920429765344314754e+00 9.202589044902667603e-02 4.072917999524921367e-02
1.926798186253791512e+00 2.392496085318073784e-01 1.599216657707700634e-02
1.926798186253791512e+00 2.392496085318073784e-01 1.599216657707700634e-02
2.192291405598223886e+00 -1.492233735396081284e-01 3.533245399115363117e-02
2.192291405598223886e+00 -1.492233735396081284e-01 3.533245399115363117e-02
2.276563419486775430e+00 -5.596949629269612481e-02 1.910191376714474171e-02
1.953604369280844244e+00 -2.287890644455357614e-01 4.672630769434901743e-02
1.817464012833028386e+00 -1.745127989439961558e-01 5.504597865047148458e-02
1.817464012833028386e+00 -1.745127989439961558e-01 5.504597865047148458e-02
1.827801089739195195e+00 -8.706912877604056078e-06 6.738477726086535002e-02
1.827801089739195195e+00 -8.706912877604056078e-06 6.738477726086535002e-02
1.827801089739195195e+00 -8.706912877604056078e-06 6.738477726086535002e-02
1.827801089739195195e+00 -8.706912877604056078e-06 6.738477726086535002e-02
1.827801089739195195e+00 -8.706912877604056078e-06 6.738477726086535002e-02
1.827801089739195195e+00 -8.706912877604056078e-06 6.738477726086535002e-02
1.827801089739195195e+00 -8.706912877604056078e-06 6.738477726086535002e-02
1.827801089739195195e+00 -8.706912877604056078e-06 6.738477726086535002e-02
1.827801089739195195e+00 -8.706912877604056078e-06 6.738477726086535002e-02
