2.489132485845457765e-01 1.481402749648903505e-01 2.334203704261604301e-03
-4.741506977273962642e-02 3.001220247774952776e-01 3.288703837606078272e-03
-4.741506977273962642e-02 3.001220247774952776e-01 3.288703837606078272e-03
-4.741506977273962642e-02 3.001220247774952776e-01 3.288703837606078272e-03
5.844125463372618068e-02 8.382473324720307595e-01 2.101169208155615753e-01
5.844125463372618068e-02 8.382473324720307595e-01 2.101169208155615753e-01
5.019748406191861800e-01 8.394356998404293169e-01 1.042429113703220306e-01
5.019748406191861800e-01 8.394356998404293169e-01 1.042429113703220306e-01
5.019748406191861800e-01 8.394356998404293169e-01 1.042429113703220306e-01
5.019748406191861800e-01 8.394356998404293169e-01 1.042429113703220306e-01
5.019748406191861800e-01 8.394356998404293169e-01 1.042429113703220306e-01
5.453856285108827917e-01 7.797183673775233137e-01 1.309599623494839549e-01
5.453856285108827917e-01 7.797183673775233137e-01 1.309599623494839549e-01
5.453856285108827917e-01 7.797183673775233137e-01 1.309599623494839549e-01
2.623883479915652961e-01 8.527820045294948192e-01 1.682989931767056579e-01
2.623883479915652961e-01 8.527820045294948192e-01 1.682989931767056579e-01
6.752032060702422012e-01 6.667142456460024569e-01 1.614094676294157982e-01
6.752032060702422012e-01 6.667142456460024569e-01 1.614094676294157982e-01
6.752032060702422012e-01 6.667142456460024569e-01 1.614094676294157982e-01
6.752032060702422012e-01 6.667142456460024569e-01 1.614094676294157982e-01
8.835209983550540436e-01 7.434865506337055008e-01 5.415143101931274572e-02
7.291223156197599309e-01 2.940992095786381100e-01 1.006330281145291772e-01
7.291223156197599309e-01 2.940992095786381100e-01 1.006330281145291772e-01
7.291223156197599309e-01 2.940992095786381100e-01 1.006330281145291772e-01
7.291223156197599309e-01 2.940992095786381100e-01 1.006330281145291772e-01
7.291223156197599309e-01 2.940992095786381100e-01 1.006330281145291772e-01
7.291223156197599309e-01 2.940992095786381100e-01 1.006330281145291772e-01
9.804560997413676038e-01 6.773931751310091620e-01 6.145513496421190630e-02
1.136726309565826876e+00 4.905675231677049108e-01 1.086198677027062076e-01
1.136726309565826876e+00 4.905675231677049108e-01 1.086198677027062076e-01
8.217909558709033391e-01 6.705909896933103242e-01 1.109289814021099801e-01
7.801098485760685763e-01 6.059100085993184281e-01 1.619761274479214475e-01
7.801098485760685763e-01 6.059100085993184281e-01 1.619761274479214475e-01
7.801098485760685763e-01 6.059100085993184281e-01 1.619761274479214475e-01
7.801098485760685763e-01 6.059100085993184281e-01 1.619761274479214475e-01
4.866826525440359763e-01 4.343922248655239793e-01 1.353923359300843177e-01
4.866826525440359763e-01 4.343922248655239793e-01 1.353923359300843177e-01
6.711917395180819756e-01 4.989090392497470550e-01 1.994605479735200304e-01
8.415501064379998786e-01 4.801739901024513202e-01 1.862493817452308409e-01
8.415501064379998786e-01 4.801739901024513202e-01 1.862493817452308409e-01
8.415501064379998786e-01 4.801739901024513202e-01 1.862493817452308409e-01
1.064336208614131030e+00 3.042586324494430672e-01 1.482842245574639839e-01
5.446782352907546532e-01 7.946854190453146449e-01 1.209594970729955254e-01
6.913535932964093300e-02 1.095542006925268375e+00 6.093557189241380345e-02
-4.202240363357091502e-01 9.605123498621175315e-01 1.621237417315539719e-01
-4.202240363357091502e-01 9.605123498621175315e-01 1.621237417315539719e-01
-4.202240363357091502e-01 9.605123498621175315e-01 1.621237417315539719e-01
-4.415455337559607285e-01 9.697868795095774264e-01 1.593759634178853191e-01
-2.326393288452450192e-01 1.046334799182443875e+00 1.533471463329861839e-01
-3.634384007561376473e-01 1.091981427722416020e+00 1.452637128954491208e-01
-3.634384007561376473e-01 1.091981427722416020e+00 1.452637128954491208e-01
4.930815373271540958e-02 8.867602799058056373e-01 1.942669132328783965e-01
4.930815373271540958e-02 8.867602799058056373e-01 1.942669132328783965e-01
4.930815373271540958e-02 8.867602799058056373e-01 1.942669132328783965e-01
4.930815373271540958e-02 8.867602799058056373e-01 1.942669132328783965e-01
4.930815373271540958e-02 8.867602799058056373e-01 1.942669132328783965e-01
4.930815373271540958e-02 8.867602799058056373e-01 1.942669132328783965e-01
2.998529885462214994e-01 6.818066602294858836e-01 2.205094080229640374e-01
2.735374516875940798e-01 5.940630868481422411e-01 1.843255591279341910e-01
2.735374516875940798e-01 5.940630868481422411e-01 1.843255591279341910e-01
5.309678094857934738e-01 7.575081521616073843e-01 1.507626748844181352e-01
5.309678094857934738e-01 7.575081521616073843e-01 1.507626748844181352e-01
5.309678094857934738e-01 7.575081521616073843e-01 1.507626748844181352e-01
5.309678094857934738e-01 7.575081521616073843e-01 1.507626748844181352e-01
5.309678094857934738e-01 7.575081521616073843e-01 1.507626748844181352e-01
5.309678094857934738e-01 7.575081521616073843e-01 1.507626748844181352e-01
2.200153520032407384e-01 8.781301775316110447e-01 1.630159322386459941e-01
2.032461400717769373e-01 8.773532318679359010e-01 1.679962483078638047e-01
3.398660585559472591e-01 6.831564261211624522e-01 2.209289255061195612e-01
3.398660585559472591e-01 6.831564261211624522e-01 2.209289255061195612e-01
3.398660585559472591e-01 6.831564261211624522e-01 2.209289255061195612e-01
1.853130993391053638e-01 6.330728414920649971e-01 1.840695822463370435e-01
1.853130993391053638e-01 6.330728414920649971e-01 1.840695822463370435e-01
1.853130993391053638e-01 6.330728414920649971e-01 1.840695822463370435e-01
1.853130993391053638e-01 6.330728414920649971e-01 1.840695822463370435e-01
1.853130993391053638e-01 6.330728414920649971e-01 1.840695822463370435e-01
1.853130993391053638e-01 6.330728414920649971e-01 1.840695822463370435e-01
1.853130993391053638e-01 6.330728414920649971e-01 1.840695822463370435e-01
7.712961091193377972e-02 7.314355494453790296e-01 2.048741520263457350e-01
-1.597661429207425376e-02 7.570561665268177309e-01 1.941794440802038502e-01
-1.597661429207425376e-02 7.570561665268177309e-01 1.941794440802038502e-01
-1.597661429207425376e-02 7.570561665268177309e-01 1.941794440802038502e-01
-3.792577085764620853e-02 8.832363955934766642e-01 2.028530978526668083e-01
-3.792577085764620853e-02 8.832363955934766642e-01 2.028530978526668083e-01
-3.792577085764620853e-02 8.832363955934766642e-01 2.028530978526668083e-01
2.191692085408603052e-01 9.752906612285423549e-01 9.604034069139409657e-02
1.728109729050059107e-02 1.112018792544344548e+00 6.289551023227793469e-02
1.728109729050059107e-02 1.112018792544344548e+00 6.289551023227793469e-02
3.513571989381994443e-01 8.471733253559692312e-01 1.460663022530691024e-01
3.513571989381994443e-01 8.471733253559692312e-01 1.460663022530691024e-01
1.284476173893138451e-01 6.819802418635655394e-01 1.955954969141715794e-01
1.284476173893138451e-01 6.819802418635655394e-01 1.955954969141715794e-01
4.025730317571615258e-01 8.530634627948127102e-01 1.259158592538399957e-01
-2.728804726744301634e-01 6.085121112762903461e-01 3.964302820674393130e-02
6.144559328519216823e-02 6.059355566655425518e-01 1.279474489294480655e-01
2.978874864583436199e-01 7.259317600555977856e-01 2.188256981658252831e-01
3.726018594058224664e-01 6.713216720891883593e-01 2.203571486730719065e-01
3.726018594058224664e-01 6.713216720891883593e-01 2.203571486730719065e-01
2.276068378721929908e-01 6.542664873186739838e-01 2.046543664270141227e-01
2.276068378721929908e-01 6.542664873186739838e-01 2.046543664270141227e-01
