2.489132485845457765e-01 1.481402749648903505e-01 3.061415232901717326e-02
2.489132485845457765e-01 1.481402749648903505e-01 3.061415232901717326e-02
4.324108484272375375e-01 1.864543933173211654e-01 2.578680727272004702e-01
4.324108484272375375e-01 1.864543933173211654e-01 2.578680727272004702e-01
4.324108484272375375e-01 1.864543933173211654e-01 2.578680727272004702e-01
4.803667724576796694e-01 3.673295762941732323e-01 3.544385936449555574e-01
4.803667724576796694e-01 3.673295762941732323e-01 3.544385936449555574e-01
4.803667724576796694e-01 3.673295762941732323e-01 3.544385936449555574e-01
2.348028498328721958e-01 6.252846403035339229e-01 2.457916617162500816e-01
2.348028498328721958e-01 6.252846403035339229e-01 2.457916617162500816e-01
2.352936609060444495e-01 8.539828307859718137e-01 1.031158072898298306e-01
2.121559123436715932e-01 8.717914868833156472e-01 1.040536576590492535e-01
-2.063995531503988179e-01 9.140145419616716449e-01 3.861606526949507706e-02
-2.063995531503988179e-01 9.140145419616716449e-01 3.861606526949507706e-02
-2.063995531503988179e-01 9.140145419616716449e-01 3.861606526949507706e-02
-2.481621066254622310e-01 1.150549924543309732e+00 5.043271639919611610e-02
-2.481621066254622310e-01 1.150549924543309732e+00 5.043271639919611610e-02
-2.481621066254622310e-01 1.150549924543309732e+00 5.043271639919611610e-02
-2.481621066254622310e-01 1.150549924543309732e+00 5.043271639919611610e-02
2.030898042780188151e-02 1.010536591993586031e+00 9.747214035855168712e-02
1.543384280265110986e-01 4.824455737874575600e-01 1.291551266440384427e-01
2.447119625030464707e-01 2.926668357425943334e-01 9.923106546714587084e-02
4.923765440841356145e-01 4.174380552406915523e-01 3.042181230081107968e-01
4.923765440841356145e-01 4.174380552406915523e-01 3.042181230081107968e-01
4.923765440841356145e-01 4.174380552406915523e-01 3.042181230081107968e-01
7.140059785931032188e-01 -2.062581170205118886e-01 2.375274761836181359e-01
1.289635907710738216e+00 -2.793203695113520291e-01 3.538538384408546761e-02
1.169404979464212069e+00 -9.729495939457785680e-02 3.140192378372003157e-02
7.942368275740707695e-01 3.758865502198722730e-01 3.525579441662798907e-02
5.969653911198948837e-01 3.517596431799001611e-01 2.620516498964384211e-01
5.969653911198948837e-01 3.517596431799001611e-01 2.620516498964384211e-01
1.149968311346323824e-01 5.349409041136681253e-01 1.195166134901704535e-01
3.871890914973418196e-01 1.069164454013920018e-01 1.147521387020473682e-01
4.251564805829373128e-01 1.282497774726352457e-01 1.854259675732770341e-01
6.080926124676571121e-01 1.447083089850780269e-01 4.213375287675354408e-01
6.080926124676571121e-01 1.447083089850780269e-01 4.213375287675354408e-01
4.585804382794501644e-01 -7.620896272002344873e-02 5.522437859547917743e-02
4.585804382794501644e-01 -7.620896272002344873e-02 5.522437859547917743e-02
6.183803045605598125e-01 -1.156527237781325990e-01 2.033240094497162642e-01
6.183803045605598125e-01 -1.156527237781325990e-01 2.033240094497162642e-01
9.825169584478148366e-01 -4.802368118795645735e-01 2.545100838545783506e-01
1.109925788075824649e+00 -4.497158847802191217e-01 3.136639974513854567e-01
1.109925788075824649e+00 -4.497158847802191217e-01 3.136639974513854567e-01
1.011407597697507876e+00 -4.611905970960064605e-01 2.995256276874092571e-01
9.970089544423983430e-01 -3.715350593487932729e-01 3.574344388531082162e-01
9.970089544423983430e-01 -3.715350593487932729e-01 3.574344388531082162e-01
9.970089544423983430e-01 -3.715350593487932729e-01 3.574344388531082162e-01
9.970089544423983430e-01 -3.715350593487932729e-01 3.574344388531082162e-01
9.970089544423983430e-01 -3.715350593487932729e-01 3.574344388531082162e-01
1.045059428426143855e+00 -3.732317447749640693e-01 3.474064123870098664e-01
1.277408353236382688e+00 -4.791766519025892901e-01 1.550133918488367790e-01
1.277408353236382688e+00 -4.791766519025892901e-01 1.550133918488367790e-01
1.097613118769781959e+00 -3.868568378798439289e-01 3.106790829566166146e-01
1.097613118769781959e+00 -3.868568378798439289e-01 3.106790829566166146e-01
1.097613118769781959e+00 -3.868568378798439289e-01 3.106790829566166146e-01
1.333122449205428328e+00 -4.792169417311556989e-01 9.680423305287373659e-02
1.369301155982507678e+00 -7.184050192891510145e-01 1.691061847664431517e-01
1.369301155982507678e+00 -7.184050192891510145e-01 1.691061847664431517e-01
1.617690038097375549e+00 -1.040435276266386655e+00 7.298911509566610722e-02
1.705252646814071182e+00 -1.005762276548471723e+00 3.845161266543208750e-02
1.664865524171491806e+00 -7.234732362801457040e-01 9.971926128773884665e-03
1.848470354866813992e+00 -1.329943735992938469e+00 2.565896307418400954e-02
1.848470354866813992e+00 -1.329943735992938469e+00 2.565896307418400954e-02
1.935162453574006181e+00 -1.484963037848664014e+00 1.564390867223115766e-02
1.935162453574006181e+00 -1.484963037848664014e+00 1.564390867223115766e-02
1.970525394737194569e+00 -1.462165411088223843e+00 1.337737101189323020e-02
1.970525394737194569e+00 -1.462165411088223843e+00 1.337737101189323020e-02
2.185876927077186505e+00 -1.309199617780736347e+00 4.428482195765640430e-04
2.073466218393535065e+00 -1.511589854652300779e+00 6.789760794095614505e-03
2.073466218393535065e+00 -1.511589854652300779e+00 6.789760794095614505e-03
1.945699949969921683e+00 -1.618867742548917299e+00 1.042766803859425211e-02
1.945699949969921683e+00 -1.618867742548917299e+00 1.042766803859425211e-02
1.945699949969921683e+00 -1.618867742548917299e+00 1.042766803859425211e-02
1.292149580458386460e+00 -1.266317494411419942e+00 2.702923226918212390e-03
1.517599989689858653e+00 -1.007384578322577662e+00 1.000240278676798183e-01
1.685649807238189801e+00 -1.108484761318527800e+00 5.468731019108680896e-02
1.415153555031450239e+00 -1.080808075024696446e+00 6.267915362361968501e-02
1.292595803031372226e+00 -6.459145632787609559e-01 2.112046480646382618e-01
1.292595803031372226e+00 -6.459145632787609559e-01 2.112046480646382618e-01
1.245531173358513266e+00 -6.848426333159336465e-01 2.233488947035305872e-01
1.245531173358513266e+00 -6.848426333159336465e-01 2.233488947035305872e-01
1.245531173358513266e+00 -6.848426333159336465e-01 2.233488947035305872e-01
1.504323243983267444e+00 -1.017692450201574506e+00 9.924049459551975705e-02
1.504323243983267444e+00 -1.017692450201574506e+00 9.924049459551975705e-02
1.537265952529041080e+00 -1.125487492740945727e+00 7.049081774680295009e-02
1.534668110210179792e+00 -1.113554247121592899e+00 7.372019867556910133e-02
1.534668110210179792e+00 -1.113554247121592899e+00 7.372019867556910133e-02
1.534668110210179792e+00 -1.113554247121592899e+00 7.372019867556910133e-02
1.565814994482929379e+00 -9.294790339819217762e-01 8.549112363858375752e-02
1.565814994482929379e+00 -9.294790339819217762e-01 8.549112363858375752e-02
1.623424069034208106e+00 -1.183708256979006279e+00 5.913754069999795776e-02
1.623424069034208106e+00 -1.183708256979006279e+00 5.913754069999795776e-02
1.360761010400457716e+00 -8.372079038247743910e-01 1.604931262045858342e-01
1.360761010400457716e+00 -8.372079038247743910e-01 1.604931262045858342e-01
1.092866814467001957e+00 -4.219946433583027234e-01 3.224726327934985814e-01
1.092866814467001957e+00 -4.219946433583027234e-01 3.224726327934985814e-01
1.133705565286286632e+00 -7.123334429054415384e-01 1.556723968669770641e-01
1.133705565286286632e+00 -7.123334429054415384e-01 1.556723968669770641e-01
9.107878050260248548e-01 -5.364489069521973796e-01 1.158500045079524920e-01
6.428015652265055557e-01 -2.238810159990282100e-01 1.185261009806480165e-01
