2.489132485845457765e-01 1.481402749648903505e-01 1.238405548195429954e-03
1.135943369539013759e+00 -1.592163392206714101e-01 8.109091126730555432e-03
1.031691803614135150e+00 -4.166446179415778106e-03 1.928947685571195253e-02
1.031691803614135150e+00 -4.166446179415778106e-03 1.928947685571195253e-02
1.310455491632537495e+00 5.273121709950691349e-02 5.461676590736321002e-02
1.310455491632537495e+00 5.273121709950691349e-02 5.461676590736321002e-02
8.520107623195900537e-01 3.227174242218455724e-02 1.219245477962336253e-02
1.050860264203218986e+00 2.156088174266949653e-01 6.039601788250361508e-02
1.132625260210498253e+00 2.660076372184145832e-01 7.052873664542637366e-02
1.132625260210498253e+00 2.660076372184145832e-01 7.052873664542637366e-02
1.194179826515733955e+00 3.730444178450708637e-01 6.352974547848370956e-02
9.441322537974407014e-01 3.656224042620561110e-01 6.858783441295976391e-02
9.441322537974407014e-01 3.656224042620561110e-01 6.858783441295976391e-02
9.445975664481039979e-01 3.309118187099393538e-01 6.655817872855313011e-02
9.445975664481039979e-01 3.309118187099393538e-01 6.655817872855313011e-02
8.115142044022102263e-01 2.879400020238243041e-01 4.916600705679948641e-02
7.454418085707568142e-01 3.877321829010616505e-01 5.761855308621175592e-02
7.643579122226552558e-01 2.847511533457762756e-01 4.358091087534922414e-02
1.363168993691025843e+00 4.305693074802812159e-01 3.725262798903152678e-02
1.220694147719687095e+00 4.554753257513869391e-01 4.671476814317451765e-02
1.179228671890296676e+00 5.260410704721940611e-03 3.333280859015127356e-02
1.052054851688813741e+00 4.809906555011558144e-02 2.940416173696140320e-02
1.052054851688813741e+00 4.809906555011558144e-02 2.940416173696140320e-02
1.026722225999129989e+00 1.907048248221856201e-01 5.397471083813415449e-02
1.058360239924164281e+00 3.336769582392151712e-02 2.738771918618897877e-02
7.944272357249848593e-01 4.892926940697823190e-01 6.498443703451697862e-02
4.088615332637990929e-01 4.968901856529774341e-01 3.949760216759824055e-02
-7.623259791535852425e-02 7.704301996565494637e-01 2.534573378082111139e-02
-7.623259791535852425e-02 7.704301996565494637e-01 2.534573378082111139e-02
-3.321763687028664869e-01 1.130187132790010152e+00 1.737916227447979661e-02
-3.321763687028664869e-01 1.130187132790010152e+00 1.737916227447979661e-02
-1.655597903019454253e-01 1.057940923659375532e+00 2.209300134664401657e-02
-3.755409225541840312e-01 1.267924941934418293e+00 1.059859820704718569e-02
-4.970368665967289656e-01 1.506423388311343592e+00 2.566602829067831174e-03
-2.381211779408061724e-01 1.329689263144997025e+00 5.972408691012377757e-03
-2.930550986877818453e-01 1.151301024057477917e+00 1.655082821799112175e-02
-1.449714793639363952e-01 1.061377920046357115e+00 2.194898017749885577e-02
-3.689263044069927000e-01 1.099342272784068486e+00 1.790173373004322679e-02
-3.689263044069927000e-01 1.099342272784068486e+00 1.790173373004322679e-02
-3.689263044069927000e-01 1.099342272784068486e+00 1.790173373004322679e-02
-7.537964089020338099e-02 1.066962891548604020e+00 2.127365121721529889e-02
2.683281792682155054e-01 7.819903684494375895e-01 4.297668904761788033e-02
2.683281792682155054e-01 7.819903684494375895e-01 4.297668904761788033e-02
2.683281792682155054e-01 7.819903684494375895e-01 4.297668904761788033e-02
2.683281792682155054e-01 7.819903684494375895e-01 4.297668904761788033e-02
-1.120616690561478390e-01 1.009385858236631073e+00 2.518000268829289137e-02
5.226741194856662776e-02 8.095303084402424298e-01 3.483517025709764042e-02
1.764645102546083533e-01 7.637924096072051805e-01 4.048715187143261951e-02
1.764645102546083533e-01 7.637924096072051805e-01 4.048715187143261951e-02
1.764645102546083533e-01 7.637924096072051805e-01 4.048715187143261951e-02
4.107181108655569846e-01 8.566979941271066767e-01 3.283985733411555474e-02
7.914799449580013357e-01 8.671025287541574977e-01 1.198087402332744661e-02
5.849855385900170068e-01 1.040596583503645256e+00 5.501160123281763868e-03
4.923354089201059658e-01 1.033538108000805700e+00 8.431961267122291270e-03
4.923354089201059658e-01 1.033538108000805700e+00 8.431961267122291270e-03
-1.513550657215145812e-01 1.154716926679347777e+00 1.540303148264752023e-02
-1.513550657215145812e-01 1.154716926679347777e+00 1.540303148264752023e-02
-1.513550657215145812e-01 1.154716926679347777e+00 1.540303148264752023e-02
-6.208938326303996280e-02 1.243655129563546069e+00 7.723133972639386648e-03
-4.340618643527259790e-01 7.251725196790670402e-01 4.932869064487796495e-03
-2.083264323021568332e-01 5.957841517633406525e-01 6.258114094194874508e-03
5.375855388977841542e-01 4.393728712367869771e-01 4.452348651626979181e-02
5.375855388977841542e-01 4.393728712367869771e-01 4.452348651626979181e-02
5.268964265714553008e-01 4.056489080847479611e-01 3.845889254282974096e-02
1.094619535523601028e-01 6.478376587238221518e-01 2.944462209935351515e-02
1.094619535523601028e-01 6.478376587238221518e-01 2.944462209935351515e-02
7.495060295874073075e-01 7.830111769580455627e-01 2.533287774523039840e-02
4.485500906277868349e-01 7.138651418883155131e-01 4.919279034745285134e-02
2.753055494483369614e-01 9.015329678760947152e-01 3.160289965104418758e-02
2.753055494483369614e-01 9.015329678760947152e-01 3.160289965104418758e-02
2.753055494483369614e-01 9.015329678760947152e-01 3.160289965104418758e-02
-2.197997939035682413e-01 5.717333556118081583e-01 4.869507145637149391e-03
-2.197997939035682413e-01 5.717333556118081583e-01 4.869507145637149391e-03
-7.095284630209819365e-02 5.960623717744943928e-01 1.214948021757513569e-02
-7.095284630209819365e-02 5.960623717744943928e-01 1.214948021757513569e-02
-2.049964214931038198e-01 8.279182762008423513e-01 2.068723712466486245e-02
-3.481919382246800865e-01 1.038260933412614717e+00 1.934841907863417768e-02
-2.711649315527756565e-01 9.891713909219816969e-01 2.201364797462247030e-02
-2.711649315527756565e-01 9.891713909219816969e-01 2.201364797462247030e-02
-1.342400547778442588e-01 6.534387754961286099e-01 1.295294946881848930e-02
-1.342400547778442588e-01 6.534387754961286099e-01 1.295294946881848930e-02
-1.342400547778442588e-01 6.534387754961286099e-01 1.295294946881848930e-02
-5.858999220273043429e-01 1.104385061318414518e+00 1.240348484088122337e-02
-5.858999220273043429e-01 1.104385061318414518e+00 1.240348484088122337e-02
-4.838603220170841768e-01 1.406131174803354256e+00 5.368323595516747392e-03
-4.838603220170841768e-01 1.406131174803354256e+00 5.368323595516747392e-03
-4.838603220170841768e-01 1.406131174803354256e+00 5.368323595516747392e-03
-5.416917952434339156e-01 9.602744824345323948e-01 1.051609761206966434e-02
-5.416917952434339156e-01 9.602744824345323948e-01 1.051609761206966434e-02
-6.110561422467648551e-01 1.270182660392173313e+00 1.036187598712645826e-02
-6.110561422467648551e-01 1.270182660392173313e+00 1.036187598712645826e-02
-6.110561422467648551e-01 1.270182660392173313e+00 1.036187598712645826e-02
-4.588329803346571922e-01 9.065043692944867448e-01 1.172074730357126893e-02
-4.588329803346571922e-01 9.065043692944867448e-01 1.172074730357126893e-02
-2.812508785200218409e-01 1.111853438915793024e+00 1.859164232752077636e-02
5.303522973925489659e-02 8.921078932135195760e-01 3.347492366755832477e-02
5.303522973925489659e-02 8.921078932135195760e-01 3.347492366755832477e-02
5.303522973925489659e-02 8.921078932135195760e-01 3.347492366755832477e-02
-1.439156212875711272e-02 9.800252934287559947e-01 2.759682327941601065e-02
8.189570984877370119e-02 9.231938856257846382e-01 3.192387632462188873e-02
