2.489132485845457765e-01 1.481402749648903505e-01 9.590369544734733687e-02
6.624572091841010035e-01 -1.303777407293477131e-02 2.287081376639021058e-01
6.624572091841010035e-01 -1.303777407293477131e-02 2.287081376639021058e-01
6.624572091841010035e-01 -1.303777407293477131e-02 2.287081376639021058e-01
6.624572091841010035e-01 -1.303777407293477131e-02 2.287081376639021058e-01
6.624572091841010035e-01 -1.303777407293477131e-02 2.287081376639021058e-01
6.624572091841010035e-01 -1.303777407293477131e-02 2.287081376639021058e-01
7.022400123067494837e-01 -1.417154898474003444e-01 1.507304368716144705e-01
7.780732255457242230e-01 2.164720296549124678e-02 5.520464493703084591e-02
5.375888560764038315e-01 -1.367809995562367653e-01 1.657533032452036259e-01
5.044543914710344357e-01 2.454300394238388694e-01 5.449883520638522105e-01
5.044543914710344357e-01 2.454300394238388694e-01 5.449883520638522105e-01
5.044543914710344357e-01 2.454300394238388694e-01 5.449883520638522105e-01
5.044543914710344357e-01 2.454300394238388694e-01 5.449883520638522105e-01
5.044543914710344357e-01 2.454300394238388694e-01 5.449883520638522105e-01
5.651924672763813939e-01 6.672513254670708882e-02 4.093812716236575611e-01
5.651924672763813939e-01 6.672513254670708882e-02 4.093812716236575611e-01
5.651924672763813939e-01 6.672513254670708882e-02 4.093812716236575611e-01
5.651924672763813939e-01 6.672513254670708882e-02 4.093812716236575611e-01
5.651924672763813939e-01 6.672513254670708882e-02 4.093812716236575611e-01
4.698543152737270079e-01 7.954450829916742682e-02 4.371621407386032110e-01
4.698543152737270079e-01 7.954450829916742682e-02 4.371621407386032110e-01
4.698543152737270079e-01 7.954450829916742682e-02 4.371621407386032110e-01
4.828668827815902898e-01 3.838247347789466857e-02 3.783845005890295043e-01
4.828668827815902898e-01 3.838247347789466857e-02 3.783845005890295043e-01
4.828668827815902898e-01 3.838247347789466857e-02 3.783845005890295043e-01
4.828668827815902898e-01 3.838247347789466857e-02 3.783845005890295043e-01
4.828668827815902898e-01 3.838247347789466857e-02 3.783845005890295043e-01
4.828668827815902898e-01 3.838247347789466857e-02 3.783845005890295043e-01
3.896004363799264181e-01 4.006671957840332032e-01 6.914395419757248806e-01
3.896004363799264181e-01 4.006671957840332032e-01 6.914395419757248806e-01
3.896004363799264181e-01 4.006671957840332032e-01 6.914395419757248806e-01
3.896004363799264181e-01 4.006671957840332032e-01 6.914395419757248806e-01
2.334223442248429259e-01 3.878851396602862600e-01 4.057327011595497357e-01
2.452439188465931896e-01 5.544482863486688284e-01 5.965078670616625889e-01
1.876885978333546201e-01 4.138973882229524115e-01 2.911088828009866791e-01
1.876885978333546201e-01 4.138973882229524115e-01 2.911088828009866791e-01
2.421739588573313950e-01 5.340636306360807550e-01 5.909667417437199921e-01
2.771967893591924526e-01 6.924408580170351435e-01 4.151913002740368341e-01
2.771967893591924526e-01 6.924408580170351435e-01 4.151913002740368341e-01
1.349197543796029908e-01 6.648160540875599489e-01 3.636261797194865197e-01
1.349197543796029908e-01 6.648160540875599489e-01 3.636261797194865197e-01
1.349197543796029908e-01 6.648160540875599489e-01 3.636261797194865197e-01
1.349197543796029908e-01 6.648160540875599489e-01 3.636261797194865197e-01
3.817449911885129055e-01 2.722846411445197790e-01 6.436901619880504022e-01
1.996222098603511463e-01 4.913260785252380192e-01 4.370070274625273421e-01
1.522083140213222330e-01 3.580336573235347597e-01 1.298312906646935105e-01
1.522083140213222330e-01 3.580336573235347597e-01 1.298312906646935105e-01
1.522083140213222330e-01 3.580336573235347597e-01 1.298312906646935105e-01
1.522083140213222330e-01 3.580336573235347597e-01 1.298312906646935105e-01
1.522083140213222330e-01 3.580336573235347597e-01 1.298312906646935105e-01
6.045987311765081973e-01 9.110278352113321265e-02 3.401659446488214389e-01
6.045987311765081973e-01 9.110278352113321265e-02 3.401659446488214389e-01
6.045987311765081973e-01 9.110278352113321265e-02 3.401659446488214389e-01
6.673102825366801216e-01 -4.979290445443454449e-02 2.160444535916688225e-01
6.673102825366801216e-01 -4.979290445443454449e-02 2.160444535916688225e-01
7.546979143118603961e-01 -1.596430314162683162e-01 9.980133296988166758e-02
7.546979143118603961e-01 -1.596430314162683162e-01 9.980133296988166758e-02
7.546979143118603961e-01 -1.596430314162683162e-01 9.980133296988166758e-02
6.878571087411162743e-01 -5.021212439959477081e-02 1.865746844287124451e-01
2.297542268764116713e-01 3.339124022945418324e-01 3.015913050464958389e-01
2.297542268764116713e-01 3.339124022945418324e-01 3.015913050464958389e-01
2.297542268764116713e-01 3.339124022945418324e-01 3.015913050464958389e-01
2.297542268764116713e-01 3.339124022945418324e-01 3.015913050464958389e-01
2.297542268764116713e-01 3.339124022945418324e-01 3.015913050464958389e-01
2.233029652234158335e-01 5.638599591832157421e-01 5.552895127479164916e-01
2.233029652234158335e-01 5.638599591832157421e-01 5.552895127479164916e-01
2.233029652234158335e-01 5.638599591832157421e-01 5.552895127479164916e-01
2.233029652234158335e-01 5.638599591832157421e-01 5.552895127479164916e-01
2.233029652234158335e-01 5.638599591832157421e-01 5.552895127479164916e-01
2.233029652234158335e-01 5.638599591832157421e-01 5.552895127479164916e-01
2.813996265460541601e-01 4.667002103093875753e-02 5.704066186872726318e-02
2.170598772605576987e-01 2.260238047885585466e-01 1.196276814383940568e-01
4.037505568092127906e-01 -5.662049309384548090e-03 1.705850110701050415e-01
6.071633582282742747e-01 -3.614014036422344422e-02 2.928185061438318693e-01
6.071633582282742747e-01 -3.614014036422344422e-02 2.928185061438318693e-01
6.071633582282742747e-01 -3.614014036422344422e-02 2.928185061438318693e-01
6.071633582282742747e-01 -3.614014036422344422e-02 2.928185061438318693e-01
7.209367669593624850e-01 -8.990106953296012754e-03 1.323640890167724626e-01
7.209367669593624850e-01 -8.990106953296012754e-03 1.323640890167724626e-01
7.209367669593624850e-01 -8.990106953296012754e-03 1.323640890167724626e-01
5.200584775795334957e-01 9.466536052221259656e-02 4.760904736624049782e-01
5.200584775795334957e-01 9.466536052221259656e-02 4.760904736624049782e-01
5.200584775795334957e-01 9.466536052221259656e-02 4.760904736624049782e-01
6.937131477339114616e-01 8.472122644501249578e-02 1.463337953367218336e-01
6.416793495752876053e-01 3.411351490506979722e-01 7.940875641796446560e-02
6.416793495752876053e-01 3.411351490506979722e-01 7.940875641796446560e-02
6.416793495752876053e-01 3.411351490506979722e-01 7.940875641796446560e-02
6.416793495752876053e-01 3.411351490506979722e-01 7.940875641796446560e-02
6.416793495752876053e-01 3.411351490506979722e-01 7.940875641796446560e-02
6.416793495752876053e-01 3.411351490506979722e-01 7.940875641796446560e-02
5.258851674759463801e-01 3.335247568748171410e-01 3.791043498123736755e-01
5.258851674759463801e-01 3.335247568748171410e-01 3.791043498123736755e-01
6.283683708436464954e-01 -1.319655928040309179e-01 2.021191809773664749e-01
5.259425498769749741e-01 -7.755119730264287137e-02 2.341137294603196084e-01
5.259425498769749741e-01 -7.755119730264287137e-02 2.341137294603196084e-01
5.259425498769749741e-01 -7.755119730264287137e-02 2.341137294603196084e-01
5.259425498769749741e-01 -7.755119730264287137e-02 2.341137294603196084e-01
5.259425498769749741e-01 -7.755119730264287137e-02 2.341137294603196084e-01
5.259425498769749741e-01 -7.755119730264287137e-02 2.341137294603196084e-01
