2.489132485845457765e-01 1.481402749648903505e-01 1.409743668927842530e-01
2.489132485845457765e-01 1.481402749648903505e-01 1.409743668927842530e-01
2.190829399700241487e-01 5.707219335628358481e-01 4.762732061729932354e-01
2.190829399700241487e-01 5.707219335628358481e-01 4.762732061729932354e-01
2.190829399700241487e-01 5.707219335628358481e-01 4.762732061729932354e-01
2.190829399700241487e-01 5.707219335628358481e-01 4.762732061729932354e-01
2.190829399700241487e-01 5.707219335628358481e-01 4.762732061729932354e-01
2.190829399700241487e-01 5.707219335628358481e-01 4.762732061729932354e-01
2.190829399700241487e-01 5.707219335628358481e-01 4.762732061729932354e-01
2.190829399700241487e-01 5.707219335628358481e-01 4.762732061729932354e-01
2.190829399700241487e-01 5.707219335628358481e-01 4.762732061729932354e-01
2.190829399700241487e-01 5.707219335628358481e-01 4.762732061729932354e-01
2.526823234130662343e-01 4.880651755759843891e-01 5.571547563992602647e-01
2.526823234130662343e-01 4.880651755759843891e-01 5.571547563992602647e-01
2.901394059376829482e-01 3.006443445454513030e-01 5.382829992232001093e-01
4.357192890116782236e-01 2.837712124129896929e-01 4.596785015894795379e-01
4.357192890116782236e-01 2.837712124129896929e-01 4.596785015894795379e-01
4.867926328913657064e-01 2.534302090031981258e-01 3.524358146109034529e-01
4.867926328913657064e-01 2.534302090031981258e-01 3.524358146109034529e-01
4.867926328913657064e-01 2.534302090031981258e-01 3.524358146109034529e-01
4.867926328913657064e-01 2.534302090031981258e-01 3.524358146109034529e-01
4.867926328913657064e-01 2.534302090031981258e-01 3.524358146109034529e-01
4.867926328913657064e-01 2.534302090031981258e-01 3.524358146109034529e-01
4.867926328913657064e-01 2.534302090031981258e-01 3.524358146109034529e-01
2.685496367295423514e-01 5.895122527816680780e-01 3.412250625362813206e-01
1.603152951734142517e-01 5.320337841355521347e-01 4.956679543078243433e-01
1.603152951734142517e-01 5.320337841355521347e-01 4.956679543078243433e-01
1.603152951734142517e-01 5.320337841355521347e-01 4.956679543078243433e-01
1.603152951734142517e-01 5.320337841355521347e-01 4.956679543078243433e-01
1.603152951734142517e-01 5.320337841355521347e-01 4.956679543078243433e-01
3.548300289590108902e-01 4.424557534663305924e-01 4.214149200326836042e-01
3.548300289590108902e-01 4.424557534663305924e-01 4.214149200326836042e-01
3.548300289590108902e-01 4.424557534663305924e-01 4.214149200326836042e-01
3.548300289590108902e-01 4.424557534663305924e-01 4.214149200326836042e-01
3.510513839593344954e-01 5.059884016948394958e-01 2.985520099552321227e-01
3.510513839593344954e-01 5.059884016948394958e-01 2.985520099552321227e-01
3.510513839593344954e-01 5.059884016948394958e-01 2.985520099552321227e-01
5.290495549515306095e-01 3.307992335098923764e-01 1.321506483073483784e-01
4.601166786021071431e-01 -1.825824323459571685e-01 5.433992574899447481e-02
4.601166786021071431e-01 -1.825824323459571685e-01 5.433992574899447481e-02
4.601166786021071431e-01 -1.825824323459571685e-01 5.433992574899447481e-02
4.601166786021071431e-01 -1.825824323459571685e-01 5.433992574899447481e-02
6.527495410942952825e-01 -6.465547228243120892e-02 1.932469381291615773e-01
6.527495410942952825e-01 -6.465547228243120892e-02 1.932469381291615773e-01
1.925652457740617551e-01 4.503180415386028868e-01 5.110878146499133745e-01
1.925652457740617551e-01 4.503180415386028868e-01 5.110878146499133745e-01
1.925652457740617551e-01 4.503180415386028868e-01 5.110878146499133745e-01
1.925652457740617551e-01 4.503180415386028868e-01 5.110878146499133745e-01
1.925652457740617551e-01 4.503180415386028868e-01 5.110878146499133745e-01
1.925652457740617551e-01 4.503180415386028868e-01 5.110878146499133745e-01
7.736087442497592559e-02 3.711751796980836682e-01 9.722636753262178799e-02
2.462839353287659683e-01 2.819728940154044849e-01 3.848307276742830574e-01
2.462839353287659683e-01 2.819728940154044849e-01 3.848307276742830574e-01
2.462839353287659683e-01 2.819728940154044849e-01 3.848307276742830574e-01
2.462839353287659683e-01 2.819728940154044849e-01 3.848307276742830574e-01
1.412740116609223495e-01 4.089643460827636634e-01 3.016073963732024410e-01
1.412740116609223495e-01 4.089643460827636634e-01 3.016073963732024410e-01
-5.362563312632795398e-03 8.602355551888165586e-01 1.968455264013241612e-01
4.622621713265888388e-02 9.779897963969763630e-01 7.289034983791653488e-02
-2.146364462601092760e-02 9.870450044882431717e-01 9.736262735224088249e-02
-2.146364462601092760e-02 9.870450044882431717e-01 9.736262735224088249e-02
-2.146364462601092760e-02 9.870450044882431717e-01 9.736262735224088249e-02
-2.146364462601092760e-02 9.870450044882431717e-01 9.736262735224088249e-02
4.767821091140207745e-02 6.022043058057262588e-01 2.865900094477736859e-01
4.767821091140207745e-02 6.022043058057262588e-01 2.865900094477736859e-01
3.460708722290729011e-01 1.494917184661970766e-01 3.741687042315174905e-01
3.460708722290729011e-01 1.494917184661970766e-01 3.741687042315174905e-01
3.460708722290729011e-01 1.494917184661970766e-01 3.741687042315174905e-01
3.460708722290729011e-01 1.494917184661970766e-01 3.741687042315174905e-01
3.460708722290729011e-01 1.494917184661970766e-01 3.741687042315174905e-01
3.895957281663675054e-01 1.537085972913604659e-01 4.677187190079936108e-01
2.101673243403293923e-01 3.140692212356975821e-01 3.392990873244685623e-01
2.234609670427281924e-01 3.130719157370331907e-01 3.786443335298996793e-01
2.234609670427281924e-01 3.130719157370331907e-01 3.786443335298996793e-01
2.234609670427281924e-01 3.130719157370331907e-01 3.786443335298996793e-01
1.232224658160374214e-01 6.326101280691496243e-01 4.295835944258510342e-01
-6.778051433233399370e-02 6.833715520063601279e-01 1.117983712806528140e-01
-2.413174423614179998e-01 1.144605564667039888e+00 2.980675231931172869e-02
-2.413174423614179998e-01 1.144605564667039888e+00 2.980675231931172869e-02
-2.413174423614179998e-01 1.144605564667039888e+00 2.980675231931172869e-02
-2.413174423614179998e-01 1.144605564667039888e+00 2.980675231931172869e-02
-2.413174423614179998e-01 1.144605564667039888e+00 2.980675231931172869e-02
-4.582474398948982452e-02 9.451588805955817296e-01 1.310111470737828077e-01
-4.582474398948982452e-02 9.451588805955817296e-01 1.310111470737828077e-01
-4.582474398948982452e-02 9.451588805955817296e-01 1.310111470737828077e-01
-4.582474398948982452e-02 9.451588805955817296e-01 1.310111470737828077e-01
-4.582474398948982452e-02 9.451588805955817296e-01 1.310111470737828077e-01
-3.401242038408879009e-02 7.253138790085051912e-01 1.902470660614135056e-01
-3.401242038408879009e-02 7.253138790085051912e-01 1.902470660614135056e-01
-3.401242038408879009e-02 7.253138790085051912e-01 1.902470660614135056e-01
8.303450595737514595e-02 4.786404675562352939e-01 2.396570889950579986e-01
4.371509433318794546e-02 9.948680740322621840e-01 6.238675719869760800e-02
-1.738444153723833208e-01 9.129717083938218014e-01 6.579452961536529088e-02
-1.738444153723833208e-01 9.129717083938218014e-01 6.579452961536529088e-02
-6.518008171922046179e-02 9.543068014110656083e-01 1.231921008631337994e-01
2.520282334583066886e-02 5.982293385262298369e-01 2.288416523882881581e-01
2.520282334583066886e-02 5.982293385262298369e-01 2.288416523882881581e-01
2.253343770904784882e-01 5.342138510020577602e-01 5.237636814854920164e-01
2.253343770904784882e-01 5.342138510020577602e-01 5.237636814854920164e-01
1.433215448386352953e-01 3.934420545786054824e-01 2.815559859673123499e-01
