2.489132485845457765e-01 1.481402749648903505e-01 9.283710090801010340e-02
2.489132485845457765e-01 1.481402749648903505e-01 9.283710090801010340e-02
2.489132485845457765e-01 1.481402749648903505e-01 9.283710090801010340e-02
2.489132485845457765e-01 1.481402749648903505e-01 9.283710090801010340e-02
2.489132485845457765e-01 1.481402749648903505e-01 9.283710090801010340e-02
1.098043750716525546e-01 4.494775024822317278e-01 9.392082168650042751e-02
1.663645396364599738e-01 7.589654653253393723e-01 3.029923196655585627e-01
1.663645396364599738e-01 7.589654653253393723e-01 3.029923196655585627e-01
1.663645396364599738e-01 7.589654653253393723e-01 3.029923196655585627e-01
1.663645396364599738e-01 7.589654653253393723e-01 3.029923196655585627e-01
1.663645396364599738e-01 7.589654653253393723e-01 3.029923196655585627e-01
1.663645396364599738e-01 7.589654653253393723e-01 3.029923196655585627e-01
-5.292626233198749475e-02 1.003741123525630607e+00 3.463879158125790503e-02
-5.292626233198749475e-02 1.003741123525630607e+00 3.463879158125790503e-02
1.133621413741478512e-01 8.923735076951224698e-01 1.651101303968418310e-01
1.862927417381456396e-01 4.314331720320810359e-01 2.545097146462187432e-01
1.862927417381456396e-01 4.314331720320810359e-01 2.545097146462187432e-01
3.760969622021421710e-01 5.361349252124626430e-01 5.698022505208616417e-01
3.320046385192089167e-01 5.821294337200432212e-01 5.617711108727234670e-01
3.842419147365727095e-01 6.486343974287692715e-01 3.161705054451927621e-01
3.907337681031956000e-01 2.047697295117849592e-01 5.637068926838535443e-01
6.054324900949396016e-01 1.145569650786094629e-01 3.680780273904432631e-01
6.147540736486603041e-01 2.482052022030304950e-01 2.480992759929351865e-01
3.560409393119889909e-01 1.916332403627791503e-01 4.337264700577508347e-01
3.560409393119889909e-01 1.916332403627791503e-01 4.337264700577508347e-01
3.560409393119889909e-01 1.916332403627791503e-01 4.337264700577508347e-01
2.539750069108263619e-01 3.852874883174375320e-01 4.268890511583962599e-01
3.056767614180798676e-01 5.881339723861405133e-01 5.743225649469988481e-01
2.654813675226160297e-01 1.881736134308837349e-01 1.645693750880266870e-01
2.654813675226160297e-01 1.881736134308837349e-01 1.645693750880266870e-01
2.693350708616686351e-01 3.852984207063647193e-01 4.838926078649750662e-01
2.693350708616686351e-01 3.852984207063647193e-01 4.838926078649750662e-01
2.693350708616686351e-01 3.852984207063647193e-01 4.838926078649750662e-01
4.258356078761562635e-01 4.972823137342762823e-01 5.110396897429101415e-01
4.258356078761562635e-01 4.972823137342762823e-01 5.110396897429101415e-01
4.258356078761562635e-01 4.972823137342762823e-01 5.110396897429101415e-01
4.258356078761562635e-01 4.972823137342762823e-01 5.110396897429101415e-01
4.258356078761562635e-01 4.972823137342762823e-01 5.110396897429101415e-01
4.258356078761562635e-01 4.972823137342762823e-01 5.110396897429101415e-01
4.258356078761562635e-01 4.972823137342762823e-01 5.110396897429101415e-01
4.258356078761562635e-01 4.972823137342762823e-01 5.110396897429101415e-01
4.258356078761562635e-01 4.972823137342762823e-01 5.110396897429101415e-01
4.752046488920136369e-01 3.931729401022467929e-01 5.397865372186377853e-01
4.752046488920136369e-01 3.931729401022467929e-01 5.397865372186377853e-01
4.752046488920136369e-01 3.931729401022467929e-01 5.397865372186377853e-01
4.752046488920136369e-01 3.931729401022467929e-01 5.397865372186377853e-01
4.752046488920136369e-01 3.931729401022467929e-01 5.397865372186377853e-01
4.869524776875180927e-01 3.013798287856714886e-01 6.214169029404484901e-01
4.869524776875180927e-01 3.013798287856714886e-01 6.214169029404484901e-01
4.869524776875180927e-01 3.013798287856714886e-01 6.214169029404484901e-01
3.664092907983329539e-01 4.870441210902060059e-01 6.709703142763607797e-01
3.131749933471659197e-01 3.211769128779905502e-01 5.411613864666898754e-01
3.131749933471659197e-01 3.211769128779905502e-01 5.411613864666898754e-01
3.635789525708265080e-01 2.523464493606494274e-01 5.808536280886842373e-01
4.213295490939000243e-01 3.036855393758494670e-01 7.324864836822302383e-01
4.031233277586707686e-01 3.167974621406415281e-01 7.365113346288681972e-01
2.703527904332516107e-01 2.778073236720594585e-01 3.111865035909053834e-01
2.703527904332516107e-01 2.778073236720594585e-01 3.111865035909053834e-01
2.703527904332516107e-01 2.778073236720594585e-01 3.111865035909053834e-01
2.703527904332516107e-01 2.778073236720594585e-01 3.111865035909053834e-01
2.703527904332516107e-01 2.778073236720594585e-01 3.111865035909053834e-01
2.893489261686045255e-01 4.181595127633769837e-01 5.952306949346994891e-01
2.893489261686045255e-01 4.181595127633769837e-01 5.952306949346994891e-01
2.893489261686045255e-01 4.181595127633769837e-01 5.952306949346994891e-01
2.893489261686045255e-01 4.181595127633769837e-01 5.952306949346994891e-01
3.692987500303215875e-01 5.685734804893352035e-01 5.199842893831364554e-01
3.692987500303215875e-01 5.685734804893352035e-01 5.199842893831364554e-01
3.692987500303215875e-01 5.685734804893352035e-01 5.199842893831364554e-01
3.692987500303215875e-01 5.685734804893352035e-01 5.199842893831364554e-01
5.018691561734552886e-01 9.630979981317031591e-01 1.293149877275973601e-03
1.295365413663869258e-01 9.223235693919105138e-01 1.511010252208633831e-01
1.059787946396146679e-01 7.572776558339646691e-01 2.125388245640888463e-01
1.059787946396146679e-01 7.572776558339646691e-01 2.125388245640888463e-01
2.458318971191086333e-01 4.111637775860405020e-01 4.333592889787316049e-01
6.201071470139918329e-01 3.557357331196363548e-01 1.321222379702561844e-01
6.201071470139918329e-01 3.557357331196363548e-01 1.321222379702561844e-01
6.201071470139918329e-01 3.557357331196363548e-01 1.321222379702561844e-01
5.995606699713899035e-01 -3.769103794374990546e-01 3.295385446012043945e-02
8.487589020168203602e-01 7.718559727310192464e-02 1.077050208771253466e-02
7.206175611319453056e-01 -1.625616072744155705e-02 1.396513571800338527e-01
7.206175611319453056e-01 -1.625616072744155705e-02 1.396513571800338527e-01
7.206175611319453056e-01 -1.625616072744155705e-02 1.396513571800338527e-01
4.940186732251627966e-01 3.984599713538339860e-01 4.621603902369064709e-01
4.940186732251627966e-01 3.984599713538339860e-01 4.621603902369064709e-01
4.480550452084861579e-01 7.727478135860188502e-02 4.311569504047050305e-01
4.480550452084861579e-01 7.727478135860188502e-02 4.311569504047050305e-01
4.480550452084861579e-01 7.727478135860188502e-02 4.311569504047050305e-01
4.480550452084861579e-01 7.727478135860188502e-02 4.311569504047050305e-01
4.480550452084861579e-01 7.727478135860188502e-02 4.311569504047050305e-01
4.480550452084861579e-01 7.727478135860188502e-02 4.311569504047050305e-01
5.438562380091713777e-01 4.374820460317245807e-01 2.287273987676669007e-01
5.438562380091713777e-01 4.374820460317245807e-01 2.287273987676669007e-01
5.478622389162762785e-01 3.812446747121090995e-01 2.974081597426206924e-01
5.478622389162762785e-01 3.812446747121090995e-01 2.974081597426206924e-01
3.788009004319813355e-01 4.359919349849726289e-01 7.166488558729059433e-01
4.268222715106796405e-01 4.844352845466290969e-01 5.339411614801816697e-01
4.268222715106796405e-01 4.844352845466290969e-01 5.339411614801816697e-01
4.268222715106796405e-01 4.844352845466290969e-01 5.339411614801816697e-01
4.268222715106796405e-01 4.844352845466290969e-01 5.339411614801816697e-01
4.268222715106796405e-01 4.844352845466290969e-01 5.339411614801816697e-01
