2.489132485845457765e-01 1.481402749648903505e-01 1.545761493864270756e-03
2.489132485845457765e-01 1.481402749648903505e-01 1.545761493864270756e-03
-4.908680571039675256e-02 5.809350751734687623e-01 2.319546070197930562e-02
-2.026469039764076663e-01 7.245909634340259586e-01 3.067335939462229391e-02
-1.105774087391467458e-01 9.053545257095862997e-01 6.463548586654474515e-02
-5.703375056235182594e-02 1.052034964206137735e+00 5.201220458392318002e-02
-5.703375056235182594e-02 1.052034964206137735e+00 5.201220458392318002e-02
7.282692305644006270e-02 1.052774834340749477e+00 4.430046198053908674e-02
-1.967007539210416378e-01 1.092273593589593084e+00 4.965637387275766146e-02
-3.777152962154365912e-01 9.875668093915287438e-01 4.639157672738127708e-02
-3.777152962154365912e-01 9.875668093915287438e-01 4.639157672738127708e-02
-4.394269507406396436e-01 9.652049028832987432e-01 3.861985754299201296e-02
4.438565801875522521e-01 9.077549892209875182e-01 4.534224128699685524e-02
4.438565801875522521e-01 9.077549892209875182e-01 4.534224128699685524e-02
1.756492936434890240e-01 9.310054656361831382e-01 6.388904209970212855e-02
1.154049536455294539e-01 1.010413414089657014e+00 5.055207684507930649e-02
3.938220187981661402e-01 6.890637073804352086e-01 9.155759541650726474e-02
3.938220187981661402e-01 6.890637073804352086e-01 9.155759541650726474e-02
3.938220187981661402e-01 6.890637073804352086e-01 9.155759541650726474e-02
3.938220187981661402e-01 6.890637073804352086e-01 9.155759541650726474e-02
3.938220187981661402e-01 6.890637073804352086e-01 9.155759541650726474e-02
3.938220187981661402e-01 6.890637073804352086e-01 9.155759541650726474e-02
5.241491004514009511e-01 5.253803080664335434e-01 8.814163818776377113e-02
5.241491004514009511e-01 5.253803080664335434e-01 8.814163818776377113e-02
5.241491004514009511e-01 5.253803080664335434e-01 8.814163818776377113e-02
8.570186364133509649e-01 8.045788661630510763e-01 2.508180389516147593e-02
8.061926520359085080e-01 4.230225884534323799e-01 9.735651112610289870e-02
1.378063464628069612e+00 3.511005514789946047e-01 6.619817465708224824e-02
1.481522769656439920e+00 3.414769448415594377e-01 5.306859113499431263e-02
9.681075188198334791e-01 3.404762683456918904e-01 9.584263797423614450e-02
1.225254841973398845e+00 3.508057327373438894e-01 8.642999508923053520e-02
8.794391338451286178e-01 1.883574197129339045e-01 4.925361988001594055e-02
8.794391338451286178e-01 1.883574197129339045e-01 4.925361988001594055e-02
8.794391338451286178e-01 1.883574197129339045e-01 4.925361988001594055e-02
6.465407579294494278e-01 4.166133185590826238e-01 8.014986592741152327e-02
1.083378542580802240e+00 3.106833594378018981e-01 9.602598208722103179e-02
1.002808249448296607e+00 5.107514837296310839e-01 8.190878934283039869e-02
1.263481558244343494e+00 1.819498087037551559e-01 8.587066384228159155e-02
1.564334216681727341e+00 -3.823092147622145220e-02 5.988002480551827406e-02
1.401596022264560482e+00 -9.326168483109775753e-02 3.529112584376861012e-02
1.502110246813118666e+00 2.560530990638686943e-01 6.800403553273065560e-02
1.581274472055671509e+00 1.411419144600331577e-02 6.911627773740199043e-02
1.581274472055671509e+00 1.411419144600331577e-02 6.911627773740199043e-02
1.574343597098418090e+00 3.087116331382617693e-02 7.113696596217589097e-02
1.568744229264946055e+00 1.824785835948856128e-01 7.086515273736944398e-02
1.498434373937952646e+00 2.499355003608970671e-01 6.956203614588572781e-02
1.498434373937952646e+00 2.499355003608970671e-01 6.956203614588572781e-02
1.498434373937952646e+00 2.499355003608970671e-01 6.956203614588572781e-02
1.166685921011770155e+00 2.628045545641445324e-01 9.305577095793587938e-02
1.166685921011770155e+00 2.628045545641445324e-01 9.305577095793587938e-02
1.166685921011770155e+00 2.628045545641445324e-01 9.305577095793587938e-02
8.363189778288419030e-01 9.826944035612977801e-02 2.299248450018570936e-02
8.363189778288419030e-01 9.826944035612977801e-02 2.299248450018570936e-02
4.692344865171273471e-01 3.164532207877389092e-01 2.927485194617765810e-02
6.744674029165159679e-02 5.712926359374540519e-01 3.454209466452891342e-02
6.744674029165159679e-02 5.712926359374540519e-01 3.454209466452891342e-02
4.785911416051115141e-01 7.698450273816629386e-01 7.760114429161189820e-02
3.626280890078575347e-01 4.551213752639431953e-01 4.826073257759819907e-02
8.598635131177119195e-01 9.228109500701386914e-01 8.341504593602045575e-03
8.598635131177119195e-01 9.228109500701386914e-01 8.341504593602045575e-03
1.154601872073300672e+00 8.200401643122519069e-01 5.047653598397675197e-03
8.292067296669227705e-01 8.301916128387551996e-01 2.278492550240500056e-02
6.051929051820856831e-01 5.507822085249993727e-01 9.760334413436347334e-02
6.051929051820856831e-01 5.507822085249993727e-01 9.760334413436347334e-02
6.051929051820856831e-01 5.507822085249993727e-01 9.760334413436347334e-02
9.068127608717404531e-01 2.226618938379442691e-01 6.267838684659525483e-02
8.363587988587063426e-01 3.382592046579740996e-01 8.475710761443396024e-02
7.621466084995349721e-01 7.038684878416292534e-01 6.256217137198481770e-02
7.760806113339383527e-01 7.582993365987534817e-01 4.533170462827438435e-02
4.034566239758921591e-01 7.426010741920481273e-01 8.717154006548387402e-02
4.034566239758921591e-01 7.426010741920481273e-01 8.717154006548387402e-02
6.501253325078552026e-01 4.900713043968510374e-01 9.485717066194515601e-02
6.754799128521578044e-01 5.217094763402356783e-01 9.909737472104809819e-02
6.754799128521578044e-01 5.217094763402356783e-01 9.909737472104809819e-02
6.426228731694344498e-01 5.521143882794589119e-01 9.892606455795274756e-02
6.718479673202519820e-01 5.942895292349911207e-01 9.643044364642569533e-02
6.718479673202519820e-01 5.942895292349911207e-01 9.643044364642569533e-02
6.718479673202519820e-01 5.942895292349911207e-01 9.643044364642569533e-02
1.558588670978983126e-01 7.111772343001858676e-01 7.462872402815118322e-02
1.338681138577724472e-01 6.910168361719756236e-01 6.875501426746230549e-02
1.338681138577724472e-01 6.910168361719756236e-01 6.875501426746230549e-02
1.338681138577724472e-01 6.910168361719756236e-01 6.875501426746230549e-02
5.475360227645971190e-01 7.510293512589826248e-01 7.568721114949293616e-02
3.908954788175676986e-01 6.577068173839575316e-01 9.113827202702866337e-02
2.654705894458746496e-01 5.245814423224186562e-01 5.135784147085721563e-02
1.829394056801418866e-01 5.971334896405030568e-01 5.641748083911646977e-02
-1.102346091910608727e-01 9.458154090815984461e-01 6.447769127790015098e-02
-1.842163568967257192e-01 1.172066220218406896e+00 3.626788310102346119e-02
-1.842163568967257192e-01 1.172066220218406896e+00 3.626788310102346119e-02
-3.755643681067455386e-03 1.126063814090160653e+00 3.444178363879474986e-02
1.244042788304091374e-01 1.122502114761666947e+00 2.616206509754051904e-02
1.203841114428639419e-01 1.193785833503900884e+00 1.520929981585417493e-02
-8.463505888497514784e-02 6.348378001478190980e-01 2.855109698607407112e-02
1.319402482471199733e-01 8.210754445975858573e-01 7.886939885769049530e-02
1.319402482471199733e-01 8.210754445975858573e-01 7.886939885769049530e-02
1.319402482471199733e-01 8.210754445975858573e-01 7.886939885769049530e-02
-4.366116041195380881e-02 9.798402386241490403e-01 6.298890573892663991e-02
-3.337249277516841639e-01 1.129006253999195408e+00 4.605724643385394890e-02
-3.337249277516841639e-01 1.129006253999195408e+00 4.605724643385394890e-02
-1.931199878154674920e-01 1.351942058339951735e+00 1.104015014441305995e-02
