2.489132485845457765e-01 1.481402749648903505e-01 1.366723678749602123e-03
2.489132485845457765e-01 1.481402749648903505e-01 1.366723678749602123e-03
2.489132485845457765e-01 1.481402749648903505e-01 1.366723678749602123e-03
2.489132485845457765e-01 1.481402749648903505e-01 1.366723678749602123e-03
5.556713482827442263e-01 -3.702801249538892336e-02 8.145458817681791586e-04
5.556713482827442263e-01 -3.702801249538892336e-02 8.145458817681791586e-04
8.909961367022749545e-01 2.845795194723389487e-01 6.059569974320876823e-02
8.909961367022749545e-01 2.845795194723389487e-01 6.059569974320876823e-02
1.397228605667482748e+00 1.711039981024965184e-01 6.368338727557330825e-02
1.422775100913649338e+00 3.387334231931345419e-01 5.199750522072283526e-02
1.175354138817584326e+00 4.770043858598549957e-01 5.627832000307615712e-02
1.175354138817584326e+00 4.770043858598549957e-01 5.627832000307615712e-02
1.175354138817584326e+00 4.770043858598549957e-01 5.627832000307615712e-02
1.175354138817584326e+00 4.770043858598549957e-01 5.627832000307615712e-02
1.175354138817584326e+00 4.770043858598549957e-01 5.627832000307615712e-02
1.175354138817584326e+00 4.770043858598549957e-01 5.627832000307615712e-02
1.175354138817584326e+00 4.770043858598549957e-01 5.627832000307615712e-02
1.175354138817584326e+00 4.770043858598549957e-01 5.627832000307615712e-02
9.941864934331586801e-01 2.681371789929425375e-01 6.547608260696333171e-02
1.339347573711991091e+00 3.784859314410554676e-01 5.497324439748332153e-02
1.045407902646773302e+00 1.800594566059325607e-01 5.058768839802758183e-02
1.045407902646773302e+00 1.800594566059325607e-01 5.058768839802758183e-02
1.424826810380121600e+00 1.525971564805102820e-01 6.206853125634839013e-02
1.424826810380121600e+00 1.525971564805102820e-01 6.206853125634839013e-02
1.249132727200483739e+00 4.812838881605699948e-01 4.637525169862222879e-02
1.249132727200483739e+00 4.812838881605699948e-01 4.637525169862222879e-02
1.249132727200483739e+00 4.812838881605699948e-01 4.637525169862222879e-02
1.760233239138225159e+00 -5.426502884749373479e-02 4.244603322330608997e-02
1.941605080265993655e+00 -1.238315681582180250e-01 3.572489396681445550e-02
1.941605080265993655e+00 -1.238315681582180250e-01 3.572489396681445550e-02
2.108308607025838111e+00 -2.601245636942283168e-01 2.490538733474701241e-02
1.909665314249271217e+00 2.762459282273449501e-01 1.459335964035412062e-02
1.670151638369993696e+00 1.239825393766799677e-01 5.105707398348392073e-02
1.738930489847773764e+00 -1.222580239313439954e-01 3.411585091333807496e-02
2.502424055678810877e+00 -1.110118592950904148e-01 1.130837823355422891e-02
2.670657830318877046e+00 -2.735433259058843714e-01 1.105281937781745806e-02
2.670657830318877046e+00 -2.735433259058843714e-01 1.105281937781745806e-02
2.755821784298607469e+00 -2.962998851425625579e-01 8.984394360311058481e-03
2.983546930442965817e+00 -4.959576093661697271e-01 6.616296073256608054e-03
2.983546930442965817e+00 -4.959576093661697271e-01 6.616296073256608054e-03
2.983546930442965817e+00 -4.959576093661697271e-01 6.616296073256608054e-03
2.758341132473191681e+00 -5.962905657717678665e-01 7.581467768642675270e-03
2.766853508846295107e+00 -2.969164825909529348e-01 8.680049172287533643e-03
2.766853508846295107e+00 -2.969164825909529348e-01 8.680049172287533643e-03
2.766853508846295107e+00 -2.969164825909529348e-01 8.680049172287533643e-03
2.713378033752560814e+00 -5.536948697580126311e-01 8.945773631252845748e-03
2.913132983047016289e+00 -7.366087157374183736e-01 4.043970115548869114e-03
2.540932248089591283e+00 -1.051421352548302934e-01 9.490379642532997470e-03
2.540932248089591283e+00 -1.051421352548302934e-01 9.490379642532997470e-03
2.520791094589732939e+00 -2.851383509037738184e-01 1.635993317858633680e-02
2.520791094589732939e+00 -2.851383509037738184e-01 1.635993317858633680e-02
2.520791094589732939e+00 -2.851383509037738184e-01 1.635993317858633680e-02
3.167383072627333540e+00 -3.367477036242655375e-01 1.883565437365819148e-03
2.673082872665839993e+00 -1.160303166328806868e-01 5.678468078703301572e-03
2.993193178361498230e+00 -2.770327955380554874e-01 3.171743652244563786e-03
2.932189189935038076e+00 -1.553844265012953307e-01 1.931995887151611874e-03
2.932189189935038076e+00 -1.553844265012953307e-01 1.931995887151611874e-03
2.807388988651565054e+00 -1.480526988513608810e-01 3.606488018863138623e-03
2.744867737578848832e+00 -3.221662079738860096e-01 9.897665850540467852e-03
2.744867737578848832e+00 -3.221662079738860096e-01 9.897665850540467852e-03
2.744867737578848832e+00 -3.221662079738860096e-01 9.897665850540467852e-03
2.744867737578848832e+00 -3.221662079738860096e-01 9.897665850540467852e-03
2.815391037775035077e+00 -3.390367888775820404e-01 8.301722557830546606e-03
2.542784552335536574e+00 -1.475912497694679970e-01 1.132961616572860861e-02
2.542784552335536574e+00 -1.475912497694679970e-01 1.132961616572860861e-02
2.377799270763490291e+00 -5.164663826845538042e-01 9.147305976696142038e-03
2.377799270763490291e+00 -5.164663826845538042e-01 9.147305976696142038e-03
2.462979358935915464e+00 -5.839265661793593409e-01 6.667156004253575394e-03
2.372540872438023918e+00 -5.802414561647518676e-01 5.873350840944315324e-03
2.684275388243744231e+00 -4.948089586229887926e-01 1.077994396708350198e-02
2.684275388243744231e+00 -4.948089586229887926e-01 1.077994396708350198e-02
2.474621644314944913e+00 -2.096870050753987802e-01 1.662091858106913914e-02
2.474621644314944913e+00 -2.096870050753987802e-01 1.662091858106913914e-02
2.293708948784961343e+00 -1.954507496368035890e-01 2.385603324512815607e-02
2.468628288683878846e+00 -1.872944571166658967e-01 1.614649883750266315e-02
2.468628288683878846e+00 -1.872944571166658967e-01 1.614649883750266315e-02
2.270081046100054678e+00 -4.078912142162827159e-01 1.483235196438108250e-02
2.270081046100054678e+00 -4.078912142162827159e-01 1.483235196438108250e-02
1.440524579735764865e+00 2.641980536208931030e-01 5.972812699081037763e-02
1.206224492843926299e+00 2.935726913275513161e-02 3.152286745625637598e-02
1.398941075767950570e+00 -3.101089457154138085e-01 3.031970135951269057e-03
1.884595332085401864e+00 -3.748590451388846279e-01 9.610977953994057077e-03
1.400146640070349280e+00 1.954801282563817244e-02 4.267334562232716344e-02
1.627640221273645604e+00 3.227566067366425817e-01 3.210217727597057535e-02
1.522328321409084806e+00 1.144197597651129827e-01 5.797564165403446684e-02
1.363953520864062963e+00 3.979665558784372115e-01 4.868383595426967886e-02
1.676373111015499795e+00 1.499641862429653971e-01 4.910269598950767200e-02
1.740226596455101804e+00 7.846793714048992674e-02 4.805015927197016368e-02
1.740226596455101804e+00 7.846793714048992674e-02 4.805015927197016368e-02
1.377595223757637877e+00 2.042708874793625617e-01 6.567005593888589066e-02
1.239571615572605978e+00 1.811190357765992964e-01 6.320958142279708980e-02
1.289614348542450495e+00 -5.616866636147721525e-02 2.206133417035109623e-02
1.469785487867961038e+00 1.007894813565334280e-01 5.739316200578294808e-02
1.454367874554372220e+00 1.953197920440965796e-01 6.235219467671804239e-02
1.454367874554372220e+00 1.953197920440965796e-01 6.235219467671804239e-02
1.731024894534387126e+00 1.211703045809956747e-01 4.673555767744631828e-02
1.660030372853431135e+00 3.778254026970723212e-01 2.102524756180183460e-02
1.606961664091094644e+00 1.798060523004798572e-01 5.258152382166685762e-02
1.842286810562359101e+00 1.974792534864991123e-01 2.888195111130208853e-02
1.631847601776438506e+00 5.004859578351504856e-01 9.394401520286737445e-03
