2.489132485845457765e-01 1.481402749648903505e-01 3.604156446109320344e-03
4.402543147786657229e-01 3.069149125686536084e-01 6.870567698774716903e-02
1.199374327864182854e+00 2.923737400020131605e-01 3.860129282238502352e-02
1.199374327864182854e+00 2.923737400020131605e-01 3.860129282238502352e-02
1.550213709680274388e+00 -7.474061589767633240e-02 7.630816125512707333e-03
1.132680017432035502e+00 3.142489190322521053e-01 4.790483137677040149e-02
9.136202277305014441e-01 1.299185414540404981e-01 3.770403465518554209e-02
9.136202277305014441e-01 1.299185414540404981e-01 3.770403465518554209e-02
5.830310127987747837e-01 3.841490780796966709e-01 1.366970393252480986e-01
5.830310127987747837e-01 3.841490780796966709e-01 1.366970393252480986e-01
5.830310127987747837e-01 3.841490780796966709e-01 1.366970393252480986e-01
5.830310127987747837e-01 3.841490780796966709e-01 1.366970393252480986e-01
5.506346672359121452e-01 4.364689882332188908e-01 1.618074624179528798e-01
5.506346672359121452e-01 4.364689882332188908e-01 1.618074624179528798e-01
5.650913341800936074e-01 4.752030284553073192e-01 1.714588398122572910e-01
5.650913341800936074e-01 4.752030284553073192e-01 1.714588398122572910e-01
5.650913341800936074e-01 4.752030284553073192e-01 1.714588398122572910e-01
5.650913341800936074e-01 4.752030284553073192e-01 1.714588398122572910e-01
5.650913341800936074e-01 4.752030284553073192e-01 1.714588398122572910e-01
4.614658272751621659e-01 6.479828324230382242e-01 1.657211206788783975e-01
4.614658272751621659e-01 6.479828324230382242e-01 1.657211206788783975e-01
4.614658272751621659e-01 6.479828324230382242e-01 1.657211206788783975e-01
7.801984620307227392e-01 5.860058195568275119e-01 7.034216896827037713e-02
6.532671515016468256e-01 5.002456075952947945e-01 1.484895746400434757e-01
6.532671515016468256e-01 5.002456075952947945e-01 1.484895746400434757e-01
6.532671515016468256e-01 5.002456075952947945e-01 1.484895746400434757e-01
7.327486068850768142e-01 4.791198041079491876e-01 1.267325133695320627e-01
7.327486068850768142e-01 4.791198041079491876e-01 1.267325133695320627e-01
7.327486068850768142e-01 4.791198041079491876e-01 1.267325133695320627e-01
6.076840265473044678e-01 1.924786681003179956e-01 3.690062475959247218e-02
5.307080474688377070e-01 3.151802586276372664e-01 8.926520510722497914e-02
3.445353550492680217e-01 4.726548740084342004e-01 1.695613803899933825e-01
3.445353550492680217e-01 4.726548740084342004e-01 1.695613803899933825e-01
3.445353550492680217e-01 4.726548740084342004e-01 1.695613803899933825e-01
3.445353550492680217e-01 4.726548740084342004e-01 1.695613803899933825e-01
3.014212796477442335e-01 4.940136445995101933e-01 1.773739517106044106e-01
2.218634122982508505e-01 4.473052030838355897e-01 1.178350874351223182e-01
9.151590288084163194e-02 5.127572393009364182e-01 1.310759973786991550e-01
9.151590288084163194e-02 5.127572393009364182e-01 1.310759973786991550e-01
-2.666512816638741401e-02 8.911153009328862673e-01 1.809047343589708090e-01
-2.666512816638741401e-02 8.911153009328862673e-01 1.809047343589708090e-01
-1.010249146354274125e-01 9.567210182204812785e-01 1.479075869572094026e-01
-2.328769774971727324e-01 6.944849602195182214e-01 1.531757248770825863e-01
-2.328769774971727324e-01 6.944849602195182214e-01 1.531757248770825863e-01
-2.328769774971727324e-01 6.944849602195182214e-01 1.531757248770825863e-01
-2.328769774971727324e-01 6.944849602195182214e-01 1.531757248770825863e-01
-2.328769774971727324e-01 6.944849602195182214e-01 1.531757248770825863e-01
-4.748764727155391774e-01 6.854270279049941017e-01 5.258299681456538727e-02
-4.833695947017974670e-01 6.413656354134258386e-01 3.227356042294737826e-02
-3.603557896339869560e-01 5.593887387952511947e-01 2.702496133466469191e-02
3.092262372893234135e-02 9.691219897364109492e-01 9.322705392737402896e-02
3.092262372893234135e-02 9.691219897364109492e-01 9.322705392737402896e-02
3.092262372893234135e-02 9.691219897364109492e-01 9.322705392737402896e-02
3.092262372893234135e-02 9.691219897364109492e-01 9.322705392737402896e-02
4.359431438879980969e-01 8.175551604391618765e-01 6.270126765573963423e-02
4.359431438879980969e-01 8.175551604391618765e-01 6.270126765573963423e-02
1.816958537902584880e-01 7.658150293007435216e-01 2.058389877465152673e-01
6.710107829199245533e-01 5.528079461651638216e-01 1.256035631515030615e-01
6.170356990936052277e-01 5.938473449261694181e-01 1.284081893960331011e-01
6.170356990936052277e-01 5.938473449261694181e-01 1.284081893960331011e-01
4.837959412096671796e-01 4.520422130672722139e-01 1.700682897038569286e-01
3.562581220990883035e-01 6.376042793285300325e-01 2.119378547771300914e-01
6.332090486816658315e-01 5.452643186446580748e-01 1.432680047713943139e-01
5.852305325945271752e-01 4.399386407455295744e-01 1.603888667544047797e-01
5.852305325945271752e-01 4.399386407455295744e-01 1.603888667544047797e-01
5.852305325945271752e-01 4.399386407455295744e-01 1.603888667544047797e-01
5.852305325945271752e-01 4.399386407455295744e-01 1.603888667544047797e-01
5.852305325945271752e-01 4.399386407455295744e-01 1.603888667544047797e-01
5.852305325945271752e-01 4.399386407455295744e-01 1.603888667544047797e-01
5.852305325945271752e-01 4.399386407455295744e-01 1.603888667544047797e-01
4.427381828101714656e-01 6.144720866430061212e-01 1.901014859752148123e-01
4.427381828101714656e-01 6.144720866430061212e-01 1.901014859752148123e-01
4.427381828101714656e-01 6.144720866430061212e-01 1.901014859752148123e-01
-4.660189459531455247e-02 6.636367641640874560e-01 2.079452686171936460e-01
3.427610026424830481e-01 7.211024019861970169e-01 1.703380295200204730e-01
3.427610026424830481e-01 7.211024019861970169e-01 1.703380295200204730e-01
-1.805946272748604198e-03 8.332634081093496237e-01 2.183819445306295071e-01
-1.805946272748604198e-03 8.332634081093496237e-01 2.183819445306295071e-01
-7.798280416498477863e-02 6.865005731754870721e-01 2.126959871569292504e-01
-7.798280416498477863e-02 6.865005731754870721e-01 2.126959871569292504e-01
-7.798280416498477863e-02 6.865005731754870721e-01 2.126959871569292504e-01
-7.798280416498477863e-02 6.865005731754870721e-01 2.126959871569292504e-01
-7.798280416498477863e-02 6.865005731754870721e-01 2.126959871569292504e-01
-1.273557568366384674e-01 8.814116147473326501e-01 2.140207098193575297e-01
-1.273557568366384674e-01 8.814116147473326501e-01 2.140207098193575297e-01
-4.065088952058254490e-01 9.192076278481878804e-01 1.907065272530420186e-01
-4.065088952058254490e-01 9.192076278481878804e-01 1.907065272530420186e-01
-4.065088952058254490e-01 9.192076278481878804e-01 1.907065272530420186e-01
-4.065088952058254490e-01 9.192076278481878804e-01 1.907065272530420186e-01
-7.278584855704457457e-01 9.483423862152693395e-01 9.169928408280127174e-02
-7.278584855704457457e-01 9.483423862152693395e-01 9.169928408280127174e-02
-7.278584855704457457e-01 9.483423862152693395e-01 9.169928408280127174e-02
-3.039852073142192967e-01 6.714123581314970224e-01 1.037956662124739360e-01
-3.039852073142192967e-01 6.714123581314970224e-01 1.037956662124739360e-01
-7.733858672092625008e-01 1.045513133067007550e+00 1.001379588950524896e-01
-2.971981280976325746e-01 9.609936718389062715e-01 1.863576174013722719e-01
-2.971981280976325746e-01 9.609936718389062715e-01 1.863576174013722719e-01
-2.971981280976325746e-01 9.609936718389062715e-01 1.863576174013722719e-01
-2.971981280976325746e-01 9.609936718389062715e-01 1.863576174013722719e-01
-2.971981280976325746e-01 9.609936718389062715e-01 1.863576174013722719e-01
