2.489132485845457765e-01 1.481402749648903505e-01 1.661547258247079734e-03
-2.443834247839999363e-01 4.094217148776012061e-01 2.607737445402369229e-03
-2.443834247839999363e-01 4.094217148776012061e-01 2.607737445402369229e-03
6.040879943099641824e-02 3.588664249764432213e-01 8.484037574310081958e-03
2.531137251799939897e-02 6.291395111098317949e-01 7.278114201979989095e-02
2.531137251799939897e-02 6.291395111098317949e-01 7.278114201979989095e-02
2.531137251799939897e-02 6.291395111098317949e-01 7.278114201979989095e-02
2.531137251799939897e-02 6.291395111098317949e-01 7.278114201979989095e-02
-7.065814024424660333e-02 1.001388724226165872e+00 1.119594764764501316e-01
-7.065814024424660333e-02 1.001388724226165872e+00 1.119594764764501316e-01
-7.065814024424660333e-02 1.001388724226165872e+00 1.119594764764501316e-01
1.297822867699015281e-01 1.188859142591495610e+00 2.201288614178795178e-02
4.296721397086417094e-02 1.252652636276250897e+00 1.710255254868695007e-02
4.296721397086417094e-02 1.252652636276250897e+00 1.710255254868695007e-02
4.296721397086417094e-02 1.252652636276250897e+00 1.710255254868695007e-02
3.373760964052490707e-01 1.061740074728243943e+00 3.001945657041943036e-02
4.242881238296178914e-01 5.665353017253063062e-01 1.176578029354631572e-01
1.250284107524791133e-01 7.817666484958196715e-01 1.331126083763366219e-01
2.410245687202632325e-01 3.894477621906338172e-01 2.705332266047295181e-02
2.410245687202632325e-01 3.894477621906338172e-01 2.705332266047295181e-02
2.410245687202632325e-01 3.894477621906338172e-01 2.705332266047295181e-02
2.410245687202632325e-01 3.894477621906338172e-01 2.705332266047295181e-02
1.322289053403628567e-01 8.032383750379985532e-01 1.341363422742303524e-01
1.322289053403628567e-01 8.032383750379985532e-01 1.341363422742303524e-01
1.322289053403628567e-01 8.032383750379985532e-01 1.341363422742303524e-01
4.007396123071226834e-01 7.201676560104186553e-01 1.321680752333491693e-01
5.951736430499678931e-01 7.601322513944375192e-01 9.319203188865991805e-02
6.340025378191368466e-01 9.358389075404919266e-01 2.686117551963505129e-02
5.477467252471084347e-01 6.298729037325996316e-01 1.314016665447242938e-01
7.992805812393357634e-01 5.603096012868510334e-01 1.172817736568411845e-01
7.992805812393357634e-01 5.603096012868510334e-01 1.172817736568411845e-01
2.837038074973942114e-01 8.798762283086027924e-01 1.044981173773079780e-01
5.044276750864105097e-01 7.261874679768344221e-01 1.199778459441851325e-01
5.044276750864105097e-01 7.261874679768344221e-01 1.199778459441851325e-01
-1.723070046556992585e-01 9.403902234433343388e-01 1.249803926606726789e-01
-6.438178572687972001e-02 9.583163727130843412e-01 1.222066931127588213e-01
-6.438178572687972001e-02 9.583163727130843412e-01 1.222066931127588213e-01
1.684951292724467253e-01 7.847900136325520748e-01 1.346318727284816774e-01
1.684951292724467253e-01 7.847900136325520748e-01 1.346318727284816774e-01
-2.129553207691903538e-01 1.154833089272840230e+00 7.670966995947660350e-02
-7.277058612322597764e-01 1.077099420958021136e+00 7.857483179000425422e-02
-7.277058612322597764e-01 1.077099420958021136e+00 7.857483179000425422e-02
-7.277058612322597764e-01 1.077099420958021136e+00 7.857483179000425422e-02
-2.247350821705395019e-01 9.750598647807880992e-01 1.223659755421124817e-01
-1.422123439045457627e-01 9.964767888483415659e-01 1.187941247265390937e-01
-2.635875205633264606e-01 1.219251001549126912e+00 6.027832842760987020e-02
-2.635875205633264606e-01 1.219251001549126912e+00 6.027832842760987020e-02
-2.635875205633264606e-01 1.219251001549126912e+00 6.027832842760987020e-02
-1.397944412614804399e-01 1.323377517977975870e+00 1.828156434399409377e-02
-2.765646412367245288e-01 1.373261128629443606e+00 1.940863609168562778e-02
-2.765646412367245288e-01 1.373261128629443606e+00 1.940863609168562778e-02
-2.765646412367245288e-01 1.373261128629443606e+00 1.940863609168562778e-02
-2.765646412367245288e-01 1.373261128629443606e+00 1.940863609168562778e-02
1.270378791153881082e-02 1.067523867122082581e+00 7.637207317799056538e-02
-9.388254710244295365e-02 7.767657248571169237e-01 1.052733591895795573e-01
1.862466708934171211e-02 5.455565942408475699e-01 4.165143540824231549e-02
-9.271884166567792573e-02 7.520224269512516546e-01 9.701633226030074997e-02
-9.271884166567792573e-02 7.520224269512516546e-01 9.701633226030074997e-02
-1.092312325243300908e-01 8.143072456228621636e-01 1.139039353902024515e-01
-1.092312325243300908e-01 8.143072456228621636e-01 1.139039353902024515e-01
-5.176683410991111955e-01 1.073028725269019379e+00 1.052634428905436237e-01
-4.167536518501593346e-01 6.565684467384658163e-01 1.722127570197405644e-02
-3.864050631367202948e-01 7.829112617193821899e-01 5.246590782710131018e-02
-1.633547642512203912e-01 7.853506209711290653e-01 9.542325285432154414e-02
-4.747592119021779578e-01 8.715190596529972522e-01 6.556023824854452509e-02
-2.241364622396869732e-01 1.133253605301251632e+00 8.603780465153117174e-02
-2.241364622396869732e-01 1.133253605301251632e+00 8.603780465153117174e-02
-2.241364622396869732e-01 1.133253605301251632e+00 8.603780465153117174e-02
-6.108657235110436234e-01 1.011964451928712982e+00 8.252323224602894913e-02
-1.854598215915549408e-01 9.039022457712525549e-01 1.218574227102764002e-01
-1.854598215915549408e-01 9.039022457712525549e-01 1.218574227102764002e-01
-1.854598215915549408e-01 9.039022457712525549e-01 1.218574227102764002e-01
3.335279902032303179e-01 7.764589575959557344e-01 1.284562965496119091e-01
3.335279902032303179e-01 7.764589575959557344e-01 1.284562965496119091e-01
4.788468841995180414e-01 9.585273664640636682e-01 4.076204058018111087e-02
4.788468841995180414e-01 9.585273664640636682e-01 4.076204058018111087e-02
6.647304651094301242e-01 5.604172669256082262e-01 1.279801165592183154e-01
1.063647730359082999e+00 6.018885751638708426e-01 5.993057527440082133e-02
1.063647730359082999e+00 6.018885751638708426e-01 5.993057527440082133e-02
7.640082760833337705e-01 6.364830255271027859e-01 1.044294736287798564e-01
6.260761493919591025e-01 5.704132919191029494e-01 1.292203602778017879e-01
9.023473489663280667e-01 4.050678248564657524e-01 1.132658825838831901e-01
9.023473489663280667e-01 4.050678248564657524e-01 1.132658825838831901e-01
4.740522312598040022e-01 4.756987907307112518e-01 9.284686777769768362e-02
6.594933318332864003e-01 7.783109492253166284e-01 7.372795479190399903e-02
6.594933318332864003e-01 7.783109492253166284e-01 7.372795479190399903e-02
6.594933318332864003e-01 7.783109492253166284e-01 7.372795479190399903e-02
9.719615506903351854e-01 3.700999748900237196e-01 1.088798332454677525e-01
9.719615506903351854e-01 3.700999748900237196e-01 1.088798332454677525e-01
7.763735908961355570e-01 4.680620658666309053e-01 1.203794383381050631e-01
1.072451663986503601e+00 5.033145477059883799e-01 8.842452350079797740e-02
1.072451663986503601e+00 5.033145477059883799e-01 8.842452350079797740e-02
1.019710546921541727e+00 4.123826482236102597e-01 1.098398776670290317e-01
1.019710546921541727e+00 4.123826482236102597e-01 1.098398776670290317e-01
1.019710546921541727e+00 4.123826482236102597e-01 1.098398776670290317e-01
1.019710546921541727e+00 4.123826482236102597e-01 1.098398776670290317e-01
1.019710546921541727e+00 4.123826482236102597e-01 1.098398776670290317e-01
1.082409491862207807e+00 5.213610001194640686e-01 8.161164605353279922e-02
1.365290640965462154e+00 5.051994576798920500e-01 3.856319664779871842e-02
1.277127373605705829e+00 2.513089452989714090e-01 9.129204078500784136e-02
