2.489132485845457765e-01 1.481402749648903505e-01 4.658912219399774686e-03
1.718606811954300762e-01 9.134023626195676704e-02 9.169713286703887970e-04
5.096982952684855350e-01 -1.424011837508631917e-01 1.181475413119753657e-03
5.096982952684855350e-01 -1.424011837508631917e-01 1.181475413119753657e-03
5.096982952684855350e-01 -1.424011837508631917e-01 1.181475413119753657e-03
5.096982952684855350e-01 -1.424011837508631917e-01 1.181475413119753657e-03
5.096982952684855350e-01 -1.424011837508631917e-01 1.181475413119753657e-03
4.940828254851920009e-01 -6.031172807183834972e-02 3.219782427753075174e-03
8.868900135749981928e-01 2.516762397354774250e-02 6.576904888993162501e-02
8.868900135749981928e-01 2.516762397354774250e-02 6.576904888993162501e-02
8.868900135749981928e-01 2.516762397354774250e-02 6.576904888993162501e-02
8.868900135749981928e-01 2.516762397354774250e-02 6.576904888993162501e-02
1.007523342647075992e+00 1.437939240604964586e-01 7.763897705398101201e-02
1.007523342647075992e+00 1.437939240604964586e-01 7.763897705398101201e-02
1.007523342647075992e+00 1.437939240604964586e-01 7.763897705398101201e-02
1.007523342647075992e+00 1.437939240604964586e-01 7.763897705398101201e-02
1.150917539042968007e+00 9.808915434717263571e-02 5.714089543722832704e-02
1.150917539042968007e+00 9.808915434717263571e-02 5.714089543722832704e-02
1.179008408136357211e+00 -1.085423014458692104e-01 5.910848293627683769e-02
1.179008408136357211e+00 -1.085423014458692104e-01 5.910848293627683769e-02
9.355712560942244238e-01 -1.220627319743927408e-01 3.467800786275916647e-02
9.355712560942244238e-01 -1.220627319743927408e-01 3.467800786275916647e-02
9.355712560942244238e-01 -1.220627319743927408e-01 3.467800786275916647e-02
1.102551086603914321e+00 -4.541962567075284729e-02 6.637437075699777200e-02
1.028548669959160167e+00 3.130451753280806826e-01 4.052937387771571309e-02
1.028548669959160167e+00 3.130451753280806826e-01 4.052937387771571309e-02
1.058737754085896654e+00 1.488739066021689261e-01 6.774503095860855140e-02
1.058737754085896654e+00 1.488739066021689261e-01 6.774503095860855140e-02
6.310631543123417231e-01 7.888754538258684057e-02 3.684027144510385043e-02
6.310631543123417231e-01 7.888754538258684057e-02 3.684027144510385043e-02
6.310631543123417231e-01 7.888754538258684057e-02 3.684027144510385043e-02
6.310631543123417231e-01 7.888754538258684057e-02 3.684027144510385043e-02
8.157632765394913221e-01 3.820860523401249931e-01 7.737758087545749952e-02
8.157632765394913221e-01 3.820860523401249931e-01 7.737758087545749952e-02
8.087722562820079952e-01 3.163160537939740946e-01 9.312161796189895313e-02
7.491102178337736284e-01 8.698267255234576334e-02 6.176537520418229343e-02
7.491102178337736284e-01 8.698267255234576334e-02 6.176537520418229343e-02
9.387974754169883251e-01 -1.259054650325472091e-01 3.423310923179377629e-02
1.236497632306444494e+00 -2.888105929583836828e-02 5.668284578419176961e-02
1.071821916587707424e+00 7.934209108607132022e-02 7.268225814415395225e-02
1.071821916587707424e+00 7.934209108607132022e-02 7.268225814415395225e-02
1.071821916587707424e+00 7.934209108607132022e-02 7.268225814415395225e-02
9.471266657944577005e-01 1.710807184330159769e-01 8.468865024255076146e-02
1.036572903159516779e+00 5.276492689919615175e-03 7.237834169184764743e-02
1.129899190384334728e+00 2.379701103034875809e-01 3.514062940342189273e-02
1.129899190384334728e+00 2.379701103034875809e-01 3.514062940342189273e-02
1.100037164883353791e+00 3.157390020183653556e-01 2.580791397939219411e-02
1.157592390686800199e+00 -3.637873352537801530e-01 1.504318935952110754e-02
1.157592390686800199e+00 -3.637873352537801530e-01 1.504318935952110754e-02
1.157592390686800199e+00 -3.637873352537801530e-01 1.504318935952110754e-02
1.157592390686800199e+00 -3.637873352537801530e-01 1.504318935952110754e-02
1.016428367220665097e+00 -4.084514452939952411e-02 6.380452250146087523e-02
7.449338612683217287e-01 3.446555540951803387e-01 1.013310741526749492e-01
7.449338612683217287e-01 3.446555540951803387e-01 1.013310741526749492e-01
7.449338612683217287e-01 3.446555540951803387e-01 1.013310741526749492e-01
5.285588457473646695e-01 5.241478908528598435e-01 1.150561668849933022e-01
5.285588457473646695e-01 5.241478908528598435e-01 1.150561668849933022e-01
4.133251231187495822e-01 4.664788864968190119e-01 1.172602182713007174e-01
4.133251231187495822e-01 4.664788864968190119e-01 1.172602182713007174e-01
4.133251231187495822e-01 4.664788864968190119e-01 1.172602182713007174e-01
7.837351687818971957e-02 3.614394764433663254e-01 1.251752067675452468e-02
-8.994529744297857787e-02 4.204161289521116673e-01 5.452784113131495941e-03
1.655008738417640957e-01 9.158176260925365852e-01 9.013041055100520782e-02
-1.394634763831235080e-01 1.123355651492809359e+00 9.345144180371375842e-02
-3.786875376426864226e-01 1.141067752870079222e+00 1.091465218340611498e-01
-3.786875376426864226e-01 1.141067752870079222e+00 1.091465218340611498e-01
-3.786875376426864226e-01 1.141067752870079222e+00 1.091465218340611498e-01
-3.786875376426864226e-01 1.141067752870079222e+00 1.091465218340611498e-01
-3.786875376426864226e-01 1.141067752870079222e+00 1.091465218340611498e-01
-3.786875376426864226e-01 1.141067752870079222e+00 1.091465218340611498e-01
-3.786875376426864226e-01 1.141067752870079222e+00 1.091465218340611498e-01
-4.138426671467101414e-01 1.126225997643928611e+00 1.031917335536172570e-01
-4.138426671467101414e-01 1.126225997643928611e+00 1.031917335536172570e-01
-4.138426671467101414e-01 1.126225997643928611e+00 1.031917335536172570e-01
-1.461763987517768482e-01 1.121227827270411259e+00 9.571328071585627484e-02
-1.461763987517768482e-01 1.121227827270411259e+00 9.571328071585627484e-02
-1.461763987517768482e-01 1.121227827270411259e+00 9.571328071585627484e-02
3.118735320417317380e-01 8.199975339151122089e-01 8.264585115402023341e-02
3.118735320417317380e-01 8.199975339151122089e-01 8.264585115402023341e-02
5.838576235965781125e-02 1.075963794000922125e+00 5.882799130969770807e-02
-3.009408101912437461e-01 1.374296258494866141e+00 4.313751614624488501e-02
-1.578141858658261842e-01 8.245078087536831246e-01 9.238453060561271912e-02
-1.578141858658261842e-01 8.245078087536831246e-01 9.238453060561271912e-02
-2.159811005463789790e-01 7.314424504231618052e-01 4.235605994171234845e-02
3.435498608429748968e-01 8.478274186588588002e-01 6.208725549202948751e-02
1.840436490900588806e-01 8.923562512169557204e-01 9.375400643119106980e-02
2.127699592013708452e-01 6.674761855593001059e-01 1.313514273025594148e-01
2.127699592013708452e-01 6.674761855593001059e-01 1.313514273025594148e-01
2.153802901205202347e-01 2.059835199231220271e-01 6.982205571753288820e-03
3.221474682122812405e-01 3.115846762368267298e-01 4.194172700872655923e-02
6.253349656021919278e-01 4.068987057116794093e-01 1.134685040482193430e-01
6.253349656021919278e-01 4.068987057116794093e-01 1.134685040482193430e-01
6.253349656021919278e-01 4.068987057116794093e-01 1.134685040482193430e-01
6.253349656021919278e-01 4.068987057116794093e-01 1.134685040482193430e-01
6.253349656021919278e-01 4.068987057116794093e-01 1.134685040482193430e-01
6.253349656021919278e-01 4.068987057116794093e-01 1.134685040482193430e-01
6.253349656021919278e-01 4.068987057116794093e-01 1.134685040482193430e-01
6.253349656021919278e-01 4.068987057116794093e-01 1.134685040482193430e-01
5.049326046261467527e-01 3.615362638652730443e-01 1.034335628251453892e-01
5.049326046261467527e-01 3.615362638652730443e-01 1.034335628251453892e-01
