2.489132485845457765e-01 1.481402749648903505e-01 3.388178215945406458e-03
2.489132485845457765e-01 1.481402749648903505e-01 3.388178215945406458e-03
2.489132485845457765e-01 1.481402749648903505e-01 3.388178215945406458e-03
-2.781428443089395408e-02 4.779513899450152925e-01 6.448295075605421645e-02
-2.781428443089395408e-02 4.779513899450152925e-01 6.448295075605421645e-02
5.981312111199302284e-02 1.040822189391956698e+00 4.397234053352579858e-02
2.514183893785262303e-01 5.991047802232540853e-01 2.690487403865646221e-01
3.475756668796514681e-01 4.586948560956334298e-01 1.881631885787851122e-01
5.005110563994377149e-01 6.823054608341547755e-01 2.192441570888339353e-01
5.005110563994377149e-01 6.823054608341547755e-01 2.192441570888339353e-01
5.005110563994377149e-01 6.823054608341547755e-01 2.192441570888339353e-01
5.005110563994377149e-01 6.823054608341547755e-01 2.192441570888339353e-01
7.347237159473791746e-01 6.640723049604715378e-01 1.396338730422579943e-01
7.347237159473791746e-01 6.640723049604715378e-01 1.396338730422579943e-01
7.347237159473791746e-01 6.640723049604715378e-01 1.396338730422579943e-01
7.347237159473791746e-01 6.640723049604715378e-01 1.396338730422579943e-01
4.307642941845922224e-01 5.629717427314896439e-01 2.869263892871801169e-01
4.307642941845922224e-01 5.629717427314896439e-01 2.869263892871801169e-01
4.307642941845922224e-01 5.629717427314896439e-01 2.869263892871801169e-01
4.307642941845922224e-01 5.629717427314896439e-01 2.869263892871801169e-01
4.307642941845922224e-01 5.629717427314896439e-01 2.869263892871801169e-01
4.307642941845922224e-01 5.629717427314896439e-01 2.869263892871801169e-01
7.369561483334732266e-01 3.755279889937430671e-01 2.316635488362034090e-01
7.369561483334732266e-01 3.755279889937430671e-01 2.316635488362034090e-01
5.641702487485125150e-01 2.051810058947294013e-01 4.348008917768571291e-02
5.641702487485125150e-01 2.051810058947294013e-01 4.348008917768571291e-02
5.641702487485125150e-01 2.051810058947294013e-01 4.348008917768571291e-02
5.641702487485125150e-01 2.051810058947294013e-01 4.348008917768571291e-02
5.641702487485125150e-01 2.051810058947294013e-01 4.348008917768571291e-02
4.716227768030713530e-01 4.705004077904415549e-01 2.445359250441972720e-01
4.716227768030713530e-01 4.705004077904415549e-01 2.445359250441972720e-01
7.821644882495427664e-01 2.784058464439929104e-01 1.558791582469975789e-01
7.821644882495427664e-01 2.784058464439929104e-01 1.558791582469975789e-01
7.226283064100279541e-01 5.287553039683616785e-01 2.577546037582990612e-01
7.226283064100279541e-01 5.287553039683616785e-01 2.577546037582990612e-01
7.226283064100279541e-01 5.287553039683616785e-01 2.577546037582990612e-01
7.230724969095100318e-01 7.600564840046355464e-01 6.508895705548113642e-02
6.795235332148110707e-01 4.583043879920388197e-01 2.713303231342276689e-01
6.795235332148110707e-01 4.583043879920388197e-01 2.713303231342276689e-01
1.304468350882120653e+00 2.428200120613771551e-02 6.336108494195105689e-02
1.304468350882120653e+00 2.428200120613771551e-02 6.336108494195105689e-02
1.431355720422139211e+00 4.618273879972689122e-01 4.474148212420704651e-02
1.431355720422139211e+00 4.618273879972689122e-01 4.474148212420704651e-02
1.431355720422139211e+00 4.618273879972689122e-01 4.474148212420704651e-02
1.242394584629167298e+00 4.438460794945043864e-01 1.103280054247876424e-01
1.055923478276939109e+00 5.225788982733376997e-01 1.280427155470238998e-01
1.055923478276939109e+00 5.225788982733376997e-01 1.280427155470238998e-01
1.055923478276939109e+00 5.225788982733376997e-01 1.280427155470238998e-01
1.055923478276939109e+00 5.225788982733376997e-01 1.280427155470238998e-01
5.573080770780438620e-01 2.411987532133457734e-01 6.264995577954897421e-02
5.573080770780438620e-01 2.411987532133457734e-01 6.264995577954897421e-02
8.190605000592203755e-01 5.941900888255862156e-01 1.690143121228308842e-01
8.190605000592203755e-01 5.941900888255862156e-01 1.690143121228308842e-01
8.190605000592203755e-01 5.941900888255862156e-01 1.690143121228308842e-01
9.812964593510558053e-01 4.079353163744985911e-01 2.268296022914589871e-01
9.812964593510558053e-01 4.079353163744985911e-01 2.268296022914589871e-01
9.812964593510558053e-01 4.079353163744985911e-01 2.268296022914589871e-01
9.167050402950159826e-01 3.910983217774168796e-01 2.419383542529883746e-01
9.167050402950159826e-01 3.910983217774168796e-01 2.419383542529883746e-01
9.684153250701904581e-01 4.054052025017429450e-01 2.308092620481089485e-01
1.244757371042923833e+00 1.505178852022820424e-01 1.316702422523901572e-01
1.244757371042923833e+00 1.505178852022820424e-01 1.316702422523901572e-01
1.413115203625978422e+00 6.011967411556318197e-01 1.051791012263311731e-02
1.413115203625978422e+00 6.011967411556318197e-01 1.051791012263311731e-02
1.398801217050960277e+00 6.173056093124512644e-01 9.276715679042656787e-03
1.406887226234579291e+00 5.284444342202878619e-01 2.639531362748920307e-02
1.406887226234579291e+00 5.284444342202878619e-01 2.639531362748920307e-02
1.406887226234579291e+00 5.284444342202878619e-01 2.639531362748920307e-02
1.601065819406656709e+00 -4.933418958852076042e-02 5.290905555689918299e-02
1.601065819406656709e+00 -4.933418958852076042e-02 5.290905555689918299e-02
1.632609469876417974e+00 2.377769889351813992e-01 8.071050199231934175e-02
1.632609469876417974e+00 2.377769889351813992e-01 8.071050199231934175e-02
1.632609469876417974e+00 2.377769889351813992e-01 8.071050199231934175e-02
1.611576139421387444e+00 2.399309370474346781e-01 8.552819262603050809e-02
1.611576139421387444e+00 2.399309370474346781e-01 8.552819262603050809e-02
2.184218368180072201e+00 3.632116248106989631e-02 2.309155082617093263e-02
2.184218368180072201e+00 3.632116248106989631e-02 2.309155082617093263e-02
2.184218368180072201e+00 3.632116248106989631e-02 2.309155082617093263e-02
2.184218368180072201e+00 3.632116248106989631e-02 2.309155082617093263e-02
1.921131046311428836e+00 1.309105731369673009e-01 4.468144535883140228e-02
1.769001919114137955e+00 3.324570183785370281e-01 2.532011623636634332e-02
1.440391765989559758e+00 5.436244169541069038e-01 1.835223098135150416e-02
1.440391765989559758e+00 5.436244169541069038e-01 1.835223098135150416e-02
1.314526789787425320e+00 3.154967995813864889e-01 1.501524065640795769e-01
1.314526789787425320e+00 3.154967995813864889e-01 1.501524065640795769e-01
1.314526789787425320e+00 3.154967995813864889e-01 1.501524065640795769e-01
1.314526789787425320e+00 3.154967995813864889e-01 1.501524065640795769e-01
1.314526789787425320e+00 3.154967995813864889e-01 1.501524065640795769e-01
1.433211464462795570e+00 3.916233330646051169e-01 7.567312156548772206e-02
1.526797996320369055e+00 3.269209244620293053e-01 7.766506216832168297e-02
1.526797996320369055e+00 3.269209244620293053e-01 7.766506216832168297e-02
1.454487107749559360e+00 -9.125908528649212537e-02 2.963427876507101003e-02
1.454487107749559360e+00 -9.125908528649212537e-02 2.963427876507101003e-02
1.597875966482883658e+00 -1.013355146849497790e-01 3.523280612891346170e-02
1.764426860561238541e+00 1.204298657616903745e-01 7.394207485374634792e-02
1.764426860561238541e+00 1.204298657616903745e-01 7.394207485374634792e-02
1.764426860561238541e+00 1.204298657616903745e-01 7.394207485374634792e-02
1.764426860561238541e+00 1.204298657616903745e-01 7.394207485374634792e-02
1.612493840358940389e+00 2.785686944863337011e-01 7.278167461788284665e-02
1.612493840358940389e+00 2.785686944863337011e-01 7.278167461788284665e-02
