2.489132485845457765e-01 1.481402749648903505e-01 2.158498713438935547e-03
2.489132485845457765e-01 1.481402749648903505e-01 2.158498713438935547e-03
2.489132485845457765e-01 1.481402749648903505e-01 2.158498713438935547e-03
2.489132485845457765e-01 1.481402749648903505e-01 2.158498713438935547e-03
6.494925901144250613e-01 1.196235665500799544e-01 1.662432734571645324e-02
6.494925901144250613e-01 1.196235665500799544e-01 1.662432734571645324e-02
1.295873192296387533e+00 5.323511428812362223e-02 5.071622262551611637e-02
1.265378264565897970e+00 1.101241266120940726e-01 5.666730034534386840e-02
1.265378264565897970e+00 1.101241266120940726e-01 5.666730034534386840e-02
1.418606267956046496e+00 -1.073706081224592573e-01 3.152183329548518403e-02
1.485310993634753052e+00 2.594439894493771326e-01 2.621298270215200246e-02
1.485310993634753052e+00 2.594439894493771326e-01 2.621298270215200246e-02
1.485310993634753052e+00 2.594439894493771326e-01 2.621298270215200246e-02
1.485310993634753052e+00 2.594439894493771326e-01 2.621298270215200246e-02
1.337153593699815124e+00 -1.456875606807649381e-01 2.174700010020412522e-02
1.608923417206021611e+00 2.083963641628835961e-01 2.029957783441698263e-02
1.608923417206021611e+00 2.083963641628835961e-01 2.029957783441698263e-02
1.708908884801171535e+00 2.298341589072762647e-01 1.073074336486219173e-02
1.864482002366292246e+00 6.933029038428001334e-02 1.378452616703603091e-02
1.864482002366292246e+00 6.933029038428001334e-02 1.378452616703603091e-02
2.172435184423880283e+00 4.186752882775440776e-02 2.899655605708019012e-03
2.172435184423880283e+00 4.186752882775440776e-02 2.899655605708019012e-03
1.867516079216309244e+00 3.861285975347648197e-02 1.596842271311970166e-02
1.867516079216309244e+00 3.861285975347648197e-02 1.596842271311970166e-02
2.305436981290416298e+00 -2.038875535162517905e-01 7.459274158298083088e-03
2.420946330221069864e+00 -7.200686466984317358e-01 4.340270218453690272e-03
2.292557469851791208e+00 -6.672682108819126823e-01 4.998116176516253367e-03
2.292557469851791208e+00 -6.672682108819126823e-01 4.998116176516253367e-03
2.094046965015402328e+00 1.156083280559476734e-01 2.501305289359500878e-03
2.373724284510295046e+00 -1.447535742604169617e-01 3.658776344678055497e-03
2.487540392274306011e+00 -2.421784823028873268e-02 5.213757517559226232e-04
2.487540392274306011e+00 -2.421784823028873268e-02 5.213757517559226232e-04
2.852488970869772711e+00 -2.499234935628955601e-01 3.098480412009370767e-04
2.761092204893242474e+00 -4.727619147934554178e-01 3.107531202576140072e-03
2.761092204893242474e+00 -4.727619147934554178e-01 3.107531202576140072e-03
2.761092204893242474e+00 -4.727619147934554178e-01 3.107531202576140072e-03
1.952893333474619908e+00 -3.398267858058617863e-01 1.838117036554493336e-02
1.952893333474619908e+00 -3.398267858058617863e-01 1.838117036554493336e-02
1.952893333474619908e+00 -3.398267858058617863e-01 1.838117036554493336e-02
1.952893333474619908e+00 -3.398267858058617863e-01 1.838117036554493336e-02
1.952893333474619908e+00 -3.398267858058617863e-01 1.838117036554493336e-02
1.950991693561581641e+00 -2.789384122589819159e-01 2.136484613636644228e-02
1.950991693561581641e+00 -2.789384122589819159e-01 2.136484613636644228e-02
1.943783191849991709e+00 -2.137815115745085315e-01 2.297098449327143049e-02
1.992041404354569112e+00 -1.256216797543174279e-01 1.857668481673277125e-02
1.992041404354569112e+00 -1.256216797543174279e-01 1.857668481673277125e-02
1.992041404354569112e+00 -1.256216797543174279e-01 1.857668481673277125e-02
1.775902283198775189e+00 -1.803427132068232130e-01 2.835675982880004470e-02
1.847234573880470965e+00 -2.197812213374869261e-01 2.537234507960903565e-02
1.721715676388472671e+00 -4.250295646490862556e-01 7.791189689300715912e-03
1.945091678668296353e+00 7.518708759477155112e-02 8.872277966545582747e-03
2.119758787734038918e+00 6.332197584271301305e-02 3.408465586949728249e-03
2.314389371845640309e+00 2.030221781212592225e-01 1.284293014991021327e-04
2.314389371845640309e+00 2.030221781212592225e-01 1.284293014991021327e-04
2.161531678330181450e+00 2.044761484824633158e-01 5.346531105103185123e-04
1.415558681764172988e+00 3.674438853086278711e-01 1.884524275116555153e-02
1.415558681764172988e+00 3.674438853086278711e-01 1.884524275116555153e-02
1.415558681764172988e+00 3.674438853086278711e-01 1.884524275116555153e-02
1.415558681764172988e+00 3.674438853086278711e-01 1.884524275116555153e-02
1.767595390936729016e+00 -3.279733336687766232e-01 1.680897635911829391e-02
1.628295689010476055e+00 4.346453707049163784e-02 3.486534384433437328e-02
1.628295689010476055e+00 4.346453707049163784e-02 3.486534384433437328e-02
1.377030661583745097e+00 -7.503761699436523047e-02 3.464252266384573037e-02
1.377030661583745097e+00 -7.503761699436523047e-02 3.464252266384573037e-02
1.600191650949969180e+00 3.052963053352208966e-02 3.779386749829793946e-02
1.499708780149982212e+00 3.002565131188150160e-01 1.944931392765531647e-02
1.572976768360278221e+00 2.171021503626327509e-01 2.264193389746928936e-02
1.642786434616650748e+00 2.589535907302605855e-01 1.243895755065957918e-02
1.607365546103738163e+00 1.590476557027640792e-01 2.607820659285605899e-02
1.300752210956498178e+00 2.434548874004967556e-01 5.084604071272187664e-02
1.300752210956498178e+00 2.434548874004967556e-01 5.084604071272187664e-02
1.300752210956498178e+00 2.434548874004967556e-01 5.084604071272187664e-02
1.300752210956498178e+00 2.434548874004967556e-01 5.084604071272187664e-02
1.545299135479623942e+00 3.052278782102763044e-02 4.166387113231740519e-02
1.545299135479623942e+00 3.052278782102763044e-02 4.166387113231740519e-02
1.254027429244050529e+00 6.670566029498253835e-02 5.193243995077091030e-02
1.245464991221161721e+00 9.553282046929750804e-02 5.545423552776584941e-02
1.245464991221161721e+00 9.553282046929750804e-02 5.545423552776584941e-02
1.030878300356081523e+00 2.702358148652915792e-01 7.458558003110081491e-02
1.030878300356081523e+00 2.702358148652915792e-01 7.458558003110081491e-02
1.030878300356081523e+00 2.702358148652915792e-01 7.458558003110081491e-02
9.597036800392787503e-01 3.300543988144564733e-01 8.024793619935995104e-02
7.167372817115994499e-01 5.398923120329118808e-01 9.151405126056438855e-02
5.268297726781577817e-01 3.170998238522899637e-01 4.942221171573015631e-02
5.268297726781577817e-01 3.170998238522899637e-01 4.942221171573015631e-02
8.169851538664885116e-01 1.800584162445884595e-01 4.649261335161626596e-02
5.590099624248556776e-01 3.466900072823578260e-01 6.337041758428006710e-02
5.590099624248556776e-01 3.466900072823578260e-01 6.337041758428006710e-02
8.139966641932839808e-01 3.393223805554030914e-01 8.441543756728665804e-02
1.125270254572563022e+00 1.855493578651351005e-01 6.570588321727303949e-02
1.125270254572563022e+00 1.855493578651351005e-01 6.570588321727303949e-02
1.125270254572563022e+00 1.855493578651351005e-01 6.570588321727303949e-02
1.491023829347816410e+00 1.930011584703175409e-01 3.433646131414925390e-02
1.120292103504536563e+00 1.549968570723292693e-01 6.209833150138900637e-02
1.141012507996304493e+00 4.937973526641743494e-01 3.014370190267608857e-02
6.438865568933790362e-01 7.094887540800076664e-01 6.260493885001776337e-02
6.438865568933790362e-01 7.094887540800076664e-01 6.260493885001776337e-02
6.438865568933790362e-01 7.094887540800076664e-01 6.260493885001776337e-02
6.475354210492739737e-01 7.304788138266941067e-01 5.547288283911039342e-02
1.017397169025257675e+00 5.662609920067128710e-01 3.302688102648516227e-02
