2.489132485845457765e-01 1.481402749648903505e-01 3.410174246188046876e-02
2.489132485845457765e-01 1.481402749648903505e-01 3.410174246188046876e-02
3.387634413115093723e-01 8.066714921261377569e-01 1.237329995834880736e-01
2.276719730210377268e-01 7.036718495964399134e-01 1.848897285998815088e-01
2.276719730210377268e-01 7.036718495964399134e-01 1.848897285998815088e-01
2.276719730210377268e-01 7.036718495964399134e-01 1.848897285998815088e-01
2.276719730210377268e-01 7.036718495964399134e-01 1.848897285998815088e-01
2.276719730210377268e-01 7.036718495964399134e-01 1.848897285998815088e-01
4.032108729725746299e-01 5.449346356712037043e-01 4.147211449247880100e-01
4.032108729725746299e-01 5.449346356712037043e-01 4.147211449247880100e-01
1.722040448022022774e-01 3.877259687460362647e-01 6.407183777069393182e-02
1.722040448022022774e-01 3.877259687460362647e-01 6.407183777069393182e-02
7.934773200735694143e-01 2.709622542612234453e-01 2.900747675710345086e-01
7.934773200735694143e-01 2.709622542612234453e-01 2.900747675710345086e-01
7.190052999540622602e-01 2.803708412378223547e-01 4.796874658814619385e-01
7.190052999540622602e-01 2.803708412378223547e-01 4.796874658814619385e-01
7.190052999540622602e-01 2.803708412378223547e-01 4.796874658814619385e-01
7.701900765237423840e-01 -5.018200023224683726e-02 7.412371653115219505e-01
7.701900765237423840e-01 -5.018200023224683726e-02 7.412371653115219505e-01
7.701900765237423840e-01 -5.018200023224683726e-02 7.412371653115219505e-01
7.701900765237423840e-01 -5.018200023224683726e-02 7.412371653115219505e-01
7.701900765237423840e-01 -5.018200023224683726e-02 7.412371653115219505e-01
6.262745159165153952e-01 -1.770046159898177041e-01 2.508358597461644579e-01
9.986523908475966049e-01 -1.958542544998356227e-01 3.466714523766442069e-01
9.779012668226854110e-01 -3.865861843378866070e-01 3.066011879122503281e-01
9.779012668226854110e-01 -3.865861843378866070e-01 3.066011879122503281e-01
9.779012668226854110e-01 -3.865861843378866070e-01 3.066011879122503281e-01
9.779012668226854110e-01 -3.865861843378866070e-01 3.066011879122503281e-01
1.097285497576093727e+00 -3.101462516681061099e-01 1.985415821212021259e-01
1.097285497576093727e+00 -3.101462516681061099e-01 1.985415821212021259e-01
9.536586595746534556e-01 -3.847900512479774937e-01 3.128131771718664078e-01
5.361261697305461649e-01 -8.761591572994498200e-03 3.477194659656577813e-01
3.865474079337456459e-01 3.065486053483476026e-01 4.097061412315639028e-01
3.865474079337456459e-01 3.065486053483476026e-01 4.097061412315639028e-01
3.865474079337456459e-01 3.065486053483476026e-01 4.097061412315639028e-01
3.865474079337456459e-01 3.065486053483476026e-01 4.097061412315639028e-01
3.865474079337456459e-01 3.065486053483476026e-01 4.097061412315639028e-01
4.657593429344557001e-01 4.680441651658543423e-01 5.227252703713853865e-01
6.579946131077587523e-01 4.000001526566249188e-01 3.741920766645668306e-01
6.579946131077587523e-01 4.000001526566249188e-01 3.741920766645668306e-01
3.579278886614740696e-01 4.411568410206390123e-01 4.189581727688960755e-01
3.579278886614740696e-01 4.411568410206390123e-01 4.189581727688960755e-01
6.620548239167631799e-01 2.287801490488361178e-01 7.332266772246220921e-01
3.462204504682856454e-01 1.314269479339973123e-01 1.198567383361761607e-01
3.462204504682856454e-01 1.314269479339973123e-01 1.198567383361761607e-01
5.226278706745630664e-01 1.164907136136535543e-01 5.543815641266568450e-01
5.226278706745630664e-01 1.164907136136535543e-01 5.543815641266568450e-01
5.226278706745630664e-01 1.164907136136535543e-01 5.543815641266568450e-01
5.226278706745630664e-01 1.164907136136535543e-01 5.543815641266568450e-01
4.233276893143137487e-01 2.027439280460747728e-01 3.862460963647748602e-01
4.233276893143137487e-01 2.027439280460747728e-01 3.862460963647748602e-01
4.233276893143137487e-01 2.027439280460747728e-01 3.862460963647748602e-01
4.233276893143137487e-01 2.027439280460747728e-01 3.862460963647748602e-01
4.233276893143137487e-01 2.027439280460747728e-01 3.862460963647748602e-01
6.451790580601335368e-01 -1.613531548601483401e-01 3.225738485176600223e-01
8.102195048994286219e-01 3.672396222041016123e-02 6.585047821634743004e-01
8.102195048994286219e-01 3.672396222041016123e-02 6.585047821634743004e-01
8.102195048994286219e-01 3.672396222041016123e-02 6.585047821634743004e-01
8.102195048994286219e-01 3.672396222041016123e-02 6.585047821634743004e-01
7.825059495651982555e-01 -2.237797240617700190e-01 4.688776057133366426e-01
7.825059495651982555e-01 -2.237797240617700190e-01 4.688776057133366426e-01
7.825059495651982555e-01 -2.237797240617700190e-01 4.688776057133366426e-01
7.825059495651982555e-01 -2.237797240617700190e-01 4.688776057133366426e-01
7.825059495651982555e-01 -2.237797240617700190e-01 4.688776057133366426e-01
6.779932508567227956e-01 -1.239702895435182417e-02 7.220834413237420257e-01
6.779932508567227956e-01 -1.239702895435182417e-02 7.220834413237420257e-01
6.779932508567227956e-01 -1.239702895435182417e-02 7.220834413237420257e-01
4.604964012922894145e-01 -8.137589590373876802e-02 9.299566156860923638e-02
5.622515916084869225e-01 7.133977843835985766e-01 6.680405773597328234e-02
4.517595133099381322e-01 5.172208479905574530e-01 4.516132738928039791e-01
4.517595133099381322e-01 5.172208479905574530e-01 4.516132738928039791e-01
4.517595133099381322e-01 5.172208479905574530e-01 4.516132738928039791e-01
4.517595133099381322e-01 5.172208479905574530e-01 4.516132738928039791e-01
4.693995091627151117e-01 1.731624245586043109e-01 4.829604155530520804e-01
6.482203276123830182e-01 -6.276742954397701579e-03 6.722552553684286725e-01
5.618971475258525139e-01 6.124759922550204738e-02 5.706608879543777491e-01
5.618971475258525139e-01 6.124759922550204738e-02 5.706608879543777491e-01
3.694946787012306499e-01 3.040497631072963669e-01 3.599606839286909055e-01
6.713483606566791329e-01 4.799752230029755706e-01 1.967442552729932459e-01
6.713483606566791329e-01 4.799752230029755706e-01 1.967442552729932459e-01
5.544204338535869692e-01 4.629128310839432103e-01 4.509760349506640731e-01
5.544204338535869692e-01 4.629128310839432103e-01 4.509760349506640731e-01
5.544204338535869692e-01 4.629128310839432103e-01 4.509760349506640731e-01
5.544204338535869692e-01 4.629128310839432103e-01 4.509760349506640731e-01
5.544204338535869692e-01 4.629128310839432103e-01 4.509760349506640731e-01
3.299412069879184006e-01 3.905332683299849172e-01 3.335489113342596235e-01
8.000304010238827868e-01 4.111583358122639087e-01 9.102450964855467175e-02
8.000304010238827868e-01 4.111583358122639087e-01 9.102450964855467175e-02
8.567487641822754130e-01 1.736241301546504467e-01 2.926922623527604683e-01
9.474748671481725282e-01 1.567338909468670993e-01 1.228253231701290776e-01
5.004272165886379797e-01 1.021625885692035718e-01 4.566184739815155047e-01
3.174248154564385249e-01 3.914146258794483080e-01 3.046092028625274617e-01
3.174248154564385249e-01 3.914146258794483080e-01 3.046092028625274617e-01
2.183284309761386877e-01 4.545380206156550140e-01 1.501600186682384708e-01
2.183284309761386877e-01 4.545380206156550140e-01 1.501600186682384708e-01
2.183284309761386877e-01 4.545380206156550140e-01 1.501600186682384708e-01
2.183284309761386877e-01 4.545380206156550140e-01 1.501600186682384708e-01
2.183284309761386877e-01 4.545380206156550140e-01 1.501600186682384708e-01
2.183284309761386877e-01 4.545380206156550140e-01 1.501600186682384708e-01
4.766858134687279036e-01 4.004613285696815850e-01 6.077158593353372273e-01
