2.489132485845457765e-01 1.481402749648903505e-01 8.569060872169548260e-02
2.489132485845457765e-01 1.481402749648903505e-01 8.569060872169548260e-02
2.489132485845457765e-01 1.481402749648903505e-01 8.569060872169548260e-02
7.041381790272038810e-01 2.702305236144791345e-01 1.741022632856802643e-01
6.197889814293199295e-01 2.722571751944835583e-01 4.227630543553613784e-01
7.438675859224266329e-01 1.078143300878403876e-01 3.361260179935697257e-01
4.951701897726598078e-01 3.224967155827146437e-02 4.980561639261963380e-01
5.393161829950048336e-01 4.405164722996386950e-01 2.932992911528962687e-01
4.426024623332593388e-01 -8.154574287466354043e-03 2.436208553854594394e-01
7.271271744655143365e-01 1.793027665392663283e-01 2.616420667869276961e-01
6.807779353194711724e-01 -9.884154003926451382e-02 5.696462366233019381e-01
7.455118491401703240e-01 6.395056145532948544e-02 4.055014435472800161e-01
8.073322086579920454e-01 -2.313918275782673450e-01 3.997856566232933506e-01
8.073322086579920454e-01 -2.313918275782673450e-01 3.997856566232933506e-01
8.073322086579920454e-01 -2.313918275782673450e-01 3.997856566232933506e-01
8.073322086579920454e-01 -2.313918275782673450e-01 3.997856566232933506e-01
6.597721653541168685e-01 -1.486825565510390412e-01 4.499708251728521957e-01
6.597721653541168685e-01 -1.486825565510390412e-01 4.499708251728521957e-01
6.997508372144457534e-01 1.334702972540008359e-02 6.074486725251011521e-01
8.186310533271315970e-01 -3.309784609123566645e-01 2.868095408490983766e-01
8.186310533271315970e-01 -3.309784609123566645e-01 2.868095408490983766e-01
6.205008447010113004e-01 2.152570702116671231e-01 5.527381219830000969e-01
6.205008447010113004e-01 2.152570702116671231e-01 5.527381219830000969e-01
6.205008447010113004e-01 2.152570702116671231e-01 5.527381219830000969e-01
6.205008447010113004e-01 2.152570702116671231e-01 5.527381219830000969e-01
1.781274840748754973e-01 3.653439297218332715e-01 2.124771480116345035e-01
1.781274840748754973e-01 3.653439297218332715e-01 2.124771480116345035e-01
4.157286827767891491e-01 4.477451878490154025e-01 6.482010810019286362e-01
4.157286827767891491e-01 4.477451878490154025e-01 6.482010810019286362e-01
1.936030457274146022e-02 8.455527412586545388e-01 2.287161856230361945e-01
1.936030457274146022e-02 8.455527412586545388e-01 2.287161856230361945e-01
1.936030457274146022e-02 8.455527412586545388e-01 2.287161856230361945e-01
1.936030457274146022e-02 8.455527412586545388e-01 2.287161856230361945e-01
1.936030457274146022e-02 8.455527412586545388e-01 2.287161856230361945e-01
1.936030457274146022e-02 8.455527412586545388e-01 2.287161856230361945e-01
1.936030457274146022e-02 8.455527412586545388e-01 2.287161856230361945e-01
1.936030457274146022e-02 8.455527412586545388e-01 2.287161856230361945e-01
1.936030457274146022e-02 8.455527412586545388e-01 2.287161856230361945e-01
1.936030457274146022e-02 8.455527412586545388e-01 2.287161856230361945e-01
2.229220195998581622e-01 4.238309526920403525e-01 4.444891518653551477e-01
2.621658772396406323e-01 3.033935826359918098e-01 3.538408436146467384e-01
2.177157465099305855e-01 3.890171036793116377e-01 3.677649618485447358e-01
2.177157465099305855e-01 3.890171036793116377e-01 3.677649618485447358e-01
3.326551328803117880e-01 3.203759363501963442e-01 6.370344849904232554e-01
2.490481660779012285e-01 5.635422665555352983e-01 5.936120100172007641e-01
2.490481660779012285e-01 5.635422665555352983e-01 5.936120100172007641e-01
2.490481660779012285e-01 5.635422665555352983e-01 5.936120100172007641e-01
2.490481660779012285e-01 5.635422665555352983e-01 5.936120100172007641e-01
2.490481660779012285e-01 5.635422665555352983e-01 5.936120100172007641e-01
2.984613735676750479e-01 6.126888521604747506e-01 5.005181147440629363e-01
2.984613735676750479e-01 6.126888521604747506e-01 5.005181147440629363e-01
2.984613735676750479e-01 6.126888521604747506e-01 5.005181147440629363e-01
2.984613735676750479e-01 6.126888521604747506e-01 5.005181147440629363e-01
2.984613735676750479e-01 6.126888521604747506e-01 5.005181147440629363e-01
2.984613735676750479e-01 6.126888521604747506e-01 5.005181147440629363e-01
2.984613735676750479e-01 6.126888521604747506e-01 5.005181147440629363e-01
2.984613735676750479e-01 6.126888521604747506e-01 5.005181147440629363e-01
2.984613735676750479e-01 6.126888521604747506e-01 5.005181147440629363e-01
2.984613735676750479e-01 6.126888521604747506e-01 5.005181147440629363e-01
2.984613735676750479e-01 6.126888521604747506e-01 5.005181147440629363e-01
2.021266692653119201e-01 5.197672712510799098e-01 5.017073623983436814e-01
2.021266692653119201e-01 5.197672712510799098e-01 5.017073623983436814e-01
2.021266692653119201e-01 5.197672712510799098e-01 5.017073623983436814e-01
2.021266692653119201e-01 5.197672712510799098e-01 5.017073623983436814e-01
1.770834850779982594e-01 3.043460060553110358e-01 1.313511783954401102e-01
1.770834850779982594e-01 3.043460060553110358e-01 1.313511783954401102e-01
1.770834850779982594e-01 3.043460060553110358e-01 1.313511783954401102e-01
1.770834850779982594e-01 3.043460060553110358e-01 1.313511783954401102e-01
1.770834850779982594e-01 3.043460060553110358e-01 1.313511783954401102e-01
-5.559687088556861112e-02 5.429600961289725580e-01 2.740834403265647937e-02
-5.559687088556861112e-02 5.429600961289725580e-01 2.740834403265647937e-02
2.248005627799315731e-01 4.708276223669610183e-01 5.170214981784614361e-01
2.720154649771618360e-01 5.930200795527124091e-01 5.635817605614767967e-01
2.720154649771618360e-01 5.930200795527124091e-01 5.635817605614767967e-01
2.720154649771618360e-01 5.930200795527124091e-01 5.635817605614767967e-01
4.212783498582839403e-03 7.576165059370516541e-01 2.047872592247295953e-01
4.212783498582839403e-03 7.576165059370516541e-01 2.047872592247295953e-01
3.055444648638510063e-01 4.555174677017371221e-01 6.966357959296719526e-01
9.507567642237338412e-02 5.391823055593784053e-01 2.303663157615378210e-01
9.507567642237338412e-02 5.391823055593784053e-01 2.303663157615378210e-01
3.164558380849487040e-01 1.769963071300305057e-01 2.696880600755164892e-01
2.645996453015227456e-01 2.128039913625134338e-01 1.944949332981075751e-01
2.645996453015227456e-01 2.128039913625134338e-01 1.944949332981075751e-01
2.645996453015227456e-01 2.128039913625134338e-01 1.944949332981075751e-01
2.645996453015227456e-01 2.128039913625134338e-01 1.944949332981075751e-01
2.645996453015227456e-01 2.128039913625134338e-01 1.944949332981075751e-01
2.645996453015227456e-01 2.128039913625134338e-01 1.944949332981075751e-01
2.645996453015227456e-01 2.128039913625134338e-01 1.944949332981075751e-01
4.764322037345094518e-01 8.235774276056695431e-01 7.929563010187015010e-03
2.291297057984928165e-01 5.661943169686647348e-01 5.709482062041609796e-01
3.511776986632983988e-01 2.110186011682347873e-01 4.628666404608235974e-01
3.511776986632983988e-01 2.110186011682347873e-01 4.628666404608235974e-01
3.511776986632983988e-01 2.110186011682347873e-01 4.628666404608235974e-01
3.511776986632983988e-01 2.110186011682347873e-01 4.628666404608235974e-01
3.511776986632983988e-01 2.110186011682347873e-01 4.628666404608235974e-01
3.511776986632983988e-01 2.110186011682347873e-01 4.628666404608235974e-01
3.511776986632983988e-01 2.110186011682347873e-01 4.628666404608235974e-01
3.511776986632983988e-01 2.110186011682347873e-01 4.628666404608235974e-01
3.511776986632983988e-01 2.110186011682347873e-01 4.628666404608235974e-01
3.511776986632983988e-01 2.110186011682347873e-01 4.628666404608235974e-01
