2.489132485845457765e-01 1.481402749648903505e-01 3.705104909916843124e-03
2.277936054921039510e-01 5.634262994613811193e-01 2.164371333669328212e-01
1.498403542266548427e-01 6.985837274111249551e-01 2.483641341178094986e-01
1.498403542266548427e-01 6.985837274111249551e-01 2.483641341178094986e-01
1.498403542266548427e-01 6.985837274111249551e-01 2.483641341178094986e-01
1.498403542266548427e-01 6.985837274111249551e-01 2.483641341178094986e-01
2.280948657467177232e-01 1.121207758302154023e+00 4.757057822858291353e-03
-3.213142936311341735e-02 1.083769034678640164e+00 3.897991647077590077e-02
-5.616580479340266274e-01 1.509174975803843521e+00 1.257768101826951855e-03
-4.878266804427245362e-01 1.387485585202167693e+00 6.332701299016624437e-03
-6.521204634278442436e-01 1.387473736259539958e+00 1.291781471984445977e-02
-6.521204634278442436e-01 1.387473736259539958e+00 1.291781471984445977e-02
-7.893405845044910718e-01 1.333787261081999853e+00 3.271063411232380536e-02
-7.893405845044910718e-01 1.333787261081999853e+00 3.271063411232380536e-02
-9.743471105202259341e-01 8.538523861060691722e-01 1.178435305969502585e-02
-9.743471105202259341e-01 8.538523861060691722e-01 1.178435305969502585e-02
-9.743471105202259341e-01 8.538523861060691722e-01 1.178435305969502585e-02
-7.563794649527824099e-01 1.065772809742035143e+00 1.050073348910064569e-01
-8.768688512979609939e-01 1.046798363687213129e+00 7.261708600262831159e-02
-8.768688512979609939e-01 1.046798363687213129e+00 7.261708600262831159e-02
-8.768688512979609939e-01 1.046798363687213129e+00 7.261708600262831159e-02
-8.768688512979609939e-01 1.046798363687213129e+00 7.261708600262831159e-02
-8.768688512979609939e-01 1.046798363687213129e+00 7.261708600262831159e-02
-7.896892921363660722e-01 9.119187123964005437e-01 5.847903720725948495e-02
-7.896892921363660722e-01 9.119187123964005437e-01 5.847903720725948495e-02
-7.896892921363660722e-01 9.119187123964005437e-01 5.847903720725948495e-02
-7.896892921363660722e-01 9.119187123964005437e-01 5.847903720725948495e-02
-8.847222751196424095e-01 9.816762254200508409e-01 5.497922885382650754e-02
-8.847222751196424095e-01 9.816762254200508409e-01 5.497922885382650754e-02
-8.847222751196424095e-01 9.816762254200508409e-01 5.497922885382650754e-02
-8.847222751196424095e-01 9.816762254200508409e-01 5.497922885382650754e-02
-7.902976912651116237e-01 1.080264914122008424e+00 9.759967841816025169e-02
-5.925151276473222817e-01 9.105053542990855231e-01 1.252398428478177783e-01
-5.925151276473222817e-01 9.105053542990855231e-01 1.252398428478177783e-01
-6.204437408891469996e-01 8.309945983206064035e-01 7.776323346225343103e-02
-6.204437408891469996e-01 8.309945983206064035e-01 7.776323346225343103e-02
-8.315368516048129433e-01 1.000949266669935778e+00 7.458315362954488770e-02
-8.315368516048129433e-01 1.000949266669935778e+00 7.458315362954488770e-02
-9.214574547454098541e-01 1.470082844478256545e+00 1.068445142277059043e-02
-6.315143727226335546e-01 1.544391092296716783e+00 1.014532267822028941e-03
-6.315143727226335546e-01 1.544391092296716783e+00 1.014532267822028941e-03
-6.315143727226335546e-01 1.544391092296716783e+00 1.014532267822028941e-03
-6.315143727226335546e-01 1.544391092296716783e+00 1.014532267822028941e-03
-1.439974084642916763e+00 1.685380672943344482e+00 2.216064453308666873e-03
-1.897849470323513144e+00 1.229869682310594126e+00 2.678011100562500491e-04
-1.897849470323513144e+00 1.229869682310594126e+00 2.678011100562500491e-04
-1.897849470323513144e+00 1.229869682310594126e+00 2.678011100562500491e-04
-1.897849470323513144e+00 1.229869682310594126e+00 2.678011100562500491e-04
-1.559501980053781933e+00 1.173582977093816648e+00 3.075992834542917026e-03
-2.019105572236322477e+00 1.658254845823060375e+00 9.159222979025083292e-04
-1.667344810814495482e+00 1.859755437487289109e+00 3.280348716300654846e-04
-2.241444673114788344e+00 1.424039112540983032e+00 6.738226624164778719e-05
-2.063848639636483906e+00 1.789691308685856130e+00 4.808168965282851081e-04
-2.063848639636483906e+00 1.789691308685856130e+00 4.808168965282851081e-04
-2.063848639636483906e+00 1.789691308685856130e+00 4.808168965282851081e-04
-2.063848639636483906e+00 1.789691308685856130e+00 4.808168965282851081e-04
-2.063848639636483906e+00 1.789691308685856130e+00 4.808168965282851081e-04
-2.063848639636483906e+00 1.789691308685856130e+00 4.808168965282851081e-04
-2.063848639636483906e+00 1.789691308685856130e+00 4.808168965282851081e-04
-1.934229934122685846e+00 1.744382653932933680e+00 8.989468720237654481e-04
-1.934229934122685846e+00 1.744382653932933680e+00 8.989468720237654481e-04
-1.406568465951781199e+00 1.750936190305169449e+00 9.153280996283162056e-04
-1.406568465951781199e+00 1.750936190305169449e+00 9.153280996283162056e-04
-1.187291427344309147e+00 1.481503945274722511e+00 1.352673591763471628e-02
-1.187291427344309147e+00 1.481503945274722511e+00 1.352673591763471628e-02
-1.187291427344309147e+00 1.481503945274722511e+00 1.352673591763471628e-02
-1.295496626223889836e+00 1.503764256156050916e+00 1.129047214175016647e-02
-8.783109434202194254e-01 1.397667617791542582e+00 2.103279042790245218e-02
-8.783109434202194254e-01 1.397667617791542582e+00 2.103279042790245218e-02
-4.842555679284131775e-01 1.305077863768361768e+00 1.932499311581938745e-02
-3.631696264728727086e-01 1.244556774001624344e+00 2.497979035101373715e-02
-3.631696264728727086e-01 1.244556774001624344e+00 2.497979035101373715e-02
-2.780096112238789052e-01 6.130738972002895970e-01 7.198530479920153824e-02
-2.780096112238789052e-01 6.130738972002895970e-01 7.198530479920153824e-02
-6.243254896711161739e-02 5.749892386931126920e-01 1.257835736925353720e-01
-6.243254896711161739e-02 5.749892386931126920e-01 1.257835736925353720e-01
-1.507153724672073425e-01 7.073169401408228030e-01 1.974205047274755209e-01
-3.787265627540292723e-02 6.817133622850597430e-01 2.225433986760224359e-01
-3.787265627540292723e-02 6.817133622850597430e-01 2.225433986760224359e-01
2.092907372239247721e-01 6.849190133741662745e-01 2.418393923857096728e-01
2.092907372239247721e-01 6.849190133741662745e-01 2.418393923857096728e-01
2.425352329720199818e-01 7.671969913108775962e-01 1.829845121429551358e-01
6.304385827420716515e-01 4.817681179577674166e-01 1.687872448068604425e-01
6.304385827420716515e-01 4.817681179577674166e-01 1.687872448068604425e-01
8.618288501260492618e-01 6.167543694877535287e-01 4.057705394191044035e-02
8.618288501260492618e-01 6.167543694877535287e-01 4.057705394191044035e-02
1.198490281772825572e+00 4.775512676256316036e-01 1.699393498941283165e-02
7.864304559179216003e-01 9.586783225627470983e-02 2.432288150617452002e-02
7.864304559179216003e-01 9.586783225627470983e-02 2.432288150617452002e-02
1.030982878175753958e+00 -1.595234296317978862e-01 1.902180228206099910e-03
1.007698144357804804e+00 -2.694431095503705409e-01 2.271452883778728995e-04
1.007698144357804804e+00 -2.694431095503705409e-01 2.271452883778728995e-04
1.007698144357804804e+00 -2.694431095503705409e-01 2.271452883778728995e-04
8.546529198004874095e-01 -1.154579741843060614e-01 1.661952479742684558e-03
8.388271199324051075e-01 1.012976192630568595e-01 2.941905467895954834e-02
8.388271199324051075e-01 1.012976192630568595e-01 2.941905467895954834e-02
5.823186921924231596e-01 3.705745629192391810e-01 1.382251160258493872e-01
5.823186921924231596e-01 3.705745629192391810e-01 1.382251160258493872e-01
5.823186921924231596e-01 3.705745629192391810e-01 1.382251160258493872e-01
6.870280927485448164e-01 3.647232034433607883e-01 1.370585618675218553e-01
