2.489132485845457765e-01 1.481402749648903505e-01 3.123132334143000847e-03
2.489132485845457765e-01 1.481402749648903505e-01 3.123132334143000847e-03
5.120683151344915807e-01 8.710576992881504665e-01 5.115402371085483318e-02
5.120683151344915807e-01 8.710576992881504665e-01 5.115402371085483318e-02
5.120683151344915807e-01 8.710576992881504665e-01 5.115402371085483318e-02
1.777144455368486198e-01 8.738117808520167173e-01 1.409268101637036752e-01
1.777144455368486198e-01 8.738117808520167173e-01 1.409268101637036752e-01
-1.578572837490988534e-01 9.253904575634843699e-01 1.711178112313809507e-01
-1.347765789820969395e-01 5.542643955446120430e-01 8.458377397489012794e-02
-1.347765789820969395e-01 5.542643955446120430e-01 8.458377397489012794e-02
-1.347765789820969395e-01 5.542643955446120430e-01 8.458377397489012794e-02
-3.368370259590690030e-01 8.906860250474808449e-01 1.870526203571018509e-01
-3.368370259590690030e-01 8.906860250474808449e-01 1.870526203571018509e-01
-3.368370259590690030e-01 8.906860250474808449e-01 1.870526203571018509e-01
-3.547616833311946216e-01 1.057073675396429824e+00 1.018926722555328207e-01
-3.277639301415756212e-01 8.507608428707884585e-01 1.905740257699630735e-01
-4.965062592071816105e-01 6.986354232961811128e-01 6.491483405013660779e-02
1.396856059029455421e-01 3.785463377431578236e-01 4.702793417596756731e-02
2.369795566476070037e-01 9.234281940427635504e-01 8.122296518735976079e-02
2.369795566476070037e-01 9.234281940427635504e-01 8.122296518735976079e-02
2.905532168531566040e-01 6.286778396676013791e-01 2.773702578812826114e-01
2.905532168531566040e-01 6.286778396676013791e-01 2.773702578812826114e-01
6.517328240923370153e-02 5.697508714944958808e-01 1.738777450414632220e-01
-3.693496732269666571e-01 7.453761533626881430e-01 1.347747241696427289e-01
-3.693496732269666571e-01 7.453761533626881430e-01 1.347747241696427289e-01
-5.289192579229559099e-01 7.807111699058070231e-01 9.890940868965973631e-02
-5.289192579229559099e-01 7.807111699058070231e-01 9.890940868965973631e-02
-5.289192579229559099e-01 7.807111699058070231e-01 9.890940868965973631e-02
-7.069094158382832616e-02 7.224467227601105712e-01 2.301429113980192342e-01
-7.069094158382832616e-02 7.224467227601105712e-01 2.301429113980192342e-01
4.697652309876125254e-01 5.653444133049754239e-01 2.780305393682847570e-01
4.697652309876125254e-01 5.653444133049754239e-01 2.780305393682847570e-01
4.697652309876125254e-01 5.653444133049754239e-01 2.780305393682847570e-01
2.926208098838934957e-01 5.333892571584956110e-01 2.288152936017717187e-01
2.926208098838934957e-01 5.333892571584956110e-01 2.288152936017717187e-01
2.926208098838934957e-01 5.333892571584956110e-01 2.288152936017717187e-01
2.053392313368035405e-02 5.107013394492939673e-01 1.036109188997343805e-01
2.053392313368035405e-02 5.107013394492939673e-01 1.036109188997343805e-01
-1.352319144884501501e-01 5.266026379148507353e-01 6.616452683191942352e-02
-1.597097885182180710e-01 9.076016671881752540e-01 1.840172816652143328e-01
-1.597097885182180710e-01 9.076016671881752540e-01 1.840172816652143328e-01
1.320810734502569916e-02 5.614621555058606495e-01 1.449331875594371544e-01
4.508857860890185809e-01 3.107040858786773718e-01 7.711308113762625760e-02
4.508857860890185809e-01 3.107040858786773718e-01 7.711308113762625760e-02
4.508857860890185809e-01 3.107040858786773718e-01 7.711308113762625760e-02
7.563833556723748019e-01 2.052594962237819232e-01 7.283325465200118920e-02
7.563833556723748019e-01 2.052594962237819232e-01 7.283325465200118920e-02
7.247049659017577028e-01 2.776756330668395112e-01 1.225877779999065553e-01
7.247049659017577028e-01 2.776756330668395112e-01 1.225877779999065553e-01
6.379304041330920994e-01 3.866657258552579357e-01 2.004883838302365384e-01
5.005228122137455049e-01 6.527868261742817424e-01 2.418181048091332941e-01
9.238548163572097849e-01 3.170832220896767639e-01 1.929065963514439153e-01
9.000905547303883480e-01 2.578061448118032506e-01 1.448414626284919293e-01
1.096086585013413162e+00 3.577197299660416219e-01 1.921733795032213865e-01
1.096086585013413162e+00 3.577197299660416219e-01 1.921733795032213865e-01
1.096086585013413162e+00 3.577197299660416219e-01 1.921733795032213865e-01
1.096086585013413162e+00 3.577197299660416219e-01 1.921733795032213865e-01
1.285844476307022255e+00 2.123750770430386792e-01 1.407985501832128838e-01
1.285844476307022255e+00 2.123750770430386792e-01 1.407985501832128838e-01
1.285844476307022255e+00 2.123750770430386792e-01 1.407985501832128838e-01
1.282845628392057291e+00 6.404876926167464291e-01 1.649965345364483305e-02
1.282845628392057291e+00 6.404876926167464291e-01 1.649965345364483305e-02
7.581569171915998329e-01 3.561373742393748043e-01 2.001442523915849536e-01
1.120166355370512346e+00 1.021467838156489560e-01 6.897698918255293354e-02
1.173559162629955965e+00 2.973984765150723408e-01 1.745374009045080332e-01
1.173559162629955965e+00 2.973984765150723408e-01 1.745374009045080332e-01
1.173559162629955965e+00 2.973984765150723408e-01 1.745374009045080332e-01
1.173559162629955965e+00 2.973984765150723408e-01 1.745374009045080332e-01
1.133748920926318071e+00 3.957301711049922011e-01 1.736982720263139934e-01
8.181133786980587796e-01 7.208840078312397370e-01 6.771734872802624705e-02
6.283629602807423442e-01 5.898477122713262633e-01 2.451323585037334940e-01
6.283629602807423442e-01 5.898477122713262633e-01 2.451323585037334940e-01
6.283629602807423442e-01 5.898477122713262633e-01 2.451323585037334940e-01
5.979519060478944992e-01 7.145554100612342419e-01 1.486780788002541598e-01
5.979519060478944992e-01 7.145554100612342419e-01 1.486780788002541598e-01
1.025072004169584883e+00 4.306216551197256659e-01 1.959838613993530321e-01
1.025072004169584883e+00 4.306216551197256659e-01 1.959838613993530321e-01
1.025072004169584883e+00 4.306216551197256659e-01 1.959838613993530321e-01
1.025072004169584883e+00 4.306216551197256659e-01 1.959838613993530321e-01
9.006120790524674291e-01 4.561634126778311149e-01 2.248613151561093815e-01
9.006120790524674291e-01 4.561634126778311149e-01 2.248613151561093815e-01
9.006120790524674291e-01 4.561634126778311149e-01 2.248613151561093815e-01
9.006120790524674291e-01 4.561634126778311149e-01 2.248613151561093815e-01
8.862581371756081960e-01 5.372328084110173929e-01 1.869612959120336704e-01
8.862581371756081960e-01 5.372328084110173929e-01 1.869612959120336704e-01
1.084824901427273947e+00 6.027866891289623830e-01 6.613962962980639293e-02
1.222329996046399803e+00 1.542259596775255037e-01 1.120065203997343828e-01
1.222329996046399803e+00 1.542259596775255037e-01 1.120065203997343828e-01
1.219634681693363865e+00 1.061266391380267099e-01 8.326727409580361727e-02
1.077931182696253209e+00 4.082977580412820717e-02 3.437075292380511321e-02
8.063722377427094967e-01 2.728777659287739410e-01 1.382263159944344399e-01
9.901323189042006145e-01 2.928383964419233876e-01 1.820801592278082082e-01
1.371682924645460488e+00 2.190098928487733132e-01 1.333572009211355380e-01
1.745415467830231604e+00 1.395469963329208918e-01 6.994485039307291041e-02
1.426492463116854292e+00 4.875325054299455840e-01 3.970144437078495375e-02
1.426492463116854292e+00 4.875325054299455840e-01 3.970144437078495375e-02
1.166141022910712532e+00 2.791187463327025609e-01 1.715690561749802501e-01
8.598147750369823372e-01 3.310499811707152129e-01 1.961695292202108032e-01
8.598147750369823372e-01 3.310499811707152129e-01 1.961695292202108032e-01
8.598147750369823372e-01 3.310499811707152129e-01 1.961695292202108032e-01
