2.489132485845457765e-01 1.481402749648903505e-01 2.573915287791840936e-02
3.783316857986447346e-01 4.373661057042562694e-01 2.631630495514684642e-01
3.783316857986447346e-01 4.373661057042562694e-01 2.631630495514684642e-01
3.783316857986447346e-01 4.373661057042562694e-01 2.631630495514684642e-01
3.783316857986447346e-01 4.373661057042562694e-01 2.631630495514684642e-01
3.783316857986447346e-01 4.373661057042562694e-01 2.631630495514684642e-01
3.783316857986447346e-01 4.373661057042562694e-01 2.631630495514684642e-01
3.783316857986447346e-01 4.373661057042562694e-01 2.631630495514684642e-01
6.756584007314736517e-01 2.814253492854317251e-01 3.135454205203900280e-01
4.479692258636473468e-01 2.143115144244517323e-02 1.299293800148975109e-01
3.488626889408917853e-01 2.621970696374559262e-01 1.697619723380030254e-01
7.454419280997854891e-01 4.014917230140553350e-01 8.117964861501074381e-02
7.755738301849701699e-01 3.629003155543503167e-01 8.384750024598530693e-02
1.082788245586823184e+00 -3.840801697357038025e-02 7.578632562083634228e-02
8.650741209286766376e-01 1.324967285801209593e-01 2.104737137430197913e-01
8.650741209286766376e-01 1.324967285801209593e-01 2.104737137430197913e-01
8.650741209286766376e-01 1.324967285801209593e-01 2.104737137430197913e-01
8.767899506583353153e-01 -2.357399248727648500e-02 4.157314512688878860e-01
9.460501808107066868e-01 2.033875865601280503e-02 2.119106852020463949e-01
3.152446764124933187e-01 4.750658707497911748e-01 2.057244212332300648e-01
5.578890815819843585e-01 -1.898050553854486178e-01 9.650068478297860186e-02
9.595014679303663918e-01 -1.752147501682072561e-01 4.346604988960755533e-01
6.226544012567725161e-01 1.184841880682743209e-01 5.052175019026658997e-01
6.226544012567725161e-01 1.184841880682743209e-01 5.052175019026658997e-01
6.226544012567725161e-01 1.184841880682743209e-01 5.052175019026658997e-01
6.226544012567725161e-01 1.184841880682743209e-01 5.052175019026658997e-01
6.226544012567725161e-01 1.184841880682743209e-01 5.052175019026658997e-01
6.226544012567725161e-01 1.184841880682743209e-01 5.052175019026658997e-01
6.226544012567725161e-01 1.184841880682743209e-01 5.052175019026658997e-01
6.566688646451549483e-01 -2.704443477150364483e-02 4.723136793002066791e-01
6.566688646451549483e-01 -2.704443477150364483e-02 4.723136793002066791e-01
6.566688646451549483e-01 -2.704443477150364483e-02 4.723136793002066791e-01
6.566688646451549483e-01 -2.704443477150364483e-02 4.723136793002066791e-01
6.566688646451549483e-01 -2.704443477150364483e-02 4.723136793002066791e-01
6.566688646451549483e-01 -2.704443477150364483e-02 4.723136793002066791e-01
6.566688646451549483e-01 -2.704443477150364483e-02 4.723136793002066791e-01
6.566688646451549483e-01 -2.704443477150364483e-02 4.723136793002066791e-01
6.566688646451549483e-01 -2.704443477150364483e-02 4.723136793002066791e-01
6.566688646451549483e-01 -2.704443477150364483e-02 4.723136793002066791e-01
6.566688646451549483e-01 -2.704443477150364483e-02 4.723136793002066791e-01
6.901741458269342600e-01 1.210485807222514421e-01 5.074708169493761245e-01
6.326080718167017558e-01 4.318699204774818501e-01 1.670031649378070637e-01
6.326080718167017558e-01 4.318699204774818501e-01 1.670031649378070637e-01
6.326080718167017558e-01 4.318699204774818501e-01 1.670031649378070637e-01
3.607339329171562747e-01 6.329117538465152126e-01 1.589544446163173030e-01
2.349631920713798894e-01 6.100476092904111303e-01 1.389229260083818251e-01
4.542398620214171956e-01 3.101308852983993836e-01 3.445187948614330531e-01
6.997811194254435208e-01 2.922267526780177316e-01 2.611559653751424626e-01
6.997811194254435208e-01 2.922267526780177316e-01 2.611559653751424626e-01
6.997811194254435208e-01 2.922267526780177316e-01 2.611559653751424626e-01
7.773637567529276815e-01 -4.072888749533903896e-02 5.643112249641217826e-01
7.773637567529276815e-01 -4.072888749533903896e-02 5.643112249641217826e-01
9.256324723449997904e-01 -6.178065451330232855e-02 3.669772853772148569e-01
7.823245113260701711e-01 1.384568192769401740e-01 3.567988152389004464e-01
7.823245113260701711e-01 1.384568192769401740e-01 3.567988152389004464e-01
4.143550020739865669e-01 4.291904127757556475e-01 2.892216583835431343e-01
4.143550020739865669e-01 4.291904127757556475e-01 2.892216583835431343e-01
5.899523577086415171e-01 -6.340684290509868148e-02 2.898397496388793182e-01
5.899523577086415171e-01 -6.340684290509868148e-02 2.898397496388793182e-01
4.205807566602669523e-01 2.851961386452264713e-01 2.935449292054549408e-01
4.205807566602669523e-01 2.851961386452264713e-01 2.935449292054549408e-01
4.205807566602669523e-01 2.851961386452264713e-01 2.935449292054549408e-01
4.205807566602669523e-01 2.851961386452264713e-01 2.935449292054549408e-01
5.990915373682756950e-01 2.225942666845029949e-01 4.565164229800386941e-01
5.990915373682756950e-01 2.225942666845029949e-01 4.565164229800386941e-01
5.990915373682756950e-01 2.225942666845029949e-01 4.565164229800386941e-01
5.032598605742149012e-01 2.674918339774652876e-01 3.955476697972550304e-01
5.032598605742149012e-01 2.674918339774652876e-01 3.955476697972550304e-01
5.032598605742149012e-01 2.674918339774652876e-01 3.955476697972550304e-01
5.032598605742149012e-01 2.674918339774652876e-01 3.955476697972550304e-01
6.684001274424893335e-01 2.622174133655140182e-01 3.524972095695238505e-01
8.090091175256407530e-01 4.516858455075921652e-01 2.226010246118355351e-02
5.986309044882539565e-01 1.776255982109316567e-01 4.808753423228769863e-01
4.687013571233921150e-01 1.767994756560382075e-01 3.078470140568831392e-01
4.687013571233921150e-01 1.767994756560382075e-01 3.078470140568831392e-01
4.687013571233921150e-01 1.767994756560382075e-01 3.078470140568831392e-01
4.687013571233921150e-01 1.767994756560382075e-01 3.078470140568831392e-01
4.687013571233921150e-01 1.767994756560382075e-01 3.078470140568831392e-01
4.012805454385209858e-01 4.597483903206355249e-01 2.699374533915965824e-01
5.909576658125818005e-01 4.444833204291052664e-01 1.982096130372793252e-01
5.909576658125818005e-01 4.444833204291052664e-01 1.982096130372793252e-01
4.836385153903096645e-01 3.323521870579180248e-01 3.653612296876192489e-01
4.836385153903096645e-01 3.323521870579180248e-01 3.653612296876192489e-01
4.836385153903096645e-01 3.323521870579180248e-01 3.653612296876192489e-01
4.836385153903096645e-01 3.323521870579180248e-01 3.653612296876192489e-01
5.454418408837914400e-01 -1.607966318400192995e-01 1.051623450765358792e-01
5.454418408837914400e-01 -1.607966318400192995e-01 1.051623450765358792e-01
1.003406613314439699e+00 -2.291361333488744489e-01 4.020734570241126238e-01
1.003406613314439699e+00 -2.291361333488744489e-01 4.020734570241126238e-01
1.003406613314439699e+00 -2.291361333488744489e-01 4.020734570241126238e-01
1.003406613314439699e+00 -2.291361333488744489e-01 4.020734570241126238e-01
8.596959294213490921e-01 -9.390698154649765317e-02 5.245579059885765449e-01
8.596959294213490921e-01 -9.390698154649765317e-02 5.245579059885765449e-01
8.863317054873657286e-01 -3.019032151657879970e-01 4.787757554017521566e-01
8.863317054873657286e-01 -3.019032151657879970e-01 4.787757554017521566e-01
8.863317054873657286e-01 -3.019032151657879970e-01 4.787757554017521566e-01
8.863317054873657286e-01 -3.019032151657879970e-01 4.787757554017521566e-01
8.863317054873657286e-01 -3.019032151657879970e-01 4.787757554017521566e-01
8.863317054873657286e-01 -3.019032151657879970e-01 4.787757554017521566e-01
8.863317054873657286e-01 -3.019032151657879970e-01 4.787757554017521566e-01
