2.489132485845457765e-01 1.481402749648903505e-01 2.654005191915262841e-03
2.489132485845457765e-01 1.481402749648903505e-01 2.654005191915262841e-03
2.489132485845457765e-01 1.481402749648903505e-01 2.654005191915262841e-03
2.489132485845457765e-01 1.481402749648903505e-01 2.654005191915262841e-03
2.489132485845457765e-01 1.481402749648903505e-01 2.654005191915262841e-03
4.459859198942343061e-01 5.055504173152342018e-01 9.756484416979428753e-02
2.878553984318691916e-01 6.187776978902295166e-01 8.938261162216863676e-02
5.579993904327489318e-01 7.022928769136902449e-01 7.551827532072374893e-02
2.317714637097122998e-01 8.054644843139964205e-01 8.316737356409154014e-02
2.317714637097122998e-01 8.054644843139964205e-01 8.316737356409154014e-02
2.317714637097122998e-01 8.054644843139964205e-01 8.316737356409154014e-02
-9.846349317077507379e-02 6.345196889352922032e-01 2.386946737134672952e-02
-3.353116462668698783e-01 1.103316608094757623e+00 4.574505729655624353e-02
8.148428461429241265e-02 8.112592417987591897e-01 7.803157964972370908e-02
3.347480721241583024e-02 7.492626858598453454e-01 6.662098922722337058e-02
1.079580968112944239e-01 6.188504892863275764e-01 5.549610242290885925e-02
2.103087686852699867e-01 5.775634713654875796e-01 6.675630688514883060e-02
2.103087686852699867e-01 5.775634713654875796e-01 6.675630688514883060e-02
2.103087686852699867e-01 5.775634713654875796e-01 6.675630688514883060e-02
2.103087686852699867e-01 5.775634713654875796e-01 6.675630688514883060e-02
5.404367774471379171e-01 3.680834843926465982e-01 8.346089247519035415e-02
4.388149155988884109e-01 5.046230619265595907e-01 9.615758869366948514e-02
4.388149155988884109e-01 5.046230619265595907e-01 9.615758869366948514e-02
4.388149155988884109e-01 5.046230619265595907e-01 9.615758869366948514e-02
7.727033685375350736e-02 6.280266744278413249e-01 5.154929954698835026e-02
1.863897336387579373e-01 5.473355199528153747e-01 5.442373744156719928e-02
-1.248784646711809110e-01 9.197488386490337842e-01 6.108093634513293152e-02
-1.248784646711809110e-01 9.197488386490337842e-01 6.108093634513293152e-02
1.702922035479498275e-02 9.555542631213822524e-01 6.555719308089760777e-02
1.702922035479498275e-02 9.555542631213822524e-01 6.555719308089760777e-02
-3.084203048693173743e-02 5.930370949436259975e-01 2.610832953403241508e-02
-3.084203048693173743e-02 5.930370949436259975e-01 2.610832953403241508e-02
-8.861017883378818905e-02 5.783896860055537381e-01 1.689128849152043976e-02
-8.861017883378818905e-02 5.783896860055537381e-01 1.689128849152043976e-02
-3.139397913779923832e-01 8.074121772658673368e-01 2.232540247375318712e-02
-4.923688550672569719e-01 1.098062056264676789e+00 3.313954240233846910e-02
-3.169098582328006009e-01 7.308957847706520905e-01 1.316760689367654259e-02
-3.675161813558984192e-01 8.683121852435295995e-01 2.387451633975206863e-02
-3.675161813558984192e-01 8.683121852435295995e-01 2.387451633975206863e-02
-4.639431048658000933e-01 1.336174464005088769e+00 2.678969674194096179e-02
-4.511874011362397296e-01 9.521524527915790070e-01 2.426272896841931079e-02
-4.542846236768023904e-01 1.051411932529203508e+00 3.369508009254163633e-02
-4.574043532679753499e-01 1.165477330835605452e+00 3.788754652480089830e-02
-5.659871712013502254e-01 1.228634637742850533e+00 3.145333981840233578e-02
-5.659871712013502254e-01 1.228634637742850533e+00 3.145333981840233578e-02
-1.152882051696865195e-01 7.585024545821363873e-01 4.287718515499357175e-02
7.712259101545007600e-02 6.164282534030475214e-01 4.895080321483833569e-02
1.622398269762664047e-01 1.039502063702552714e+00 3.669994587711856299e-02
1.622398269762664047e-01 1.039502063702552714e+00 3.669994587711856299e-02
1.622398269762664047e-01 1.039502063702552714e+00 3.669994587711856299e-02
1.158330883612743861e-01 6.673447021282381542e-01 6.728161965939387368e-02
-1.245704782927303661e-01 9.275396081123897796e-01 6.136805460564292297e-02
-2.087513019148897198e-01 1.085469847696663104e+00 5.095997680013693298e-02
-1.234165830266049507e-01 8.808922210075094128e-01 5.880347639183395453e-02
-1.234165830266049507e-01 8.808922210075094128e-01 5.880347639183395453e-02
1.225883150887556866e-01 1.144451635357685682e+00 2.022347760773080677e-02
1.081522584979172502e-01 9.926270272956880802e-01 5.309355868401804956e-02
1.081522584979172502e-01 9.926270272956880802e-01 5.309355868401804956e-02
-1.734860705789955659e-01 9.417582158768502687e-01 5.699107794274152483e-02
3.136058013168202541e-01 8.511458591908694915e-01 6.662766025674472792e-02
1.247221500621052692e-01 9.890503949185153187e-01 5.236191977509539047e-02
1.247221500621052692e-01 9.890503949185153187e-01 5.236191977509539047e-02
-2.603997780517030014e-01 1.103285161803043701e+00 4.864638033254740229e-02
-7.078184945810275797e-02 1.192126963933906714e+00 2.773513682727996726e-02
-4.732371880183962320e-02 1.224006524472974977e+00 2.082011781319295304e-02
-4.732371880183962320e-02 1.224006524472974977e+00 2.082011781319295304e-02
9.387295602258809157e-02 7.592726266885658770e-01 7.686951879850649483e-02
9.387295602258809157e-02 7.592726266885658770e-01 7.686951879850649483e-02
1.782008120353295588e-01 8.148731770329604718e-01 8.247937218582092334e-02
3.473592201337296625e-01 5.011319059073982007e-01 7.710710838038432879e-02
3.718703036465349498e-01 6.631485633999282259e-01 9.909394989508386875e-02
-1.735215821250867263e-01 9.998121327156007654e-01 5.757236529200826514e-02
-1.780707861239585466e-01 8.475618733001426541e-01 4.707495269986930464e-02
-1.780707861239585466e-01 8.475618733001426541e-01 4.707495269986930464e-02
-1.780707861239585466e-01 8.475618733001426541e-01 4.707495269986930464e-02
-2.997934399697511076e-01 8.513660818142274600e-01 3.003905747937670248e-02
-4.624601427928998199e-02 8.437590411270341484e-01 6.563283192388760789e-02
-4.624601427928998199e-02 8.437590411270341484e-01 6.563283192388760789e-02
-4.317796002360778651e-01 1.328672835158779986e+00 2.682253824657096844e-02
-4.317796002360778651e-01 1.328672835158779986e+00 2.682253824657096844e-02
-5.611871279567395288e-01 1.565603800572020976e+00 8.638158241003970200e-03
-5.611871279567395288e-01 1.565603800572020976e+00 8.638158241003970200e-03
-5.611871279567395288e-01 1.565603800572020976e+00 8.638158241003970200e-03
-5.611871279567395288e-01 1.565603800572020976e+00 8.638158241003970200e-03
-6.562310914405592444e-01 1.190782151893012619e+00 2.417767501601521263e-02
-6.646174924050850530e-01 1.085823396320391598e+00 1.651000641285288797e-02
-6.646174924050850530e-01 1.085823396320391598e+00 1.651000641285288797e-02
-6.646174924050850530e-01 1.085823396320391598e+00 1.651000641285288797e-02
-6.793755653316412291e-01 1.034041666365567824e+00 1.166181159560032710e-02
-6.236821824649314561e-01 1.083865087907116553e+00 1.975027555057932982e-02
-5.527737380188811889e-01 1.019402031888323457e+00 2.066886667665037564e-02
-5.148996801860865613e-01 9.973305299432509985e-01 2.226799445158353721e-02
-6.617169402437342862e-01 1.193865425795355373e+00 2.390864995881766125e-02
-6.617169402437342862e-01 1.193865425795355373e+00 2.390864995881766125e-02
-5.597554850120567416e-01 1.374299813562916306e+00 2.465349591962493966e-02
-7.619881114158844060e-01 1.332727050949471526e+00 2.160419132235681314e-02
-7.619881114158844060e-01 1.332727050949471526e+00 2.160419132235681314e-02
-7.619881114158844060e-01 1.332727050949471526e+00 2.160419132235681314e-02
-7.619881114158844060e-01 1.332727050949471526e+00 2.160419132235681314e-02
-7.619881114158844060e-01 1.332727050949471526e+00 2.160419132235681314e-02
