2.489132485845457765e-01 1.481402749648903505e-01 2.609825334395620214e-03
4.660636344395732156e-01 7.405005476170602174e-02 3.538536587318362892e-03
5.999697003805422035e-01 4.188220118248527912e-01 9.813149582616018107e-02
5.999697003805422035e-01 4.188220118248527912e-01 9.813149582616018107e-02
5.999697003805422035e-01 4.188220118248527912e-01 9.813149582616018107e-02
9.463834904464716313e-01 3.293380293218726163e-01 5.866560291916492892e-02
9.463834904464716313e-01 3.293380293218726163e-01 5.866560291916492892e-02
1.085771420202350512e+00 3.276675603999917308e-01 4.057220355596379696e-02
1.045780714685641932e+00 2.804080902667035469e-01 4.694259143541069240e-02
1.045780714685641932e+00 2.804080902667035469e-01 4.694259143541069240e-02
8.373045327098589397e-01 6.969880098651370925e-01 2.046933805775337165e-02
6.641015996253104570e-01 1.233782301084017652e-01 1.650872949280542470e-02
1.414122530830203006e-01 2.137092681017838669e-01 3.354737305179657583e-03
6.013349002017346345e-01 7.842120320652054555e-02 7.734940003126807885e-03
6.013349002017346345e-01 7.842120320652054555e-02 7.734940003126807885e-03
7.222224734930500212e-01 5.934882393679727919e-01 6.945890917051179836e-02
7.222224734930500212e-01 5.934882393679727919e-01 6.945890917051179836e-02
1.678143008226051780e-01 4.937160521575393313e-01 8.149910034680576953e-02
1.678143008226051780e-01 4.937160521575393313e-01 8.149910034680576953e-02
1.678143008226051780e-01 4.937160521575393313e-01 8.149910034680576953e-02
1.678143008226051780e-01 4.937160521575393313e-01 8.149910034680576953e-02
1.678143008226051780e-01 4.937160521575393313e-01 8.149910034680576953e-02
1.678143008226051780e-01 4.937160521575393313e-01 8.149910034680576953e-02
1.678143008226051780e-01 4.937160521575393313e-01 8.149910034680576953e-02
1.678143008226051780e-01 4.937160521575393313e-01 8.149910034680576953e-02
-1.965411949851798568e-01 9.364854931182406972e-01 2.263875260353147290e-01
-1.965411949851798568e-01 9.364854931182406972e-01 2.263875260353147290e-01
-2.114555038240563123e-01 8.296592444622240548e-01 1.958213390548389221e-01
-2.114555038240563123e-01 8.296592444622240548e-01 1.958213390548389221e-01
-1.598797256747481743e-01 9.875375162616293334e-01 2.051783322681826338e-01
-1.598797256747481743e-01 9.875375162616293334e-01 2.051783322681826338e-01
-1.598797256747481743e-01 9.875375162616293334e-01 2.051783322681826338e-01
-6.498166094111351709e-02 1.190667246364700560e+00 4.627646579847849440e-02
-6.498166094111351709e-02 1.190667246364700560e+00 4.627646579847849440e-02
-6.498166094111351709e-02 1.190667246364700560e+00 4.627646579847849440e-02
-6.498166094111351709e-02 1.190667246364700560e+00 4.627646579847849440e-02
-6.498166094111351709e-02 1.190667246364700560e+00 4.627646579847849440e-02
2.811305913831754766e-02 1.049035251761925469e+00 9.341939276680222282e-02
-6.143151869174381940e-02 1.083734812174739437e+00 1.052643592373606884e-01
-6.143151869174381940e-02 1.083734812174739437e+00 1.052643592373606884e-01
2.858212330572200699e-01 7.695283037257860670e-01 1.497779388278588364e-01
2.858212330572200699e-01 7.695283037257860670e-01 1.497779388278588364e-01
2.858212330572200699e-01 7.695283037257860670e-01 1.497779388278588364e-01
-4.694542228471401124e-01 7.091957078995164698e-01 3.807201866447017247e-02
-4.694542228471401124e-01 7.091957078995164698e-01 3.807201866447017247e-02
-4.694542228471401124e-01 7.091957078995164698e-01 3.807201866447017247e-02
-4.694542228471401124e-01 7.091957078995164698e-01 3.807201866447017247e-02
-3.583972628621786005e-01 1.040195209976446655e+00 2.259174666279045174e-01
-3.583972628621786005e-01 1.040195209976446655e+00 2.259174666279045174e-01
-3.583972628621786005e-01 1.040195209976446655e+00 2.259174666279045174e-01
-8.779747644018618402e-01 1.394009258090415759e+00 1.435639170020883704e-01
-8.039213813619491278e-01 1.300751209664399166e+00 1.766269671659571605e-01
-5.260369778243071393e-01 1.319340049485780764e+00 1.090720636696266843e-01
-5.260369778243071393e-01 1.319340049485780764e+00 1.090720636696266843e-01
-5.260369778243071393e-01 1.319340049485780764e+00 1.090720636696266843e-01
-5.246905210142196463e-01 6.975850986494551709e-01 2.456771170032650414e-02
-5.246905210142196463e-01 6.975850986494551709e-01 2.456771170032650414e-02
9.401863778138697114e-02 5.112996006584047404e-01 7.460618533724353019e-02
4.326425951262813929e-01 8.409599340124799260e-01 6.414309014515785778e-02
3.891599886839173794e-01 8.414973533133185413e-01 7.778922185483987117e-02
-8.462038045123210228e-02 6.933014708401912252e-01 1.432077709210450855e-01
-8.462038045123210228e-02 6.933014708401912252e-01 1.432077709210450855e-01
-8.462038045123210228e-02 6.933014708401912252e-01 1.432077709210450855e-01
-3.681414172584066558e-01 7.777588659528903436e-01 1.052137331344783627e-01
-8.341689311386129013e-01 1.129303083414467723e+00 1.469510034605469306e-01
-8.341689311386129013e-01 1.129303083414467723e+00 1.469510034605469306e-01
-8.341689311386129013e-01 1.129303083414467723e+00 1.469510034605469306e-01
-8.341689311386129013e-01 1.129303083414467723e+00 1.469510034605469306e-01
-7.148088504729515069e-01 9.852307661684558404e-01 1.102255152118064019e-01
-3.217921910272005803e-01 7.432138604684268568e-01 9.810666081969565688e-02
-3.217921910272005803e-01 7.432138604684268568e-01 9.810666081969565688e-02
-1.721997605230221329e-01 8.509002578707824949e-01 2.137344268655421431e-01
2.525370609589729920e-01 9.150826402943605942e-01 8.841187742825239171e-02
2.525370609589729920e-01 9.150826402943605942e-01 8.841187742825239171e-02
7.392249751131170221e-01 4.631651045021353275e-01 8.818142052458059765e-02
7.392249751131170221e-01 4.631651045021353275e-01 8.818142052458059765e-02
4.106153534429698437e-01 7.202183937692143711e-01 1.247510358327313107e-01
4.106153534429698437e-01 7.202183937692143711e-01 1.247510358327313107e-01
9.545783905495752730e-02 6.433081780687839313e-01 1.556874436067114675e-01
9.545783905495752730e-02 6.433081780687839313e-01 1.556874436067114675e-01
9.545783905495752730e-02 6.433081780687839313e-01 1.556874436067114675e-01
9.545783905495752730e-02 6.433081780687839313e-01 1.556874436067114675e-01
9.545783905495752730e-02 6.433081780687839313e-01 1.556874436067114675e-01
9.545783905495752730e-02 6.433081780687839313e-01 1.556874436067114675e-01
2.152628807158277202e-02 7.394196409610750420e-01 1.929854567636161700e-01
2.152628807158277202e-02 7.394196409610750420e-01 1.929854567636161700e-01
5.321913896003851313e-02 8.973881997041568415e-01 1.776191048280589824e-01
5.321913896003851313e-02 8.973881997041568415e-01 1.776191048280589824e-01
-1.422495198300489927e-01 8.314203651583241816e-01 2.104684204481089005e-01
-5.812859641373017139e-01 1.105266274109174329e+00 2.148989062080026713e-01
-5.812859641373017139e-01 1.105266274109174329e+00 2.148989062080026713e-01
-5.812859641373017139e-01 1.105266274109174329e+00 2.148989062080026713e-01
-2.387012438379571555e-01 1.203428534418040430e+00 9.116363060195901979e-02
-3.945904403359373758e-01 9.410405506118186825e-01 2.057296374932969796e-01
-3.945904403359373758e-01 9.410405506118186825e-01 2.057296374932969796e-01
-3.945904403359373758e-01 9.410405506118186825e-01 2.057296374932969796e-01
-3.346226964990779984e-01 1.095731540900295453e+00 1.998332478867336226e-01
-3.346226964990779984e-01 1.095731540900295453e+00 1.998332478867336226e-01
-3.346226964990779984e-01 1.095731540900295453e+00 1.998332478867336226e-01
-2.413828467110432086e-01 7.449868967150317101e-01 1.280634160363848251e-01
