2.489132485845457765e-01 1.481402749648903505e-01 2.075053843783545952e-03
2.489132485845457765e-01 1.481402749648903505e-01 2.075053843783545952e-03
2.489132485845457765e-01 1.481402749648903505e-01 2.075053843783545952e-03
6.438595082522942104e-01 3.149373604990821085e-02 3.579009405901700889e-03
6.438595082522942104e-01 3.149373604990821085e-02 3.579009405901700889e-03
7.516621784447640175e-01 3.934370191273935113e-02 6.897735042345162423e-03
1.128185085523810027e+00 3.935460008415089805e-01 1.056435112454350705e-01
7.800930625653228478e-01 6.459885187811512663e-01 1.129898909790173905e-01
7.800930625653228478e-01 6.459885187811512663e-01 1.129898909790173905e-01
9.869635573190820299e-01 2.830501885221438640e-01 9.920867075474000540e-02
6.858487932478640747e-01 5.998967774262833341e-01 1.554605448287436353e-01
4.858956541754221314e-01 3.910638042511385692e-01 8.774228714793601280e-02
6.420417104873620273e-01 5.373556398865164674e-01 1.678576528089831543e-01
6.236718541115116032e-01 5.734861912784875448e-01 1.706859013266540936e-01
6.236718541115116032e-01 5.734861912784875448e-01 1.706859013266540936e-01
6.236718541115116032e-01 5.734861912784875448e-01 1.706859013266540936e-01
1.200901234187000899e+00 7.302710335402087249e-01 9.912859369079216401e-03
1.041873663107842685e+00 3.609356679179543392e-01 1.173877256936178282e-01
1.041873663107842685e+00 3.609356679179543392e-01 1.173877256936178282e-01
1.207586449960611708e+00 2.479138073695252853e-02 2.854371392641408267e-02
1.207586449960611708e+00 2.479138073695252853e-02 2.854371392641408267e-02
1.025093878867502584e+00 1.420156415431975128e-01 4.849058979351267284e-02
6.595267376911171375e-01 5.103378380651484303e-01 1.631639126339506640e-01
6.595267376911171375e-01 5.103378380651484303e-01 1.631639126339506640e-01
9.415421492776873125e-01 2.591996658527490616e-01 8.657647419332224759e-02
9.415421492776873125e-01 2.591996658527490616e-01 8.657647419332224759e-02
9.415421492776873125e-01 2.591996658527490616e-01 8.657647419332224759e-02
9.256299501943292540e-01 3.377887559923018479e-01 1.159209489357864858e-01
9.256299501943292540e-01 3.377887559923018479e-01 1.159209489357864858e-01
1.287924062924953317e+00 1.924726830773213215e-01 7.767811648674953495e-02
1.309719913313768469e+00 2.034005767411759535e-01 7.915228858554620994e-02
1.259195204433785742e+00 1.916207458082909154e-01 7.776907101872448935e-02
1.633786520335140935e+00 7.119781912873490715e-02 4.866272071391850723e-02
1.498065884162040229e+00 4.294929169586471640e-01 3.147462196290127384e-02
1.657855790174956656e+00 2.684934897412012411e-01 3.917685134963397320e-02
1.657855790174956656e+00 2.684934897412012411e-01 3.917685134963397320e-02
1.657855790174956656e+00 2.684934897412012411e-01 3.917685134963397320e-02
1.657855790174956656e+00 2.684934897412012411e-01 3.917685134963397320e-02
1.657855790174956656e+00 2.684934897412012411e-01 3.917685134963397320e-02
1.284140293547550105e+00 4.180602602731132711e-01 7.060742581814627439e-02
1.284140293547550105e+00 4.180602602731132711e-01 7.060742581814627439e-02
1.284140293547550105e+00 4.180602602731132711e-01 7.060742581814627439e-02
1.284140293547550105e+00 4.180602602731132711e-01 7.060742581814627439e-02
1.587360435035495509e+00 4.336121292253393156e-01 2.048324640586624348e-02
1.534366117762371973e+00 4.968005405115694106e-01 1.597511745646174042e-02
1.571771590959901710e+00 3.603314185899575417e-01 3.508089907760074400e-02
1.571771590959901710e+00 3.603314185899575417e-01 3.508089907760074400e-02
1.571771590959901710e+00 3.603314185899575417e-01 3.508089907760074400e-02
1.290615811052509887e+00 3.595072594288366563e-01 8.184650668169900223e-02
1.290615811052509887e+00 3.595072594288366563e-01 8.184650668169900223e-02
1.180905802110433278e+00 4.290807996032972027e-01 8.901627908194084671e-02
1.180905802110433278e+00 4.290807996032972027e-01 8.901627908194084671e-02
1.180905802110433278e+00 4.290807996032972027e-01 8.901627908194084671e-02
1.061448820871207399e+00 4.897737762911268944e-01 9.912611004478916188e-02
5.636643828436307402e-01 6.843406336313899718e-01 1.565870459034268414e-01
5.636643828436307402e-01 6.843406336313899718e-01 1.565870459034268414e-01
6.569357455487554454e-01 7.450184057055332376e-01 9.876452821233021317e-02
7.610586524080085180e-01 9.627307342117861211e-01 8.565869425389957895e-03
7.610586524080085180e-01 9.627307342117861211e-01 8.565869425389957895e-03
7.205259888801814894e-01 8.621804568401068014e-01 3.245570400349710033e-02
7.205259888801814894e-01 8.621804568401068014e-01 3.245570400349710033e-02
7.068194486593692982e-01 9.565400255500073889e-01 1.272647822512264736e-02
1.427382485430901404e-01 8.018530138725045164e-01 2.041975625843843734e-01
1.427382485430901404e-01 8.018530138725045164e-01 2.041975625843843734e-01
2.575707854618612402e-01 7.261854472479758460e-01 2.025963344757805706e-01
1.137283624388196746e-03 7.965288297169061948e-01 2.086354919005142527e-01
1.137283624388196746e-03 7.965288297169061948e-01 2.086354919005142527e-01
1.137283624388196746e-03 7.965288297169061948e-01 2.086354919005142527e-01
1.137283624388196746e-03 7.965288297169061948e-01 2.086354919005142527e-01
1.137406717069667089e-01 8.714086662403982553e-01 1.845956271372439506e-01
1.137406717069667089e-01 8.714086662403982553e-01 1.845956271372439506e-01
1.358744470220299982e-01 9.061274653318940331e-01 1.595242356222696667e-01
-1.561794707842920071e-01 1.090387949100375398e+00 1.188389668286183448e-01
1.265546598035683923e-01 7.420436677402131309e-01 2.060539096690628402e-01
-2.091021074231988464e-02 8.217778291270785296e-01 2.105112937572316822e-01
-2.091021074231988464e-02 8.217778291270785296e-01 2.105112937572316822e-01
-5.148916475183983321e-01 9.132305714981010514e-01 1.493017248442358724e-01
-5.148916475183983321e-01 9.132305714981010514e-01 1.493017248442358724e-01
-5.566166794809993545e-01 1.010800138981373664e+00 1.769071517489831658e-01
-5.566166794809993545e-01 1.010800138981373664e+00 1.769071517489831658e-01
-5.566166794809993545e-01 1.010800138981373664e+00 1.769071517489831658e-01
-5.566166794809993545e-01 1.010800138981373664e+00 1.769071517489831658e-01
-5.566166794809993545e-01 1.010800138981373664e+00 1.769071517489831658e-01
-9.742459848478924878e-01 9.177572936118434388e-01 3.394003441243459429e-02
-6.277509204844827773e-01 7.023145222546833821e-01 2.237318300228558626e-02
-7.377513248993248229e-01 8.333638485558911846e-01 4.679877810538202870e-02
-1.055238564461172590e+00 1.013547561567220923e+00 5.092945392864019205e-02
-7.452418865895734656e-01 1.080362608663926194e+00 1.547557920588517322e-01
-7.452418865895734656e-01 1.080362608663926194e+00 1.547557920588517322e-01
-7.452418865895734656e-01 1.080362608663926194e+00 1.547557920588517322e-01
-8.484855514899913853e-01 8.700254143783023864e-01 3.959809482573357214e-02
-9.703963121501369971e-01 9.317294671564574360e-01 3.889508230697111268e-02
-9.703963121501369971e-01 9.317294671564574360e-01 3.889508230697111268e-02
-9.703963121501369971e-01 9.317294671564574360e-01 3.889508230697111268e-02
-9.703963121501369971e-01 9.317294671564574360e-01 3.889508230697111268e-02
-9.703963121501369971e-01 9.317294671564574360e-01 3.889508230697111268e-02
-8.736678859937536679e-01 1.811670543885556928e+00 6.348682205473601264e-04
-1.017521529562025462e+00 1.755234386415265968e+00 3.483893979680529468e-03
-1.017521529562025462e+00 1.755234386415265968e+00 3.483893979680529468e-03
-1.017521529562025462e+00 1.755234386415265968e+00 3.483893979680529468e-03
