2.489132485845457765e-01 1.481402749648903505e-01 2.615268592026595302e-03
2.489132485845457765e-01 1.481402749648903505e-01 2.615268592026595302e-03
2.489132485845457765e-01 1.481402749648903505e-01 2.615268592026595302e-03
6.656289264625290247e-01 2.296931641338619823e-01 4.253139449137473271e-02
6.206651598317594054e-01 3.883066756384885299e-01 9.271024498257184054e-02
6.206651598317594054e-01 3.883066756384885299e-01 9.271024498257184054e-02
6.206651598317594054e-01 3.883066756384885299e-01 9.271024498257184054e-02
6.206651598317594054e-01 3.883066756384885299e-01 9.271024498257184054e-02
6.206651598317594054e-01 3.883066756384885299e-01 9.271024498257184054e-02
7.114710291658320473e-01 3.050493347509735109e-01 6.962109170080273135e-02
7.114710291658320473e-01 3.050493347509735109e-01 6.962109170080273135e-02
9.418325893673867855e-01 2.682450132359023853e-01 5.898086566427552385e-02
8.992730624424380981e-01 2.471694718232204380e-01 5.722557065811762628e-02
8.992730624424380981e-01 2.471694718232204380e-01 5.722557065811762628e-02
8.992730624424380981e-01 2.471694718232204380e-01 5.722557065811762628e-02
8.992730624424380981e-01 2.471694718232204380e-01 5.722557065811762628e-02
8.524874602567082960e-01 3.241436921843300345e-01 7.177331646407528187e-02
8.524874602567082960e-01 3.241436921843300345e-01 7.177331646407528187e-02
8.524874602567082960e-01 3.241436921843300345e-01 7.177331646407528187e-02
8.524874602567082960e-01 3.241436921843300345e-01 7.177331646407528187e-02
7.429028441476743794e-01 6.725819074513916807e-01 4.505327336970693652e-02
7.352440939341599035e-01 5.006593060666916228e-01 9.061543509636044158e-02
7.352440939341599035e-01 5.006593060666916228e-01 9.061543509636044158e-02
1.670171842596646083e-01 7.840932299402274541e-01 1.845416581526241884e-01
1.670171842596646083e-01 7.840932299402274541e-01 1.845416581526241884e-01
1.270564515762558078e-01 8.819814461575573583e-01 1.585539674055949921e-01
1.270564515762558078e-01 8.819814461575573583e-01 1.585539674055949921e-01
1.270564515762558078e-01 8.819814461575573583e-01 1.585539674055949921e-01
1.270564515762558078e-01 8.819814461575573583e-01 1.585539674055949921e-01
2.021288933550160483e-01 6.423098217156528733e-01 1.691718943796825803e-01
-5.833451835179992440e-02 1.184199679678589856e+00 4.726386862061974364e-02
-5.833451835179992440e-02 1.184199679678589856e+00 4.726386862061974364e-02
-1.981791029141935223e-01 1.190839349118220536e+00 8.423412353059304969e-02
-1.981791029141935223e-01 1.190839349118220536e+00 8.423412353059304969e-02
-5.929360427460405036e-01 1.252602432933596965e+00 1.695676432238924780e-01
-4.654544194400725976e-01 1.251920968923588839e+00 1.340392381063920946e-01
-4.654544194400725976e-01 1.251920968923588839e+00 1.340392381063920946e-01
-8.831862503687368804e-01 1.252432670319713059e+00 1.698508255750074136e-01
-8.831862503687368804e-01 1.252432670319713059e+00 1.698508255750074136e-01
-8.831862503687368804e-01 1.252432670319713059e+00 1.698508255750074136e-01
-1.443458130626561697e+00 1.372898323516260399e+00 4.678996480284530746e-02
-1.443458130626561697e+00 1.372898323516260399e+00 4.678996480284530746e-02
-1.655882365836170322e+00 1.622812731598225477e+00 4.810765526811846410e-02
-1.692636262536736380e+00 1.838618459338646760e+00 3.335787431235650441e-02
-1.692636262536736380e+00 1.838618459338646760e+00 3.335787431235650441e-02
-1.279447016296563211e+00 1.588618347921782803e+00 8.639081435170548051e-02
-1.279447016296563211e+00 1.588618347921782803e+00 8.639081435170548051e-02
-1.279447016296563211e+00 1.588618347921782803e+00 8.639081435170548051e-02
-1.279447016296563211e+00 1.588618347921782803e+00 8.639081435170548051e-02
-1.279447016296563211e+00 1.588618347921782803e+00 8.639081435170548051e-02
-1.279447016296563211e+00 1.588618347921782803e+00 8.639081435170548051e-02
-1.279447016296563211e+00 1.588618347921782803e+00 8.639081435170548051e-02
-1.122794822081209620e+00 1.760771506269187769e+00 2.054189113798232311e-02
-1.122794822081209620e+00 1.760771506269187769e+00 2.054189113798232311e-02
-1.122794822081209620e+00 1.760771506269187769e+00 2.054189113798232311e-02
-1.009823261883830758e+00 1.633505302404560044e+00 4.487495855149339213e-02
-1.609896266302102807e+00 1.949714435054287431e+00 1.519484251890827753e-02
-1.735796506008745910e+00 1.740962239720785121e+00 4.075777145522282291e-02
-1.754387195404045752e+00 1.375964115740026639e+00 7.530334154015669648e-03
-1.621970125111645400e+00 1.454149724290666468e+00 3.083571254321856858e-02
-1.841336936730933127e+00 1.404059177635778033e+00 5.172086136303856441e-03
-1.841336936730933127e+00 1.404059177635778033e+00 5.172086136303856441e-03
-1.772896495210036782e+00 1.482380959891038685e+00 1.605593070731271485e-02
-1.223590091593275808e+00 1.757448970346183081e+00 2.969433177628937395e-02
-1.223590091593275808e+00 1.757448970346183081e+00 2.969433177628937395e-02
-1.223590091593275808e+00 1.757448970346183081e+00 2.969433177628937395e-02
-1.223590091593275808e+00 1.757448970346183081e+00 2.969433177628937395e-02
-1.282694350771040881e+00 1.322545823172848189e+00 7.233065263181996662e-02
-1.282694350771040881e+00 1.322545823172848189e+00 7.233065263181996662e-02
-1.565037169296578545e+00 1.459214292351703968e+00 4.140642127410606999e-02
-1.559410575874107252e+00 1.642429182640106289e+00 6.072226112197991188e-02
-1.863947935479981721e+00 1.523902500671517668e+00 1.234305279102574163e-02
-1.863947935479981721e+00 1.523902500671517668e+00 1.234305279102574163e-02
-1.666999085808103187e+00 1.260020315503401989e+00 4.327277509829863256e-03
-1.475674733957800244e+00 1.813568959465184705e+00 3.330042185917110598e-02
-1.822757274160281771e+00 1.823488461695620844e+00 3.127404817924297337e-02
-1.822757274160281771e+00 1.823488461695620844e+00 3.127404817924297337e-02
-1.822757274160281771e+00 1.823488461695620844e+00 3.127404817924297337e-02
-1.850355473913579019e+00 1.532185979911048879e+00 1.418491759980968284e-02
-1.850355473913579019e+00 1.532185979911048879e+00 1.418491759980968284e-02
-1.646967136079346750e+00 1.495406674387265378e+00 3.379663420427823223e-02
-1.646967136079346750e+00 1.495406674387265378e+00 3.379663420427823223e-02
-1.875758651396200793e+00 1.903716830515661762e+00 2.371796131899300830e-02
-1.980610070360947716e+00 1.946703322761871968e+00 1.851617709324326205e-02
-1.980610070360947716e+00 1.946703322761871968e+00 1.851617709324326205e-02
-1.806073576170569073e+00 1.891958095551096175e+00 2.591231124973285629e-02
-1.955788258613152308e+00 1.920958815034020883e+00 2.059678490435840753e-02
-1.955788258613152308e+00 1.920958815034020883e+00 2.059678490435840753e-02
-1.955788258613152308e+00 1.920958815034020883e+00 2.059678490435840753e-02
-1.955788258613152308e+00 1.920958815034020883e+00 2.059678490435840753e-02
-1.955788258613152308e+00 1.920958815034020883e+00 2.059678490435840753e-02
-1.955788258613152308e+00 1.920958815034020883e+00 2.059678490435840753e-02
-1.882251827085402063e+00 1.989159890892172822e+00 1.605836312333275284e-02
-1.882251827085402063e+00 1.989159890892172822e+00 1.605836312333275284e-02
-1.882251827085402063e+00 1.989159890892172822e+00 1.605836312333275284e-02
-2.039064451226444419e+00 1.948933452979026093e+00 1.692160364101121320e-02
-2.039064451226444419e+00 1.948933452979026093e+00 1.692160364101121320e-02
-2.039064451226444419e+00 1.948933452979026093e+00 1.692160364101121320e-02
-2.045900409635219130e+00 2.071501222696273015e+00 1.031453231620649454e-02
-2.079994149625576494e+00 2.208845958567179579e+00 3.876298493370395563e-03
