2.489132485845457765e-01 1.481402749648903505e-01 2.466510452940284988e-03
2.489132485845457765e-01 1.481402749648903505e-01 2.466510452940284988e-03
2.489132485845457765e-01 1.481402749648903505e-01 2.466510452940284988e-03
1.654636054608564777e-01 4.073516517452555052e-01 2.757278125633121080e-02
4.510838755303134828e-01 8.198160476814797537e-01 7.940547101752670756e-02
3.264793348181302401e-01 5.946942243520929594e-01 1.253772939531647146e-01
4.067848830385051295e-02 8.197354634699767217e-01 1.320030434840869515e-01
1.927779571354415189e-01 9.138833783883761885e-01 9.978747905956913966e-02
1.927779571354415189e-01 9.138833783883761885e-01 9.978747905956913966e-02
-9.184016882346598964e-02 9.392244969229325280e-01 1.263988547744049895e-01
-9.184016882346598964e-02 9.392244969229325280e-01 1.263988547744049895e-01
2.837616671533169099e-02 6.843577143032120169e-01 9.627620570512621101e-02
2.837616671533169099e-02 6.843577143032120169e-01 9.627620570512621101e-02
2.264620881541544173e-01 8.562902553251090509e-01 1.142459811588443647e-01
2.264620881541544173e-01 8.562902553251090509e-01 1.142459811588443647e-01
2.264620881541544173e-01 8.562902553251090509e-01 1.142459811588443647e-01
-5.951691410115382830e-01 1.388417994962307001e+00 5.995227718365100239e-02
-5.279518240641603022e-01 1.300712359750529679e+00 7.770118167084710814e-02
-5.665452287155540168e-01 1.184997270012144943e+00 9.715118625969207389e-02
-3.562835593453752558e-01 9.507804522581549955e-01 9.708167983377631594e-02
-3.562835593453752558e-01 9.507804522581549955e-01 9.708167983377631594e-02
-6.148082794352658365e-01 1.006286617426646934e+00 5.793231052380709567e-02
-6.148082794352658365e-01 1.006286617426646934e+00 5.793231052380709567e-02
-6.221643770940077367e-01 1.033750150332402251e+00 6.402262777395664739e-02
-5.280028234187791325e-01 1.118620013413951231e+00 9.841393645958891601e-02
-9.775045070391807922e-02 8.486438046365847310e-01 1.203204239342193643e-01
-9.775045070391807922e-02 8.486438046365847310e-01 1.203204239342193643e-01
2.049483254229944595e-01 8.742194820348377915e-01 1.120283765292361400e-01
-4.282788251103782917e-01 9.318129826456271747e-01 7.595394309053403459e-02
-4.282788251103782917e-01 9.318129826456271747e-01 7.595394309053403459e-02
-4.282788251103782917e-01 9.318129826456271747e-01 7.595394309053403459e-02
-1.576446448530350875e-01 1.020563524722357895e+00 1.168919096632971694e-01
-1.576446448530350875e-01 1.020563524722357895e+00 1.168919096632971694e-01
-7.992112449830914844e-01 1.028170488771578350e+00 3.059572504536676313e-02
-7.992112449830914844e-01 1.028170488771578350e+00 3.059572504536676313e-02
-5.697666893260149301e-01 8.451762015585895238e-01 2.489760383274361097e-02
-4.614722861429602641e-01 8.984121387739193443e-01 5.807976193795468672e-02
-6.417951390340894680e-01 1.312145467440854585e+00 8.240799591010883329e-02
-2.552567846057840484e-02 1.303991496833601937e+00 1.404465576994642050e-02
-2.552567846057840484e-02 1.303991496833601937e+00 1.404465576994642050e-02
-2.856057830780971973e-01 7.966052915164221204e-01 6.338771747299497272e-02
-7.040275146067537237e-01 1.153846567661405365e+00 7.651134247822984069e-02
-7.040275146067537237e-01 1.153846567661405365e+00 7.651134247822984069e-02
-7.040275146067537237e-01 1.153846567661405365e+00 7.651134247822984069e-02
-2.777554809995359530e-01 1.142991497421303793e+00 9.672529483348718538e-02
4.552674089842977390e-01 6.967570161606932988e-01 1.230540951657722315e-01
1.779028976518023941e-01 1.014239160049158484e+00 6.285854419871242382e-02
-1.058017708120648215e-01 8.654667244380244151e-01 1.221958163890869836e-01
-3.721339161944425267e-01 1.169724577104219287e+00 9.847627996811308959e-02
-4.944275533196962336e-02 7.801832396643670897e-01 1.118859257665926754e-01
-9.797582051450484664e-02 6.701882388821481795e-01 6.087930340854756650e-02
2.010599597101075664e-01 8.458817337951211046e-01 1.216535251305480847e-01
2.010599597101075664e-01 8.458817337951211046e-01 1.216535251305480847e-01
2.010599597101075664e-01 8.458817337951211046e-01 1.216535251305480847e-01
2.010599597101075664e-01 8.458817337951211046e-01 1.216535251305480847e-01
2.010599597101075664e-01 8.458817337951211046e-01 1.216535251305480847e-01
2.010599597101075664e-01 8.458817337951211046e-01 1.216535251305480847e-01
3.501578474330431789e-01 7.708621337222302250e-01 1.197420177150639725e-01
3.501578474330431789e-01 7.708621337222302250e-01 1.197420177150639725e-01
9.315696120474292741e-02 4.695516102657731339e-01 3.284849908101310223e-02
2.104427240425642276e-01 6.595974206830297337e-01 1.249248160811689268e-01
-4.556768208497039008e-02 9.617961519301319040e-01 1.209825193377665059e-01
-2.644665694315713189e-01 1.027160843428806647e+00 1.177815778178069317e-01
-2.644665694315713189e-01 1.027160843428806647e+00 1.177815778178069317e-01
-2.644665694315713189e-01 1.027160843428806647e+00 1.177815778178069317e-01
-4.000644368891896341e-01 1.028760154442702746e+00 1.052796128337636916e-01
-9.732398457367821276e-01 1.260982443327050007e+00 5.104171825159765918e-02
-9.732398457367821276e-01 1.260982443327050007e+00 5.104171825159765918e-02
-7.048169071776086980e-01 1.039572260449103336e+00 4.920439581937046530e-02
-5.557681985657660917e-01 1.018813702796644849e+00 7.375862088516414727e-02
-3.783849904201927461e-01 8.747196708709934487e-01 6.881527588367110371e-02
-3.783849904201927461e-01 8.747196708709934487e-01 6.881527588367110371e-02
-3.783849904201927461e-01 8.747196708709934487e-01 6.881527588367110371e-02
-3.783849904201927461e-01 8.747196708709934487e-01 6.881527588367110371e-02
1.621106053600529506e-02 5.662032302432506992e-01 4.860503152879532690e-02
-2.304053613983186588e-01 1.020951601528790054e+00 1.188917390402043917e-01
-2.304053613983186588e-01 1.020951601528790054e+00 1.188917390402043917e-01
-2.304053613983186588e-01 1.020951601528790054e+00 1.188917390402043917e-01
6.100334208248228696e-02 8.435899833946045590e-01 1.328101328588793539e-01
-3.769596071737734144e-01 1.353503649416005983e+00 4.236168650921552647e-02
-4.252718275485800059e-01 8.791636695560589576e-01 5.981622832872976470e-02
-4.252718275485800059e-01 8.791636695560589576e-01 5.981622832872976470e-02
-4.252718275485800059e-01 8.791636695560589576e-01 5.981622832872976470e-02
-4.252718275485800059e-01 8.791636695560589576e-01 5.981622832872976470e-02
-4.252718275485800059e-01 8.791636695560589576e-01 5.981622832872976470e-02
-4.252718275485800059e-01 8.791636695560589576e-01 5.981622832872976470e-02
8.936183782758883032e-02 9.202963548912069802e-01 1.161527942324183660e-01
8.936183782758883032e-02 9.202963548912069802e-01 1.161527942324183660e-01
8.936183782758883032e-02 9.202963548912069802e-01 1.161527942324183660e-01
-1.088905636278815481e-01 1.124368217148455917e+00 7.717110281708589037e-02
-3.660649492489657097e-01 8.305202004131072568e-01 5.695273857618221580e-02
-2.723429782695481194e-01 7.453471803593588740e-01 4.908353415905963163e-02
-2.723429782695481194e-01 7.453471803593588740e-01 4.908353415905963163e-02
-6.413852359102756306e-02 9.102568291485688690e-01 1.284342672910630256e-01
-6.413852359102756306e-02 9.102568291485688690e-01 1.284342672910630256e-01
-1.095338798821787890e-01 9.287202311614749517e-01 1.265890914867251194e-01
-1.707106436444710551e-01 5.864158152199888674e-01 2.328518026987830974e-02
-1.707106436444710551e-01 5.864158152199888674e-01 2.328518026987830974e-02
-1.707106436444710551e-01 5.864158152199888674e-01 2.328518026987830974e-02
2.420917708445650962e-01 8.092256422143249139e-01 1.257429821690171090e-01
