2.489132485845457765e-01 1.481402749648903505e-01 1.380154558094021924e-03
2.489132485845457765e-01 1.481402749648903505e-01 1.380154558094021924e-03
5.138622652826976833e-02 2.434094432662638474e-01 9.905847878428040987e-04
5.269831901217491010e-01 5.884519005623981003e-02 3.217509893359883806e-03
1.702516748643278510e-01 1.456918185498435325e-01 7.436747953914620533e-04
6.892277253768690493e-01 -1.727138024860944698e-01 7.208515273807770702e-04
6.135703635461514649e-01 -1.406004713467759737e-01 6.119798963912944333e-04
9.265379494588538156e-01 -1.820073953769688335e-01 2.954472603367936864e-03
9.643697882793454967e-01 1.172650385459091671e-01 2.076602544838972511e-02
1.344421865173739628e+00 -5.689287279386320839e-03 1.846239611457829721e-02
1.318761515637878690e+00 2.572191909012218614e-01 1.070132615294506345e-02
1.135004941123356037e+00 1.390884458032281279e-01 2.200513159345341210e-02
1.135004941123356037e+00 1.390884458032281279e-01 2.200513159345341210e-02
1.135004941123356037e+00 1.390884458032281279e-01 2.200513159345341210e-02
9.565717352930771522e-01 -1.388395754083376066e-01 5.021660598148980706e-03
1.165093131551491634e+00 2.596442296568126640e-01 1.756107798226075323e-02
7.361200186596235095e-01 3.250856598320512880e-01 2.685708325502685068e-02
7.587378297053792853e-01 4.421273383942334045e-01 2.654474537780136464e-02
7.587378297053792853e-01 4.421273383942334045e-01 2.654474537780136464e-02
7.587378297053792853e-01 4.421273383942334045e-01 2.654474537780136464e-02
7.587378297053792853e-01 4.421273383942334045e-01 2.654474537780136464e-02
8.699520627686303520e-01 2.835065835941122936e-01 2.606649965012623402e-02
1.147792762870011973e+00 -9.147290219627574048e-02 1.293258031477523794e-02
1.081499357498191927e+00 3.589438049729998248e-02 1.877863972540615503e-02
1.081499357498191927e+00 3.589438049729998248e-02 1.877863972540615503e-02
1.081499357498191927e+00 3.589438049729998248e-02 1.877863972540615503e-02
1.081499357498191927e+00 3.589438049729998248e-02 1.877863972540615503e-02
8.577794845014143910e-01 1.880761595864607616e-01 2.234987635871408043e-02
9.376605154755439653e-01 4.785939186153529423e-01 1.551235702282350616e-02
9.376605154755439653e-01 4.785939186153529423e-01 1.551235702282350616e-02
5.724540759942089441e-01 7.585395462510221565e-01 1.435950882539432753e-02
3.328573067657921158e-01 9.309736869154958683e-01 1.349139054065539613e-02
3.328573067657921158e-01 9.309736869154958683e-01 1.349139054065539613e-02
3.185578165522419125e-01 6.941765664041806838e-01 3.153366033924713541e-02
2.399739549470504829e-01 8.534717365907416031e-01 2.554631975305205263e-02
1.943249448305654492e-01 1.122837683562671440e+00 6.515695535305338418e-03
2.713187216060782836e-01 6.631565991153161033e-01 3.220785996048362160e-02
2.713187216060782836e-01 6.631565991153161033e-01 3.220785996048362160e-02
3.012732122048487060e-01 7.249495707136189848e-01 3.095445446769690481e-02
3.012732122048487060e-01 7.249495707136189848e-01 3.095445446769690481e-02
5.850923355500037282e-01 5.926916976895220124e-01 2.649869249563960305e-02
5.850923355500037282e-01 5.926916976895220124e-01 2.649869249563960305e-02
1.078402982545633160e+00 2.994830491538011952e-01 1.950643281525415301e-02
7.159657527145073530e-01 6.725126649630519537e-01 1.323576790277486252e-02
1.878681344984578505e-02 8.926948768048162952e-01 3.183099735662134333e-02
1.878681344984578505e-02 8.926948768048162952e-01 3.183099735662134333e-02
4.278935995987862700e-03 9.236507788127736873e-01 3.091486638207373641e-02
4.278935995987862700e-03 9.236507788127736873e-01 3.091486638207373641e-02
2.223473261419473546e-01 9.115336356399228457e-01 2.154784860002582902e-02
8.119753213767548772e-01 6.135255905710266244e-01 1.253043768302836321e-02
1.075415950617461647e+00 6.280404558427787887e-02 2.004527145967501672e-02
5.932765070206741376e-01 6.185869215309234281e-01 2.438808933901601486e-02
5.932765070206741376e-01 6.185869215309234281e-01 2.438808933901601486e-02
5.932765070206741376e-01 6.185869215309234281e-01 2.438808933901601486e-02
4.394286892764309171e-01 4.572508036912807938e-01 2.691767831222971821e-02
4.394286892764309171e-01 4.572508036912807938e-01 2.691767831222971821e-02
4.394286892764309171e-01 4.572508036912807938e-01 2.691767831222971821e-02
4.088427669403216780e-01 7.813834656585069149e-01 2.199145749148699244e-02
4.088427669403216780e-01 7.813834656585069149e-01 2.199145749148699244e-02
4.088427669403216780e-01 7.813834656585069149e-01 2.199145749148699244e-02
6.392473293980380777e-01 6.720180312459860250e-01 1.757168085194110371e-02
7.380281733369756791e-01 1.853862339697785466e-01 1.814946804064441338e-02
7.380281733369756791e-01 1.853862339697785466e-01 1.814946804064441338e-02
5.702142290877367792e-01 2.037048132344364271e-01 1.236625999557438432e-02
3.475261337281568830e-01 5.417877099471863911e-01 2.916821336628059799e-02
3.475261337281568830e-01 5.417877099471863911e-01 2.916821336628059799e-02
5.341110218520158659e-01 5.257702388435158136e-01 3.040898295634444568e-02
-9.864238902962285671e-02 7.701920677962375006e-01 2.598112525087837091e-02
1.069962857746991347e-01 9.638871787913820821e-01 2.349735365808900897e-02
1.069962857746991347e-01 9.638871787913820821e-01 2.349735365808900897e-02
1.069962857746991347e-01 9.638871787913820821e-01 2.349735365808900897e-02
1.069962857746991347e-01 9.638871787913820821e-01 2.349735365808900897e-02
1.069962857746991347e-01 9.638871787913820821e-01 2.349735365808900897e-02
6.139740352939111467e-01 9.288785796495472313e-01 3.161657971665493300e-03
6.139740352939111467e-01 9.288785796495472313e-01 3.161657971665493300e-03
5.695699123266797503e-01 8.503933180411397119e-01 7.998753816410996906e-03
4.557941857189311552e-01 7.594786371308338557e-01 2.108607054260816863e-02
4.557941857189311552e-01 7.594786371308338557e-01 2.108607054260816863e-02
4.557941857189311552e-01 7.594786371308338557e-01 2.108607054260816863e-02
7.914809435681534611e-01 4.443327697141267185e-01 2.516781163185766168e-02
7.914809435681534611e-01 4.443327697141267185e-01 2.516781163185766168e-02
6.438829385399212901e-01 7.744702247355199631e-01 9.583189304124396443e-03
6.151977092273288594e-01 6.625028422439247500e-01 1.975531794582672737e-02
6.151977092273288594e-01 6.625028422439247500e-01 1.975531794582672737e-02
6.795247097944118186e-01 4.921257881868239537e-01 2.751598961644651647e-02
5.846682679742376543e-01 5.739580752804467334e-01 2.755694571092201506e-02
5.846682679742376543e-01 5.739580752804467334e-01 2.755694571092201506e-02
4.574221692895587554e-01 6.817469372430442487e-01 2.702617755271442823e-02
4.574221692895587554e-01 6.817469372430442487e-01 2.702617755271442823e-02
6.209434947691820916e-01 3.411275665451606876e-01 2.526087101795493686e-02
5.764803858090714606e-01 2.741063728517864617e-01 1.833223771585171247e-02
7.643781346443614400e-01 4.033384680720746851e-01 2.743514405274883813e-02
7.643781346443614400e-01 4.033384680720746851e-01 2.743514405274883813e-02
7.979754393963689463e-01 4.197964309673501981e-01 2.594407956716987540e-02
1.084661882809644595e+00 2.584501318769168998e-01 2.108521662909283376e-02
1.297705267966461795e+00 -2.274357886069955370e-02 1.856535961856093861e-02
1.297705267966461795e+00 -2.274357886069955370e-02 1.856535961856093861e-02
1.297705267966461795e+00 -2.274357886069955370e-02 1.856535961856093861e-02
1.066096773147813481e+00 2.461269081273674830e-01 2.219002157068640513e-02
5.581467134812430064e-01 4.825903691236044235e-01 3.006580883061350448e-02
