2.489132485845457765e-01 1.481402749648903505e-01 1.119087881714210704e-02
2.489132485845457765e-01 1.481402749648903505e-01 1.119087881714210704e-02
4.852492852775691090e-01 1.737567645939085970e-01 1.481674288285891317e-01
4.852492852775691090e-01 1.737567645939085970e-01 1.481674288285891317e-01
4.852492852775691090e-01 1.737567645939085970e-01 1.481674288285891317e-01
4.852492852775691090e-01 1.737567645939085970e-01 1.481674288285891317e-01
2.298257689690925698e-01 6.998996212842303333e-01 1.704829292169024180e-01
2.298257689690925698e-01 6.998996212842303333e-01 1.704829292169024180e-01
2.298257689690925698e-01 6.998996212842303333e-01 1.704829292169024180e-01
2.298257689690925698e-01 6.998996212842303333e-01 1.704829292169024180e-01
3.977927905432241396e-01 8.116521319999084882e-01 1.040725260099071847e-01
3.977927905432241396e-01 8.116521319999084882e-01 1.040725260099071847e-01
3.977927905432241396e-01 8.116521319999084882e-01 1.040725260099071847e-01
1.847742453960734554e-01 9.346856868099692184e-01 8.277808168973611880e-02
1.847742453960734554e-01 9.346856868099692184e-01 8.277808168973611880e-02
1.847742453960734554e-01 9.346856868099692184e-01 8.277808168973611880e-02
1.702346544695810260e-01 9.000270730348737258e-01 9.781597980081946364e-02
1.702346544695810260e-01 9.000270730348737258e-01 9.781597980081946364e-02
1.702346544695810260e-01 9.000270730348737258e-01 9.781597980081946364e-02
1.702346544695810260e-01 9.000270730348737258e-01 9.781597980081946364e-02
1.702346544695810260e-01 9.000270730348737258e-01 9.781597980081946364e-02
1.186170066936904077e-01 8.986611650323281797e-01 9.551103668462342100e-02
1.678112371334546937e-01 8.130788894435394543e-01 1.273550094756022710e-01
3.383317874339241138e-01 8.305112026791875435e-01 1.109024581795830938e-01
3.383317874339241138e-01 8.305112026791875435e-01 1.109024581795830938e-01
3.383317874339241138e-01 8.305112026791875435e-01 1.109024581795830938e-01
3.812451968070049713e-01 7.907753838815027025e-01 1.246797998112457451e-01
3.812451968070049713e-01 7.907753838815027025e-01 1.246797998112457451e-01
3.812451968070049713e-01 7.907753838815027025e-01 1.246797998112457451e-01
3.812451968070049713e-01 7.907753838815027025e-01 1.246797998112457451e-01
3.812451968070049713e-01 7.907753838815027025e-01 1.246797998112457451e-01
5.135925454888918829e-01 6.812951380617441322e-01 1.555003293948173937e-01
5.135925454888918829e-01 6.812951380617441322e-01 1.555003293948173937e-01
5.135925454888918829e-01 6.812951380617441322e-01 1.555003293948173937e-01
6.812464248764873442e-01 7.106390645489734093e-01 4.639338774553571770e-02
3.125211068196452890e-01 1.029081104316164952e+00 2.639129146593300473e-02
3.125211068196452890e-01 1.029081104316164952e+00 2.639129146593300473e-02
4.945493646290601286e-01 8.787214078914615811e-01 3.579430648507303525e-02
4.945493646290601286e-01 8.787214078914615811e-01 3.579430648507303525e-02
4.945493646290601286e-01 8.787214078914615811e-01 3.579430648507303525e-02
3.125437965907101878e-01 8.717342417271215504e-01 9.264007859810129142e-02
3.125437965907101878e-01 8.717342417271215504e-01 9.264007859810129142e-02
8.021499401080599556e-01 5.843896458963118157e-01 5.858242326948243789e-02
8.938470982839110679e-01 2.269131619266557820e-01 3.355445942760005851e-01
6.355790625284445383e-01 2.947711788861738791e-01 4.011203113398497666e-01
6.544994427936423609e-01 4.333750184101070602e-01 3.255070736663200903e-01
6.544994427936423609e-01 4.333750184101070602e-01 3.255070736663200903e-01
3.845595018134392862e-01 2.873878965277721909e-01 1.383417957474866455e-01
3.845595018134392862e-01 2.873878965277721909e-01 1.383417957474866455e-01
3.845595018134392862e-01 2.873878965277721909e-01 1.383417957474866455e-01
4.291004340849583487e-01 2.648755982031849587e-01 1.667360035948115826e-01
3.344100708116055642e-01 2.768548482125978150e-01 8.787457656138367157e-02
6.571219761644078172e-01 7.316906324589636523e-02 2.446576481341864451e-01
4.838285127048033152e-01 5.595205831938911967e-01 2.788583312015617266e-01
4.838285127048033152e-01 5.595205831938911967e-01 2.788583312015617266e-01
4.838285127048033152e-01 5.595205831938911967e-01 2.788583312015617266e-01
4.838285127048033152e-01 5.595205831938911967e-01 2.788583312015617266e-01
5.980590015837191631e-01 2.409626104650293699e-01 3.458090497434406219e-01
3.893830616951494128e-01 6.831794281683580827e-01 2.027840231591504228e-01
3.893830616951494128e-01 6.831794281683580827e-01 2.027840231591504228e-01
3.893830616951494128e-01 6.831794281683580827e-01 2.027840231591504228e-01
3.893830616951494128e-01 6.831794281683580827e-01 2.027840231591504228e-01
3.893830616951494128e-01 6.831794281683580827e-01 2.027840231591504228e-01
3.009572783184836786e-01 7.018533102040710459e-01 1.917374648191328690e-01
3.009572783184836786e-01 7.018533102040710459e-01 1.917374648191328690e-01
3.009572783184836786e-01 7.018533102040710459e-01 1.917374648191328690e-01
3.009572783184836786e-01 7.018533102040710459e-01 1.917374648191328690e-01
3.009572783184836786e-01 7.018533102040710459e-01 1.917374648191328690e-01
3.528788156547975619e-01 4.852966225164745961e-01 2.319274378461767261e-01
8.279193703671977600e-02 5.926697541718237705e-01 6.417839628703264632e-02
6.336967480836569466e-02 5.632163053846983569e-01 4.686857423342782880e-02
6.336967480836569466e-02 5.632163053846983569e-01 4.686857423342782880e-02
1.243742921674291235e-01 6.868239360629236900e-01 1.127762891057399464e-01
1.243742921674291235e-01 6.868239360629236900e-01 1.127762891057399464e-01
1.243742921674291235e-01 6.868239360629236900e-01 1.127762891057399464e-01
1.243742921674291235e-01 6.868239360629236900e-01 1.127762891057399464e-01
1.243742921674291235e-01 6.868239360629236900e-01 1.127762891057399464e-01
4.994217051995370471e-01 6.021152934729407935e-01 2.383966634757386238e-01
4.994217051995370471e-01 6.021152934729407935e-01 2.383966634757386238e-01
2.802494599690062982e-01 8.136251629235344840e-01 1.333452751097937150e-01
4.300383566780981437e-01 8.464828629945525540e-01 7.045664782669446013e-02
4.300383566780981437e-01 8.464828629945525540e-01 7.045664782669446013e-02
4.300383566780981437e-01 8.464828629945525540e-01 7.045664782669446013e-02
4.890224362978443651e-01 6.759730599136526408e-01 1.736917107186637388e-01
4.890224362978443651e-01 6.759730599136526408e-01 1.736917107186637388e-01
1.456784267877196393e-01 6.391965004123089100e-01 1.154901605688683913e-01
5.576942833966523905e-01 5.890735890541498598e-02 1.194380919018957904e-01
5.576942833966523905e-01 5.890735890541498598e-02 1.194380919018957904e-01
7.436452083041581451e-01 -1.504212226692258625e-01 9.997076791156073172e-02
5.646002651401587080e-01 5.485821426787472754e-01 2.592557074714618159e-01
5.646002651401587080e-01 5.485821426787472754e-01 2.592557074714618159e-01
5.333987814926087756e-01 4.892620778323147901e-01 3.221599410326403956e-01
5.107273087742074669e-01 2.758492046390121910e-01 2.729148252196322288e-01
5.107273087742074669e-01 2.758492046390121910e-01 2.729148252196322288e-01
5.107273087742074669e-01 2.758492046390121910e-01 2.729148252196322288e-01
2.440291746618623026e-01 5.414534098198251488e-01 1.571696556579956772e-01
7.803653566141302012e-01 3.669881057453419637e-01 2.941348726561087146e-01
8.951680293349811857e-01 2.130116111943472224e-01 3.490981354535693248e-01
8.951680293349811857e-01 2.130116111943472224e-01 3.490981354535693248e-01
8.782621505543622975e-01 3.177378973626819869e-01 2.451376102895852505e-01
