2.489132485845457765e-01 1.481402749648903505e-01 1.818185530948417984e-03
2.198706172297627548e-01 1.129659140215912572e-01 8.891148849911500096e-04
2.198706172297627548e-01 1.129659140215912572e-01 8.891148849911500096e-04
2.198706172297627548e-01 1.129659140215912572e-01 8.891148849911500096e-04
1.957439609414444726e-01 2.101094655813736112e-01 2.708834275933391829e-03
1.957439609414444726e-01 2.101094655813736112e-01 2.708834275933391829e-03
2.170203444388109637e-01 2.633830401279208533e-01 5.865079549179984079e-03
2.170203444388109637e-01 2.633830401279208533e-01 5.865079549179984079e-03
2.170203444388109637e-01 2.633830401279208533e-01 5.865079549179984079e-03
2.170203444388109637e-01 2.633830401279208533e-01 5.865079549179984079e-03
2.170203444388109637e-01 2.633830401279208533e-01 5.865079549179984079e-03
2.170203444388109637e-01 2.633830401279208533e-01 5.865079549179984079e-03
2.170203444388109637e-01 2.633830401279208533e-01 5.865079549179984079e-03
3.774558884073992981e-01 4.161769911413399914e-01 4.788679453922057433e-02
3.774558884073992981e-01 4.161769911413399914e-01 4.788679453922057433e-02
7.093203053119098156e-01 1.005427912090438136e+00 7.198121303055251934e-03
5.312720465795213176e-01 7.662052645137427120e-01 8.003574612713501568e-02
5.312720465795213176e-01 7.662052645137427120e-01 8.003574612713501568e-02
6.001375212205888321e-01 4.585902066149842859e-01 1.014195109351008484e-01
1.141537917219340059e+00 3.574674456313572946e-01 1.100349120190780294e-01
1.141537917219340059e+00 3.574674456313572946e-01 1.100349120190780294e-01
1.141537917219340059e+00 3.574674456313572946e-01 1.100349120190780294e-01
1.202809263516295024e+00 2.828923955147179536e-01 1.134773418764086911e-01
1.357944870675357407e+00 1.395588386055659214e-01 1.054742485801216934e-01
1.357944870675357407e+00 1.395588386055659214e-01 1.054742485801216934e-01
1.357944870675357407e+00 1.395588386055659214e-01 1.054742485801216934e-01
1.482903175102332050e+00 9.587727762848921587e-02 9.825646474445806633e-02
1.482903175102332050e+00 9.587727762848921587e-02 9.825646474445806633e-02
1.429356527740650140e+00 -2.189314671874296458e-01 2.525690673284315679e-02
1.429356527740650140e+00 -2.189314671874296458e-01 2.525690673284315679e-02
1.429356527740650140e+00 -2.189314671874296458e-01 2.525690673284315679e-02
1.429356527740650140e+00 -2.189314671874296458e-01 2.525690673284315679e-02
1.429356527740650140e+00 -2.189314671874296458e-01 2.525690673284315679e-02
1.272169030897521091e+00 -9.759329049550687085e-02 3.731236816997091088e-02
1.272169030897521091e+00 -9.759329049550687085e-02 3.731236816997091088e-02
1.820828482278650462e+00 2.659873570878586169e-02 6.506765465297216500e-02
2.129656479592852314e+00 1.868443986855840011e-01 7.140118751065276798e-03
2.129656479592852314e+00 1.868443986855840011e-01 7.140118751065276798e-03
2.415753791834009068e+00 -2.073697552428113156e-01 2.129720545709862939e-02
2.415753791834009068e+00 -2.073697552428113156e-01 2.129720545709862939e-02
2.415753791834009068e+00 -2.073697552428113156e-01 2.129720545709862939e-02
2.308297312673420532e+00 -6.126049815338845406e-01 1.316362921095149373e-02
2.211384477288218520e+00 -2.605389894628818981e-01 4.136831215460100991e-02
2.211384477288218520e+00 -2.605389894628818981e-01 4.136831215460100991e-02
2.211384477288218520e+00 -2.605389894628818981e-01 4.136831215460100991e-02
2.105800925484352160e+00 -6.175827351966229894e-01 7.832168830142604427e-03
1.805180725686550858e+00 -4.894428032955282504e-01 9.138603857765187355e-03
1.560084555302557741e+00 -4.337165481658968313e-01 5.601798803500752759e-03
1.471811076320371114e+00 -2.092492630181072844e-01 3.110831137874375471e-02
1.341390866329243536e+00 -4.050223161951532758e-01 2.362784386226994549e-03
1.341390866329243536e+00 -4.050223161951532758e-01 2.362784386226994549e-03
1.341390866329243536e+00 -4.050223161951532758e-01 2.362784386226994549e-03
1.341390866329243536e+00 -4.050223161951532758e-01 2.362784386226994549e-03
1.341390866329243536e+00 -4.050223161951532758e-01 2.362784386226994549e-03
1.341390866329243536e+00 -4.050223161951532758e-01 2.362784386226994549e-03
1.341390866329243536e+00 -4.050223161951532758e-01 2.362784386226994549e-03
1.292513471943920633e+00 -1.053740249280610275e-01 3.764752636482642661e-02
1.252950013104907390e+00 -1.000620328530574671e-01 3.446696180102949009e-02
1.252950013104907390e+00 -1.000620328530574671e-01 3.446696180102949009e-02
1.285000005004175661e+00 2.096229832116102143e-01 1.108280469998391138e-01
1.428092332770708239e+00 2.845513452667559062e-01 7.980628837232200956e-02
1.636428303116781890e+00 -3.636303752049724336e-02 8.271693893320361535e-02
1.446937126682115604e+00 2.231180243960451115e-01 9.083774856681636756e-02
1.059672870779295062e+00 1.866885272182446376e-01 9.655602007434324618e-02
1.059672870779295062e+00 1.866885272182446376e-01 9.655602007434324618e-02
1.059672870779295062e+00 1.866885272182446376e-01 9.655602007434324618e-02
1.059672870779295062e+00 1.866885272182446376e-01 9.655602007434324618e-02
1.059672870779295062e+00 1.866885272182446376e-01 9.655602007434324618e-02
1.059672870779295062e+00 1.866885272182446376e-01 9.655602007434324618e-02
1.081432058708695410e+00 2.509217382529023155e-01 1.138144924531529489e-01
1.081432058708695410e+00 2.509217382529023155e-01 1.138144924531529489e-01
1.081432058708695410e+00 2.509217382529023155e-01 1.138144924531529489e-01
6.424813698556315344e-01 5.983874116166362223e-01 1.112467310253430902e-01
6.424813698556315344e-01 5.983874116166362223e-01 1.112467310253430902e-01
7.694206549480202550e-01 5.684713331290687233e-01 1.082214256963570098e-01
7.877310682899533179e-01 6.766551065349744043e-01 7.257925623689950867e-02
7.877310682899533179e-01 6.766551065349744043e-01 7.257925623689950867e-02
7.877310682899533179e-01 6.766551065349744043e-01 7.257925623689950867e-02
1.033381396931227991e+00 6.137118316901022386e-01 5.147517049591296412e-02
8.559695981338280024e-01 4.263044813955692014e-01 1.208866097598402245e-01
8.750077915446755616e-01 7.260181172708463082e-01 4.246335660896287389e-02
7.155790588668086150e-01 4.665033628628787454e-01 1.166348708715416738e-01
7.639656072485454530e-01 2.600791169205446396e-01 7.083022261672650144e-02
7.639656072485454530e-01 2.600791169205446396e-01 7.083022261672650144e-02
8.958438729971658354e-01 4.459433488878912222e-01 1.192721412136313469e-01
1.157406406771608776e+00 2.693261031506043457e-01 1.165080570218505751e-01
1.485042687690081964e+00 -1.251860327577400955e-01 5.402128463718492563e-02
1.390228960962171190e+00 2.871028406745479433e-02 8.760825616208264832e-02
1.439461325291118809e+00 9.334700479469465462e-02 9.994622117659003602e-02
1.572657560991832737e+00 3.761232963811935726e-01 3.038532507749002604e-02
1.572657560991832737e+00 3.761232963811935726e-01 3.038532507749002604e-02
7.824879339141842527e-01 6.127815981881716834e-01 9.459680617959186077e-02
7.824879339141842527e-01 6.127815981881716834e-01 9.459680617959186077e-02
9.235802986883918653e-01 1.862607076413925755e-01 7.461997469981215825e-02
1.005198186903306201e+00 1.886744061528648209e-01 8.920782760661734312e-02
1.687928800088620562e+00 2.324458987236268370e-01 4.570680630374397702e-02
1.687928800088620562e+00 2.324458987236268370e-01 4.570680630374397702e-02
1.687928800088620562e+00 2.324458987236268370e-01 4.570680630374397702e-02
1.553371643734576368e+00 -2.929237823463562429e-02 8.325097628715771858e-02
1.196797351931005338e+00 -1.059545954981913063e-01 2.702430322879278979e-02
