2.489132485845457765e-01 1.481402749648903505e-01 1.294873307372188019e-03
1.881632617115632233e-01 -7.629550534286494434e-02 2.147821984243158892e-05
-5.673540838113155793e-01 3.224452625100491243e-01 3.118499354062611857e-05
1.308861227847257780e-02 1.968322222714097569e-01 5.114439225998976182e-04
-1.007965954905802597e-01 5.496928110578135351e-01 1.568969852063024917e-02
-3.747387407196866027e-01 5.572570159955412272e-01 4.397080598909073636e-03
-3.747387407196866027e-01 5.572570159955412272e-01 4.397080598909073636e-03
-3.747387407196866027e-01 5.572570159955412272e-01 4.397080598909073636e-03
-3.747387407196866027e-01 5.572570159955412272e-01 4.397080598909073636e-03
1.429380240759665632e-01 5.636791412518555866e-01 3.812211331286663452e-02
-2.948941519809366585e-01 7.818210146458960397e-01 3.861329091687568799e-02
-3.238237775759870152e-01 7.042811880699112459e-01 2.165123767560678258e-02
-3.238237775759870152e-01 7.042811880699112459e-01 2.165123767560678258e-02
-3.238237775759870152e-01 7.042811880699112459e-01 2.165123767560678258e-02
-9.140055399822395454e-01 1.032828251609147596e+00 2.231258002575275609e-02
-6.411095642321044119e-01 8.997676301916941455e-01 2.579758245613463646e-02
-6.411095642321044119e-01 8.997676301916941455e-01 2.579758245613463646e-02
-9.805829020525456130e-01 1.430191587567971379e+00 5.246315948826425768e-02
-9.805829020525456130e-01 1.430191587567971379e+00 5.246315948826425768e-02
-1.034929488311551404e+00 1.306600794350321060e+00 5.017465680188701316e-02
-1.276640935857830339e+00 1.429428772336117426e+00 4.229322808816150109e-02
-1.473638214091906207e+00 1.704181778651345569e+00 3.396594784572375819e-02
-1.516007117779257340e+00 1.493678722976175210e+00 3.006253458326110101e-02
-1.516007117779257340e+00 1.493678722976175210e+00 3.006253458326110101e-02
-1.427128690356065377e+00 1.641896605050449764e+00 3.804525521885996492e-02
-1.583548783687891870e+00 2.034465159460256078e+00 7.071500802772278868e-03
-1.559312813658821684e+00 1.546387380443184689e+00 3.121489196964018914e-02
-1.304275437426304141e+00 1.303559008306758749e+00 2.621938898664567114e-02
-1.563195896349800940e+00 1.625461838942677151e+00 3.458811933528539023e-02
-1.337136168508762823e+00 1.445306676310495808e+00 3.916697612480527640e-02
-1.337136168508762823e+00 1.445306676310495808e+00 3.916697612480527640e-02
-6.288399189515938570e-01 1.536477546247331682e+00 1.626423615306471157e-02
-6.288399189515938570e-01 1.536477546247331682e+00 1.626423615306471157e-02
-5.367371785954205832e-01 1.643702907539806191e+00 3.847975165287856759e-03
-8.224288038191914785e-01 1.651996710249921119e+00 1.285742254793062131e-02
-1.116876237536750027e+00 1.534347431276957607e+00 4.466023149991905222e-02
-1.116876237536750027e+00 1.534347431276957607e+00 4.466023149991905222e-02
-7.064333778508948836e-01 1.417254206147428919e+00 4.159776887137531243e-02
-1.464027122380963553e+00 1.459739937735050397e+00 3.084002714411719290e-02
-1.464027122380963553e+00 1.459739937735050397e+00 3.084002714411719290e-02
-1.652635665327016889e+00 1.620503864538771266e+00 2.988360502869738533e-02
-1.315368193461906809e+00 1.327822671053358938e+00 2.832196770124318155e-02
-1.315368193461906809e+00 1.327822671053358938e+00 2.832196770124318155e-02
-1.568218612282845870e+00 1.481546305471135305e+00 2.510523893801190620e-02
-1.568218612282845870e+00 1.481546305471135305e+00 2.510523893801190620e-02
-1.568218612282845870e+00 1.481546305471135305e+00 2.510523893801190620e-02
-1.517719274766273108e+00 1.393687830547190476e+00 1.992898238526152888e-02
-1.357058697153011639e+00 1.473723339682701416e+00 3.981876874528934157e-02
-1.357058697153011639e+00 1.473723339682701416e+00 3.981876874528934157e-02
-1.294061497684615203e+00 1.342873304419352820e+00 3.203892857397973998e-02
-1.294061497684615203e+00 1.342873304419352820e+00 3.203892857397973998e-02
-1.566661022799397562e+00 1.927100220120488316e+00 1.477397398934182128e-02
-1.794561432278262147e+00 1.563334055703742953e+00 1.724273416803542153e-02
-1.617222902564748432e+00 1.902504557344742331e+00 1.855243293271060037e-02
-1.617222902564748432e+00 1.902504557344742331e+00 1.855243293271060037e-02
-1.497327683422219780e+00 1.751092677441578038e+00 3.028627388677975624e-02
-9.136800435190254310e-01 1.608992739293982011e+00 2.345884060540419716e-02
-7.735703599206231740e-01 1.493481748123916653e+00 3.284866160549738262e-02
-7.735703599206231740e-01 1.493481748123916653e+00 3.284866160549738262e-02
-4.721660289874447525e-01 1.298820372436550574e+00 4.520480381415199755e-02
-5.750724295406993702e-01 1.189052916602886478e+00 6.612598443619416289e-02
-5.750724295406993702e-01 1.189052916602886478e+00 6.612598443619416289e-02
-9.836465282314348357e-01 1.490866129727256961e+00 4.579247838697197287e-02
-9.836465282314348357e-01 1.490866129727256961e+00 4.579247838697197287e-02
-9.836465282314348357e-01 1.490866129727256961e+00 4.579247838697197287e-02
-1.393446840718759461e+00 1.607833347213571740e+00 4.001617966727864101e-02
-1.393446840718759461e+00 1.607833347213571740e+00 4.001617966727864101e-02
-1.393446840718759461e+00 1.607833347213571740e+00 4.001617966727864101e-02
-9.189111182062064120e-01 1.480089830181640087e+00 4.440977149207069735e-02
-9.690352994612428938e-01 1.193358185171749852e+00 4.222782546558829370e-02
-1.321020807616911874e+00 1.087565869436168065e+00 5.002119458003963064e-03
-1.321020807616911874e+00 1.087565869436168065e+00 5.002119458003963064e-03
-8.101820267001371700e-01 9.058093700548848215e-01 1.354103094446805662e-02
-9.803746183432574535e-01 1.496048534703822153e+00 4.495292523278052871e-02
-9.027602430469183759e-01 1.869859275688026790e+00 1.976289671611273103e-03
-1.175634853301758653e+00 1.516691805877880217e+00 4.679718320349446348e-02
-1.175634853301758653e+00 1.516691805877880217e+00 4.679718320349446348e-02
-1.175634853301758653e+00 1.516691805877880217e+00 4.679718320349446348e-02
-1.063762001713605576e+00 1.436299368254570163e+00 5.197273304528703119e-02
-1.063762001713605576e+00 1.436299368254570163e+00 5.197273304528703119e-02
-1.063762001713605576e+00 1.436299368254570163e+00 5.197273304528703119e-02
-1.063762001713605576e+00 1.436299368254570163e+00 5.197273304528703119e-02
-1.063762001713605576e+00 1.436299368254570163e+00 5.197273304528703119e-02
-1.255463306505126608e+00 1.470018624271806518e+00 4.558392651466361412e-02
-1.255463306505126608e+00 1.470018624271806518e+00 4.558392651466361412e-02
-1.196286585655689905e+00 1.394915926986824761e+00 4.544097768830275552e-02
-1.074049923456209532e+00 1.357544116799802802e+00 5.111600499978317252e-02
-1.074049923456209532e+00 1.357544116799802802e+00 5.111600499978317252e-02
-1.422450501735390338e+00 1.335155085786845719e+00 2.056595131796671097e-02
-1.122336826107111829e+00 1.424543516864046566e+00 5.069212755899661638e-02
-1.006278373489894573e+00 1.116071333040452140e+00 2.652333859697231233e-02
-1.463342029066817096e+00 1.372954121517328208e+00 2.169202993757280568e-02
-1.217033354297549108e+00 1.114468760074676101e+00 1.100218714089368569e-02
-1.217033354297549108e+00 1.114468760074676101e+00 1.100218714089368569e-02
-1.217033354297549108e+00 1.114468760074676101e+00 1.100218714089368569e-02
-1.149975648755929614e+00 1.041419892681317405e+00 8.256704124059977695e-03
-1.270797265353705852e+00 1.132033202075239942e+00 9.779048305626248522e-03
-1.179406533286883940e+00 1.071836695583191501e+00 9.277636923226183566e-03
-1.074445904946028429e+00 1.092905688170557887e+00 1.768503939792130317e-02
-7.664325252516229758e-01 1.262321113957745711e+00 6.212855807683683590e-02
