2.489132485845457765e-01 1.481402749648903505e-01 2.490928974138963692e-01
2.489132485845457765e-01 1.481402749648903505e-01 2.490928974138963692e-01
3.555224459898492229e-01 2.523300897536484011e-01 5.403111002317458889e-01
3.555224459898492229e-01 2.523300897536484011e-01 5.403111002317458889e-01
3.555224459898492229e-01 2.523300897536484011e-01 5.403111002317458889e-01
3.555224459898492229e-01 2.523300897536484011e-01 5.403111002317458889e-01
3.555224459898492229e-01 2.523300897536484011e-01 5.403111002317458889e-01
3.555224459898492229e-01 2.523300897536484011e-01 5.403111002317458889e-01
4.994565272316622839e-01 9.667101745893269538e-02 2.397273713043913679e-01
4.994565272316622839e-01 9.667101745893269538e-02 2.397273713043913679e-01
4.994565272316622839e-01 9.667101745893269538e-02 2.397273713043913679e-01
4.994565272316622839e-01 9.667101745893269538e-02 2.397273713043913679e-01
4.994565272316622839e-01 9.667101745893269538e-02 2.397273713043913679e-01
4.994565272316622839e-01 9.667101745893269538e-02 2.397273713043913679e-01
4.994565272316622839e-01 9.667101745893269538e-02 2.397273713043913679e-01
4.520325508520934843e-01 -1.848170679784658099e-01 1.066769456965509510e-01
4.520325508520934843e-01 -1.848170679784658099e-01 1.066769456965509510e-01
4.520325508520934843e-01 -1.848170679784658099e-01 1.066769456965509510e-01
4.520325508520934843e-01 -1.848170679784658099e-01 1.066769456965509510e-01
4.460633797273138579e-01 -1.129516209464780929e-01 1.846627241697984256e-01
4.460633797273138579e-01 -1.129516209464780929e-01 1.846627241697984256e-01
4.460633797273138579e-01 -1.129516209464780929e-01 1.846627241697984256e-01
4.460633797273138579e-01 -1.129516209464780929e-01 1.846627241697984256e-01
4.460633797273138579e-01 -1.129516209464780929e-01 1.846627241697984256e-01
4.460633797273138579e-01 -1.129516209464780929e-01 1.846627241697984256e-01
4.460633797273138579e-01 -1.129516209464780929e-01 1.846627241697984256e-01
4.460633797273138579e-01 -1.129516209464780929e-01 1.846627241697984256e-01
4.460633797273138579e-01 -1.129516209464780929e-01 1.846627241697984256e-01
4.460633797273138579e-01 -1.129516209464780929e-01 1.846627241697984256e-01
5.567210840563303620e-01 -6.787836328346422143e-02 1.748984360160079077e-01
5.567210840563303620e-01 -6.787836328346422143e-02 1.748984360160079077e-01
5.226623051141989773e-01 1.638804739730467808e-01 1.252853254550521378e-01
5.226623051141989773e-01 1.638804739730467808e-01 1.252853254550521378e-01
5.226623051141989773e-01 1.638804739730467808e-01 1.252853254550521378e-01
5.226623051141989773e-01 1.638804739730467808e-01 1.252853254550521378e-01
5.226623051141989773e-01 1.638804739730467808e-01 1.252853254550521378e-01
5.226623051141989773e-01 1.638804739730467808e-01 1.252853254550521378e-01
4.418544153654916373e-01 3.466520900719163301e-01 1.289349908385163390e-01
4.418544153654916373e-01 3.466520900719163301e-01 1.289349908385163390e-01
2.623925631982274576e-01 5.630996530269997136e-01 3.056253337570170592e-01
5.676693620820696395e-01 1.392158680031885809e-01 6.417928853804608091e-02
5.676693620820696395e-01 1.392158680031885809e-01 6.417928853804608091e-02
3.179304714921858954e-01 1.145956933286372131e-01 3.759748386652118080e-01
3.179304714921858954e-01 1.145956933286372131e-01 3.759748386652118080e-01
3.179304714921858954e-01 1.145956933286372131e-01 3.759748386652118080e-01
3.064655544378930285e-01 1.168691110502149272e-01 3.511829188397513346e-01
3.064655544378930285e-01 1.168691110502149272e-01 3.511829188397513346e-01
3.064655544378930285e-01 1.168691110502149272e-01 3.511829188397513346e-01
5.061715579993989467e-01 1.859338383630393388e-03 2.597496099372672007e-01
5.061715579993989467e-01 1.859338383630393388e-03 2.597496099372672007e-01
2.149718616144967176e-01 3.920763528246589691e-01 6.029659080641631697e-01
2.149718616144967176e-01 3.920763528246589691e-01 6.029659080641631697e-01
1.422553853514595124e-01 5.773409039739119120e-01 5.107997478568339078e-01
1.422553853514595124e-01 5.773409039739119120e-01 5.107997478568339078e-01
1.422553853514595124e-01 5.773409039739119120e-01 5.107997478568339078e-01
1.422553853514595124e-01 5.773409039739119120e-01 5.107997478568339078e-01
1.422553853514595124e-01 5.773409039739119120e-01 5.107997478568339078e-01
1.422553853514595124e-01 5.773409039739119120e-01 5.107997478568339078e-01
1.422553853514595124e-01 5.773409039739119120e-01 5.107997478568339078e-01
1.422553853514595124e-01 5.773409039739119120e-01 5.107997478568339078e-01
-7.636707523784361240e-02 7.799261568015519730e-01 1.196129231012242611e-01
-7.636707523784361240e-02 7.799261568015519730e-01 1.196129231012242611e-01
-5.504338220187789121e-02 7.926911752530041433e-01 1.579371153946268758e-01
-5.504338220187789121e-02 7.926911752530041433e-01 1.579371153946268758e-01
-5.504338220187789121e-02 7.926911752530041433e-01 1.579371153946268758e-01
-5.504338220187789121e-02 7.926911752530041433e-01 1.579371153946268758e-01
-5.504338220187789121e-02 7.926911752530041433e-01 1.579371153946268758e-01
-5.504338220187789121e-02 7.926911752530041433e-01 1.579371153946268758e-01
-5.504338220187789121e-02 7.926911752530041433e-01 1.579371153946268758e-01
1.036776736483735334e-01 6.268960369192073667e-01 4.459871526103260098e-01
1.036776736483735334e-01 6.268960369192073667e-01 4.459871526103260098e-01
1.036776736483735334e-01 6.268960369192073667e-01 4.459871526103260098e-01
1.036776736483735334e-01 6.268960369192073667e-01 4.459871526103260098e-01
2.197187307585719007e-01 6.067043016262554378e-01 3.416456737790192211e-01
2.197187307585719007e-01 6.067043016262554378e-01 3.416456737790192211e-01
2.197187307585719007e-01 6.067043016262554378e-01 3.416456737790192211e-01
2.197187307585719007e-01 6.067043016262554378e-01 3.416456737790192211e-01
2.197187307585719007e-01 6.067043016262554378e-01 3.416456737790192211e-01
2.197187307585719007e-01 6.067043016262554378e-01 3.416456737790192211e-01
2.204361031040406593e-01 7.052306797404767069e-01 1.511814835195559592e-01
2.204361031040406593e-01 7.052306797404767069e-01 1.511814835195559592e-01
1.600125962432236981e-01 9.220097786067543710e-01 2.842620233424980256e-02
1.600125962432236981e-01 9.220097786067543710e-01 2.842620233424980256e-02
1.600125962432236981e-01 9.220097786067543710e-01 2.842620233424980256e-02
1.600125962432236981e-01 9.220097786067543710e-01 2.842620233424980256e-02
1.600125962432236981e-01 9.220097786067543710e-01 2.842620233424980256e-02
1.600125962432236981e-01 9.220097786067543710e-01 2.842620233424980256e-02
1.600125962432236981e-01 9.220097786067543710e-01 2.842620233424980256e-02
1.600125962432236981e-01 9.220097786067543710e-01 2.842620233424980256e-02
-2.073115922870225059e-02 5.233233544279084493e-01 7.100267056418066436e-02
-2.073115922870225059e-02 5.233233544279084493e-01 7.100267056418066436e-02
-2.073115922870225059e-02 5.233233544279084493e-01 7.100267056418066436e-02
-2.073115922870225059e-02 5.233233544279084493e-01 7.100267056418066436e-02
6.653758963603197130e-02 4.986971899224138527e-01 2.597564721167479607e-01
6.653758963603197130e-02 4.986971899224138527e-01 2.597564721167479607e-01
6.653758963603197130e-02 4.986971899224138527e-01 2.597564721167479607e-01
1.207904476988696796e-01 3.606768589558831950e-01 2.322147519719836295e-01
1.207904476988696796e-01 3.606768589558831950e-01 2.322147519719836295e-01
1.207904476988696796e-01 3.606768589558831950e-01 2.322147519719836295e-01
1.207904476988696796e-01 3.606768589558831950e-01 2.322147519719836295e-01
