2.489132485845457765e-01 1.481402749648903505e-01 9.281509500980017480e-02
6.816594600087709788e-01 -1.639815379022375175e-01 1.010830404677903055e-01
1.843888392360643613e-01 1.564826303107517136e-01 3.073197043105819343e-02
2.256766774719340396e-02 4.896879472124616717e-01 1.416864685543501971e-02
2.256766774719340396e-02 4.896879472124616717e-01 1.416864685543501971e-02
4.071296250733800193e-01 9.185401532494172905e-01 2.051807348466644365e-02
4.754357148123767307e-01 4.548366648736787976e-01 3.947760832730623504e-01
4.754357148123767307e-01 4.548366648736787976e-01 3.947760832730623504e-01
3.252555221761410653e-01 3.901809809408166019e-01 6.166047422701076419e-01
3.252555221761410653e-01 3.901809809408166019e-01 6.166047422701076419e-01
3.252555221761410653e-01 3.901809809408166019e-01 6.166047422701076419e-01
3.603606290646332311e-01 2.437220262324449049e-01 5.287330566746666349e-01
3.603606290646332311e-01 2.437220262324449049e-01 5.287330566746666349e-01
3.603606290646332311e-01 2.437220262324449049e-01 5.287330566746666349e-01
3.603606290646332311e-01 2.437220262324449049e-01 5.287330566746666349e-01
3.603606290646332311e-01 2.437220262324449049e-01 5.287330566746666349e-01
3.603606290646332311e-01 2.437220262324449049e-01 5.287330566746666349e-01
3.603606290646332311e-01 2.437220262324449049e-01 5.287330566746666349e-01
3.603606290646332311e-01 2.437220262324449049e-01 5.287330566746666349e-01
4.034950765753235746e-01 1.215716801665663455e-01 4.114336858472092961e-01
4.034950765753235746e-01 1.215716801665663455e-01 4.114336858472092961e-01
4.034950765753235746e-01 1.215716801665663455e-01 4.114336858472092961e-01
4.034950765753235746e-01 1.215716801665663455e-01 4.114336858472092961e-01
4.034950765753235746e-01 1.215716801665663455e-01 4.114336858472092961e-01
4.293193603515816914e-01 2.273853677949256857e-01 6.264629426769080522e-01
4.293193603515816914e-01 2.273853677949256857e-01 6.264629426769080522e-01
4.293193603515816914e-01 2.273853677949256857e-01 6.264629426769080522e-01
4.581905214667997273e-01 1.205472361877651388e-01 4.948947038708979562e-01
4.581905214667997273e-01 1.205472361877651388e-01 4.948947038708979562e-01
3.950082900303066857e-01 5.111008785032711277e-01 5.369336813538786446e-01
3.950082900303066857e-01 5.111008785032711277e-01 5.369336813538786446e-01
2.324335658465450649e-01 4.418260003828444193e-01 3.611108490214317568e-01
2.324335658465450649e-01 4.418260003828444193e-01 3.611108490214317568e-01
2.324335658465450649e-01 4.418260003828444193e-01 3.611108490214317568e-01
2.324335658465450649e-01 4.418260003828444193e-01 3.611108490214317568e-01
2.324335658465450649e-01 4.418260003828444193e-01 3.611108490214317568e-01
3.732065020488957163e-01 6.363351028352450811e-01 3.501843022424424023e-01
3.732065020488957163e-01 6.363351028352450811e-01 3.501843022424424023e-01
2.679467737406233119e-01 8.633615090402955161e-01 1.431817590467938384e-01
9.968702365645060182e-02 4.980342299182155541e-01 7.304024748201706774e-02
3.172198368419859027e-01 6.649361967524661798e-01 3.874578353018347521e-01
4.429015763253992266e-01 5.505427734727859068e-01 3.312095016447852980e-01
4.429015763253992266e-01 5.505427734727859068e-01 3.312095016447852980e-01
4.429015763253992266e-01 5.505427734727859068e-01 3.312095016447852980e-01
4.429015763253992266e-01 5.505427734727859068e-01 3.312095016447852980e-01
4.429015763253992266e-01 5.505427734727859068e-01 3.312095016447852980e-01
4.429015763253992266e-01 5.505427734727859068e-01 3.312095016447852980e-01
3.303313368135171735e-01 5.448315970119782525e-02 1.391544923248637378e-01
1.805569520329753652e-01 2.970485779643827762e-01 9.200015635820657511e-02
6.101063558632773276e-01 1.718976663432115748e-01 2.484520781280890878e-01
6.101063558632773276e-01 1.718976663432115748e-01 2.484520781280890878e-01
6.101063558632773276e-01 1.718976663432115748e-01 2.484520781280890878e-01
6.101063558632773276e-01 1.718976663432115748e-01 2.484520781280890878e-01
6.101063558632773276e-01 1.718976663432115748e-01 2.484520781280890878e-01
6.101063558632773276e-01 1.718976663432115748e-01 2.484520781280890878e-01
6.101063558632773276e-01 1.718976663432115748e-01 2.484520781280890878e-01
1.107829374937267519e-01 6.613121875134742034e-01 1.399265115528098569e-01
1.107829374937267519e-01 6.613121875134742034e-01 1.399265115528098569e-01
3.111901457714721930e-01 7.595893891513002538e-01 2.385135088796402347e-01
2.166068259236824667e-01 6.833628843160286515e-01 3.363108351175432831e-01
2.166068259236824667e-01 6.833628843160286515e-01 3.363108351175432831e-01
2.166068259236824667e-01 6.833628843160286515e-01 3.363108351175432831e-01
2.166068259236824667e-01 6.833628843160286515e-01 3.363108351175432831e-01
1.279054576395417531e-01 9.135002102933947876e-01 1.035289867458477342e-01
3.317370478368035780e-01 5.424361466351559358e-01 5.713350926311000499e-01
2.228408358220347607e-01 6.541141309216610411e-01 3.658936039698322817e-01
2.228408358220347607e-01 6.541141309216610411e-01 3.658936039698322817e-01
5.509160459249240471e-01 5.512801278412641226e-01 8.306218416235286450e-02
1.879414777169178818e-01 3.177385430223323981e-01 1.191132148755619652e-01
1.879414777169178818e-01 3.177385430223323981e-01 1.191132148755619652e-01
2.396509507459050892e-01 3.427732267977479652e-01 2.775758631330287329e-01
4.457422217057662728e-01 3.210574344043490846e-01 6.488772072230903909e-01
4.457422217057662728e-01 3.210574344043490846e-01 6.488772072230903909e-01
4.457422217057662728e-01 3.210574344043490846e-01 6.488772072230903909e-01
4.457422217057662728e-01 3.210574344043490846e-01 6.488772072230903909e-01
4.457422217057662728e-01 3.210574344043490846e-01 6.488772072230903909e-01
4.457422217057662728e-01 3.210574344043490846e-01 6.488772072230903909e-01
4.457422217057662728e-01 3.210574344043490846e-01 6.488772072230903909e-01
4.334927721691731461e-01 2.692384994218543492e-01 6.608461177365531070e-01
4.334927721691731461e-01 2.692384994218543492e-01 6.608461177365531070e-01
4.334927721691731461e-01 2.692384994218543492e-01 6.608461177365531070e-01
2.834398647313711717e-01 1.694074934538435107e-01 1.796751385765957276e-01
4.569193631523101318e-01 4.064785084601511000e-01 5.348511593398894703e-01
4.569193631523101318e-01 4.064785084601511000e-01 5.348511593398894703e-01
4.569193631523101318e-01 4.064785084601511000e-01 5.348511593398894703e-01
4.569193631523101318e-01 4.064785084601511000e-01 5.348511593398894703e-01
4.569193631523101318e-01 4.064785084601511000e-01 5.348511593398894703e-01
4.569193631523101318e-01 4.064785084601511000e-01 5.348511593398894703e-01
4.569193631523101318e-01 4.064785084601511000e-01 5.348511593398894703e-01
4.569193631523101318e-01 4.064785084601511000e-01 5.348511593398894703e-01
4.493353317209547448e-01 5.249152928091803672e-01 3.577356375145587797e-01
3.750309985750114872e-01 7.121520017650384560e-01 2.169175996559264130e-01
2.154398325780023382e-01 4.143086117447473127e-01 2.784159773476799771e-01
5.076869872895354296e-01 6.152082338459035071e-01 9.722444030479485133e-02
5.076869872895354296e-01 6.152082338459035071e-01 9.722444030479485133e-02
3.890610658674714673e-01 6.473986370977830029e-01 2.958064266113875074e-01
3.890610658674714673e-01 6.473986370977830029e-01 2.958064266113875074e-01
3.890610658674714673e-01 6.473986370977830029e-01 2.958064266113875074e-01
3.890610658674714673e-01 6.473986370977830029e-01 2.958064266113875074e-01
3.341901713850228828e-01 4.680190531094053918e-01 6.400783311616550231e-01
