2.489132485845457765e-01 1.481402749648903505e-01 1.153570037738334830e-01
3.786896095557895081e-01 -7.534818061560111246e-02 8.821037016304035527e-02
4.017303148144523717e-01 -5.826265650088434389e-02 1.397964907223296915e-01
4.017303148144523717e-01 -5.826265650088434389e-02 1.397964907223296915e-01
4.017303148144523717e-01 -5.826265650088434389e-02 1.397964907223296915e-01
4.017303148144523717e-01 -5.826265650088434389e-02 1.397964907223296915e-01
4.017303148144523717e-01 -5.826265650088434389e-02 1.397964907223296915e-01
4.017303148144523717e-01 -5.826265650088434389e-02 1.397964907223296915e-01
4.017303148144523717e-01 -5.826265650088434389e-02 1.397964907223296915e-01
4.017303148144523717e-01 -5.826265650088434389e-02 1.397964907223296915e-01
3.986219275644891091e-01 6.065956747910857816e-01 2.961492205458998717e-01
6.011166734690381874e-02 7.127715439284525445e-01 2.114291898522355773e-01
6.011166734690381874e-02 7.127715439284525445e-01 2.114291898522355773e-01
6.011166734690381874e-02 7.127715439284525445e-01 2.114291898522355773e-01
6.011166734690381874e-02 7.127715439284525445e-01 2.114291898522355773e-01
6.011166734690381874e-02 7.127715439284525445e-01 2.114291898522355773e-01
6.011166734690381874e-02 7.127715439284525445e-01 2.114291898522355773e-01
6.011166734690381874e-02 7.127715439284525445e-01 2.114291898522355773e-01
6.011166734690381874e-02 7.127715439284525445e-01 2.114291898522355773e-01
6.011166734690381874e-02 7.127715439284525445e-01 2.114291898522355773e-01
6.011166734690381874e-02 7.127715439284525445e-01 2.114291898522355773e-01
6.011166734690381874e-02 7.127715439284525445e-01 2.114291898522355773e-01
6.011166734690381874e-02 7.127715439284525445e-01 2.114291898522355773e-01
2.914337168049335736e-01 7.160335411786232784e-01 3.440867668558546533e-01
2.914337168049335736e-01 7.160335411786232784e-01 3.440867668558546533e-01
2.914337168049335736e-01 7.160335411786232784e-01 3.440867668558546533e-01
2.914337168049335736e-01 7.160335411786232784e-01 3.440867668558546533e-01
2.914337168049335736e-01 7.160335411786232784e-01 3.440867668558546533e-01
2.902365442338872836e-01 4.206398833392148151e-01 7.054025940203697553e-01
2.902365442338872836e-01 4.206398833392148151e-01 7.054025940203697553e-01
4.445822879096545388e-01 3.669328082210001063e-01 6.491095556884031170e-01
1.997579483921687604e-01 5.112360606502255322e-01 4.970523261465993881e-01
1.997579483921687604e-01 5.112360606502255322e-01 4.970523261465993881e-01
1.997579483921687604e-01 5.112360606502255322e-01 4.970523261465993881e-01
1.997579483921687604e-01 5.112360606502255322e-01 4.970523261465993881e-01
1.997579483921687604e-01 5.112360606502255322e-01 4.970523261465993881e-01
1.997579483921687604e-01 5.112360606502255322e-01 4.970523261465993881e-01
2.545979955846457976e-01 6.112817065401149330e-01 5.945316415649634090e-01
2.545979955846457976e-01 6.112817065401149330e-01 5.945316415649634090e-01
1.152460526226269655e-01 7.016159877985772564e-01 3.356223952702112601e-01
1.152460526226269655e-01 7.016159877985772564e-01 3.356223952702112601e-01
1.152460526226269655e-01 7.016159877985772564e-01 3.356223952702112601e-01
1.152460526226269655e-01 7.016159877985772564e-01 3.356223952702112601e-01
1.152460526226269655e-01 7.016159877985772564e-01 3.356223952702112601e-01
1.152460526226269655e-01 7.016159877985772564e-01 3.356223952702112601e-01
4.169037770357216788e-01 5.705377730934551028e-01 3.146633589462721203e-01
4.169037770357216788e-01 5.705377730934551028e-01 3.146633589462721203e-01
3.949345713538754410e-01 2.061217632020632684e-01 6.595131820976999348e-01
3.949345713538754410e-01 2.061217632020632684e-01 6.595131820976999348e-01
4.474061863261891148e-01 1.953813563394316555e-01 7.072376320209428080e-01
6.120467204983687237e-01 5.806458329907754345e-02 3.792394540949217130e-01
3.046873499233913041e-01 3.886010590936886944e-01 7.136967622155797608e-01
3.046873499233913041e-01 3.886010590936886944e-01 7.136967622155797608e-01
3.046873499233913041e-01 3.886010590936886944e-01 7.136967622155797608e-01
3.046873499233913041e-01 3.886010590936886944e-01 7.136967622155797608e-01
4.303634511321950962e-01 3.322499096093818327e-01 7.371767927512525853e-01
4.303634511321950962e-01 3.322499096093818327e-01 7.371767927512525853e-01
4.303634511321950962e-01 3.322499096093818327e-01 7.371767927512525853e-01
4.303634511321950962e-01 3.322499096093818327e-01 7.371767927512525853e-01
4.303634511321950962e-01 3.322499096093818327e-01 7.371767927512525853e-01
4.303634511321950962e-01 3.322499096093818327e-01 7.371767927512525853e-01
4.303634511321950962e-01 3.322499096093818327e-01 7.371767927512525853e-01
4.303634511321950962e-01 3.322499096093818327e-01 7.371767927512525853e-01
4.303634511321950962e-01 3.322499096093818327e-01 7.371767927512525853e-01
4.303634511321950962e-01 3.322499096093818327e-01 7.371767927512525853e-01
4.380627758880690226e-01 3.982772191474333034e-01 6.156186109909833615e-01
4.380627758880690226e-01 3.982772191474333034e-01 6.156186109909833615e-01
4.380627758880690226e-01 3.982772191474333034e-01 6.156186109909833615e-01
4.380627758880690226e-01 3.982772191474333034e-01 6.156186109909833615e-01
3.483393796788606389e-01 7.118423248101708456e-01 2.250990976185053838e-01
4.001137061665678840e-01 7.151169699340534924e-01 1.189659920403036281e-01
4.757859307494416989e-01 3.098557436526748199e-01 6.275203773116859729e-01
4.447875784569635949e-01 3.520688652840003319e-01 6.720264453211753919e-01
2.034837115382860662e-01 6.922731646199189459e-01 4.773594644258158382e-01
2.034837115382860662e-01 6.922731646199189459e-01 4.773594644258158382e-01
2.034837115382860662e-01 6.922731646199189459e-01 4.773594644258158382e-01
2.034837115382860662e-01 6.922731646199189459e-01 4.773594644258158382e-01
4.529663112041765194e-01 5.671885932482705339e-01 2.146191476279401544e-01
8.227774921260495589e-01 -1.261960253432203860e-01 4.888464990417020622e-02
8.399601492392330115e-01 -1.372616286921509998e-01 3.840291744033447890e-02
8.399601492392330115e-01 -1.372616286921509998e-01 3.840291744033447890e-02
7.858095992637275096e-01 -2.392199804788919248e-02 6.086432937290798401e-02
7.858095992637275096e-01 -2.392199804788919248e-02 6.086432937290798401e-02
7.858095992637275096e-01 -2.392199804788919248e-02 6.086432937290798401e-02
7.998244765316167015e-01 -3.680975509802792978e-01 5.841845926787977983e-02
7.786970332343970957e-01 -4.866666381773687711e-02 7.494396582551617059e-02
7.786970332343970957e-01 -4.866666381773687711e-02 7.494396582551617059e-02
7.007033077276835220e-01 -1.651968108889756981e-01 1.852050434969989556e-01
7.007033077276835220e-01 -1.651968108889756981e-01 1.852050434969989556e-01
7.007033077276835220e-01 -1.651968108889756981e-01 1.852050434969989556e-01
7.007033077276835220e-01 -1.651968108889756981e-01 1.852050434969989556e-01
6.112763404408677603e-01 5.820346899864692336e-02 3.812307953963003926e-01
5.769456183560397466e-01 1.468429004322581166e-01 4.429475919928784755e-01
5.769456183560397466e-01 1.468429004322581166e-01 4.429475919928784755e-01
5.769456183560397466e-01 1.468429004322581166e-01 4.429475919928784755e-01
5.096041134008569840e-01 2.705257530201055083e-01 5.574320138038781902e-01
4.791376897218000419e-01 5.850700788667045904e-02 5.128960750429532034e-01
4.791376897218000419e-01 5.850700788667045904e-02 5.128960750429532034e-01
4.791376897218000419e-01 5.850700788667045904e-02 5.128960750429532034e-01
4.213096286833994397e-01 2.224951110518105790e-01 7.271729034563817473e-01
