2.489132485845457765e-01 1.481402749648903505e-01 2.107350579985739214e-01
4.790222231050246804e-01 4.547309086290524105e-01 4.098583927820333844e-02
4.790222231050246804e-01 4.547309086290524105e-01 4.098583927820333844e-02
3.669958862308757563e-01 3.247661906215310035e-01 5.177247753249319961e-01
3.669958862308757563e-01 3.247661906215310035e-01 5.177247753249319961e-01
3.669958862308757563e-01 3.247661906215310035e-01 5.177247753249319961e-01
3.669958862308757563e-01 3.247661906215310035e-01 5.177247753249319961e-01
3.669958862308757563e-01 3.247661906215310035e-01 5.177247753249319961e-01
3.669958862308757563e-01 3.247661906215310035e-01 5.177247753249319961e-01
3.669958862308757563e-01 3.247661906215310035e-01 5.177247753249319961e-01
3.669958862308757563e-01 3.247661906215310035e-01 5.177247753249319961e-01
1.975282105313791448e-01 5.205238989921006088e-01 6.382354398598886203e-01
1.975282105313791448e-01 5.205238989921006088e-01 6.382354398598886203e-01
1.975282105313791448e-01 5.205238989921006088e-01 6.382354398598886203e-01
1.975282105313791448e-01 5.205238989921006088e-01 6.382354398598886203e-01
1.975282105313791448e-01 5.205238989921006088e-01 6.382354398598886203e-01
1.975282105313791448e-01 5.205238989921006088e-01 6.382354398598886203e-01
1.975282105313791448e-01 5.205238989921006088e-01 6.382354398598886203e-01
1.975282105313791448e-01 5.205238989921006088e-01 6.382354398598886203e-01
1.975282105313791448e-01 5.205238989921006088e-01 6.382354398598886203e-01
1.975282105313791448e-01 5.205238989921006088e-01 6.382354398598886203e-01
1.975282105313791448e-01 5.205238989921006088e-01 6.382354398598886203e-01
1.975282105313791448e-01 5.205238989921006088e-01 6.382354398598886203e-01
1.975282105313791448e-01 5.205238989921006088e-01 6.382354398598886203e-01
1.975282105313791448e-01 5.205238989921006088e-01 6.382354398598886203e-01
1.975282105313791448e-01 5.205238989921006088e-01 6.382354398598886203e-01
1.975282105313791448e-01 5.205238989921006088e-01 6.382354398598886203e-01
1.975282105313791448e-01 5.205238989921006088e-01 6.382354398598886203e-01
1.975282105313791448e-01 5.205238989921006088e-01 6.382354398598886203e-01
1.975282105313791448e-01 5.205238989921006088e-01 6.382354398598886203e-01
1.975282105313791448e-01 5.205238989921006088e-01 6.382354398598886203e-01
1.975282105313791448e-01 5.205238989921006088e-01 6.382354398598886203e-01
1.204966225396167240e-01 6.979162292383375155e-01 4.632050233382054572e-01
1.427231980036327841e-01 6.242281587032886270e-01 5.349441786682621602e-01
1.427231980036327841e-01 6.242281587032886270e-01 5.349441786682621602e-01
3.224157043524585042e-02 8.550108408595205045e-01 2.532946613447562001e-01
3.224157043524585042e-02 8.550108408595205045e-01 2.532946613447562001e-01
3.224157043524585042e-02 8.550108408595205045e-01 2.532946613447562001e-01
3.224157043524585042e-02 8.550108408595205045e-01 2.532946613447562001e-01
3.224157043524585042e-02 8.550108408595205045e-01 2.532946613447562001e-01
3.224157043524585042e-02 8.550108408595205045e-01 2.532946613447562001e-01
2.933027619548023712e-01 5.459862675721220970e-01 4.303266531990812549e-01
2.933027619548023712e-01 5.459862675721220970e-01 4.303266531990812549e-01
2.933027619548023712e-01 5.459862675721220970e-01 4.303266531990812549e-01
2.933027619548023712e-01 5.459862675721220970e-01 4.303266531990812549e-01
2.933027619548023712e-01 5.459862675721220970e-01 4.303266531990812549e-01
2.933027619548023712e-01 5.459862675721220970e-01 4.303266531990812549e-01
2.933027619548023712e-01 5.459862675721220970e-01 4.303266531990812549e-01
2.933027619548023712e-01 5.459862675721220970e-01 4.303266531990812549e-01
1.192247718806794254e-01 8.590365436645611696e-01 2.467102245560883478e-01
3.372955671918766996e-01 6.155764592500174714e-01 1.526277473355892589e-01
3.372955671918766996e-01 6.155764592500174714e-01 1.526277473355892589e-01
3.372955671918766996e-01 6.155764592500174714e-01 1.526277473355892589e-01
3.372955671918766996e-01 6.155764592500174714e-01 1.526277473355892589e-01
3.372955671918766996e-01 6.155764592500174714e-01 1.526277473355892589e-01
1.420190725892015726e-01 7.784622007902388674e-01 3.505531622959382476e-01
8.637007381067146605e-02 8.073773011951185241e-01 3.343528909088097634e-01
1.441356493491582347e-01 7.405137529983958355e-01 4.117818008402495678e-01
1.441356493491582347e-01 7.405137529983958355e-01 4.117818008402495678e-01
1.441356493491582347e-01 7.405137529983958355e-01 4.117818008402495678e-01
1.441356493491582347e-01 7.405137529983958355e-01 4.117818008402495678e-01
1.441356493491582347e-01 7.405137529983958355e-01 4.117818008402495678e-01
1.441356493491582347e-01 7.405137529983958355e-01 4.117818008402495678e-01
1.441356493491582347e-01 7.405137529983958355e-01 4.117818008402495678e-01
1.441356493491582347e-01 7.405137529983958355e-01 4.117818008402495678e-01
1.441356493491582347e-01 7.405137529983958355e-01 4.117818008402495678e-01
4.111669701185228787e-01 3.994095121376320945e-01 2.394468141020353602e-01
4.111669701185228787e-01 3.994095121376320945e-01 2.394468141020353602e-01
3.618115100433245690e-01 8.625607128357881681e-02 3.668096717942240792e-01
4.531272565869106095e-01 3.327459289863850533e-01 1.871539695250099555e-01
4.531272565869106095e-01 3.327459289863850533e-01 1.871539695250099555e-01
3.656503964333279177e-01 -5.995768094868147990e-02 1.377658643837761376e-01
3.656503964333279177e-01 -5.995768094868147990e-02 1.377658643837761376e-01
5.308556069953586087e-01 3.032194150030396718e-01 5.133599331893639456e-02
5.308556069953586087e-01 3.032194150030396718e-01 5.133599331893639456e-02
5.308556069953586087e-01 3.032194150030396718e-01 5.133599331893639456e-02
3.402827293128272146e-01 2.283454284105645715e-01 5.692144631934884513e-01
6.190368406235973175e-01 1.627121500689437394e-01 1.989011902410994098e-02
5.118576574709136073e-01 -4.695611522145604066e-02 2.043945216542642773e-01
5.118576574709136073e-01 -4.695611522145604066e-02 2.043945216542642773e-01
5.118576574709136073e-01 -4.695611522145604066e-02 2.043945216542642773e-01
5.118576574709136073e-01 -4.695611522145604066e-02 2.043945216542642773e-01
5.385872882805569084e-01 1.133103021900045138e-01 1.384745350743504244e-01
5.385872882805569084e-01 1.133103021900045138e-01 1.384745350743504244e-01
2.827345223989099487e-01 -6.784792054995350541e-02 3.831322635426123724e-02
4.173274240769231369e-01 3.145638327957614999e-01 3.354043451081360483e-01
4.173274240769231369e-01 3.145638327957614999e-01 3.354043451081360483e-01
4.173274240769231369e-01 3.145638327957614999e-01 3.354043451081360483e-01
3.611169694082631554e-01 3.295500655417947788e-01 5.335030335379570277e-01
3.611169694082631554e-01 3.295500655417947788e-01 5.335030335379570277e-01
3.925469324068923682e-01 2.325311448663655578e-01 4.956877922608907694e-01
3.925469324068923682e-01 2.325311448663655578e-01 4.956877922608907694e-01
3.228418104792237231e-01 2.319244121861551988e-01 5.649520813501461847e-01
3.228418104792237231e-01 2.319244121861551988e-01 5.649520813501461847e-01
3.228418104792237231e-01 2.319244121861551988e-01 5.649520813501461847e-01
8.589990484704621010e-02 6.677857962539229808e-01 4.007768746187486686e-01
8.589990484704621010e-02 6.677857962539229808e-01 4.007768746187486686e-01
-3.985938202289540655e-02 6.861235910718422870e-01 8.153886000349083729e-02
1.011520452697846906e-01 1.847588541568534470e-01 1.702445653390517039e-02
1.011520452697846906e-01 1.847588541568534470e-01 1.702445653390517039e-02
