2.489132485845457765e-01 1.481402749648903505e-01 2.622536802128816458e-03
-5.425830777654350179e-01 6.502003756734130446e-01 1.240992348719079964e-02
-6.268114461325402509e-01 1.298479061646920840e+00 1.509916520779823745e-01
-6.268114461325402509e-01 1.298479061646920840e+00 1.509916520779823745e-01
-6.268114461325402509e-01 1.298479061646920840e+00 1.509916520779823745e-01
-6.268114461325402509e-01 1.298479061646920840e+00 1.509916520779823745e-01
-8.438111523894553656e-01 1.084230171164316747e+00 1.174497563861596622e-01
-9.518716160598394982e-01 1.197202737960093355e+00 1.329979519165041257e-01
-1.103390848016670089e+00 9.592684993014017891e-01 9.911506105263338459e-03
-1.103390848016670089e+00 9.592684993014017891e-01 9.911506105263338459e-03
-7.924085120894774903e-01 7.043027279018718723e-01 3.867047374144345472e-03
-7.924085120894774903e-01 7.043027279018718723e-01 3.867047374144345472e-03
-7.924085120894774903e-01 7.043027279018718723e-01 3.867047374144345472e-03
-7.924085120894774903e-01 7.043027279018718723e-01 3.867047374144345472e-03
-8.284704572066665662e-01 8.344057543138849731e-01 1.629295614680710547e-02
-8.284704572066665662e-01 8.344057543138849731e-01 1.629295614680710547e-02
-6.676251767479741694e-01 7.043390146697756649e-01 1.025052110379745529e-02
-5.445435396748760093e-01 8.493224869987449077e-01 8.785357241576630116e-02
-2.831759164909887216e-01 9.482141198222279188e-01 2.264297645579113338e-01
-2.831759164909887216e-01 9.482141198222279188e-01 2.264297645579113338e-01
-3.078272833929307506e-03 6.020208208155226615e-01 1.047079510517942985e-01
-3.078272833929307506e-03 6.020208208155226615e-01 1.047079510517942985e-01
4.630279660526392393e-01 8.037283378335071671e-01 7.200207243613576669e-02
2.417882551697305704e-01 6.390552783416578730e-01 1.682258355899146907e-01
5.489057189817043714e-01 4.580588951979863710e-01 1.116738950444933071e-01
5.063091622526120217e-01 3.123291362529935222e-01 5.379900859002165192e-02
6.129044574010803492e-01 3.033672005891475121e-01 6.178202548851929182e-02
7.906293839029444603e-01 5.285463163950210319e-01 7.023747386909229284e-02
7.906293839029444603e-01 5.285463163950210319e-01 7.023747386909229284e-02
1.003465152767425206e+00 3.621857501306683380e-01 5.198856761051983549e-02
9.965046292988727350e-01 3.474619832797921082e-01 5.397103343571378609e-02
9.965046292988727350e-01 3.474619832797921082e-01 5.397103343571378609e-02
6.947818821987008509e-01 7.288139926105750011e-01 3.804167210223909079e-02
6.947818821987008509e-01 7.288139926105750011e-01 3.804167210223909079e-02
6.947818821987008509e-01 7.288139926105750011e-01 3.804167210223909079e-02
6.947818821987008509e-01 7.288139926105750011e-01 3.804167210223909079e-02
6.947818821987008509e-01 7.288139926105750011e-01 3.804167210223909079e-02
-1.325333633469766292e-01 8.645999755912769924e-01 2.199708508798654816e-01
-1.325333633469766292e-01 8.645999755912769924e-01 2.199708508798654816e-01
-6.490498047264717241e-02 6.383146120342472196e-01 1.107994861683239685e-01
-6.490498047264717241e-02 6.383146120342472196e-01 1.107994861683239685e-01
-6.490498047264717241e-02 6.383146120342472196e-01 1.107994861683239685e-01
4.994309513556108304e-02 6.310020507719632521e-01 1.383269055425130067e-01
2.103984134850744037e-01 5.821973096334590592e-01 1.417013495036099913e-01
2.103984134850744037e-01 5.821973096334590592e-01 1.417013495036099913e-01
1.555424524427140298e-02 8.740338787210747418e-01 1.996858238044454947e-01
-6.711517552539025822e-01 1.108436398858943850e+00 1.935412655947977845e-01
-6.711517552539025822e-01 1.108436398858943850e+00 1.935412655947977845e-01
-6.711517552539025822e-01 1.108436398858943850e+00 1.935412655947977845e-01
-7.101672480735455872e-01 1.410257382545636817e+00 1.000346357005002240e-01
-7.101672480735455872e-01 1.410257382545636817e+00 1.000346357005002240e-01
-2.734754097931171302e-01 1.036939731120308572e+00 2.118126178723160613e-01
-5.351537184627812582e-01 1.118269914966398382e+00 2.169067127200464684e-01
-5.351537184627812582e-01 1.118269914966398382e+00 2.169067127200464684e-01
-5.351537184627812582e-01 1.118269914966398382e+00 2.169067127200464684e-01
-4.830950303346879804e-01 9.281953756364675900e-01 1.660523904786249949e-01
-4.830950303346879804e-01 9.281953756364675900e-01 1.660523904786249949e-01
-3.594686857996464702e-01 7.849929502107282353e-01 1.128639206314490800e-01
-8.761455392953481081e-01 8.922588528391076634e-01 2.261689707334657573e-02
-8.076485639268808914e-01 1.102753010474177398e+00 1.422939516037652619e-01
-5.684506045397659246e-01 1.142631780299400157e+00 2.129304474834514127e-01
-5.684506045397659246e-01 1.142631780299400157e+00 2.129304474834514127e-01
-5.684506045397659246e-01 1.142631780299400157e+00 2.129304474834514127e-01
-3.411810247314465139e-01 9.392186708511858217e-01 2.164577982479913010e-01
-5.585793944240011744e-01 1.158527054506816700e+00 2.092593111666511685e-01
-5.585793944240011744e-01 1.158527054506816700e+00 2.092593111666511685e-01
-5.585793944240011744e-01 1.158527054506816700e+00 2.092593111666511685e-01
-5.585793944240011744e-01 1.158527054506816700e+00 2.092593111666511685e-01
-4.179609875949523712e-01 1.014725311612814762e+00 2.237134036539547288e-01
7.516967984559963512e-02 7.630100574572906691e-01 2.004430290673323012e-01
7.516967984559963512e-02 7.630100574572906691e-01 2.004430290673323012e-01
7.516967984559963512e-02 7.630100574572906691e-01 2.004430290673323012e-01
3.092615524581860953e-01 6.807647383824325660e-01 1.655066790999493442e-01
3.092615524581860953e-01 6.807647383824325660e-01 1.655066790999493442e-01
5.108428801396108776e-01 5.652933517935279095e-01 1.302634255792498030e-01
8.982031602489990441e-01 5.249400821557855812e-01 4.692960263592466097e-02
6.547661244431643990e-01 6.986735596172796159e-01 5.671395593236011612e-02
6.547661244431643990e-01 6.986735596172796159e-01 5.671395593236011612e-02
8.879521994511276883e-01 2.218278209767312603e-01 5.089796960046388818e-02
9.242078743528933105e-01 3.502169452410753836e-01 6.398485992444680193e-02
8.802357880410494051e-01 2.848118011788001169e-01 6.276349791999531746e-02
9.085174216069443753e-01 6.439044722197635462e-01 2.115747989368342227e-02
9.085174216069443753e-01 6.439044722197635462e-01 2.115747989368342227e-02
9.085174216069443753e-01 6.439044722197635462e-01 2.115747989368342227e-02
8.697920439574151619e-01 3.890682272402343211e-01 7.131179507364250603e-02
8.697920439574151619e-01 3.890682272402343211e-01 7.131179507364250603e-02
9.079166130817594160e-01 4.330741896586273176e-01 6.124665268524671219e-02
1.031523926057090756e+00 2.543726340997541358e-01 4.957975460960883929e-02
1.031523926057090756e+00 2.543726340997541358e-01 4.957975460960883929e-02
1.131600530485465939e+00 9.589197790611209138e-03 1.864513533099613693e-02
1.131600530485465939e+00 9.589197790611209138e-03 1.864513533099613693e-02
1.131600530485465939e+00 9.589197790611209138e-03 1.864513533099613693e-02
8.674520681227695373e-01 4.181353212524426821e-01 7.027717815551735858e-02
1.341669869676595628e+00 2.997265945060271775e-01 1.604278938851435091e-02
9.614130300199796864e-01 2.387202480014097850e-01 5.249582038962405384e-02
2.542416213507332490e-01 1.020728621605358377e+00 3.945173590774389560e-02
-8.211441098679234107e-02 1.273991934259816272e+00 2.150186139166230387e-02
-2.280731937766460327e-01 1.309918850340321628e+00 3.402807273109231812e-02
-6.840427035089081675e-01 1.472949009941624920e+00 5.860245632300960239e-02
-5.079873209565564096e-01 1.280312677592429171e+00 1.292585624681787115e-01
