2.489132485845457765e-01 1.481402749648903505e-01 2.802645719556472875e-03
7.957905174287399630e-01 8.547314476286671514e-02 4.239702216130032675e-02
6.774545106824542140e-01 2.167477254493812289e-01 6.712035700797283622e-02
6.774545106824542140e-01 2.167477254493812289e-01 6.712035700797283622e-02
6.774545106824542140e-01 2.167477254493812289e-01 6.712035700797283622e-02
1.162338962584922974e+00 2.100716502953255960e-01 1.165646352810397607e-01
1.162338962584922974e+00 2.100716502953255960e-01 1.165646352810397607e-01
8.278377137638524008e-01 5.735009962753859214e-02 3.897797981829018849e-02
8.278377137638524008e-01 5.735009962753859214e-02 3.897797981829018849e-02
8.770877394386873416e-01 2.243284827914349133e-01 1.119530854799943020e-01
4.739362516875110232e-01 2.077279136056479070e-01 2.579827045422135659e-02
6.941027008190705505e-01 4.115512830878740314e-01 1.404397914382599644e-01
9.024950557264512785e-01 3.340585957478557355e-01 1.351615629789284512e-01
9.024950557264512785e-01 3.340585957478557355e-01 1.351615629789284512e-01
9.503561082292162343e-01 2.052170652644201565e-01 1.159388123655084868e-01
9.503561082292162343e-01 2.052170652644201565e-01 1.159388123655084868e-01
9.503561082292162343e-01 2.052170652644201565e-01 1.159388123655084868e-01
9.503561082292162343e-01 2.052170652644201565e-01 1.159388123655084868e-01
9.503561082292162343e-01 2.052170652644201565e-01 1.159388123655084868e-01
9.503561082292162343e-01 2.052170652644201565e-01 1.159388123655084868e-01
1.438289799233501753e+00 -1.346289431344842302e-01 6.852717401731524272e-02
1.688818296174388944e+00 -8.402474947307737863e-02 7.066760793387789896e-02
1.642763777152112192e+00 1.656842614357170729e-02 6.551821040343810965e-02
1.642763777152112192e+00 1.656842614357170729e-02 6.551821040343810965e-02
8.413072266343586403e-01 1.585547402128897609e-01 7.914019175661524130e-02
8.413072266343586403e-01 1.585547402128897609e-01 7.914019175661524130e-02
8.413072266343586403e-01 1.585547402128897609e-01 7.914019175661524130e-02
8.506678600279548030e-01 5.297147686700145464e-01 1.001918171748045622e-01
6.539750921838073383e-01 5.454936351565381480e-01 1.383534324280005778e-01
6.539750921838073383e-01 5.454936351565381480e-01 1.383534324280005778e-01
3.001059087099022249e-01 2.105122811175914044e-01 9.136426188530366241e-03
5.694996792519257944e-02 6.656730690092456104e-01 9.750489900915286501e-02
5.694996792519257944e-02 6.656730690092456104e-01 9.750489900915286501e-02
-2.297811000413640392e-01 1.037379625993150922e+00 1.120001798841489676e-01
-5.541040744181866540e-01 1.232836810334870359e+00 8.379874687085897556e-02
-5.541040744181866540e-01 1.232836810334870359e+00 8.379874687085897556e-02
-7.169905939571052933e-01 1.360042194116144909e+00 6.637644546632458231e-02
-4.885328791265066695e-01 1.398425781197591533e+00 4.233878878012080349e-02
-4.885328791265066695e-01 1.398425781197591533e+00 4.233878878012080349e-02
-4.885328791265066695e-01 1.398425781197591533e+00 4.233878878012080349e-02
-6.161871507144003335e-01 1.304051774251753004e+00 7.409664832601729756e-02
-7.434600373417488139e-02 1.143848012586342833e+00 6.307037864174235009e-02
6.126092802894522737e-02 7.920197512495679160e-01 1.330019777946902793e-01
6.126092802894522737e-02 7.920197512495679160e-01 1.330019777946902793e-01
6.126092802894522737e-02 7.920197512495679160e-01 1.330019777946902793e-01
6.126092802894522737e-02 7.920197512495679160e-01 1.330019777946902793e-01
4.075441788056373693e-01 7.423353188793286872e-01 1.243350974351453281e-01
4.075441788056373693e-01 7.423353188793286872e-01 1.243350974351453281e-01
4.075441788056373693e-01 7.423353188793286872e-01 1.243350974351453281e-01
4.075441788056373693e-01 7.423353188793286872e-01 1.243350974351453281e-01
7.600145084597782486e-01 2.618975474413358651e-01 1.046929393220612653e-01
7.600145084597782486e-01 2.618975474413358651e-01 1.046929393220612653e-01
9.776074663039303614e-01 4.064457341408583280e-01 1.119866605631232720e-01
9.776074663039303614e-01 4.064457341408583280e-01 1.119866605631232720e-01
9.776074663039303614e-01 4.064457341408583280e-01 1.119866605631232720e-01
1.314738543310246754e+00 1.613746215921961491e-01 9.970275140247308876e-02
1.314738543310246754e+00 1.613746215921961491e-01 9.970275140247308876e-02
1.314738543310246754e+00 1.613746215921961491e-01 9.970275140247308876e-02
1.396916684593611402e+00 1.361876485547031668e-01 8.913310168766383490e-02
1.278143189194434148e+00 4.779772107940701009e-02 1.013495798008187954e-01
1.538715112197813983e+00 -1.747139604976406524e-01 6.631485358593364188e-02
1.538715112197813983e+00 -1.747139604976406524e-01 6.631485358593364188e-02
1.538715112197813983e+00 -1.747139604976406524e-01 6.631485358593364188e-02
1.472188092510493984e+00 -1.213270761468452641e-01 7.446430850452122330e-02
1.472188092510493984e+00 -1.213270761468452641e-01 7.446430850452122330e-02
1.472188092510493984e+00 -1.213270761468452641e-01 7.446430850452122330e-02
1.472188092510493984e+00 -1.213270761468452641e-01 7.446430850452122330e-02
2.089743593576463887e+00 -2.847056862729623328e-01 3.879832535058476417e-02
2.089743593576463887e+00 -2.847056862729623328e-01 3.879832535058476417e-02
1.489720379661255034e+00 2.936916495647569070e-01 3.046436989463853495e-02
1.489720379661255034e+00 2.936916495647569070e-01 3.046436989463853495e-02
1.903125222569955088e+00 -1.773963783460332788e-01 5.143771300909227157e-02
1.808094323066071540e+00 -2.569958901414380881e-01 5.835936403510175174e-02
1.808094323066071540e+00 -2.569958901414380881e-01 5.835936403510175174e-02
1.808094323066071540e+00 -2.569958901414380881e-01 5.835936403510175174e-02
1.736470282883177063e+00 -1.077950351460624512e-01 6.644156642492968223e-02
1.497113426618822851e+00 -7.757965526897103725e-02 8.353811600011150362e-02
1.550999568414067387e+00 -2.579552433247738613e-02 8.362502221436543537e-02
1.550999568414067387e+00 -2.579552433247738613e-02 8.362502221436543537e-02
1.550999568414067387e+00 -2.579552433247738613e-02 8.362502221436543537e-02
1.550999568414067387e+00 -2.579552433247738613e-02 8.362502221436543537e-02
1.956012223191350596e+00 -4.353304394069538175e-01 3.674227716963492790e-02
1.956012223191350596e+00 -4.353304394069538175e-01 3.674227716963492790e-02
1.956012223191350596e+00 -4.353304394069538175e-01 3.674227716963492790e-02
1.956012223191350596e+00 -4.353304394069538175e-01 3.674227716963492790e-02
1.956012223191350596e+00 -4.353304394069538175e-01 3.674227716963492790e-02
1.704160327249855555e+00 -1.673974730786215726e-01 6.913510817679389964e-02
1.617733446813486520e+00 -4.110470470025319178e-01 2.024050634304832078e-02
1.749298817647819249e+00 -3.846470854084480528e-01 3.498726091423699780e-02
1.925881126273400135e+00 -2.879548367250540641e-01 5.194118472322856173e-02
1.925881126273400135e+00 -2.879548367250540641e-01 5.194118472322856173e-02
1.537951655952637164e+00 -2.149094971842813728e-01 5.650194898852884534e-02
1.537951655952637164e+00 -2.149094971842813728e-01 5.650194898852884534e-02
1.537951655952637164e+00 -2.149094971842813728e-01 5.650194898852884534e-02
1.209961534995222854e+00 -2.916542410172636712e-01 9.631977107255336457e-03
8.473942056804915079e-01 2.708185222243225665e-02 3.321825504115544225e-02
1.192602255792430510e+00 -1.626595234754241448e-01 3.020228921066901023e-02
1.192602255792430510e+00 -1.626595234754241448e-01 3.020228921066901023e-02
1.192602255792430510e+00 -1.626595234754241448e-01 3.020228921066901023e-02
1.192602255792430510e+00 -1.626595234754241448e-01 3.020228921066901023e-02
