2.489132485845457765e-01 1.481402749648903505e-01 3.345088656659204844e-03
2.489132485845457765e-01 1.481402749648903505e-01 3.345088656659204844e-03
2.489132485845457765e-01 1.481402749648903505e-01 3.345088656659204844e-03
2.489132485845457765e-01 1.481402749648903505e-01 3.345088656659204844e-03
7.165559253659752326e-01 -9.776433876282203395e-02 6.375937515270748736e-03
7.165559253659752326e-01 -9.776433876282203395e-02 6.375937515270748736e-03
6.019248744169747312e-01 -2.294614911401987589e-01 2.978373269840957935e-04
6.019248744169747312e-01 -2.294614911401987589e-01 2.978373269840957935e-04
6.019248744169747312e-01 -2.294614911401987589e-01 2.978373269840957935e-04
1.061856292481746067e+00 -4.471646127957308314e-01 8.127965278632911248e-04
1.401018865101500976e+00 -2.921079133841368858e-01 4.602088902930370762e-02
1.401018865101500976e+00 -2.921079133841368858e-01 4.602088902930370762e-02
1.116687298866645861e+00 -1.357739594270706285e-01 4.791139913677655571e-02
1.116687298866645861e+00 -1.357739594270706285e-01 4.791139913677655571e-02
1.116687298866645861e+00 -1.357739594270706285e-01 4.791139913677655571e-02
1.300727678399101084e+00 -2.173803788732281972e-01 5.433302849148703012e-02
1.117211749388262065e+00 4.180566748545864741e-01 8.144333515587917627e-02
1.117211749388262065e+00 4.180566748545864741e-01 8.144333515587917627e-02
1.117211749388262065e+00 4.180566748545864741e-01 8.144333515587917627e-02
9.091278309488255438e-01 -1.374053337833380795e-02 4.940306304583069047e-02
7.073611139680714421e-01 2.147857964192440294e-01 1.000969246473173285e-01
7.073611139680714421e-01 2.147857964192440294e-01 1.000969246473173285e-01
7.073611139680714421e-01 2.147857964192440294e-01 1.000969246473173285e-01
7.073611139680714421e-01 2.147857964192440294e-01 1.000969246473173285e-01
7.809816045032311749e-01 3.268621861348657842e-01 1.686482148284086935e-01
4.609211462566589201e-01 5.947613525533748113e-01 1.688776313452549638e-01
4.609211462566589201e-01 5.947613525533748113e-01 1.688776313452549638e-01
7.814982741740494898e-01 1.258292653411615669e-01 7.765245479686957997e-02
7.946440703466590705e-01 1.577520664901159997e-01 9.787963988843982610e-02
7.946440703466590705e-01 1.577520664901159997e-01 9.787963988843982610e-02
1.015341645499434620e+00 1.529751385631333005e-01 1.525638153084037663e-01
8.958484958378157836e-01 2.190720039778637496e-01 1.548709800749977217e-01
8.958484958378157836e-01 2.190720039778637496e-01 1.548709800749977217e-01
8.958484958378157836e-01 2.190720039778637496e-01 1.548709800749977217e-01
8.125180071806471505e-01 4.036459222501604938e-01 1.724358733619154871e-01
8.125180071806471505e-01 4.036459222501604938e-01 1.724358733619154871e-01
8.125180071806471505e-01 4.036459222501604938e-01 1.724358733619154871e-01
8.125180071806471505e-01 4.036459222501604938e-01 1.724358733619154871e-01
9.939896951557226634e-01 1.221235623476822352e-01 1.363560827172379253e-01
9.939896951557226634e-01 1.221235623476822352e-01 1.363560827172379253e-01
1.002907069386046901e+00 4.096482506062248397e-01 1.238919003076293240e-01
1.002907069386046901e+00 4.096482506062248397e-01 1.238919003076293240e-01
1.002907069386046901e+00 4.096482506062248397e-01 1.238919003076293240e-01
5.354999376325502158e-01 1.898166943654900907e-01 4.049047684954245468e-02
5.104579099873620684e-01 5.759032813940692108e-01 1.702077110933344628e-01
5.258147962768709993e-01 6.179459705368062217e-01 1.602275747300148934e-01
2.966821223766419324e-02 7.448845552489179456e-01 1.193327552527125857e-01
2.966821223766419324e-02 7.448845552489179456e-01 1.193327552527125857e-01
2.966821223766419324e-02 7.448845552489179456e-01 1.193327552527125857e-01
2.966821223766419324e-02 7.448845552489179456e-01 1.193327552527125857e-01
-1.319676336706434028e-01 9.255758543999315080e-01 1.164089146092304738e-01
-1.319676336706434028e-01 9.255758543999315080e-01 1.164089146092304738e-01
-1.319676336706434028e-01 9.255758543999315080e-01 1.164089146092304738e-01
6.183595706355834998e-02 1.010522957886870632e+00 9.018118445088188495e-02
6.183595706355834998e-02 1.010522957886870632e+00 9.018118445088188495e-02
4.483462670798601946e-02 1.228673524667399652e+00 2.053105085416560144e-02
2.234303708407285316e-01 1.201218459227277213e+00 9.758612294879584134e-03
-7.847988125097121737e-02 1.070799122612725585e+00 8.947483838310835158e-02
-7.847988125097121737e-02 1.070799122612725585e+00 8.947483838310835158e-02
1.979525291350966443e-01 6.452754561549249868e-01 1.348112796451784723e-01
6.799050665296397788e-01 8.930732234021465654e-02 3.711165390395607111e-02
8.178722078605882295e-01 4.506501206820774375e-01 1.596541149252748149e-01
8.178722078605882295e-01 4.506501206820774375e-01 1.596541149252748149e-01
8.178722078605882295e-01 4.506501206820774375e-01 1.596541149252748149e-01
8.178722078605882295e-01 4.506501206820774375e-01 1.596541149252748149e-01
8.178722078605882295e-01 4.506501206820774375e-01 1.596541149252748149e-01
8.178722078605882295e-01 4.506501206820774375e-01 1.596541149252748149e-01
8.178722078605882295e-01 4.506501206820774375e-01 1.596541149252748149e-01
8.178722078605882295e-01 4.506501206820774375e-01 1.596541149252748149e-01
8.178722078605882295e-01 4.506501206820774375e-01 1.596541149252748149e-01
8.178722078605882295e-01 4.506501206820774375e-01 1.596541149252748149e-01
5.550794067628778139e-01 4.748062102503097792e-01 1.683633705743277087e-01
1.029067667844135503e+00 3.287007535167066896e-01 1.501750179243820649e-01
1.029067667844135503e+00 3.287007535167066896e-01 1.501750179243820649e-01
7.664238374098235607e-01 4.262682650160842801e-01 1.737879247894957568e-01
8.827179799803709370e-01 2.139021438394661523e-01 1.502035046671736096e-01
1.100477143326447305e+00 5.758683469222672380e-02 1.314611954142658745e-01
1.100477143326447305e+00 5.758683469222672380e-02 1.314611954142658745e-01
1.100477143326447305e+00 5.758683469222672380e-02 1.314611954142658745e-01
1.100477143326447305e+00 5.758683469222672380e-02 1.314611954142658745e-01
1.100477143326447305e+00 5.758683469222672380e-02 1.314611954142658745e-01
1.100477143326447305e+00 5.758683469222672380e-02 1.314611954142658745e-01
1.100477143326447305e+00 5.758683469222672380e-02 1.314611954142658745e-01
1.320410804758284984e+00 3.060778681502670517e-01 6.790753493035305011e-02
1.320410804758284984e+00 3.060778681502670517e-01 6.790753493035305011e-02
1.320410804758284984e+00 3.060778681502670517e-01 6.790753493035305011e-02
1.104849426057925132e+00 4.360904057257347644e-02 1.263122115412255719e-01
1.246281408030876392e+00 -3.035126367450931284e-02 1.226787370649552872e-01
1.547721024649479471e+00 1.048706723989819706e-01 7.918150265078607863e-02
1.547721024649479471e+00 1.048706723989819706e-01 7.918150265078607863e-02
1.584631577598125007e+00 -7.447755779190999570e-02 1.157572510213747685e-01
1.584631577598125007e+00 -7.447755779190999570e-02 1.157572510213747685e-01
1.512156800729173911e+00 -1.859895458975942967e-02 1.224155088373580919e-01
1.512156800729173911e+00 -1.859895458975942967e-02 1.224155088373580919e-01
9.857453611995856679e-01 -5.337264144971998886e-02 5.121411032139062958e-02
1.120759842478726176e+00 -1.436366634672087139e-01 4.587138902126382256e-02
1.120759842478726176e+00 -1.436366634672087139e-01 4.587138902126382256e-02
1.446439785327377825e+00 -1.503091041635378766e-01 1.076115634831375095e-01
1.182522766562243977e+00 2.337128946431557552e-02 1.328269019111565363e-01
1.330529051758454484e+00 2.775835820447002389e-01 7.677214216747135778e-02
