2.489132485845457765e-01 1.481402749648903505e-01 2.842917999397138757e-03
6.442036558278521619e-02 2.323964945045003949e-01 2.622852480213027932e-03
1.701900345436134776e-01 7.060765848583816506e-01 1.991335765084325804e-01
1.701900345436134776e-01 7.060765848583816506e-01 1.991335765084325804e-01
6.843228774887363253e-01 3.041757738214831419e-01 9.500611904072038538e-02
5.519718833967470761e-01 3.148892967977577895e-01 7.754625745873641729e-02
5.519718833967470761e-01 3.148892967977577895e-01 7.754625745873641729e-02
5.513910272524695788e-01 6.410137647469561495e-01 1.430696813202609330e-01
5.513910272524695788e-01 6.410137647469561495e-01 1.430696813202609330e-01
5.513910272524695788e-01 6.410137647469561495e-01 1.430696813202609330e-01
4.513228059100644618e-01 4.483065758984997595e-01 1.290152973132477343e-01
4.513228059100644618e-01 4.483065758984997595e-01 1.290152973132477343e-01
8.364040051469705528e-01 2.519859512153914682e-01 9.083140524205647603e-02
9.609241248516834366e-01 1.742644534598072059e-01 7.344371695986638693e-02
9.609241248516834366e-01 1.742644534598072059e-01 7.344371695986638693e-02
9.279553058813780897e-01 4.404201056643723966e-01 1.003867038729141098e-01
9.279553058813780897e-01 4.404201056643723966e-01 1.003867038729141098e-01
7.534240809143282203e-01 4.172808200428942405e-01 1.341474862561015391e-01
7.534240809143282203e-01 4.172808200428942405e-01 1.341474862561015391e-01
7.992739455704349627e-01 3.540098530117060105e-01 1.214590454913123674e-01
7.992739455704349627e-01 3.540098530117060105e-01 1.214590454913123674e-01
9.784432090274595151e-01 4.493798715459331183e-01 8.530458170742274970e-02
7.454062032419929151e-01 3.211712630775037658e-01 1.093851050749064663e-01
7.454062032419929151e-01 3.211712630775037658e-01 1.093851050749064663e-01
4.918352480185482212e-01 4.544326965562545118e-01 1.386147494930971558e-01
4.918352480185482212e-01 4.544326965562545118e-01 1.386147494930971558e-01
4.918352480185482212e-01 4.544326965562545118e-01 1.386147494930971558e-01
4.918352480185482212e-01 4.544326965562545118e-01 1.386147494930971558e-01
1.863176141641793571e-01 6.471521675636903170e-01 1.824447742662209382e-01
3.817399914680217332e-01 3.161373539790413023e-01 4.567071632156671085e-02
4.855930759233619276e-01 2.830226853315604973e-01 5.038685835858640327e-02
5.503312705765176505e-01 6.282704907442756559e-01 1.480033779017849160e-01
3.118863729660764084e-01 8.242799690604832863e-01 1.342606704282671148e-01
-8.084984106281256633e-02 7.969725284187789693e-01 1.991807643688748020e-01
-8.084984106281256633e-02 7.969725284187789693e-01 1.991807643688748020e-01
-8.084984106281256633e-02 7.969725284187789693e-01 1.991807643688748020e-01
-2.110577789038082241e-01 9.915314042471568001e-01 2.017349879142176505e-01
-2.110577789038082241e-01 9.915314042471568001e-01 2.017349879142176505e-01
-2.110577789038082241e-01 9.915314042471568001e-01 2.017349879142176505e-01
-2.110577789038082241e-01 9.915314042471568001e-01 2.017349879142176505e-01
-2.110577789038082241e-01 9.915314042471568001e-01 2.017349879142176505e-01
-2.110577789038082241e-01 9.915314042471568001e-01 2.017349879142176505e-01
-4.701065264922401621e-01 9.276890099148811242e-01 1.546064281754001291e-01
-8.946816890587756532e-01 1.329619023886790430e+00 1.464437906322328120e-01
-6.545843909348041390e-01 1.075329477641652431e+00 1.660521932083563745e-01
-6.545843909348041390e-01 1.075329477641652431e+00 1.660521932083563745e-01
-7.853122042765008359e-01 9.780407049229353778e-01 7.234783302755609657e-02
-5.318077856936783698e-01 8.429475832751950337e-01 8.059033964307385500e-02
-5.318077856936783698e-01 8.429475832751950337e-01 8.059033964307385500e-02
-5.318077856936783698e-01 8.429475832751950337e-01 8.059033964307385500e-02
-8.763444114005678465e-01 1.192418024664591236e+00 1.426315758806809830e-01
-8.763444114005678465e-01 1.192418024664591236e+00 1.426315758806809830e-01
-8.316296011742877470e-01 8.391213159477874939e-01 1.594130837620915536e-02
-8.316296011742877470e-01 8.391213159477874939e-01 1.594130837620915536e-02
-8.316296011742877470e-01 8.391213159477874939e-01 1.594130837620915536e-02
-1.118751495535596385e+00 9.590831639394210573e-01 8.943951356486132612e-03
-1.026945895889681770e+00 1.763349625686133404e+00 1.153785023772443789e-02
-7.882840084189464136e-01 1.559790544909527288e+00 3.421310720081215812e-02
1.349794673568127656e-02 1.201043943629519939e+00 2.696900483926325739e-02
-1.442872052903391156e-01 8.908453252846095793e-01 2.128275273690644065e-01
-1.442872052903391156e-01 8.908453252846095793e-01 2.128275273690644065e-01
-1.442872052903391156e-01 8.908453252846095793e-01 2.128275273690644065e-01
1.301990866436970040e-01 8.719199962942031368e-01 1.710486507364178954e-01
-2.465169700260147478e-01 8.394402030416717730e-01 1.785485195089498434e-01
-2.465169700260147478e-01 8.394402030416717730e-01 1.785485195089498434e-01
-2.757892330825044147e-01 8.716291853126451050e-01 1.867181751930748479e-01
-2.282406424915020271e-01 5.166481708472419054e-01 1.729153631305175090e-02
-2.282406424915020271e-01 5.166481708472419054e-01 1.729153631305175090e-02
-2.205053530282014562e-01 6.312823046956408390e-01 5.784155064527400636e-02
-2.205053530282014562e-01 6.312823046956408390e-01 5.784155064527400636e-02
-2.205053530282014562e-01 6.312823046956408390e-01 5.784155064527400636e-02
-1.632770827956137594e-01 1.096112968371241614e+00 1.292376173302669518e-01
-1.632770827956137594e-01 1.096112968371241614e+00 1.292376173302669518e-01
2.374611993232334517e-01 7.508516622038102772e-01 1.909567637163407383e-01
7.914035407834023594e-01 1.868898111211907409e-01 5.939873165161032448e-02
7.914035407834023594e-01 1.868898111211907409e-01 5.939873165161032448e-02
1.277605434459276657e+00 2.547931611370177762e-01 6.214112564732563598e-02
1.277605434459276657e+00 2.547931611370177762e-01 6.214112564732563598e-02
1.394569177781914915e+00 8.679980899339195810e-02 5.461355000922742814e-02
1.367794924648868760e+00 -1.501047616437208576e-01 1.909603502324883073e-02
1.367794924648868760e+00 -1.501047616437208576e-01 1.909603502324883073e-02
1.367794924648868760e+00 -1.501047616437208576e-01 1.909603502324883073e-02
1.367794924648868760e+00 -1.501047616437208576e-01 1.909603502324883073e-02
1.416898908106478450e+00 -1.859443551312040255e-01 1.603425269748946780e-02
1.416898908106478450e+00 -1.859443551312040255e-01 1.603425269748946780e-02
1.634347380855035725e+00 -4.985252925376870703e-01 1.135118251403729279e-03
2.020293611984736781e+00 -4.020778768448876050e-01 8.198926736078899699e-03
2.020293611984736781e+00 -4.020778768448876050e-01 8.198926736078899699e-03
2.020293611984736781e+00 -4.020778768448876050e-01 8.198926736078899699e-03
1.803492558942809243e+00 3.292833855614518690e-02 1.986483013168941977e-02
1.315070349659097415e+00 1.032933256812963024e-01 6.083120776134488122e-02
1.315070349659097415e+00 1.032933256812963024e-01 6.083120776134488122e-02
1.341433573048896877e+00 -1.747585760648370234e-01 1.451295101247665996e-02
9.779926228289907986e-01 2.136049483164485507e-01 8.667081952891553254e-02
9.779926228289907986e-01 2.136049483164485507e-01 8.667081952891553254e-02
9.779926228289907986e-01 2.136049483164485507e-01 8.667081952891553254e-02
9.779926228289907986e-01 2.136049483164485507e-01 8.667081952891553254e-02
1.152807338771504764e+00 -5.705279089541820392e-02 2.374748846687927892e-02
1.152807338771504764e+00 -5.705279089541820392e-02 2.374748846687927892e-02
1.476936559786703906e+00 3.309675266244387348e-01 1.931577405263192743e-02
