2.489132485845457765e-01 1.481402749648903505e-01 1.061364294170589768e-03
4.173276032813483249e-01 3.368870111606082629e-01 1.383330416649817748e-02
1.899948073739209375e-01 3.317739511294884869e-01 5.258047485525728197e-03
3.186193920192449403e-01 4.280608507552922659e-01 1.737369952779940427e-02
5.142911324554373387e-01 1.159992217345277243e+00 1.217457238874293957e-03
5.142911324554373387e-01 1.159992217345277243e+00 1.217457238874293957e-03
5.348161561998518998e-01 9.313477964996697001e-01 1.002131153128588137e-02
5.348161561998518998e-01 9.313477964996697001e-01 1.002131153128588137e-02
1.139308515248657949e+00 4.796875572195293813e-01 2.083422435278718329e-02
1.191258696461171107e+00 3.707235973685891750e-01 2.724541857599791297e-02
1.274995380254183130e+00 9.253488940148868469e-02 2.733428328039324076e-02
1.129467230561115310e+00 5.953677564665943445e-01 1.133760122955011079e-02
1.477526769855597610e+00 4.019478860024524591e-01 1.057236689868805424e-02
1.359184172234920718e+00 4.558223624496618442e-01 1.179104993676271564e-02
1.302453820677179186e+00 6.077257126639391549e-01 4.818220946754873946e-03
1.302453820677179186e+00 6.077257126639391549e-01 4.818220946754873946e-03
1.302453820677179186e+00 6.077257126639391549e-01 4.818220946754873946e-03
9.041965877854554190e-01 7.661903779710829143e-01 8.082515232528215618e-03
9.041965877854554190e-01 7.661903779710829143e-01 8.082515232528215618e-03
9.369166347265850403e-01 8.568460736248522114e-01 3.055155364605606060e-03
6.715565116483899200e-01 8.430447659831984408e-01 1.141245758043689211e-02
5.712637938495502832e-01 4.333607544243889831e-01 3.080812884880130761e-02
5.712637938495502832e-01 4.333607544243889831e-01 3.080812884880130761e-02
7.490903057067614945e-01 6.032214344414194018e-01 3.012159290202131440e-02
7.490903057067614945e-01 6.032214344414194018e-01 3.012159290202131440e-02
7.490903057067614945e-01 6.032214344414194018e-01 3.012159290202131440e-02
7.490903057067614945e-01 6.032214344414194018e-01 3.012159290202131440e-02
7.490903057067614945e-01 6.032214344414194018e-01 3.012159290202131440e-02
7.490903057067614945e-01 6.032214344414194018e-01 3.012159290202131440e-02
7.490903057067614945e-01 6.032214344414194018e-01 3.012159290202131440e-02
7.490903057067614945e-01 6.032214344414194018e-01 3.012159290202131440e-02
6.351030655774130285e-01 5.338844599739590580e-01 3.654066602326683233e-02
7.229836520873161865e-01 5.716085596105960898e-01 3.351309511853459849e-02
7.229836520873161865e-01 5.716085596105960898e-01 3.351309511853459849e-02
2.256536801400838566e-01 7.238753721344096670e-01 3.502527966973436463e-02
2.256536801400838566e-01 7.238753721344096670e-01 3.502527966973436463e-02
2.990525605673302056e-01 7.094764675643457918e-01 3.562149586265578316e-02
1.255589235964200967e-01 4.211183585337596180e-01 8.252664649896679708e-03
3.792464265129502632e-01 8.187119875638140254e-01 2.768348618851398588e-02
3.792464265129502632e-01 8.187119875638140254e-01 2.768348618851398588e-02
3.792464265129502632e-01 8.187119875638140254e-01 2.768348618851398588e-02
2.851965087939122845e-01 4.997201413195677677e-01 2.260159488164528371e-02
5.506362430511099748e-02 6.349185428506941564e-01 2.283426420880031033e-02
5.506362430511099748e-02 6.349185428506941564e-01 2.283426420880031033e-02
2.476929320759894415e-01 6.086112486932436783e-01 3.047602652630753903e-02
3.410501456202558179e-01 1.069223047127608073e+00 7.270680213220433348e-03
1.901861120337892952e-01 4.976587092259026068e-01 1.726608181192306260e-02
-3.723168502977677874e-02 8.396979834682654076e-01 3.184755721082001972e-02
-3.065202691962862908e-02 7.839341692047561150e-01 2.993768914334052691e-02
1.442780914166359729e-02 9.544658738127591580e-01 2.904663392162403629e-02
1.442780914166359729e-02 9.544658738127591580e-01 2.904663392162403629e-02
1.442780914166359729e-02 9.544658738127591580e-01 2.904663392162403629e-02
-3.959171311632844192e-01 1.099034949428939534e+00 2.602036479335564575e-02
-3.926572910000256100e-01 1.184618585951322967e+00 2.222757935103551394e-02
-3.926572910000256100e-01 1.184618585951322967e+00 2.222757935103551394e-02
-5.716316885053498442e-01 1.496773489545260460e+00 6.393925460351540697e-03
-5.716316885053498442e-01 1.496773489545260460e+00 6.393925460351540697e-03
-5.716316885053498442e-01 1.496773489545260460e+00 6.393925460351540697e-03
-1.289634427013103823e-01 1.316997874132626922e+00 5.870182746521711466e-03
1.489704153036047196e-01 1.038884882913992946e+00 1.676166382997337778e-02
2.076925388150827056e-02 7.855842694053594144e-01 3.184843396987408620e-02
6.753561357805779597e-01 6.506751755384628799e-01 2.948284176851567046e-02
6.753561357805779597e-01 6.506751755384628799e-01 2.948284176851567046e-02
5.516590012836389834e-01 6.710158359699308628e-01 3.297293208821996946e-02
7.819429334897244344e-01 5.699499827731002721e-02 6.912897392653589643e-03
7.819429334897244344e-01 5.699499827731002721e-02 6.912897392653589643e-03
1.083408317896986661e+00 6.445134256292516239e-01 9.644081953384318201e-03
1.083408317896986661e+00 6.445134256292516239e-01 9.644081953384318201e-03
6.306663726800139091e-01 6.280644758750592027e-01 3.312323139214117668e-02
5.130909625665516227e-01 8.593213272670374714e-01 1.718625902522433885e-02
5.130909625665516227e-01 8.593213272670374714e-01 1.718625902522433885e-02
2.889076291893815096e-01 9.011465403066398761e-01 2.382960717020756250e-02
8.447627991052111818e-02 8.747395461315605747e-01 3.226149568760853376e-02
8.447627991052111818e-02 8.747395461315605747e-01 3.226149568760853376e-02
2.463046553204982225e-01 9.117216061587899434e-01 2.469395476562716296e-02
6.715822252755561106e-01 6.750989656197634581e-01 2.742727577171630640e-02
6.463887523460716267e-01 4.400563790045566859e-01 3.398442180361462006e-02
6.463887523460716267e-01 4.400563790045566859e-01 3.398442180361462006e-02
6.463887523460716267e-01 4.400563790045566859e-01 3.398442180361462006e-02
3.673041539504467434e-01 5.536649139909510797e-01 3.161399514236926805e-02
6.928362692392238120e-01 3.614159146714552850e-01 2.983429433794668184e-02
8.497778130006308217e-01 1.982112455333540080e-02 6.694059434711852920e-03
8.497778130006308217e-01 1.982112455333540080e-02 6.694059434711852920e-03
1.518773971237447062e+00 1.766983130472853658e-01 2.440229204078866315e-02
1.518773971237447062e+00 1.766983130472853658e-01 2.440229204078866315e-02
1.518773971237447062e+00 1.766983130472853658e-01 2.440229204078866315e-02
8.006428696155095670e-01 7.799796285682655261e-01 1.102952942743113882e-02
6.646565955573896511e-01 8.454972603718773350e-01 1.150300094301364741e-02
7.834223123904179298e-01 6.153480740672850891e-01 2.735918921719611430e-02
5.914179064884794723e-01 7.169131052552814021e-01 2.742724635448661602e-02
9.219997274186187974e-01 5.642741477188084609e-01 2.482487290396733631e-02
6.012326703826760266e-01 7.527284931753501773e-01 2.338085436665766556e-02
7.137387770723045977e-01 4.103669877140141420e-01 3.409366455061902529e-02
8.696310326341564201e-01 2.456305445527333098e-01 2.685436080056886540e-02
8.696310326341564201e-01 2.456305445527333098e-01 2.685436080056886540e-02
8.811931286126736262e-01 3.268537088406461288e-01 3.335406781202578108e-02
1.326047098799708168e+00 1.976722527516755756e-01 3.007792626822790999e-02
1.229377865477861764e+00 1.586212220378536430e-01 3.021023993703930363e-02
1.229377865477861764e+00 1.586212220378536430e-01 3.021023993703930363e-02
1.509315360437241793e+00 3.661161257532130620e-01 1.169458953209735752e-02
