2.489132485845457765e-01 1.481402749648903505e-01 1.905195330421086694e-03
2.489132485845457765e-01 1.481402749648903505e-01 1.905195330421086694e-03
2.489132485845457765e-01 1.481402749648903505e-01 1.905195330421086694e-03
-7.720306770770746230e-02 5.147897361805593430e-01 2.110869999356591170e-02
-7.720306770770746230e-02 5.147897361805593430e-01 2.110869999356591170e-02
2.690108773548595122e-01 5.817913752528520721e-01 1.089557562613815561e-01
2.690108773548595122e-01 5.817913752528520721e-01 1.089557562613815561e-01
3.279281267338833294e-01 5.342571166410050587e-01 1.019244031443432008e-01
3.279281267338833294e-01 5.342571166410050587e-01 1.019244031443432008e-01
6.803945398987766291e-01 4.763034156979885636e-01 1.393950382266233579e-01
4.784254249009926019e-01 9.014400113641156675e-01 6.381002791351211845e-02
8.535645522576684741e-01 5.705123976341357483e-01 1.212834630026606714e-01
1.410914187828228972e+00 1.890964189696637821e-01 9.831293499964612048e-02
1.438784771248070804e+00 4.319978728911327281e-01 4.600524297244603517e-02
1.438784771248070804e+00 4.319978728911327281e-01 4.600524297244603517e-02
1.438784771248070804e+00 4.319978728911327281e-01 4.600524297244603517e-02
1.438784771248070804e+00 4.319978728911327281e-01 4.600524297244603517e-02
1.601424987719865189e+00 2.566005094694945310e-01 6.242716612533339565e-02
1.601424987719865189e+00 2.566005094694945310e-01 6.242716612533339565e-02
1.601424987719865189e+00 2.566005094694945310e-01 6.242716612533339565e-02
1.601424987719865189e+00 2.566005094694945310e-01 6.242716612533339565e-02
1.601424987719865189e+00 2.566005094694945310e-01 6.242716612533339565e-02
1.601424987719865189e+00 2.566005094694945310e-01 6.242716612533339565e-02
1.273314341394839122e+00 2.894155000108415976e-01 1.097609724991622238e-01
1.391831718462918532e+00 -4.266745191877557852e-02 4.660171539400555923e-02
1.328708725990019213e+00 8.603417806303273463e-02 7.994537870711913852e-02
1.408169804985212048e+00 -5.004675160877536388e-02 4.599737984246315275e-02
1.480237989302707113e+00 2.789183521012154610e-01 7.905929011348659941e-02
1.552159609012574437e+00 1.239226698832129880e-02 7.172791135184186651e-02
1.552159609012574437e+00 1.239226698832129880e-02 7.172791135184186651e-02
1.792488079601665119e+00 2.293144884917352327e-02 6.438697582456290314e-02
1.792488079601665119e+00 2.293144884917352327e-02 6.438697582456290314e-02
1.944472934195888625e+00 4.479143905752905330e-01 2.523750833509610242e-03
2.057452276539320390e+00 2.817148438252325970e-01 7.184981798491887200e-03
1.647117195134647716e+00 2.722583912434915487e-01 5.105688795276503572e-02
1.647117195134647716e+00 2.722583912434915487e-01 5.105688795276503572e-02
1.654193068990299276e+00 -1.329028481622127056e-01 4.288530558404986259e-02
1.818563929470690788e+00 2.052633818183859926e-01 3.873990812007520324e-02
1.818563929470690788e+00 2.052633818183859926e-01 3.873990812007520324e-02
1.677984011864906533e+00 8.196636323188914719e-02 7.422227149540236435e-02
1.677984011864906533e+00 8.196636323188914719e-02 7.422227149540236435e-02
1.829450008176587428e+00 3.163453934914703947e-01 1.855066718810323423e-02
1.829450008176587428e+00 3.163453934914703947e-01 1.855066718810323423e-02
2.184566345520641661e+00 1.281906381165252851e-01 1.264653198531408458e-02
2.184566345520641661e+00 1.281906381165252851e-01 1.264653198531408458e-02
2.184566345520641661e+00 1.281906381165252851e-01 1.264653198531408458e-02
1.938868289029798797e+00 1.336877438757923808e-01 3.512602281840664087e-02
1.938868289029798797e+00 1.336877438757923808e-01 3.512602281840664087e-02
1.938868289029798797e+00 1.336877438757923808e-01 3.512602281840664087e-02
1.938868289029798797e+00 1.336877438757923808e-01 3.512602281840664087e-02
1.938868289029798797e+00 1.336877438757923808e-01 3.512602281840664087e-02
1.938868289029798797e+00 1.336877438757923808e-01 3.512602281840664087e-02
2.269877778125216850e+00 -1.329569747800598278e-01 2.892688796785626570e-02
2.269877778125216850e+00 -1.329569747800598278e-01 2.892688796785626570e-02
1.896335540793316898e+00 -2.198382691368050978e-01 3.586165192595090756e-02
1.895327379785354038e+00 4.610257447598103964e-02 5.236736524871659498e-02
1.895327379785354038e+00 4.610257447598103964e-02 5.236736524871659498e-02
1.895327379785354038e+00 4.610257447598103964e-02 5.236736524871659498e-02
1.895327379785354038e+00 4.610257447598103964e-02 5.236736524871659498e-02
1.895327379785354038e+00 4.610257447598103964e-02 5.236736524871659498e-02
2.035060237751639800e+00 9.166607186331299228e-02 2.997428884146062164e-02
2.035060237751639800e+00 9.166607186331299228e-02 2.997428884146062164e-02
1.935438831886699518e+00 8.188446789210721000e-02 4.320722162310336456e-02
1.862417377259528717e+00 -3.229490738041875808e-01 1.819983307856266538e-02
1.862417377259528717e+00 -3.229490738041875808e-01 1.819983307856266538e-02
1.152126449859068646e+00 2.421363039425763475e-01 1.119565154538599006e-01
1.152126449859068646e+00 2.421363039425763475e-01 1.119565154538599006e-01
1.152126449859068646e+00 2.421363039425763475e-01 1.119565154538599006e-01
1.152126449859068646e+00 2.421363039425763475e-01 1.119565154538599006e-01
1.202912960948209431e+00 2.254972756966657221e-01 1.095744377063424535e-01
1.093801482762981614e+00 1.797873715321305910e-01 8.870078463936371949e-02
1.175405074065274613e+00 2.126759002748992988e-01 1.059489655363190785e-01
8.399410766151427232e-01 1.047075222059935529e-01 2.851055708388934920e-02
6.549568805031853458e-01 2.361326536880156701e-01 4.314867799058502013e-02
7.322742082815862918e-01 8.157089137537163470e-01 4.946685823836730750e-02
7.322742082815862918e-01 8.157089137537163470e-01 4.946685823836730750e-02
7.322742082815862918e-01 8.157089137537163470e-01 4.946685823836730750e-02
4.030891555619101618e-01 1.068958130496049819e+00 2.196382434456856450e-02
-2.028138377679492566e-01 5.087348372219638870e-01 1.007850064220632350e-02
-2.814737886159079938e-02 5.636420651555019701e-01 3.981442905305473956e-02
-2.814737886159079938e-02 5.636420651555019701e-01 3.981442905305473956e-02
2.054897994878840117e-01 9.859662424185486884e-01 7.890192264152960655e-02
1.164289995880646023e-01 8.758644057235552838e-01 1.305776526881758104e-01
1.164289995880646023e-01 8.758644057235552838e-01 1.305776526881758104e-01
1.164289995880646023e-01 8.758644057235552838e-01 1.305776526881758104e-01
1.164289995880646023e-01 8.758644057235552838e-01 1.305776526881758104e-01
-2.718189186100290478e-01 7.786975568157000760e-01 6.414457776761334218e-02
4.145248679674051751e-02 9.734547481445334771e-01 1.086267079977084743e-01
4.145248679674051751e-02 9.734547481445334771e-01 1.086267079977084743e-01
4.145248679674051751e-02 9.734547481445334771e-01 1.086267079977084743e-01
-3.028759139675921142e-01 8.699405421533137339e-01 8.625871853732601513e-02
-1.621383514232557499e-01 9.502550390382588086e-01 1.189596424953363596e-01
-1.621383514232557499e-01 9.502550390382588086e-01 1.189596424953363596e-01
1.731655281525238121e-01 7.682955900241905667e-01 1.409574415352447818e-01
1.731655281525238121e-01 7.682955900241905667e-01 1.409574415352447818e-01
1.247924363667654579e-02 1.022120035657448245e+00 9.435805481979130105e-02
1.247924363667654579e-02 1.022120035657448245e+00 9.435805481979130105e-02
5.005192618555720507e-01 8.918152294037391403e-01 6.352455944280208100e-02
5.601052741954455350e-01 5.884440610350121226e-01 1.488600268575437091e-01
5.601052741954455350e-01 5.884440610350121226e-01 1.488600268575437091e-01
