2.489132485845457765e-01 1.481402749648903505e-01 2.491083200804885579e-03
2.489132485845457765e-01 1.481402749648903505e-01 2.491083200804885579e-03
2.489132485845457765e-01 1.481402749648903505e-01 2.491083200804885579e-03
8.414258599546261541e-01 1.362899103391099487e-01 4.678175623026338548e-02
8.414258599546261541e-01 1.362899103391099487e-01 4.678175623026338548e-02
8.414258599546261541e-01 1.362899103391099487e-01 4.678175623026338548e-02
8.414258599546261541e-01 1.362899103391099487e-01 4.678175623026338548e-02
8.414258599546261541e-01 1.362899103391099487e-01 4.678175623026338548e-02
8.414258599546261541e-01 1.362899103391099487e-01 4.678175623026338548e-02
1.254411779937615101e+00 1.033741554269040908e-01 9.284753239247744983e-02
1.105419517941689467e+00 4.210936441271818098e-01 1.499665033358900945e-01
1.027577694550901199e+00 2.695595868972668896e-01 1.487790399903960448e-01
1.217931190384892171e+00 2.051952656267657105e-01 1.320281646342913451e-01
1.272928504489891477e+00 9.618028903647454775e-02 9.143576882957178686e-02
1.762291634123094974e+00 6.017564703793657627e-02 7.159972397760570872e-02
1.762291634123094974e+00 6.017564703793657627e-02 7.159972397760570872e-02
1.974460178978276526e+00 1.050855056285001643e-01 3.719087042536157323e-02
1.735472108973894700e+00 2.635761245569376854e-01 4.371333573859810528e-02
1.518316806334453428e+00 4.985163289776476381e-01 2.124734998327263910e-02
1.417056443747578776e+00 3.005947592210568842e-01 1.039657431379191893e-01
1.166546042796139382e+00 4.291069483709297194e-01 1.292367877429485001e-01
1.198355378307930375e+00 4.975586065583214035e-01 8.781231006565798358e-02
1.549254845968395689e+00 1.900052280598227838e-01 9.659072454719737355e-02
1.569730644382317131e+00 -3.273404317547005116e-01 4.552230699343413900e-03
1.872467300520674893e+00 -1.888355414260146636e-01 3.458558113615275986e-02
1.936388596417810026e+00 -1.952965419870719976e-01 3.444304398899251246e-02
1.854424182643898966e+00 -2.467085504641639282e-01 2.341737348484264694e-02
1.854424182643898966e+00 -2.467085504641639282e-01 2.341737348484264694e-02
1.854424182643898966e+00 -2.467085504641639282e-01 2.341737348484264694e-02
1.535367183260561319e+00 -4.063355880274041598e-01 1.237261652790234544e-03
1.535367183260561319e+00 -4.063355880274041598e-01 1.237261652790234544e-03
1.535367183260561319e+00 -4.063355880274041598e-01 1.237261652790234544e-03
1.794407941991974731e+00 1.973778774946422510e-01 4.841521324354598754e-02
1.508157617185857724e+00 2.886610038812135182e-01 8.498486106942061691e-02
1.182704810622727809e+00 4.919238451578876181e-01 9.524537726839470142e-02
1.182704810622727809e+00 4.919238451578876181e-01 9.524537726839470142e-02
1.182704810622727809e+00 4.919238451578876181e-01 9.524537726839470142e-02
1.182704810622727809e+00 4.919238451578876181e-01 9.524537726839470142e-02
1.182704810622727809e+00 4.919238451578876181e-01 9.524537726839470142e-02
1.182704810622727809e+00 4.919238451578876181e-01 9.524537726839470142e-02
1.182704810622727809e+00 4.919238451578876181e-01 9.524537726839470142e-02
1.182704810622727809e+00 4.919238451578876181e-01 9.524537726839470142e-02
5.667096550685584155e-01 7.817623716676023182e-01 1.233013463260848736e-01
1.977022796035999286e-01 7.791141049501505433e-01 2.185499752760163839e-01
-2.341090036715925415e-01 9.476151238784831232e-01 1.841956988377931315e-01
-3.767087686816764647e-01 1.447717410437701524e+00 8.748225849064306808e-03
-3.767087686816764647e-01 1.447717410437701524e+00 8.748225849064306808e-03
-3.767087686816764647e-01 1.447717410437701524e+00 8.748225849064306808e-03
-9.152838598873322962e-01 1.331132732910281335e+00 7.534847034115520203e-02
-9.107038888348706340e-01 1.405422212805275128e+00 5.561807874583502009e-02
-8.800987627790876067e-01 1.502845171438868199e+00 2.773918817986074231e-02
-8.884003097098928103e-01 1.566711751799919616e+00 1.586670847668295720e-02
-8.854685010109225596e-01 1.391558976006253889e+00 5.855369328779952420e-02
-4.303717780461711606e-01 9.747026809201794206e-01 1.552634371335284424e-01
-2.253383182024074061e-01 6.657417026348477762e-01 7.405325312613482425e-02
-2.253383182024074061e-01 6.657417026348477762e-01 7.405325312613482425e-02
-2.253383182024074061e-01 6.657417026348477762e-01 7.405325312613482425e-02
-6.161488336945478705e-01 8.112828610087308157e-01 4.309120964336759368e-02
-6.161488336945478705e-01 8.112828610087308157e-01 4.309120964336759368e-02
-6.392478095012892325e-01 8.837908871924342602e-01 6.500209816516921979e-02
-8.685231980119481054e-01 1.175457990573886224e+00 9.374109137034188077e-02
-8.685231980119481054e-01 1.175457990573886224e+00 9.374109137034188077e-02
-8.685231980119481054e-01 1.175457990573886224e+00 9.374109137034188077e-02
-8.685231980119481054e-01 1.175457990573886224e+00 9.374109137034188077e-02
-8.685231980119481054e-01 1.175457990573886224e+00 9.374109137034188077e-02
-8.685231980119481054e-01 1.175457990573886224e+00 9.374109137034188077e-02
-8.685231980119481054e-01 1.175457990573886224e+00 9.374109137034188077e-02
-8.685231980119481054e-01 1.175457990573886224e+00 9.374109137034188077e-02
-2.528784895483899842e-01 7.057508215277336072e-01 8.787227410530501492e-02
-2.307612900998227135e-01 9.004511835776685125e-01 1.841854953330209210e-01
-4.416178411829644879e-01 1.178701397209908519e+00 1.087968147608009972e-01
-2.571847416321575430e-01 1.084466164126932863e+00 1.343832128613237920e-01
-1.499110921958020648e-01 9.967346630739761792e-01 1.667235484713137927e-01
-1.499110921958020648e-01 9.967346630739761792e-01 1.667235484713137927e-01
-1.499110921958020648e-01 9.967346630739761792e-01 1.667235484713137927e-01
-1.499110921958020648e-01 9.967346630739761792e-01 1.667235484713137927e-01
-2.367678448626230336e-01 7.775333688772272378e-01 1.349508143974397500e-01
-2.367678448626230336e-01 7.775333688772272378e-01 1.349508143974397500e-01
-2.367678448626230336e-01 7.775333688772272378e-01 1.349508143974397500e-01
-2.367678448626230336e-01 7.775333688772272378e-01 1.349508143974397500e-01
3.074452315534909053e-02 5.989900596348094464e-01 1.138284260665914371e-01
1.075806115027864995e-01 5.569652662827309086e-01 1.109283997745948158e-01
1.558435683264352278e-01 6.547341036141969273e-01 1.918744090263862223e-01
1.558435683264352278e-01 6.547341036141969273e-01 1.918744090263862223e-01
1.558435683264352278e-01 6.547341036141969273e-01 1.918744090263862223e-01
-1.480464215958552654e-01 9.435690848293114552e-01 1.878229811120174508e-01
-1.480464215958552654e-01 9.435690848293114552e-01 1.878229811120174508e-01
-1.480464215958552654e-01 9.435690848293114552e-01 1.878229811120174508e-01
-1.480464215958552654e-01 9.435690848293114552e-01 1.878229811120174508e-01
-4.833712652257309006e-02 1.010069160023645107e+00 1.413995043700603249e-01
3.654487627867431532e-01 1.036038512718328031e+00 3.316965476887359654e-02
3.654487627867431532e-01 1.036038512718328031e+00 3.316965476887359654e-02
1.431364903034962333e-01 1.191969485094577008e+00 1.670003465800005971e-02
1.617689254409385435e-01 7.647821112612002148e-01 2.217019112392289715e-01
1.617689254409385435e-01 7.647821112612002148e-01 2.217019112392289715e-01
4.758303756554947972e-01 7.852700740544954483e-01 1.514780032513765307e-01
2.866031760742759338e-01 4.305133257804659164e-01 8.235459905254909063e-02
4.207113038880196942e-01 8.440455857608535339e-01 1.272440736472703615e-01
4.207113038880196942e-01 8.440455857608535339e-01 1.272440736472703615e-01
4.972879301219348958e-01 3.605157276480017714e-01 9.558747280197869844e-02
