2.489132485845457765e-01 1.481402749648903505e-01 5.213211772276487264e-03
4.499443371824077276e-01 2.825927271558397180e-01 9.770537177710839072e-02
4.499443371824077276e-01 2.825927271558397180e-01 9.770537177710839072e-02
4.451686589711522091e-01 9.135914687360775499e-01 2.300343398664586939e-02
1.415580192724498199e-01 8.437275531974705034e-01 1.674749022319875214e-01
1.415580192724498199e-01 8.437275531974705034e-01 1.674749022319875214e-01
8.413213584302228765e-02 6.104169447589486985e-01 2.262452811606825986e-01
8.413213584302228765e-02 6.104169447589486985e-01 2.262452811606825986e-01
-1.609695979656876053e-01 9.975488489313395490e-01 1.261287933357806146e-01
-1.790960131781922371e-01 8.471816902574372810e-01 2.127568747304723895e-01
-1.790960131781922371e-01 8.471816902574372810e-01 2.127568747304723895e-01
-1.156621997640236432e-02 8.218458760505502614e-01 2.266125985364465800e-01
-1.156621997640236432e-02 8.218458760505502614e-01 2.266125985364465800e-01
-1.156621997640236432e-02 8.218458760505502614e-01 2.266125985364465800e-01
-1.156621997640236432e-02 8.218458760505502614e-01 2.266125985364465800e-01
-1.156621997640236432e-02 8.218458760505502614e-01 2.266125985364465800e-01
-1.156621997640236432e-02 8.218458760505502614e-01 2.266125985364465800e-01
-1.156621997640236432e-02 8.218458760505502614e-01 2.266125985364465800e-01
-9.066398337302994381e-02 9.320872656010844581e-01 1.614186949494618162e-01
-9.066398337302994381e-02 9.320872656010844581e-01 1.614186949494618162e-01
-9.066398337302994381e-02 9.320872656010844581e-01 1.614186949494618162e-01
6.226343685319712939e-03 7.072325829260144303e-01 2.462757188131731445e-01
3.247946328748952949e-01 3.582449224824669209e-01 1.118986654563760147e-01
1.586330151116646381e-01 5.064417261213463028e-01 1.725356615927498283e-01
1.586330151116646381e-01 5.064417261213463028e-01 1.725356615927498283e-01
-1.339490676315681916e-01 5.297823540483937999e-01 5.807373862975862694e-02
-1.339490676315681916e-01 5.297823540483937999e-01 5.807373862975862694e-02
-1.339490676315681916e-01 5.297823540483937999e-01 5.807373862975862694e-02
-4.084577099091345476e-01 9.560141917832889469e-01 1.599736009893159006e-01
-5.704102408123884471e-01 9.074396989676549730e-01 1.016881177077514214e-01
-5.704102408123884471e-01 9.074396989676549730e-01 1.016881177077514214e-01
-5.704102408123884471e-01 9.074396989676549730e-01 1.016881177077514214e-01
-5.704102408123884471e-01 9.074396989676549730e-01 1.016881177077514214e-01
-5.001313991060400976e-01 9.007486128918817947e-01 1.248472126757597944e-01
-2.634716974872713391e-01 7.619578657258043730e-01 1.594152427654726145e-01
-2.634716974872713391e-01 7.619578657258043730e-01 1.594152427654726145e-01
-4.177264623488907702e-02 7.248368163448435375e-01 2.360747019722770068e-01
-3.906595977875366721e-01 9.510224657814172478e-01 1.637163534679420274e-01
-3.906595977875366721e-01 9.510224657814172478e-01 1.637163534679420274e-01
-3.906595977875366721e-01 9.510224657814172478e-01 1.637163534679420274e-01
-6.975793154036475929e-01 1.367744331760827547e+00 2.193233302766358153e-02
-8.543027495208468380e-01 1.361753102690286710e+00 3.198142608335436538e-02
-1.244266324978805294e+00 1.201314695573037383e+00 1.875004651275323855e-02
-1.244266324978805294e+00 1.201314695573037383e+00 1.875004651275323855e-02
-9.022492146934487645e-01 1.301408657672503688e+00 4.705609282538755767e-02
-9.022492146934487645e-01 1.301408657672503688e+00 4.705609282538755767e-02
-9.022492146934487645e-01 1.301408657672503688e+00 4.705609282538755767e-02
-9.022492146934487645e-01 1.301408657672503688e+00 4.705609282538755767e-02
-9.022492146934487645e-01 1.301408657672503688e+00 4.705609282538755767e-02
-9.022492146934487645e-01 1.301408657672503688e+00 4.705609282538755767e-02
-1.011509705231021794e+00 1.719789885764116733e+00 6.562955039737464061e-04
-1.011509705231021794e+00 1.719789885764116733e+00 6.562955039737464061e-04
-1.011509705231021794e+00 1.719789885764116733e+00 6.562955039737464061e-04
-1.011509705231021794e+00 1.719789885764116733e+00 6.562955039737464061e-04
-1.428689232491288985e+00 1.450652871327380300e+00 1.410289088371920185e-02
-1.428689232491288985e+00 1.450652871327380300e+00 1.410289088371920185e-02
-1.428689232491288985e+00 1.450652871327380300e+00 1.410289088371920185e-02
-1.721623007756263757e+00 1.523186796630354722e+00 4.931509043468066539e-03
-1.975767338957447272e+00 1.676575687548844451e+00 1.803058613821436349e-03
-1.926727170707242198e+00 1.759042911397017850e+00 1.852689765507594191e-03
-1.926727170707242198e+00 1.759042911397017850e+00 1.852689765507594191e-03
-1.926727170707242198e+00 1.759042911397017850e+00 1.852689765507594191e-03
-1.926727170707242198e+00 1.759042911397017850e+00 1.852689765507594191e-03
-1.926727170707242198e+00 1.759042911397017850e+00 1.852689765507594191e-03
-1.914939992474502084e+00 1.610533938406395249e+00 2.264280959292090233e-03
-1.914939992474502084e+00 1.610533938406395249e+00 2.264280959292090233e-03
-1.630627452125583021e+00 1.722788230333939241e+00 3.386976156622578497e-03
-1.968866390298306568e+00 1.659674204053818380e+00 1.847572061436583268e-03
-1.841102214529958925e+00 1.851526911599359559e+00 1.205559285880649376e-03
-1.587414844126211477e+00 1.452139551995065725e+00 8.018397830889692143e-03
-1.930495370637912433e+00 1.574239279321016927e+00 1.927322880110278252e-03
-1.930495370637912433e+00 1.574239279321016927e+00 1.927322880110278252e-03
-1.978087872383868628e+00 1.667438855219876226e+00 1.779466696779867909e-03
-1.978087872383868628e+00 1.667438855219876226e+00 1.779466696779867909e-03
-1.978087872383868628e+00 1.667438855219876226e+00 1.779466696779867909e-03
-1.978087872383868628e+00 1.667438855219876226e+00 1.779466696779867909e-03
-1.978087872383868628e+00 1.667438855219876226e+00 1.779466696779867909e-03
-1.978087872383868628e+00 1.667438855219876226e+00 1.779466696779867909e-03
-1.802015013761583351e+00 1.732870235462458552e+00 2.689862067187388794e-03
-1.802015013761583351e+00 1.732870235462458552e+00 2.689862067187388794e-03
-2.148439011941648769e+00 1.628822046241461097e+00 6.141341927656279081e-04
-2.148439011941648769e+00 1.628822046241461097e+00 6.141341927656279081e-04
-2.148439011941648769e+00 1.628822046241461097e+00 6.141341927656279081e-04
-2.039120976238768979e+00 1.752461858148080198e+00 1.328696203266037986e-03
-2.039120976238768979e+00 1.752461858148080198e+00 1.328696203266037986e-03
-2.039120976238768979e+00 1.752461858148080198e+00 1.328696203266037986e-03
-2.048914584352834023e+00 1.735595153402704316e+00 1.302765741369254614e-03
-2.048914584352834023e+00 1.735595153402704316e+00 1.302765741369254614e-03
-2.037921802744780297e+00 1.574302576142893262e+00 9.989105262198727866e-04
-1.891504524838445223e+00 2.068791849134189675e+00 1.045936036959199884e-04
-1.998639430270161998e+00 1.639697083454165316e+00 1.560188368730260847e-03
-1.477276412349314061e+00 1.635869281476699522e+00 6.414015062235909476e-03
-1.222108462598672007e+00 1.676381069459834672e+00 3.087500774807014087e-03
-1.222108462598672007e+00 1.676381069459834672e+00 3.087500774807014087e-03
-1.090354500390545045e+00 1.638662005040899983e+00 3.257797754518613597e-03
-1.181639800630948089e+00 1.639692269730940399e+00 4.282601959909980958e-03
-8.997841882817909642e-01 1.246796940627685979e+00 5.734628247449082006e-02
-8.997841882817909642e-01 1.246796940627685979e+00 5.734628247449082006e-02
-8.997841882817909642e-01 1.246796940627685979e+00 5.734628247449082006e-02
-9.214396227578514065e-01 9.450466413077895922e-01 2.282991286845621748e-02
