2.489132485845457765e-01 1.481402749648903505e-01 1.665562125845723371e-03
8.647550156038321667e-01 1.144304733447683298e-01 2.006601260535847628e-02
8.647550156038321667e-01 1.144304733447683298e-01 2.006601260535847628e-02
1.101567013580766474e+00 2.052468459786790378e-01 2.746215411841858300e-02
1.101567013580766474e+00 2.052468459786790378e-01 2.746215411841858300e-02
1.216169771787355636e+00 3.418298919078159859e-01 1.455993257790650329e-02
1.409869035177502505e+00 1.848086704518042689e-01 1.291047155122948889e-02
9.661668499915543329e-01 1.407825160054309022e-01 2.577600309433917755e-02
1.143502342685838391e+00 3.910354406539385819e-01 1.569517105815433286e-02
9.372006255946274678e-01 4.528947219555801706e-01 2.624591708654558375e-02
9.372006255946274678e-01 4.528947219555801706e-01 2.624591708654558375e-02
9.372006255946274678e-01 4.528947219555801706e-01 2.624591708654558375e-02
1.072463512400093189e+00 1.504909426507056724e-01 2.696689968058502487e-02
6.831128685752911878e-01 3.898877937063111032e-01 4.220317782460568379e-02
6.831128685752911878e-01 3.898877937063111032e-01 4.220317782460568379e-02
7.230086961360003839e-01 7.836662376318686007e-01 1.075986412872099139e-02
7.230086961360003839e-01 7.836662376318686007e-01 1.075986412872099139e-02
9.067508736208920173e-01 5.820165552468614667e-02 1.612654822655079992e-02
9.067508736208920173e-01 5.820165552468614667e-02 1.612654822655079992e-02
1.206080828286948403e+00 -1.321988943857466403e-01 1.038143406213553818e-02
1.021670902644400192e+00 2.054810585773347020e-01 2.969581266129580482e-02
1.021670902644400192e+00 2.054810585773347020e-01 2.969581266129580482e-02
1.021670902644400192e+00 2.054810585773347020e-01 2.969581266129580482e-02
1.060459548190509027e+00 2.851947197165739523e-01 2.795283583751657572e-02
1.060459548190509027e+00 2.851947197165739523e-01 2.795283583751657572e-02
1.510777387715908304e+00 2.103793336105258538e-01 7.318905854779530692e-03
1.123345258715341410e+00 2.461282176147406575e-01 2.578422716604337334e-02
1.082583271885466214e+00 5.599538356621036606e-01 7.483936056036075146e-03
8.323824730769162628e-01 7.537204097961711646e-01 7.124029469540555347e-03
8.668375829347814143e-01 7.227501488685885711e-01 7.477946107678224048e-03
8.668375829347814143e-01 7.227501488685885711e-01 7.477946107678224048e-03
8.668375829347814143e-01 7.227501488685885711e-01 7.477946107678224048e-03
8.668375829347814143e-01 7.227501488685885711e-01 7.477946107678224048e-03
7.128330425271320880e-01 4.040370520112392394e-01 4.249142051431413492e-02
5.787242670864108929e-01 5.906219004819416307e-01 4.619722535679923053e-02
5.787242670864108929e-01 5.906219004819416307e-01 4.619722535679923053e-02
5.787242670864108929e-01 5.906219004819416307e-01 4.619722535679923053e-02
5.092424705392326612e-01 5.087200250283222536e-01 5.032085802824051712e-02
5.092424705392326612e-01 5.087200250283222536e-01 5.032085802824051712e-02
2.984782281430324313e-01 7.100017675320050570e-01 6.048743892516055681e-02
2.984782281430324313e-01 7.100017675320050570e-01 6.048743892516055681e-02
7.132046901567787311e-02 8.340742769942575130e-01 6.920085286719800111e-02
7.132046901567787311e-02 8.340742769942575130e-01 6.920085286719800111e-02
1.763141669190912975e-01 9.504370650356251948e-01 4.418149792166090051e-02
-1.925618398902621542e-01 1.227298764733987912e+00 3.973492071679721876e-02
4.730720416881967205e-03 6.829527960409362830e-01 4.913082403329886022e-02
-3.132032853629566072e-01 1.010314433002187595e+00 7.655710026703101134e-02
-3.089730472803577377e-01 8.937396136341022590e-01 5.863271857577094515e-02
-6.086893041971149776e-01 1.164611799321678909e+00 7.528661264992562996e-02
-6.086893041971149776e-01 1.164611799321678909e+00 7.528661264992562996e-02
-6.086893041971149776e-01 1.164611799321678909e+00 7.528661264992562996e-02
-9.576855234996608512e-01 1.693126753997606704e+00 3.769970927911159980e-02
-1.222480805829675443e+00 1.824545536308614935e+00 3.870145381572683008e-02
-9.949702018908286316e-01 1.285775878371689052e+00 5.019505961962169444e-02
-9.949702018908286316e-01 1.285775878371689052e+00 5.019505961962169444e-02
-9.541513695496715020e-01 1.192740087777984348e+00 3.653747306642475545e-02
-7.680367169520961879e-01 1.425410645340048577e+00 7.088929553686929008e-02
-1.001310591496367808e+00 1.465584427101680687e+00 7.289893660607285608e-02
-1.001310591496367808e+00 1.465584427101680687e+00 7.289893660607285608e-02
-1.001310591496367808e+00 1.465584427101680687e+00 7.289893660607285608e-02
-8.458826721208991817e-01 1.609967047304467380e+00 4.239411438998862136e-02
-1.038110497437476631e+00 1.975562947551984916e+00 5.496854734023249103e-03
-8.279701426898399275e-01 1.711768552915202468e+00 2.071628277709937696e-02
-7.448592249853123182e-01 1.357364337403893062e+00 7.708944699288877711e-02
-1.049843470175463089e+00 1.676279050720757224e+00 5.108483444500283577e-02
-1.399509657403040341e+00 1.776732027128180125e+00 5.615132100636818085e-02
-1.399509657403040341e+00 1.776732027128180125e+00 5.615132100636818085e-02
-1.042024579960547648e+00 1.846969978110773347e+00 1.842646669903475962e-02
-9.427640076133096958e-01 1.790338531926686905e+00 1.864436578141780501e-02
-9.427640076133096958e-01 1.790338531926686905e+00 1.864436578141780501e-02
-8.715742117732477867e-01 1.430879475789986088e+00 7.507258659636835418e-02
-8.715742117732477867e-01 1.430879475789986088e+00 7.507258659636835418e-02
-1.008316856199892975e+00 1.583223272147293414e+00 6.422043302854348046e-02
-1.156345240524673024e+00 1.496091167376531139e+00 6.436163355289720167e-02
-1.256311206573039296e+00 1.377479612017846078e+00 3.213006718184337196e-02
-7.613154421164952668e-01 1.298291965395902858e+00 7.737913218818578964e-02
-7.613154421164952668e-01 1.298291965395902858e+00 7.737913218818578964e-02
-7.902760277826695878e-01 1.344868461747950272e+00 7.770665494382419936e-02
-7.902760277826695878e-01 1.344868461747950272e+00 7.770665494382419936e-02
-7.902760277826695878e-01 1.344868461747950272e+00 7.770665494382419936e-02
-6.545735116636469675e-01 1.652280864911463754e+00 1.476955009460151694e-02
-6.545735116636469675e-01 1.652280864911463754e+00 1.476955009460151694e-02
-5.593197009426171817e-01 1.086350871607169033e+00 6.803454116971897891e-02
-7.538678132948419819e-01 1.295863400166356261e+00 7.759143651941624586e-02
-7.538678132948419819e-01 1.295863400166356261e+00 7.759143651941624586e-02
-1.179493708748701186e+00 1.749722058221704124e+00 4.891811160171447015e-02
-1.441300159791377489e+00 1.754147784743601779e+00 5.680474437896362166e-02
-1.212708603090683290e+00 1.856335628840598551e+00 3.189346186531236138e-02
-1.601676928730934035e+00 2.093044282642582132e+00 2.390963750871508836e-02
-1.188262499283927909e+00 1.709151871020222924e+00 5.653301750577996443e-02
-1.723421998272668176e+00 1.991497880309716528e+00 4.149748517849369267e-02
-1.723421998272668176e+00 1.991497880309716528e+00 4.149748517849369267e-02
-1.445201288909020665e+00 1.792145183376866457e+00 5.516910326445596119e-02
-1.122772737665944209e+00 1.766168550630835110e+00 4.041514075768967706e-02
-1.122772737665944209e+00 1.766168550630835110e+00 4.041514075768967706e-02
-1.126857980120721026e+00 1.967145124915437915e+00 9.828214078714420446e-03
-1.311951080680183290e+00 1.615348093669409346e+00 6.083666459163780682e-02
-1.311951080680183290e+00 1.615348093669409346e+00 6.083666459163780682e-02
-1.311951080680183290e+00 1.615348093669409346e+00 6.083666459163780682e-02
-1.215220046787466757e+00 1.532505969139686286e+00 6.245590819989782494e-02
