2.489132485845457765e-01 1.481402749648903505e-01 2.090725106570776384e-03
4.003236952631102907e-01 2.248686132308658769e-01 1.424278226630142953e-02
1.046514660252169326e+00 3.520729574903860848e-01 1.235172307465261382e-01
1.046514660252169326e+00 3.520729574903860848e-01 1.235172307465261382e-01
1.046514660252169326e+00 3.520729574903860848e-01 1.235172307465261382e-01
1.046514660252169326e+00 3.520729574903860848e-01 1.235172307465261382e-01
1.175064804259364548e+00 5.032121979164856374e-01 7.462852880686676738e-02
1.175064804259364548e+00 5.032121979164856374e-01 7.462852880686676738e-02
1.175064804259364548e+00 5.032121979164856374e-01 7.462852880686676738e-02
1.175064804259364548e+00 5.032121979164856374e-01 7.462852880686676738e-02
1.175064804259364548e+00 5.032121979164856374e-01 7.462852880686676738e-02
1.175064804259364548e+00 5.032121979164856374e-01 7.462852880686676738e-02
1.175064804259364548e+00 5.032121979164856374e-01 7.462852880686676738e-02
1.194657838911080017e+00 5.806042951462233592e-01 4.428046075995403091e-02
5.659805281474900029e-01 4.861021406755716701e-01 1.573670606926698967e-01
5.659805281474900029e-01 4.861021406755716701e-01 1.573670606926698967e-01
6.469602470207796996e-01 4.694064859478241369e-01 1.571200083920381851e-01
6.948307206503606670e-01 7.046416340478813822e-01 1.138931474752342549e-01
3.040801348879530464e-01 8.069619403650060141e-01 1.723292536817084275e-01
3.040801348879530464e-01 8.069619403650060141e-01 1.723292536817084275e-01
3.040801348879530464e-01 8.069619403650060141e-01 1.723292536817084275e-01
3.040801348879530464e-01 8.069619403650060141e-01 1.723292536817084275e-01
-9.654402901128705805e-02 9.642356037775298150e-01 1.821237746550497527e-01
1.559447733502103972e-01 9.138149877017276435e-01 1.502412919013813575e-01
-3.529273919280134786e-01 9.353448396583712299e-01 1.926254172699247147e-01
-2.405455381327969155e-01 1.079160907445687156e+00 1.454391901034717549e-01
-9.959041984737204700e-02 9.269149082125398564e-01 1.985450606134314122e-01
-9.959041984737204700e-02 9.269149082125398564e-01 1.985450606134314122e-01
-9.959041984737204700e-02 9.269149082125398564e-01 1.985450606134314122e-01
-9.959041984737204700e-02 9.269149082125398564e-01 1.985450606134314122e-01
-9.959041984737204700e-02 9.269149082125398564e-01 1.985450606134314122e-01
-9.959041984737204700e-02 9.269149082125398564e-01 1.985450606134314122e-01
-9.959041984737204700e-02 9.269149082125398564e-01 1.985450606134314122e-01
-9.959041984737204700e-02 9.269149082125398564e-01 1.985450606134314122e-01
-9.959041984737204700e-02 9.269149082125398564e-01 1.985450606134314122e-01
-9.959041984737204700e-02 9.269149082125398564e-01 1.985450606134314122e-01
-9.959041984737204700e-02 9.269149082125398564e-01 1.985450606134314122e-01
1.625102475764796939e-01 6.551656241903625055e-01 1.808678513176437130e-01
-2.471579250728715982e-01 8.778656754446381161e-01 1.962683061850944710e-01
2.036943698762128663e-01 9.073196684104083420e-01 1.405185756970999122e-01
5.927641334812878693e-01 6.854319607113485979e-01 1.536121666349505310e-01
4.307841963075492164e-01 6.433078209127043312e-01 1.947286969307805149e-01
1.215201617686039182e-01 5.963513985503013926e-01 1.350995689532013821e-01
1.215201617686039182e-01 5.963513985503013926e-01 1.350995689532013821e-01
1.215201617686039182e-01 5.963513985503013926e-01 1.350995689532013821e-01
1.215201617686039182e-01 5.963513985503013926e-01 1.350995689532013821e-01
1.215201617686039182e-01 5.963513985503013926e-01 1.350995689532013821e-01
2.837069719629554121e-01 5.179583228683170004e-01 1.241154140655634092e-01
2.791368822239680969e-01 4.335979651564679238e-01 7.102683927187186663e-02
2.791368822239680969e-01 4.335979651564679238e-01 7.102683927187186663e-02
2.791368822239680969e-01 4.335979651564679238e-01 7.102683927187186663e-02
3.814585234633939281e-01 7.719431758705255220e-01 1.697033898141176722e-01
3.814585234633939281e-01 7.719431758705255220e-01 1.697033898141176722e-01
3.814585234633939281e-01 7.719431758705255220e-01 1.697033898141176722e-01
-3.092028806355195947e-02 8.338483847150263140e-01 2.105222867801891107e-01
-3.092028806355195947e-02 8.338483847150263140e-01 2.105222867801891107e-01
-3.092028806355195947e-02 8.338483847150263140e-01 2.105222867801891107e-01
-4.175843649565243454e-01 1.281742335380317011e+00 6.181288080838884258e-02
-4.175843649565243454e-01 1.281742335380317011e+00 6.181288080838884258e-02
-4.175843649565243454e-01 1.281742335380317011e+00 6.181288080838884258e-02
-4.175843649565243454e-01 1.281742335380317011e+00 6.181288080838884258e-02
-8.001577946718496648e-01 1.093027161188212082e+00 1.414099453788874305e-01
-7.786109659879840716e-01 1.133108751037954942e+00 1.517960647725802303e-01
-9.385253897762328990e-01 1.208464711675375503e+00 1.320662655278284914e-01
-9.385253897762328990e-01 1.208464711675375503e+00 1.320662655278284914e-01
-9.385253897762328990e-01 1.208464711675375503e+00 1.320662655278284914e-01
-5.908164322301916460e-01 1.346233571215810443e+00 5.971233098975833181e-02
-8.092297186928112396e-01 1.558781371966277751e+00 1.611287180899028879e-02
-9.816592320985249032e-01 1.600161187043109390e+00 1.898539774949940112e-02
-8.818253778098525952e-01 1.462028154473340669e+00 4.964179451532814424e-02
-8.818253778098525952e-01 1.462028154473340669e+00 4.964179451532814424e-02
-8.818253778098525952e-01 1.462028154473340669e+00 4.964179451532814424e-02
-8.818253778098525952e-01 1.462028154473340669e+00 4.964179451532814424e-02
-8.818253778098525952e-01 1.462028154473340669e+00 4.964179451532814424e-02
-8.818253778098525952e-01 1.462028154473340669e+00 4.964179451532814424e-02
-7.846950621804242854e-01 1.432975921116346418e+00 4.946787171113913029e-02
-7.710294258133002510e-01 1.451940751569827048e+00 4.081310814190023534e-02
-8.415721622015883696e-01 1.579515899702534698e+00 1.443617631613705078e-02
-8.415721622015883696e-01 1.579515899702534698e+00 1.443617631613705078e-02
-8.415721622015883696e-01 1.579515899702534698e+00 1.443617631613705078e-02
-8.304498014312708953e-01 1.480815410424964229e+00 3.745664164939933871e-02
-1.316546684309648052e+00 1.539395407210180089e+00 5.735222926685572958e-02
-1.231540318244036092e+00 1.339856332003169559e+00 9.535328054585259783e-02
-1.231540318244036092e+00 1.339856332003169559e+00 9.535328054585259783e-02
-1.231540318244036092e+00 1.339856332003169559e+00 9.535328054585259783e-02
-7.755412029875627944e-01 1.232744240655180734e+00 1.374433139538303872e-01
-9.064481006395617158e-01 1.239733419988193974e+00 1.333082644154110763e-01
-9.064481006395617158e-01 1.239733419988193974e+00 1.333082644154110763e-01
-9.064481006395617158e-01 1.239733419988193974e+00 1.333082644154110763e-01
-8.404743536128320702e-01 1.133144176253453317e+00 1.413542543973739518e-01
-9.250941839548647572e-01 1.222818079123988433e+00 1.334351128383043095e-01
-9.250941839548647572e-01 1.222818079123988433e+00 1.334351128383043095e-01
-9.250941839548647572e-01 1.222818079123988433e+00 1.334351128383043095e-01
-5.386648427239210113e-01 1.323621253428893807e+00 6.205584528977899084e-02
-7.510977346077072347e-01 1.233592803646097247e+00 1.362216346081301377e-01
-6.165757590632938712e-01 1.273880209365951144e+00 1.013978281997823250e-01
-6.073878795945665265e-01 1.428612701896360804e+00 3.043384684389845857e-02
-6.073878795945665265e-01 1.428612701896360804e+00 3.043384684389845857e-02
-6.073878795945665265e-01 1.428612701896360804e+00 3.043384684389845857e-02
-7.864200520978973374e-01 1.164801818635460728e+00 1.508549551612422546e-01
