2.489132485845457765e-01 1.481402749648903505e-01 2.253129311061821249e-03
2.659865539639861276e-01 6.091130481686768405e-01 4.914069522505766507e-02
2.611454079021005015e-01 6.976928293685806803e-01 5.145693484260183831e-02
8.815439387643306257e-02 9.160802752996954901e-01 3.317369212326731764e-02
8.815439387643306257e-02 9.160802752996954901e-01 3.317369212326731764e-02
-4.895922443063760454e-02 9.323138472606231630e-01 2.898597482575806031e-02
-3.516352781825123341e-01 8.478477888863347189e-01 8.582221572765376047e-03
3.524604318159901828e-02 1.180009499513823501e+00 9.706971843030934993e-03
-3.200347799073720301e-02 1.000495661063044883e+00 2.594805604370759022e-02
-3.200347799073720301e-02 1.000495661063044883e+00 2.594805604370759022e-02
-3.200347799073720301e-02 1.000495661063044883e+00 2.594805604370759022e-02
-3.200347799073720301e-02 1.000495661063044883e+00 2.594805604370759022e-02
-3.200347799073720301e-02 1.000495661063044883e+00 2.594805604370759022e-02
1.815611822609824455e-01 4.566387267406002426e-01 1.998212576669196328e-02
4.266924777654163004e-01 4.795505956985741114e-01 5.897488366767929951e-02
6.818830898388464901e-01 8.095263723187271498e-01 1.676512183753165949e-02
4.172609433234849008e-01 4.470800423246120148e-01 5.295446884686352829e-02
8.311622036521963963e-01 3.636547695442470252e-01 9.595677179797265643e-02
7.948528495674898053e-01 3.854299235694449433e-01 9.357448766799252027e-02
6.859060881728422654e-01 4.294744851209424952e-01 8.686249337156284889e-02
7.787059878550047776e-01 -1.591926896757913101e-01 6.143153157787809016e-03
8.906891313481748451e-01 -1.226927897750220986e-01 1.880301044670541072e-02
8.906891313481748451e-01 -1.226927897750220986e-01 1.880301044670541072e-02
1.530386479447238823e+00 4.232266714771279470e-02 8.114707865215409210e-02
1.647984051558920360e+00 -7.318162999964633597e-02 8.803944752793257944e-02
1.647984051558920360e+00 -7.318162999964633597e-02 8.803944752793257944e-02
1.635325887160485880e+00 -2.155402496634547804e-01 1.073818620888760400e-01
9.950774713292054319e-01 1.477351726108925012e-01 1.035391553636077350e-01
9.950774713292054319e-01 1.477351726108925012e-01 1.035391553636077350e-01
9.950774713292054319e-01 1.477351726108925012e-01 1.035391553636077350e-01
9.950774713292054319e-01 1.477351726108925012e-01 1.035391553636077350e-01
9.950774713292054319e-01 1.477351726108925012e-01 1.035391553636077350e-01
9.860197639392909164e-01 1.463806178310548822e-01 1.020517227188847409e-01
9.860197639392909164e-01 1.463806178310548822e-01 1.020517227188847409e-01
9.860197639392909164e-01 1.463806178310548822e-01 1.020517227188847409e-01
1.309043622887796854e+00 -1.775018154151374872e-01 8.070606373586695914e-02
1.309043622887796854e+00 -1.775018154151374872e-01 8.070606373586695914e-02
1.233559803754546103e+00 -1.188796713594751780e-01 8.345865993218823387e-02
1.470639304090419985e+00 -4.998875265209667962e-02 1.117438885425170170e-01
2.145902903447864052e+00 -5.384968932650135987e-01 6.943733181358284490e-02
2.026137772228253198e+00 -5.231211305942641276e-01 7.571693689582352504e-02
2.407790573020718305e+00 -3.515036720980377893e-01 1.344373618320993287e-02
2.407790573020718305e+00 -3.515036720980377893e-01 1.344373618320993287e-02
2.078243696049554057e+00 -6.359440429491397540e-01 5.961101719624019302e-02
2.078243696049554057e+00 -6.359440429491397540e-01 5.961101719624019302e-02
2.078243696049554057e+00 -6.359440429491397540e-01 5.961101719624019302e-02
2.048289772759418259e+00 -2.894227007756098868e-01 5.580881544145563367e-02
2.048289772759418259e+00 -2.894227007756098868e-01 5.580881544145563367e-02
2.048289772759418259e+00 -2.894227007756098868e-01 5.580881544145563367e-02
1.993467597425559568e+00 -3.655824932289916673e-01 7.869516340070414895e-02
1.638880855970043182e+00 -6.180861086476028277e-01 1.770283466976971601e-02
1.204163012021519874e+00 -3.568078861947202585e-01 1.604912797027014532e-02
1.732175596780419546e+00 -6.172209346986640144e-01 2.748867867541773466e-02
1.773055125403777188e+00 -3.224885551475510925e-01 9.824063830287078913e-02
1.802318757790459580e+00 -3.944165844818272038e-01 9.011732718472276193e-02
2.001270684368093633e+00 -4.425100935668871416e-01 8.176290784672274325e-02
2.420567247332861438e+00 -6.987415602232908141e-01 4.678905442778891199e-02
2.420567247332861438e+00 -6.987415602232908141e-01 4.678905442778891199e-02
2.420567247332861438e+00 -6.987415602232908141e-01 4.678905442778891199e-02
2.420567247332861438e+00 -6.987415602232908141e-01 4.678905442778891199e-02
2.420567247332861438e+00 -6.987415602232908141e-01 4.678905442778891199e-02
2.153919436948917188e+00 -8.501283691072211157e-01 2.436807422115822366e-02
2.153919436948917188e+00 -8.501283691072211157e-01 2.436807422115822366e-02
2.501919993338192150e+00 -8.521652951696603306e-01 3.730006698972670315e-02
2.501919993338192150e+00 -8.521652951696603306e-01 3.730006698972670315e-02
2.464425169655519721e+00 -6.000521174908458599e-01 3.586736367869772929e-02
2.343362753920246178e+00 -5.105235111443551244e-01 4.215325144586054562e-02
2.343362753920246178e+00 -5.105235111443551244e-01 4.215325144586054562e-02
2.343362753920246178e+00 -5.105235111443551244e-01 4.215325144586054562e-02
2.232408181607215436e+00 -6.608550362497006558e-01 5.857809885085170365e-02
2.232408181607215436e+00 -6.608550362497006558e-01 5.857809885085170365e-02
2.232408181607215436e+00 -6.608550362497006558e-01 5.857809885085170365e-02
2.322317180217165156e+00 -5.888019429646442759e-01 5.289342539392053594e-02
2.322317180217165156e+00 -5.888019429646442759e-01 5.289342539392053594e-02
2.322317180217165156e+00 -5.888019429646442759e-01 5.289342539392053594e-02
1.803202885056746307e+00 -6.261314032408450414e-01 3.395973257436689374e-02
1.803202885056746307e+00 -6.261314032408450414e-01 3.395973257436689374e-02
1.803202885056746307e+00 -6.261314032408450414e-01 3.395973257436689374e-02
1.574050166656756122e+00 -3.570827075357388969e-01 7.404626949558525129e-02
1.574050166656756122e+00 -3.570827075357388969e-01 7.404626949558525129e-02
1.755853987221642543e+00 4.335779059851674333e-02 3.379874749154658520e-02
1.620166012383754017e+00 -9.205824511526197740e-02 9.771409986964989247e-02
1.528895896108581232e+00 -1.970216055373476549e-01 1.075182175921688965e-01
1.528895896108581232e+00 -1.970216055373476549e-01 1.075182175921688965e-01
1.528895896108581232e+00 -1.970216055373476549e-01 1.075182175921688965e-01
1.528895896108581232e+00 -1.970216055373476549e-01 1.075182175921688965e-01
1.528895896108581232e+00 -1.970216055373476549e-01 1.075182175921688965e-01
1.642371176635566421e+00 -1.062534253817461055e-01 9.666733331049087719e-02
1.642371176635566421e+00 -1.062534253817461055e-01 9.666733331049087719e-02
1.696755196134515309e+00 -1.617990892380614387e-01 9.759224970857709180e-02
1.696755196134515309e+00 -1.617990892380614387e-01 9.759224970857709180e-02
1.585557990157031361e+00 -9.706014270025460633e-02 1.041788543471246636e-01
1.585557990157031361e+00 -9.706014270025460633e-02 1.041788543471246636e-01
1.585557990157031361e+00 -9.706014270025460633e-02 1.041788543471246636e-01
1.585557990157031361e+00 -9.706014270025460633e-02 1.041788543471246636e-01
1.519726785473584751e+00 1.751556439810995625e-01 4.331147472255363062e-02
1.331254158308586844e+00 8.237043806063035212e-02 1.073078187981894027e-01
1.388854541447924529e+00 2.358195392317133654e-01 5.144309526361957874e-02
1.388854541447924529e+00 2.358195392317133654e-01 5.144309526361957874e-02
1.308721497876523587e+00 1.571732961104092274e-01 9.250067718888257962e-02
