2.489132485845457765e-01 1.481402749648903505e-01 3.633907112826822126e-03
2.489132485845457765e-01 1.481402749648903505e-01 3.633907112826822126e-03
5.416849902023601615e-01 8.193027898701492340e-02 1.261292620154945247e-02
5.416849902023601615e-01 8.193027898701492340e-02 1.261292620154945247e-02
5.416849902023601615e-01 8.193027898701492340e-02 1.261292620154945247e-02
5.416849902023601615e-01 8.193027898701492340e-02 1.261292620154945247e-02
5.416849902023601615e-01 8.193027898701492340e-02 1.261292620154945247e-02
5.416849902023601615e-01 8.193027898701492340e-02 1.261292620154945247e-02
5.795937879769621492e-01 7.678649910511122778e-01 9.147593070456382092e-02
6.512835765914972708e-01 6.680715283966149887e-01 1.312806521549185201e-01
6.512835765914972708e-01 6.680715283966149887e-01 1.312806521549185201e-01
5.275853425376657579e-01 8.915176158240216697e-01 4.133821926379917938e-02
8.584930910215786692e-01 6.403617839023356684e-01 7.009455631841401968e-02
8.584930910215786692e-01 6.403617839023356684e-01 7.009455631841401968e-02
1.402070910935280246e-01 8.092940706402671491e-01 2.106231297793745572e-01
1.402070910935280246e-01 8.092940706402671491e-01 2.106231297793745572e-01
7.937969290310320503e-03 9.257624477863336532e-01 1.810810760682874110e-01
-2.162322284563091834e-01 9.990962087495167676e-01 1.782345703179779306e-01
-2.162322284563091834e-01 9.990962087495167676e-01 1.782345703179779306e-01
-2.162322284563091834e-01 9.990962087495167676e-01 1.782345703179779306e-01
-2.162322284563091834e-01 9.990962087495167676e-01 1.782345703179779306e-01
-2.162322284563091834e-01 9.990962087495167676e-01 1.782345703179779306e-01
-1.731543775565199672e-01 9.554165026221479451e-01 1.885617969706811781e-01
-1.731543775565199672e-01 9.554165026221479451e-01 1.885617969706811781e-01
-1.731543775565199672e-01 9.554165026221479451e-01 1.885617969706811781e-01
-1.758473089383861265e-01 8.469756112691424477e-01 1.790557914952216334e-01
-1.758473089383861265e-01 8.469756112691424477e-01 1.790557914952216334e-01
-1.758473089383861265e-01 8.469756112691424477e-01 1.790557914952216334e-01
-1.758473089383861265e-01 8.469756112691424477e-01 1.790557914952216334e-01
1.257670890328322910e-01 6.371479304424211287e-01 1.800689853796488826e-01
1.257670890328322910e-01 6.371479304424211287e-01 1.800689853796488826e-01
1.356888710294490152e-01 6.584627812407535252e-01 1.955181298372572485e-01
1.356888710294490152e-01 6.584627812407535252e-01 1.955181298372572485e-01
1.356888710294490152e-01 6.584627812407535252e-01 1.955181298372572485e-01
3.519531276615189275e-01 5.016901522803884905e-01 1.767074741425363749e-01
8.550745246251327814e-01 4.732649397880209774e-01 1.713836693756643215e-01
8.550745246251327814e-01 4.732649397880209774e-01 1.713836693756643215e-01
8.550745246251327814e-01 4.732649397880209774e-01 1.713836693756643215e-01
7.609649801564029037e-01 4.909351987592053823e-01 1.946222998157053630e-01
7.765807003727737134e-01 5.605306827028163630e-01 1.517572554413672004e-01
9.999502357816532072e-01 4.917823992355849771e-01 1.039603754858652307e-01
9.157508452151975620e-01 5.289377657986772396e-01 1.147660044019911812e-01
7.450693827393549684e-01 5.885441643450987081e-01 1.465765235823320856e-01
7.655327013832402550e-01 4.264771677746064249e-01 2.085298803253251565e-01
7.655327013832402550e-01 4.264771677746064249e-01 2.085298803253251565e-01
7.655327013832402550e-01 4.264771677746064249e-01 2.085298803253251565e-01
6.978841882484932979e-01 5.229295739718926583e-01 2.003638886965067312e-01
9.761324737361498638e-01 4.574291754131077359e-01 1.333783278419252705e-01
9.761324737361498638e-01 4.574291754131077359e-01 1.333783278419252705e-01
9.573552157401487017e-01 2.468224276830767172e-01 1.759720651667698865e-01
1.347675668164357354e+00 1.672998619764470840e-01 1.255590649707678808e-01
1.355616483292934937e+00 1.755012698993720643e-01 1.215692108172666402e-01
1.387855666751200534e+00 3.546128747331356301e-01 4.568644587700065179e-02
8.270089617462120790e-01 7.151786523342935631e-01 4.365012061435478985e-02
1.009317172307566457e+00 4.341996802046474979e-01 1.333390467693041648e-01
1.009317172307566457e+00 4.341996802046474979e-01 1.333390467693041648e-01
1.106328297425448248e+00 5.981106215211190458e-02 1.091774792194594723e-01
1.106328297425448248e+00 5.981106215211190458e-02 1.091774792194594723e-01
1.106328297425448248e+00 5.981106215211190458e-02 1.091774792194594723e-01
1.031849236518495472e+00 5.298225112269225878e-01 7.152838152454106535e-02
1.014438944301867984e+00 1.916041482891047143e-01 1.599465320953512293e-01
1.014438944301867984e+00 1.916041482891047143e-01 1.599465320953512293e-01
9.058010271339054231e-01 3.098877033673312908e-01 1.910945023650774677e-01
1.004022940898661176e+00 2.483746821938633276e-01 1.772983377797792415e-01
1.419079634273701096e+00 2.606468917180705391e-01 7.256358436298679382e-02
1.419079634273701096e+00 2.606468917180705391e-01 7.256358436298679382e-02
1.434456299217865327e+00 -2.917719217033010182e-02 1.069599479006876352e-01
1.434456299217865327e+00 -2.917719217033010182e-02 1.069599479006876352e-01
1.519340715073421277e+00 -7.179796169189639476e-02 9.668441140308674242e-02
1.519340715073421277e+00 -7.179796169189639476e-02 9.668441140308674242e-02
1.490522152634617736e+00 4.249553460544616690e-02 1.112078208356682696e-01
1.783431830610781033e+00 -1.385771498903796140e-01 7.274191465288257219e-02
2.089618463262784775e+00 -4.775039795465844672e-01 2.565568470055257233e-02
2.110746379775434889e+00 -5.241959373026479074e-01 2.006309222006214671e-02
2.110746379775434889e+00 -5.241959373026479074e-01 2.006309222006214671e-02
2.110746379775434889e+00 -5.241959373026479074e-01 2.006309222006214671e-02
2.110746379775434889e+00 -5.241959373026479074e-01 2.006309222006214671e-02
2.110746379775434889e+00 -5.241959373026479074e-01 2.006309222006214671e-02
2.110746379775434889e+00 -5.241959373026479074e-01 2.006309222006214671e-02
2.011473599186255790e+00 -2.558583441150287796e-01 4.889691945091517722e-02
2.011473599186255790e+00 -2.558583441150287796e-01 4.889691945091517722e-02
1.550523929575053472e+00 -2.216243222607603702e-01 5.243918564734852822e-02
1.550523929575053472e+00 -2.216243222607603702e-01 5.243918564734852822e-02
1.545893822360669745e+00 -2.924269791109260219e-01 3.121135029860110446e-02
1.121734329188373236e+00 2.821149034437732683e-01 1.584109535338386887e-01
1.302204394556980116e+00 1.421391279410754160e-01 1.387422683399880952e-01
1.273068112163294074e+00 2.206172645018398548e-01 1.325913752525155753e-01
1.273068112163294074e+00 2.206172645018398548e-01 1.325913752525155753e-01
1.273068112163294074e+00 2.206172645018398548e-01 1.325913752525155753e-01
1.273068112163294074e+00 2.206172645018398548e-01 1.325913752525155753e-01
1.273068112163294074e+00 2.206172645018398548e-01 1.325913752525155753e-01
1.295995647043125309e+00 -1.512263287367748843e-02 1.026388461409687980e-01
1.289830786749227354e+00 -5.160076087187787791e-03 1.061537514185487419e-01
1.289830786749227354e+00 -5.160076087187787791e-03 1.061537514185487419e-01
1.289830786749227354e+00 -5.160076087187787791e-03 1.061537514185487419e-01
1.289830786749227354e+00 -5.160076087187787791e-03 1.061537514185487419e-01
1.289830786749227354e+00 -5.160076087187787791e-03 1.061537514185487419e-01
1.309911179775026691e+00 -2.770964944812905756e-03 1.092015273339225351e-01
1.682272409666688118e+00 -2.898592185184325487e-01 4.399050430999632694e-02
1.682272409666688118e+00 -2.898592185184325487e-01 4.399050430999632694e-02
