2.489132485845457765e-01 1.481402749648903505e-01 1.792447299643946772e-03
1.066487613271180079e-01 2.302523260203950539e-01 1.782842153103481909e-03
4.217651538489329832e-01 1.909793547944060310e-01 9.500353818434200195e-03
4.217651538489329832e-01 1.909793547944060310e-01 9.500353818434200195e-03
3.514355029882522130e-01 3.246679773601738317e-01 2.236252714869853622e-02
6.898442159578070942e-01 3.253413922378644019e-01 7.719262249175079527e-02
4.407579064933414559e-01 7.361784659143266740e-01 9.476754290700045713e-02
4.407579064933414559e-01 7.361784659143266740e-01 9.476754290700045713e-02
5.262255533114483796e-01 8.177946191196051595e-01 6.425323442753644310e-02
5.133020787407517327e-01 6.896374606486179726e-01 1.003743234403506740e-01
5.133020787407517327e-01 6.896374606486179726e-01 1.003743234403506740e-01
4.931280439904806578e-01 6.328203476180017661e-01 1.070063698694759674e-01
4.931280439904806578e-01 6.328203476180017661e-01 1.070063698694759674e-01
6.734830694469016166e-01 7.519036554454036070e-01 6.490803361962232954e-02
9.317994098244204437e-01 6.113639539135193868e-01 7.008177908206593421e-02
9.317994098244204437e-01 6.113639539135193868e-01 7.008177908206593421e-02
3.890501099081981051e-01 3.822290265510204232e-01 4.009610304460713842e-02
6.202554612270845258e-01 8.026260064693527818e-01 5.627392919807447380e-02
3.537412551641107017e-01 5.475459509752160780e-01 7.915276312971847306e-02
4.883577147599902357e-01 7.930796993685230722e-01 7.643291327831047699e-02
4.883577147599902357e-01 7.930796993685230722e-01 7.643291327831047699e-02
4.883577147599902357e-01 7.930796993685230722e-01 7.643291327831047699e-02
7.304695135828969121e-01 5.618229224090529605e-01 1.115434614864234814e-01
8.564529608243628411e-01 1.502031408722150907e-01 4.942551516604767187e-02
1.183869094486488471e+00 -7.369444437639732781e-03 5.015565928805829771e-02
1.017462837983813762e+00 1.625614242499430206e-01 8.049850699268834564e-02
7.045083398023201937e-01 4.652716463291555193e-01 1.139720763194223968e-01
7.045083398023201937e-01 4.652716463291555193e-01 1.139720763194223968e-01
5.883172738238828803e-01 6.735669082989824696e-01 9.903762518812245230e-02
4.021989070374427655e-01 5.043328808897546978e-01 7.683626750348204748e-02
7.477758033668526760e-01 5.274911809700673082e-01 1.154079999221194058e-01
7.477758033668526760e-01 5.274911809700673082e-01 1.154079999221194058e-01
7.477758033668526760e-01 5.274911809700673082e-01 1.154079999221194058e-01
9.648223776846346356e-01 3.208480739790057212e-01 1.152876892122688818e-01
9.648223776846346356e-01 3.208480739790057212e-01 1.152876892122688818e-01
8.244833569888322389e-01 3.151761629647034657e-01 9.782484996036854008e-02
8.244833569888322389e-01 3.151761629647034657e-01 9.782484996036854008e-02
8.244833569888322389e-01 3.151761629647034657e-01 9.782484996036854008e-02
6.803990461893826280e-01 5.573992543850500025e-01 1.139819000064434124e-01
3.798959910147280405e-01 6.803180312206612568e-01 1.003777082221916778e-01
3.798959910147280405e-01 6.803180312206612568e-01 1.003777082221916778e-01
3.798959910147280405e-01 6.803180312206612568e-01 1.003777082221916778e-01
3.798959910147280405e-01 6.803180312206612568e-01 1.003777082221916778e-01
3.798959910147280405e-01 6.803180312206612568e-01 1.003777082221916778e-01
6.477433527705656058e-01 6.735544630614220818e-01 9.325906297067765305e-02
6.477433527705656058e-01 6.735544630614220818e-01 9.325906297067765305e-02
6.477433527705656058e-01 6.735544630614220818e-01 9.325906297067765305e-02
6.854250441622820045e-01 6.795255975303543527e-01 8.677157750789252222e-02
6.854250441622820045e-01 6.795255975303543527e-01 8.677157750789252222e-02
6.854250441622820045e-01 6.795255975303543527e-01 8.677157750789252222e-02
6.854250441622820045e-01 6.795255975303543527e-01 8.677157750789252222e-02
6.854250441622820045e-01 6.795255975303543527e-01 8.677157750789252222e-02
4.586072026884067121e-01 5.545687218812385133e-01 9.809033703432921969e-02
4.586072026884067121e-01 5.545687218812385133e-01 9.809033703432921969e-02
4.138139179723899219e-01 9.790776711596489434e-01 3.234923651703484893e-02
3.550899426964344019e-01 1.327392858154657684e+00 1.024145809205405334e-03
3.550899426964344019e-01 1.327392858154657684e+00 1.024145809205405334e-03
3.550899426964344019e-01 1.327392858154657684e+00 1.024145809205405334e-03
-2.692672889549708182e-01 1.558340902858552868e+00 1.687162580166412821e-03
1.223441127333922407e-01 1.303315839362882755e+00 5.173887402784691295e-03
1.223441127333922407e-01 1.303315839362882755e+00 5.173887402784691295e-03
1.223441127333922407e-01 1.303315839362882755e+00 5.173887402784691295e-03
1.223441127333922407e-01 1.303315839362882755e+00 5.173887402784691295e-03
1.104294377947540040e-01 8.291978596778102339e-01 8.015882505232675703e-02
1.104294377947540040e-01 8.291978596778102339e-01 8.015882505232675703e-02
3.453483551962296394e-01 8.003698449595841868e-01 8.612061271627100001e-02
7.829767886963634460e-02 7.447828791746875510e-01 7.194438744728000323e-02
7.829767886963634460e-02 7.447828791746875510e-01 7.194438744728000323e-02
-3.306348581705673695e-01 8.620127231336223161e-01 3.260725684088459919e-02
-4.588569369836252854e-01 9.224743077355374021e-01 2.596817473304067342e-02
-8.689511880693562285e-02 9.146659939067273148e-01 6.454014898507122455e-02
-7.610393756012455435e-02 6.332933639495155198e-01 2.823824365371282660e-02
4.939082623565925478e-02 6.977514042531222094e-01 5.956713634279400121e-02
1.209970035233662172e-01 7.485230515300395071e-01 7.821251288588811079e-02
2.255901444171690140e-01 8.913577749113661408e-01 7.233570465494061630e-02
3.709373486031565248e-01 6.215460655140541135e-01 9.617345219112904964e-02
3.732891683916161329e-01 6.400301351209281009e-01 9.837239135089098641e-02
2.334154598777511691e-01 6.544622525760105392e-01 8.135738137186175611e-02
7.238843203024150075e-01 7.583886539450321873e-01 5.521127830364452177e-02
7.238843203024150075e-01 7.583886539450321873e-01 5.521127830364452177e-02
7.718390340401185545e-01 7.451892662128980493e-01 5.214002708086053900e-02
7.718390340401185545e-01 7.451892662128980493e-01 5.214002708086053900e-02
7.718390340401185545e-01 7.451892662128980493e-01 5.214002708086053900e-02
6.422824525618373581e-01 4.691328225818343634e-01 1.079728026218904763e-01
5.251459752696977512e-01 5.986944806293605925e-01 1.090263640831834469e-01
5.251459752696977512e-01 5.986944806293605925e-01 1.090263640831834469e-01
1.334550683667755422e+00 2.771979157761313428e-01 9.750406256814860007e-02
1.334550683667755422e+00 2.771979157761313428e-01 9.750406256814860007e-02
1.334550683667755422e+00 2.771979157761313428e-01 9.750406256814860007e-02
1.334550683667755422e+00 2.771979157761313428e-01 9.750406256814860007e-02
1.334550683667755422e+00 2.771979157761313428e-01 9.750406256814860007e-02
1.334550683667755422e+00 2.771979157761313428e-01 9.750406256814860007e-02
1.040989072577626073e+00 4.811210388432778373e-01 9.373520684210631670e-02
1.040989072577626073e+00 4.811210388432778373e-01 9.373520684210631670e-02
1.040989072577626073e+00 4.811210388432778373e-01 9.373520684210631670e-02
1.040989072577626073e+00 4.811210388432778373e-01 9.373520684210631670e-02
1.040989072577626073e+00 4.811210388432778373e-01 9.373520684210631670e-02
1.185778208915915233e+00 3.166122157864889042e-01 1.103313307074608313e-01
1.622030008894225883e+00 3.019378327821325980e-02 8.704520835107251719e-02
1.622030008894225883e+00 3.019378327821325980e-02 8.704520835107251719e-02
