2.489132485845457765e-01 1.481402749648903505e-01 1.019649927098779246e-01
3.977742082908288235e-01 -1.208058486939722620e-01 5.723861144149945679e-02
7.190146275302377044e-01 -3.037329770833280262e-01 8.558425062553286222e-02
6.010462643606037103e-01 -3.558647292879871804e-01 4.091700379875069793e-02
6.010462643606037103e-01 -3.558647292879871804e-01 4.091700379875069793e-02
6.010462643606037103e-01 -3.558647292879871804e-01 4.091700379875069793e-02
4.396616044598467554e-01 -4.284548220254186246e-02 1.926044225421310874e-01
4.396616044598467554e-01 -4.284548220254186246e-02 1.926044225421310874e-01
4.396616044598467554e-01 -4.284548220254186246e-02 1.926044225421310874e-01
4.396616044598467554e-01 -4.284548220254186246e-02 1.926044225421310874e-01
4.396616044598467554e-01 -4.284548220254186246e-02 1.926044225421310874e-01
4.396616044598467554e-01 -4.284548220254186246e-02 1.926044225421310874e-01
4.396616044598467554e-01 -4.284548220254186246e-02 1.926044225421310874e-01
4.396616044598467554e-01 -4.284548220254186246e-02 1.926044225421310874e-01
4.396616044598467554e-01 -4.284548220254186246e-02 1.926044225421310874e-01
5.034898077071391365e-01 4.339781847080630972e-01 2.990144910133257228e-01
1.891875525483027176e-01 3.129341850686437887e-01 1.662707497128067258e-01
4.445749464514637816e-01 3.111675179151324189e-01 6.798062047954446241e-01
4.445749464514637816e-01 3.111675179151324189e-01 6.798062047954446241e-01
4.445749464514637816e-01 3.111675179151324189e-01 6.798062047954446241e-01
4.445749464514637816e-01 3.111675179151324189e-01 6.798062047954446241e-01
4.445749464514637816e-01 3.111675179151324189e-01 6.798062047954446241e-01
4.445749464514637816e-01 3.111675179151324189e-01 6.798062047954446241e-01
4.445749464514637816e-01 3.111675179151324189e-01 6.798062047954446241e-01
4.445749464514637816e-01 3.111675179151324189e-01 6.798062047954446241e-01
4.615912097787401303e-01 4.193174767303389228e-01 4.759085016404783208e-01
4.615912097787401303e-01 4.193174767303389228e-01 4.759085016404783208e-01
3.450523906415345898e-01 6.138873799118611529e-01 4.397600434353312049e-01
1.796646820414901369e-01 6.482630652054132137e-01 4.698775275921487360e-01
1.796646820414901369e-01 6.482630652054132137e-01 4.698775275921487360e-01
1.796646820414901369e-01 6.482630652054132137e-01 4.698775275921487360e-01
1.796646820414901369e-01 6.482630652054132137e-01 4.698775275921487360e-01
1.796646820414901369e-01 6.482630652054132137e-01 4.698775275921487360e-01
1.796646820414901369e-01 6.482630652054132137e-01 4.698775275921487360e-01
4.025338742764799083e-01 3.155876160101878658e-01 7.309280193285107030e-01
4.600539453248106980e-01 2.698602038632157418e-01 6.656471137428171536e-01
4.600539453248106980e-01 2.698602038632157418e-01 6.656471137428171536e-01
4.600539453248106980e-01 2.698602038632157418e-01 6.656471137428171536e-01
4.600539453248106980e-01 2.698602038632157418e-01 6.656471137428171536e-01
4.600539453248106980e-01 2.698602038632157418e-01 6.656471137428171536e-01
4.600539453248106980e-01 2.698602038632157418e-01 6.656471137428171536e-01
4.600539453248106980e-01 2.698602038632157418e-01 6.656471137428171536e-01
4.600539453248106980e-01 2.698602038632157418e-01 6.656471137428171536e-01
4.600539453248106980e-01 2.698602038632157418e-01 6.656471137428171536e-01
4.600539453248106980e-01 2.698602038632157418e-01 6.656471137428171536e-01
4.600539453248106980e-01 2.698602038632157418e-01 6.656471137428171536e-01
4.600539453248106980e-01 2.698602038632157418e-01 6.656471137428171536e-01
4.600539453248106980e-01 2.698602038632157418e-01 6.656471137428171536e-01
4.600539453248106980e-01 2.698602038632157418e-01 6.656471137428171536e-01
4.600539453248106980e-01 2.698602038632157418e-01 6.656471137428171536e-01
5.173130759495151443e-01 2.598624633889157209e-01 5.168714105138263459e-01
5.173130759495151443e-01 2.598624633889157209e-01 5.168714105138263459e-01
5.173130759495151443e-01 2.598624633889157209e-01 5.168714105138263459e-01
1.799299762224585986e-01 6.501188864742883933e-01 4.698641964342860078e-01
1.799299762224585986e-01 6.501188864742883933e-01 4.698641964342860078e-01
1.799299762224585986e-01 6.501188864742883933e-01 4.698641964342860078e-01
1.799299762224585986e-01 6.501188864742883933e-01 4.698641964342860078e-01
1.799299762224585986e-01 6.501188864742883933e-01 4.698641964342860078e-01
1.317432614791952394e-01 1.019067043178920384e+00 9.621883167542510940e-02
3.375569696712856782e-01 6.509985353425438159e-01 3.781051738028787801e-01
3.375569696712856782e-01 6.509985353425438159e-01 3.781051738028787801e-01
3.375569696712856782e-01 6.509985353425438159e-01 3.781051738028787801e-01
5.306673387942232312e-01 3.564957888562568233e-01 3.349130717098329213e-01
5.306673387942232312e-01 3.564957888562568233e-01 3.349130717098329213e-01
4.707677350409572581e-01 -6.608815020895664194e-03 3.075909341384331919e-01
4.707677350409572581e-01 -6.608815020895664194e-03 3.075909341384331919e-01
4.707677350409572581e-01 -6.608815020895664194e-03 3.075909341384331919e-01
5.790689958813286520e-01 -1.502403680278761311e-01 1.974819116906569583e-01
5.790689958813286520e-01 -1.502403680278761311e-01 1.974819116906569583e-01
5.790689958813286520e-01 -1.502403680278761311e-01 1.974819116906569583e-01
5.688509302778372856e-01 -2.220709218481808911e-02 3.555183609810337875e-01
5.164364314591090022e-01 1.499095938791196458e-01 5.537391654263589258e-01
4.969635062826804339e-01 8.117190622945749667e-02 4.957698230425406360e-01
4.969635062826804339e-01 8.117190622945749667e-02 4.957698230425406360e-01
4.969635062826804339e-01 8.117190622945749667e-02 4.957698230425406360e-01
4.969635062826804339e-01 8.117190622945749667e-02 4.957698230425406360e-01
4.969635062826804339e-01 8.117190622945749667e-02 4.957698230425406360e-01
4.969635062826804339e-01 8.117190622945749667e-02 4.957698230425406360e-01
4.969635062826804339e-01 8.117190622945749667e-02 4.957698230425406360e-01
4.969635062826804339e-01 8.117190622945749667e-02 4.957698230425406360e-01
4.969635062826804339e-01 8.117190622945749667e-02 4.957698230425406360e-01
6.157548215936908820e-01 2.206103952713280025e-02 3.344802229207918254e-01
6.157548215936908820e-01 2.206103952713280025e-02 3.344802229207918254e-01
6.157548215936908820e-01 2.206103952713280025e-02 3.344802229207918254e-01
8.666653628333689241e-01 -1.203365535581828877e-01 2.227570893272380267e-02
5.909036461692509512e-01 -3.752191215159779158e-01 3.055346448436971687e-02
4.323883741936163094e-01 5.300607007439467333e-02 3.524985552301381775e-01
6.040997083664193523e-01 6.827545744050624033e-02 3.631261815906628443e-01
6.040997083664193523e-01 6.827545744050624033e-02 3.631261815906628443e-01
6.040997083664193523e-01 6.827545744050624033e-02 3.631261815906628443e-01
3.680589298428565415e-01 4.827585566860327360e-01 6.495283883534102021e-01
5.138461724044969259e-01 2.023854874374979573e-01 5.637284404303869456e-01
5.138461724044969259e-01 2.023854874374979573e-01 5.637284404303869456e-01
5.138461724044969259e-01 2.023854874374979573e-01 5.637284404303869456e-01
5.138461724044969259e-01 2.023854874374979573e-01 5.637284404303869456e-01
4.429433806565027942e-01 3.886245080762713022e-01 5.967342369895354270e-01
1.746733734005484484e-01 8.455836662074225352e-01 2.644629870906536895e-01
1.746733734005484484e-01 8.455836662074225352e-01 2.644629870906536895e-01
1.746733734005484484e-01 8.455836662074225352e-01 2.644629870906536895e-01
1.746733734005484484e-01 8.455836662074225352e-01 2.644629870906536895e-01
