2.489132485845457765e-01 1.481402749648903505e-01 2.021247502832737575e-03
6.353465096732273665e-01 3.319630041714110025e-01 7.473044434381048706e-02
7.446868685707348501e-01 5.115742358463419848e-01 1.385417528797047992e-01
7.446868685707348501e-01 5.115742358463419848e-01 1.385417528797047992e-01
7.446868685707348501e-01 5.115742358463419848e-01 1.385417528797047992e-01
7.446868685707348501e-01 5.115742358463419848e-01 1.385417528797047992e-01
7.446868685707348501e-01 5.115742358463419848e-01 1.385417528797047992e-01
7.446868685707348501e-01 5.115742358463419848e-01 1.385417528797047992e-01
4.779110945290745982e-01 3.540673823303740475e-01 6.220243818225553584e-02
2.928781582136135153e-01 4.613841979814758965e-01 8.567135595545102844e-02
4.118773831820526921e-01 8.647978546566792435e-01 9.575073243543774648e-02
4.856840534072565663e-01 7.422376001760100372e-01 1.399903087964830539e-01
4.856840534072565663e-01 7.422376001760100372e-01 1.399903087964830539e-01
4.856840534072565663e-01 7.422376001760100372e-01 1.399903087964830539e-01
4.856840534072565663e-01 7.422376001760100372e-01 1.399903087964830539e-01
4.350597713467925232e-01 7.904858910211880474e-01 1.307428181458246130e-01
4.350597713467925232e-01 7.904858910211880474e-01 1.307428181458246130e-01
3.139362920316292049e-01 6.428159443728451716e-01 1.836933012546919652e-01
4.354948646532502132e-01 4.142306553923362777e-01 8.593237193322857126e-02
9.763644484627813647e-01 3.440497801391868560e-01 9.990770385649591634e-02
8.510439765826919301e-01 1.560826764221962815e-01 3.181611934857592194e-02
7.349724954790288756e-01 5.105402003536045896e-01 1.397776949531823187e-01
7.349724954790288756e-01 5.105402003536045896e-01 1.397776949531823187e-01
7.349724954790288756e-01 5.105402003536045896e-01 1.397776949531823187e-01
7.349724954790288756e-01 5.105402003536045896e-01 1.397776949531823187e-01
4.103810259005127303e-01 5.592001239183782557e-01 1.596698241180458111e-01
4.103810259005127303e-01 5.592001239183782557e-01 1.596698241180458111e-01
6.560937711451841903e-02 6.262375611058592639e-01 1.385244048782612869e-01
-2.873407629393721907e-02 7.294765134447850352e-01 1.803689763503558974e-01
-2.873407629393721907e-02 7.294765134447850352e-01 1.803689763503558974e-01
2.984109295770823733e-01 6.601784351751258662e-01 1.876348942436918965e-01
2.984109295770823733e-01 6.601784351751258662e-01 1.876348942436918965e-01
2.230155983861493163e-01 5.538513220258872716e-01 1.277699424218622926e-01
2.230155983861493163e-01 5.538513220258872716e-01 1.277699424218622926e-01
2.230155983861493163e-01 5.538513220258872716e-01 1.277699424218622926e-01
2.230155983861493163e-01 5.538513220258872716e-01 1.277699424218622926e-01
5.347022428542109740e-01 5.419129715963257876e-01 1.580994583940341092e-01
5.347022428542109740e-01 5.419129715963257876e-01 1.580994583940341092e-01
5.347022428542109740e-01 5.419129715963257876e-01 1.580994583940341092e-01
5.347022428542109740e-01 5.419129715963257876e-01 1.580994583940341092e-01
5.347022428542109740e-01 5.419129715963257876e-01 1.580994583940341092e-01
8.058571852918171574e-01 5.955360156476148248e-01 1.105253321844548720e-01
8.406120443640416884e-01 7.874655786825308645e-01 3.139727108683705581e-02
8.406120443640416884e-01 7.874655786825308645e-01 3.139727108683705581e-02
8.406120443640416884e-01 7.874655786825308645e-01 3.139727108683705581e-02
7.042237547607493875e-01 8.204742197716015095e-01 4.415290163077950636e-02
6.163169689767830084e-01 7.624849288812158843e-01 9.092938462056281146e-02
6.163169689767830084e-01 7.624849288812158843e-01 9.092938462056281146e-02
3.149131284394838803e-01 8.088405703677246095e-01 1.574901131482999150e-01
3.149131284394838803e-01 8.088405703677246095e-01 1.574901131482999150e-01
3.703913528410414102e-01 5.891946187623732234e-01 1.687853715161887758e-01
4.084344378143529020e-01 7.274950132864268504e-01 1.673139747791139165e-01
4.084344378143529020e-01 7.274950132864268504e-01 1.673139747791139165e-01
5.025228304598328144e-01 5.316038542321893656e-01 1.544109670136925849e-01
-8.385225127932849354e-02 1.052864733364752281e+00 1.262383440803381274e-01
-8.385225127932849354e-02 1.052864733364752281e+00 1.262383440803381274e-01
-5.760139332421888858e-02 7.924885502455353281e-01 2.032042685432056128e-01
-5.760139332421888858e-02 7.924885502455353281e-01 2.032042685432056128e-01
4.791237155003182924e-01 8.407903776082855662e-01 8.943501107118333182e-02
4.791237155003182924e-01 8.407903776082855662e-01 8.943501107118333182e-02
4.791237155003182924e-01 8.407903776082855662e-01 8.943501107118333182e-02
4.791237155003182924e-01 8.407903776082855662e-01 8.943501107118333182e-02
4.791237155003182924e-01 8.407903776082855662e-01 8.943501107118333182e-02
4.791237155003182924e-01 8.407903776082855662e-01 8.943501107118333182e-02
1.681774239123521864e-01 7.756010651974988290e-01 2.009810896075708841e-01
1.681774239123521864e-01 7.756010651974988290e-01 2.009810896075708841e-01
1.681774239123521864e-01 7.756010651974988290e-01 2.009810896075708841e-01
6.701791090378002025e-01 8.513380844029623251e-01 3.963739421180244304e-02
9.674127588570911040e-01 7.270153953509834732e-01 2.893529030025097579e-02
5.465755048664640015e-01 8.358115300999892083e-01 7.343903423132959463e-02
5.465755048664640015e-01 8.358115300999892083e-01 7.343903423132959463e-02
5.465755048664640015e-01 8.358115300999892083e-01 7.343903423132959463e-02
5.465755048664640015e-01 8.358115300999892083e-01 7.343903423132959463e-02
6.560710683980167657e-01 7.196079494334233218e-01 1.005084247255535884e-01
6.560710683980167657e-01 7.196079494334233218e-01 1.005084247255535884e-01
6.560710683980167657e-01 7.196079494334233218e-01 1.005084247255535884e-01
6.560710683980167657e-01 7.196079494334233218e-01 1.005084247255535884e-01
6.960508515948141683e-01 6.329306984612856901e-01 1.262041707527356282e-01
3.872138389282753779e-01 7.509571238705179397e-01 1.639088047446922713e-01
3.872138389282753779e-01 7.509571238705179397e-01 1.639088047446922713e-01
-8.151596022639612249e-02 6.727219256831871164e-01 1.312499307033675733e-01
4.616599001345521036e-01 5.639263238212443019e-01 1.639315806427401878e-01
4.403403873736267404e-01 4.120027332725242908e-01 8.555914799147242011e-02
6.022304775389194509e-01 4.934195872961313345e-01 1.442659641109897972e-01
6.022304775389194509e-01 4.934195872961313345e-01 1.442659641109897972e-01
6.022304775389194509e-01 4.934195872961313345e-01 1.442659641109897972e-01
6.022304775389194509e-01 4.934195872961313345e-01 1.442659641109897972e-01
6.022304775389194509e-01 4.934195872961313345e-01 1.442659641109897972e-01
5.356945773637267205e-02 7.117823091940129743e-01 1.863122806311321711e-01
3.782827536555237180e-01 5.872919668548555183e-01 1.685571387256391551e-01
5.969428406032919465e-01 9.239104085874948469e-01 2.871524341999225766e-02
7.038752160584994533e-01 8.630639215556353827e-01 3.050155246320147492e-02
7.038752160584994533e-01 8.630639215556353827e-01 3.050155246320147492e-02
5.365289451013995903e-01 6.059457201556435191e-01 1.655930004766260899e-01
5.901523709051569311e-01 5.688248035310971007e-01 1.587774221840182465e-01
1.770688455451976950e-01 7.347522055188032697e-01 2.009831329271091482e-01
1.770688455451976950e-01 7.347522055188032697e-01 2.009831329271091482e-01
5.761792337947289899e-02 8.979799257851323047e-01 1.825992853657810444e-01
5.761792337947289899e-02 8.979799257851323047e-01 1.825992853657810444e-01
1.234285471942137558e-01 8.666438684454185193e-01 1.814022247159315371e-01
