2.489132485845457765e-01 1.481402749648903505e-01 2.957179338188819714e-03
-2.181691152413073320e-02 3.693598946195945087e-01 1.011314900668979638e-02
5.715813649055827561e-01 2.521124633487192845e-01 5.561888953236197863e-02
4.064311700985970832e-01 3.760659445677969615e-01 8.242129333190092999e-02
4.064311700985970832e-01 3.760659445677969615e-01 8.242129333190092999e-02
4.064311700985970832e-01 3.760659445677969615e-01 8.242129333190092999e-02
4.064311700985970832e-01 3.760659445677969615e-01 8.242129333190092999e-02
4.064311700985970832e-01 3.760659445677969615e-01 8.242129333190092999e-02
4.064311700985970832e-01 3.760659445677969615e-01 8.242129333190092999e-02
4.064311700985970832e-01 3.760659445677969615e-01 8.242129333190092999e-02
4.064311700985970832e-01 3.760659445677969615e-01 8.242129333190092999e-02
4.064311700985970832e-01 3.760659445677969615e-01 8.242129333190092999e-02
4.052885161800242608e-01 3.499036955805939209e-01 6.824817405084625255e-02
4.052885161800242608e-01 3.499036955805939209e-01 6.824817405084625255e-02
4.052885161800242608e-01 3.499036955805939209e-01 6.824817405084625255e-02
4.052885161800242608e-01 3.499036955805939209e-01 6.824817405084625255e-02
4.484523880616230751e-01 4.027621815679189865e-01 1.075640571059037903e-01
3.601821394610559279e-01 4.420256295431539417e-01 1.093943986665221052e-01
1.835938649076357398e-01 4.678217833491639110e-01 7.753917673591244342e-02
8.682239985677941974e-01 1.512038986494387838e-01 6.081530895779507090e-02
7.816794633274989357e-01 4.318216238169372279e-01 1.372976646515410848e-01
6.104686840135786774e-01 1.205214170964674092e-01 1.897898574253763238e-02
6.104686840135786774e-01 1.205214170964674092e-01 1.897898574253763238e-02
6.104686840135786774e-01 1.205214170964674092e-01 1.897898574253763238e-02
6.104686840135786774e-01 1.205214170964674092e-01 1.897898574253763238e-02
6.104686840135786774e-01 1.205214170964674092e-01 1.897898574253763238e-02
4.961210040207768013e-01 6.232918639964641905e-01 1.674623720754302714e-01
1.311328062826061513e-01 9.088881258232719418e-01 1.493960035614830817e-01
-1.170882127473572842e-01 9.166864981963637193e-01 2.086459123540288785e-01
-1.170882127473572842e-01 9.166864981963637193e-01 2.086459123540288785e-01
-1.170882127473572842e-01 9.166864981963637193e-01 2.086459123540288785e-01
-1.170882127473572842e-01 9.166864981963637193e-01 2.086459123540288785e-01
-1.170882127473572842e-01 9.166864981963637193e-01 2.086459123540288785e-01
1.417333969928870896e-01 6.676356609060213332e-01 1.861546577268063662e-01
1.417333969928870896e-01 6.676356609060213332e-01 1.861546577268063662e-01
1.417333969928870896e-01 6.676356609060213332e-01 1.861546577268063662e-01
3.782584842731190888e-01 8.211033622591754622e-01 1.125064099952237662e-01
3.773044506819185906e-01 7.874801477814898920e-01 1.328359015410849608e-01
3.773044506819185906e-01 7.874801477814898920e-01 1.328359015410849608e-01
3.389558038325842793e-01 7.011736761347555635e-01 1.841308156064011270e-01
6.050475128765699928e-01 5.829517623499969048e-01 1.505950440572993154e-01
6.050475128765699928e-01 5.829517623499969048e-01 1.505950440572993154e-01
9.318337962508607131e-01 5.204004064378263683e-01 7.649669011957622999e-02
1.112119730411766927e+00 7.574900630334007179e-01 2.680305781928312911e-03
1.348353187433982692e+00 3.595819534817396579e-01 3.166561752062043572e-02
1.102292294642719606e+00 2.569080554870137312e-01 9.418499844522942865e-02
1.102292294642719606e+00 2.569080554870137312e-01 9.418499844522942865e-02
1.209894447373142556e+00 7.179412025616609405e-01 2.003726961515710312e-03
1.209894447373142556e+00 7.179412025616609405e-01 2.003726961515710312e-03
8.859442877411243256e-01 4.551315264522141080e-01 1.112247875593365687e-01
7.531095080370937556e-01 2.551848149333387217e-01 8.857934129128576528e-02
1.155645438785855017e+00 4.411661289469654967e-01 4.729289034375076806e-02
1.449584849684814269e+00 1.147846149641687519e-01 5.389010436281838068e-02
1.449584849684814269e+00 1.147846149641687519e-01 5.389010436281838068e-02
1.449584849684814269e+00 1.147846149641687519e-01 5.389010436281838068e-02
1.601221977890173065e+00 5.753656875200731380e-02 3.970255284209882329e-02
1.379390164605007074e+00 -1.128950273746463645e-01 2.959542547582745542e-02
1.379390164605007074e+00 -1.128950273746463645e-01 2.959542547582745542e-02
1.379390164605007074e+00 -1.128950273746463645e-01 2.959542547582745542e-02
9.846011037076924932e-01 2.181944229746329844e-01 9.510801275668670507e-02
5.858521171155275375e-01 2.022912698415691157e-01 3.850907508843211258e-02
5.858521171155275375e-01 2.022912698415691157e-01 3.850907508843211258e-02
4.934461813283497200e-02 6.587756177682524417e-01 1.590736090723000873e-01
4.934461813283497200e-02 6.587756177682524417e-01 1.590736090723000873e-01
5.096756512454280602e-02 8.555081102904427137e-01 2.001155014548991751e-01
5.096756512454280602e-02 8.555081102904427137e-01 2.001155014548991751e-01
5.096756512454280602e-02 8.555081102904427137e-01 2.001155014548991751e-01
5.096756512454280602e-02 8.555081102904427137e-01 2.001155014548991751e-01
-1.960893490690854279e-03 7.472655242975103640e-01 1.936073409571162085e-01
-1.960893490690854279e-03 7.472655242975103640e-01 1.936073409571162085e-01
-3.463580958289411149e-01 7.349641539117397482e-01 7.510443705210578802e-02
-1.071855885489891302e-01 7.164970374140624543e-01 1.460596540272456612e-01
-1.608373210563882050e-01 7.668804015075991742e-01 1.604484449398090040e-01
-1.608373210563882050e-01 7.668804015075991742e-01 1.604484449398090040e-01
-2.280085028177302187e-01 1.011736992670657642e+00 1.954474349896149210e-01
-2.280085028177302187e-01 1.011736992670657642e+00 1.954474349896149210e-01
-4.848784929419494572e-01 1.094258805526170164e+00 1.922945683121569382e-01
-4.471605319488071717e-01 9.360292127865376122e-01 1.619267432563581965e-01
-6.077680767533194528e-01 1.296785215969825433e+00 1.265931431055780099e-01
-6.077680767533194528e-01 1.296785215969825433e+00 1.265931431055780099e-01
-6.077680767533194528e-01 1.296785215969825433e+00 1.265931431055780099e-01
-6.077680767533194528e-01 1.296785215969825433e+00 1.265931431055780099e-01
-6.077680767533194528e-01 1.296785215969825433e+00 1.265931431055780099e-01
-7.264451413995718365e-01 1.334074892185716843e+00 1.290643247319545051e-01
-1.223622205898091453e+00 1.387764392904976329e+00 9.542316763867578211e-02
-1.223622205898091453e+00 1.387764392904976329e+00 9.542316763867578211e-02
-1.223622205898091453e+00 1.387764392904976329e+00 9.542316763867578211e-02
-1.223622205898091453e+00 1.387764392904976329e+00 9.542316763867578211e-02
-1.226129688903747850e+00 1.570897059457394329e+00 8.321877239283716199e-02
-1.226129688903747850e+00 1.570897059457394329e+00 8.321877239283716199e-02
-1.226129688903747850e+00 1.570897059457394329e+00 8.321877239283716199e-02
-1.226129688903747850e+00 1.570897059457394329e+00 8.321877239283716199e-02
-1.237574053479035596e+00 1.523308684082123721e+00 9.384833705682643634e-02
-1.237574053479035596e+00 1.523308684082123721e+00 9.384833705682643634e-02
-1.018249942708252531e+00 1.114239939798717716e+00 6.048425454831166115e-02
-1.018249942708252531e+00 1.114239939798717716e+00 6.048425454831166115e-02
-1.018249942708252531e+00 1.114239939798717716e+00 6.048425454831166115e-02
-1.018249942708252531e+00 1.114239939798717716e+00 6.048425454831166115e-02
-8.339305427885493893e-01 1.221167476428668852e+00 1.518621739235812840e-01
-3.612383343942635050e-01 1.386461435121834951e+00 2.795150982293360953e-02
