2.489132485845457765e-01 1.481402749648903505e-01 2.083784793799953704e-03
8.065466727536652058e-02 3.033965060576608863e-01 3.775725221658396673e-03
8.065466727536652058e-02 3.033965060576608863e-01 3.775725221658396673e-03
3.444266009777833815e-01 2.820400031805789798e-01 1.643121266336985270e-02
3.681823673454746038e-01 4.201977166694675914e-01 4.682043546483326962e-02
5.161231443188495360e-01 2.080447756557701755e-01 2.157610037955959986e-02
4.008597369642840080e-01 7.558286651129356715e-01 7.160442133510315499e-02
4.008597369642840080e-01 7.558286651129356715e-01 7.160442133510315499e-02
4.008597369642840080e-01 7.558286651129356715e-01 7.160442133510315499e-02
4.008597369642840080e-01 7.558286651129356715e-01 7.160442133510315499e-02
3.539456923285156376e-01 9.112095250059764062e-01 4.127690858075157981e-02
3.296819006213771441e-01 8.591829938680239920e-01 5.669108863798984210e-02
4.134402163726420554e-01 7.523905234625967164e-01 7.102911740363718196e-02
5.154263578060461759e-01 8.009395304773625490e-01 4.645714327480618411e-02
7.562508976008249784e-01 3.286328766355814390e-01 8.128162382682954656e-02
1.128106104553927125e+00 3.431578341651390640e-01 6.627649994324973093e-02
8.615385140463551750e-01 2.502604586667855902e-01 7.796169153876650326e-02
8.615385140463551750e-01 2.502604586667855902e-01 7.796169153876650326e-02
8.615385140463551750e-01 2.502604586667855902e-01 7.796169153876650326e-02
6.077753296299934771e-01 1.518370481576121755e-01 2.154842087378351298e-02
8.532224456686330338e-01 6.201769783164418071e-03 2.157466727200384182e-02
1.047177496605759428e+00 2.333530990785128989e-01 8.542531745559819867e-02
9.328956857329773200e-01 3.120214043729666598e-01 8.770246859378107163e-02
1.127583364135560151e+00 2.180899182751180887e-01 8.327598345559962534e-02
9.822592183855767267e-01 7.867907550072511524e-02 5.393034349611878359e-02
8.217806329235397556e-01 4.838934656809982249e-01 7.895202957031785540e-02
8.217806329235397556e-01 4.838934656809982249e-01 7.895202957031785540e-02
1.104161603901515409e+00 2.521219143807009733e-01 8.281279741132559213e-02
1.104161603901515409e+00 2.521219143807009733e-01 8.281279741132559213e-02
1.104161603901515409e+00 2.521219143807009733e-01 8.281279741132559213e-02
1.017127336032261464e+00 1.622007439024991116e-01 7.668669267954290880e-02
1.017127336032261464e+00 1.622007439024991116e-01 7.668669267954290880e-02
1.234323904926089011e+00 -1.985326703927636771e-02 6.133203994566297640e-02
1.234323904926089011e+00 -1.985326703927636771e-02 6.133203994566297640e-02
1.474680610882638909e+00 -1.949368020494778031e-01 4.789045179494963445e-02
1.793592382875276225e+00 -2.253269303712741034e-01 5.551498016609732883e-02
1.331094402926989773e+00 -9.340266645503192411e-02 5.534685073976788189e-02
1.781866254132708383e+00 -4.737727929416704620e-01 2.296174975701943330e-02
2.078804753855411303e+00 -7.463204214504766121e-01 8.387484518129310895e-03
2.078804753855411303e+00 -7.463204214504766121e-01 8.387484518129310895e-03
2.078804753855411303e+00 -7.463204214504766121e-01 8.387484518129310895e-03
1.971944892648455960e+00 -6.289050191045049143e-01 1.438791055241371401e-02
1.971944892648455960e+00 -6.289050191045049143e-01 1.438791055241371401e-02
1.971944892648455960e+00 -6.289050191045049143e-01 1.438791055241371401e-02
1.960271418191678716e+00 9.352739232209472675e-02 8.868776457401130950e-03
2.036980179647628120e+00 1.517293973857258838e-01 2.951835063535510062e-03
2.050880762484508235e+00 1.709203492857207518e-01 2.132745377916354587e-03
1.805862818555184379e+00 -1.993037105921768304e-01 5.542588027696545433e-02
1.728807358592276300e+00 -1.024327962405316844e-01 5.721377167007938441e-02
1.604602548635682302e+00 -8.472428087519245921e-06 6.021473992356440180e-02
1.365256707995256669e+00 -1.205611493031213122e-01 5.295316404631191659e-02
1.429449837752301278e+00 -2.232931578804341344e-01 3.771877194242693326e-02
1.630586662014213539e+00 -2.795335989150945499e-01 4.453269751573185609e-02
1.409920624991270577e+00 -1.616780408438394101e-01 4.865408004124273378e-02
1.409920624991270577e+00 -1.616780408438394101e-01 4.865408004124273378e-02
1.359950605095526788e+00 1.186623153203556491e-01 7.305885347537072194e-02
1.359950605095526788e+00 1.186623153203556491e-01 7.305885347537072194e-02
1.413752640843085162e+00 1.456797311896670943e-01 6.329859764934606114e-02
1.826871259923690705e+00 -1.544860469892325727e-01 5.215290100867767814e-02
1.798313483724814699e+00 -1.180164918523843309e-01 5.186133039988186089e-02
1.798313483724814699e+00 -1.180164918523843309e-01 5.186133039988186089e-02
1.798313483724814699e+00 -1.180164918523843309e-01 5.186133039988186089e-02
1.412665585504109034e+00 1.870663532889739744e-01 5.593309716936430143e-02
1.205314202988408079e+00 5.325973120941301930e-02 7.276368796273120776e-02
1.205314202988408079e+00 5.325973120941301930e-02 7.276368796273120776e-02
1.235863841285714360e+00 -7.645099160130328086e-02 4.879853610722396234e-02
1.325575359839228362e+00 -1.396520492975366623e-01 4.466570853300109306e-02
1.325575359839228362e+00 -1.396520492975366623e-01 4.466570853300109306e-02
1.388271996971913280e+00 -6.869979478674700935e-02 6.474142669529479865e-02
1.053540297297340222e+00 1.088758174517120980e-01 6.988472343681652321e-02
9.195090559726694091e-01 2.419466069254463669e-01 8.172144607285648787e-02
9.195090559726694091e-01 2.419466069254463669e-01 8.172144607285648787e-02
6.732703493134584161e-01 2.089042319280899340e-01 4.187687676554423255e-02
6.732703493134584161e-01 2.089042319280899340e-01 4.187687676554423255e-02
6.732703493134584161e-01 2.089042319280899340e-01 4.187687676554423255e-02
6.732703493134584161e-01 2.089042319280899340e-01 4.187687676554423255e-02
6.732703493134584161e-01 2.089042319280899340e-01 4.187687676554423255e-02
2.603407526377660153e-01 8.182406841137103148e-01 7.212865220519126819e-02
-5.496443562975628083e-03 8.852750987782153080e-01 7.115163758411019446e-02
-5.496443562975628083e-03 8.852750987782153080e-01 7.115163758411019446e-02
-3.030566498591731883e-01 1.006077356991231797e+00 5.621179970462614889e-02
-3.030566498591731883e-01 1.006077356991231797e+00 5.621179970462614889e-02
-1.294152674972436357e-01 7.592557254445184700e-01 4.459055854937059998e-02
4.994756957354981042e-01 2.470538893212147480e-01 2.682200632087280295e-02
7.913870494041839176e-01 2.247428839169706150e-01 6.350409241535792670e-02
7.755651678375199420e-01 1.969535661429413220e-01 5.415889879277054758e-02
3.518913310438796516e-01 4.680107501857762031e-01 5.574411759437535724e-02
2.799021154101927755e-01 4.145990856113302425e-01 3.250588933660610025e-02
4.175352993934301482e-01 3.101603528668033238e-01 2.917271844617542326e-02
2.905678039754550079e-01 3.411322180000088133e-01 2.016115842181664952e-02
2.905678039754550079e-01 3.411322180000088133e-01 2.016115842181664952e-02
2.905678039754550079e-01 3.411322180000088133e-01 2.016115842181664952e-02
2.905678039754550079e-01 3.411322180000088133e-01 2.016115842181664952e-02
2.905678039754550079e-01 3.411322180000088133e-01 2.016115842181664952e-02
2.165141923761964016e-01 4.314209915153727204e-01 2.759285794700264485e-02
2.165141923761964016e-01 4.314209915153727204e-01 2.759285794700264485e-02
2.165141923761964016e-01 4.314209915153727204e-01 2.759285794700264485e-02
2.165141923761964016e-01 4.314209915153727204e-01 2.759285794700264485e-02
2.165141923761964016e-01 4.314209915153727204e-01 2.759285794700264485e-02
5.941939956632127373e-01 8.734452574498166033e-01 2.127330308075780704e-02
