2.489132485845457765e-01 1.481402749648903505e-01 1.696215254512755755e-03
5.855204170357583005e-01 2.122309499843260394e-01 1.807104989463632211e-02
9.005146859089134814e-01 1.906627529090206830e-01 3.018887901436850124e-02
9.005146859089134814e-01 1.906627529090206830e-01 3.018887901436850124e-02
9.367452484296611148e-01 1.087915150819184079e-01 2.332656833180311862e-02
1.395677518380047388e+00 2.961070263361301746e-01 8.415557373041048297e-03
1.353065147344888919e+00 1.886475379617020831e-01 1.654239836319939053e-02
1.353065147344888919e+00 1.886475379617020831e-01 1.654239836319939053e-02
1.210356898272450410e+00 1.646298153565761146e-01 2.488901079606974445e-02
1.210356898272450410e+00 1.646298153565761146e-01 2.488901079606974445e-02
1.210356898272450410e+00 1.646298153565761146e-01 2.488901079606974445e-02
1.468352078811549166e+00 1.403947230935853607e-01 1.292618426234048642e-02
1.447404774662760074e+00 -3.925186774114999833e-02 1.763611088913756911e-02
1.447404774662760074e+00 -3.925186774114999833e-02 1.763611088913756911e-02
1.447404774662760074e+00 -3.925186774114999833e-02 1.763611088913756911e-02
1.099551798963354310e+00 6.415650123269031613e-02 2.343483571717487959e-02
9.912928448391706837e-01 -1.111006249527522749e-02 1.386443014884194622e-02
6.565609620205739017e-01 7.971543624888467738e-02 8.499286335058468811e-03
6.565609620205739017e-01 7.971543624888467738e-02 8.499286335058468811e-03
6.276985839470146100e-01 3.204810130105300581e-01 3.513817460493476319e-02
6.276985839470146100e-01 3.204810130105300581e-01 3.513817460493476319e-02
8.424452636852470810e-01 4.964993689374314068e-01 3.163010240192874745e-02
8.424452636852470810e-01 4.964993689374314068e-01 3.163010240192874745e-02
8.424452636852470810e-01 4.964993689374314068e-01 3.163010240192874745e-02
1.116922537161827655e+00 3.524745954273518223e-01 2.133186386409585689e-02
1.116922537161827655e+00 3.524745954273518223e-01 2.133186386409585689e-02
5.224371985743029301e-01 4.259962138033283052e-01 4.403052634872853949e-02
2.984221118140470974e-01 4.126963351459995710e-01 2.646507865749053376e-02
3.623614707402772472e-01 4.969649419785259203e-01 4.567213604972320679e-02
7.775992613574950196e-01 2.842688834122645836e-01 3.621398593292096679e-02
3.670849562435183899e-01 7.476356553552518935e-01 5.261817302412816894e-02
3.670849562435183899e-01 7.476356553552518935e-01 5.261817302412816894e-02
3.670849562435183899e-01 7.476356553552518935e-01 5.261817302412816894e-02
2.838856570239256527e-02 7.857814880982432193e-01 6.740251707578243101e-02
2.838856570239256527e-02 7.857814880982432193e-01 6.740251707578243101e-02
2.838856570239256527e-02 7.857814880982432193e-01 6.740251707578243101e-02
2.838856570239256527e-02 7.857814880982432193e-01 6.740251707578243101e-02
2.838856570239256527e-02 7.857814880982432193e-01 6.740251707578243101e-02
5.321031319282931715e-02 7.390094735507144463e-01 6.296904475378910238e-02
2.436682203350817866e-01 6.017883815065472319e-01 5.432950371234478160e-02
1.313531233801261688e-01 5.638177272256457151e-01 3.834654154314925956e-02
1.313531233801261688e-01 5.638177272256457151e-01 3.834654154314925956e-02
2.396782337621015668e-01 2.892815979356171963e-01 7.783906112282417897e-03
6.024316907376628394e-02 5.870447249461030470e-01 3.568739997015497878e-02
1.918507756993262370e-01 9.561707902225247135e-01 4.128935888515519043e-02
2.574940187049656881e-01 9.296064576067554208e-01 3.741495443207917132e-02
-8.968146638749568966e-02 1.188826295404856070e+00 3.356091615459031591e-02
-8.968146638749568966e-02 1.188826295404856070e+00 3.356091615459031591e-02
-8.968146638749568966e-02 1.188826295404856070e+00 3.356091615459031591e-02
-8.968146638749568966e-02 1.188826295404856070e+00 3.356091615459031591e-02
-2.956733740159470658e-01 1.132398190876404920e+00 7.130734726545613633e-02
-2.956733740159470658e-01 1.132398190876404920e+00 7.130734726545613633e-02
-2.488750019861673823e-01 1.179420649246022856e+00 5.763697551301144584e-02
-2.488750019861673823e-01 1.179420649246022856e+00 5.763697551301144584e-02
-2.488750019861673823e-01 1.179420649246022856e+00 5.763697551301144584e-02
-7.016272274544336218e-01 1.327480326731349303e+00 7.552717143377561670e-02
-7.016272274544336218e-01 1.327480326731349303e+00 7.552717143377561670e-02
-7.016272274544336218e-01 1.327480326731349303e+00 7.552717143377561670e-02
-7.016272274544336218e-01 1.327480326731349303e+00 7.552717143377561670e-02
-8.075880351512666477e-01 1.551598952575240942e+00 4.914578887670537771e-02
-4.388309122875431179e-01 1.119519387459039450e+00 7.793275508312304256e-02
-1.688996461201658361e-02 6.656504337298813079e-01 4.331066324471051499e-02
-1.688996461201658361e-02 6.656504337298813079e-01 4.331066324471051499e-02
-1.688996461201658361e-02 6.656504337298813079e-01 4.331066324471051499e-02
-1.688996461201658361e-02 6.656504337298813079e-01 4.331066324471051499e-02
3.018867805164299201e-01 7.067999225142079789e-01 6.122513904327064882e-02
3.018867805164299201e-01 7.067999225142079789e-01 6.122513904327064882e-02
3.018867805164299201e-01 7.067999225142079789e-01 6.122513904327064882e-02
3.018867805164299201e-01 7.067999225142079789e-01 6.122513904327064882e-02
1.329017857808520164e-01 8.421877728860979184e-01 6.539243086414534001e-02
1.329017857808520164e-01 8.421877728860979184e-01 6.539243086414534001e-02
-1.842463342687006012e-01 7.610823443305190228e-01 4.422964541801365640e-02
-3.268077330514106427e-01 9.305936567277081073e-01 6.303616967986254427e-02
8.401249143776406969e-02 8.182144878387733744e-01 6.909689820143730121e-02
8.401249143776406969e-02 8.182144878387733744e-01 6.909689820143730121e-02
8.401249143776406969e-02 8.182144878387733744e-01 6.909689820143730121e-02
9.279335433924340570e-02 4.150653798073526413e-01 1.180764136235990663e-02
9.279335433924340570e-02 4.150653798073526413e-01 1.180764136235990663e-02
2.352390133661061977e-01 9.030123583600820902e-01 4.518471143520834399e-02
2.352390133661061977e-01 9.030123583600820902e-01 4.518471143520834399e-02
3.328984583629174820e-01 6.710274605678859805e-01 6.031668499479093254e-02
-1.631484022983352156e-01 8.711196882963981869e-01 6.783526234253389742e-02
-1.631484022983352156e-01 8.711196882963981869e-01 6.783526234253389742e-02
1.788819257704717947e-01 9.262273676936687572e-01 4.857712391142449820e-02
1.788819257704717947e-01 9.262273676936687572e-01 4.857712391142449820e-02
-6.038367873726391277e-02 5.098754477222581238e-01 1.276256562833961994e-02
-6.038367873726391277e-02 5.098754477222581238e-01 1.276256562833961994e-02
-3.027616567374258327e-01 6.126191567615149047e-01 8.954252844286230556e-03
-3.840588780608166775e-01 5.486580332182937614e-01 2.578666642706633431e-03
-6.746260363067221322e-01 1.193275904093864082e+00 7.101009426673396407e-02
-6.323800556778300663e-01 1.145820683926463746e+00 6.821552614608090981e-02
-7.639766669001698540e-01 1.087278400719999372e+00 3.879087706573240701e-02
-9.301726041022242431e-01 1.275486633292595817e+00 5.456256375869918129e-02
-5.788257288087874652e-01 1.129882977052422355e+00 7.113168332644413672e-02
-4.051757453061721748e-02 1.124995926952593983e+00 3.989492064055686488e-02
-4.051757453061721748e-02 1.124995926952593983e+00 3.989492064055686488e-02
-4.051757453061721748e-02 1.124995926952593983e+00 3.989492064055686488e-02
-5.483816252924637175e-02 7.784783631326293030e-01 6.151635069126658306e-02
-5.483816252924637175e-02 7.784783631326293030e-01 6.151635069126658306e-02
-5.483816252924637175e-02 7.784783631326293030e-01 6.151635069126658306e-02
