2.489132485845457765e-01 1.481402749648903505e-01 1.611290024484672290e-01
2.489132485845457765e-01 1.481402749648903505e-01 1.611290024484672290e-01
3.005217601567317098e-01 1.442422218955941027e-01 3.033761295998897989e-01
3.005217601567317098e-01 1.442422218955941027e-01 3.033761295998897989e-01
3.005217601567317098e-01 1.442422218955941027e-01 3.033761295998897989e-01
2.862610966320510708e-01 6.402751805971893528e-01 4.752129147660065778e-01
2.862610966320510708e-01 6.402751805971893528e-01 4.752129147660065778e-01
2.862610966320510708e-01 6.402751805971893528e-01 4.752129147660065778e-01
2.862610966320510708e-01 6.402751805971893528e-01 4.752129147660065778e-01
2.862610966320510708e-01 6.402751805971893528e-01 4.752129147660065778e-01
2.862610966320510708e-01 6.402751805971893528e-01 4.752129147660065778e-01
2.862610966320510708e-01 6.402751805971893528e-01 4.752129147660065778e-01
2.862610966320510708e-01 6.402751805971893528e-01 4.752129147660065778e-01
2.862610966320510708e-01 6.402751805971893528e-01 4.752129147660065778e-01
2.862610966320510708e-01 6.402751805971893528e-01 4.752129147660065778e-01
2.862610966320510708e-01 6.402751805971893528e-01 4.752129147660065778e-01
2.862610966320510708e-01 6.402751805971893528e-01 4.752129147660065778e-01
4.131063254798894024e-01 4.236261484720073578e-01 4.886269296072882073e-01
3.365696544983990957e-01 2.548451561007573085e-01 6.655321043534427883e-01
3.365696544983990957e-01 2.548451561007573085e-01 6.655321043534427883e-01
3.365696544983990957e-01 2.548451561007573085e-01 6.655321043534427883e-01
3.365696544983990957e-01 2.548451561007573085e-01 6.655321043534427883e-01
3.365696544983990957e-01 2.548451561007573085e-01 6.655321043534427883e-01
3.365696544983990957e-01 2.548451561007573085e-01 6.655321043534427883e-01
3.365696544983990957e-01 2.548451561007573085e-01 6.655321043534427883e-01
4.412370996913447252e-01 2.906117312661659069e-01 5.795990623401515718e-01
4.412370996913447252e-01 2.906117312661659069e-01 5.795990623401515718e-01
4.412370996913447252e-01 2.906117312661659069e-01 5.795990623401515718e-01
4.412370996913447252e-01 2.906117312661659069e-01 5.795990623401515718e-01
4.412370996913447252e-01 2.906117312661659069e-01 5.795990623401515718e-01
3.190198674563138326e-01 6.949883221883754181e-02 2.158377423222459790e-01
3.190198674563138326e-01 6.949883221883754181e-02 2.158377423222459790e-01
3.605479320777202901e-01 3.386066966642926612e-01 7.647827652744326743e-01
2.560626119038552639e-01 1.214523572792456374e-01 1.423957272408057917e-01
5.054217376399371409e-01 2.492532094051759517e-02 3.994552413462296170e-01
5.125404819365819709e-01 3.743442595882157664e-01 1.853038176514220647e-01
5.125404819365819709e-01 3.743442595882157664e-01 1.853038176514220647e-01
5.125404819365819709e-01 3.743442595882157664e-01 1.853038176514220647e-01
2.624086640093340472e-01 1.427474519119331375e-01 1.873649130016826481e-01
2.624086640093340472e-01 1.427474519119331375e-01 1.873649130016826481e-01
2.624086640093340472e-01 1.427474519119331375e-01 1.873649130016826481e-01
4.230351967051623197e-01 1.277175023280937571e-01 5.644431701656932310e-01
4.230351967051623197e-01 1.277175023280937571e-01 5.644431701656932310e-01
4.230351967051623197e-01 1.277175023280937571e-01 5.644431701656932310e-01
4.201617961187724681e-01 4.733533517403755164e-01 3.587737072862055565e-01
4.201617961187724681e-01 4.733533517403755164e-01 3.587737072862055565e-01
6.529967727687319146e-02 7.025243523051425409e-01 2.384842315613367736e-01
6.529967727687319146e-02 7.025243523051425409e-01 2.384842315613367736e-01
6.529967727687319146e-02 7.025243523051425409e-01 2.384842315613367736e-01
6.529967727687319146e-02 7.025243523051425409e-01 2.384842315613367736e-01
7.721600031265944686e-02 5.435433871944104212e-01 1.663611843302243709e-01
7.721600031265944686e-02 5.435433871944104212e-01 1.663611843302243709e-01
7.721600031265944686e-02 5.435433871944104212e-01 1.663611843302243709e-01
7.721600031265944686e-02 5.435433871944104212e-01 1.663611843302243709e-01
2.259256266641866961e-01 6.070625789963541852e-01 6.188520181176361268e-01
2.259256266641866961e-01 6.070625789963541852e-01 6.188520181176361268e-01
2.259256266641866961e-01 6.070625789963541852e-01 6.188520181176361268e-01
2.259256266641866961e-01 6.070625789963541852e-01 6.188520181176361268e-01
1.256088182925521601e-01 4.570471252165810294e-01 2.212154951473701836e-01
1.256088182925521601e-01 4.570471252165810294e-01 2.212154951473701836e-01
1.256088182925521601e-01 4.570471252165810294e-01 2.212154951473701836e-01
1.256088182925521601e-01 4.570471252165810294e-01 2.212154951473701836e-01
1.256088182925521601e-01 4.570471252165810294e-01 2.212154951473701836e-01
1.256088182925521601e-01 4.570471252165810294e-01 2.212154951473701836e-01
-4.121216546780370749e-02 6.127011682797363079e-01 2.531166245579148655e-02
-2.210628663448478692e-02 1.369063851317405600e+00 6.568179016624354181e-03
-2.210628663448478692e-02 1.369063851317405600e+00 6.568179016624354181e-03
-2.210628663448478692e-02 1.369063851317405600e+00 6.568179016624354181e-03
-2.210628663448478692e-02 1.369063851317405600e+00 6.568179016624354181e-03
-2.210628663448478692e-02 1.369063851317405600e+00 6.568179016624354181e-03
-2.210628663448478692e-02 1.369063851317405600e+00 6.568179016624354181e-03
-2.210628663448478692e-02 1.369063851317405600e+00 6.568179016624354181e-03
4.518820536557512091e-02 1.213130435356229997e+00 2.503745452301790742e-02
-4.789058671550480706e-02 1.273819470511895036e+00 1.796493025157779380e-02
-4.789058671550480706e-02 1.273819470511895036e+00 1.796493025157779380e-02
-6.890104777826974725e-02 1.280620862092338719e+00 1.656912601284765349e-02
-6.890104777826974725e-02 1.280620862092338719e+00 1.656912601284765349e-02
-6.890104777826974725e-02 1.280620862092338719e+00 1.656912601284765349e-02
1.298290693655440586e-01 4.906643117805644660e-01 2.763667974932561555e-01
1.298290693655440586e-01 4.906643117805644660e-01 2.763667974932561555e-01
1.298290693655440586e-01 4.906643117805644660e-01 2.763667974932561555e-01
1.624971763594174889e-01 3.793787734770572295e-01 2.424601118075717376e-01
1.624971763594174889e-01 3.793787734770572295e-01 2.424601118075717376e-01
4.202601852792967607e-01 -8.600845480556273959e-02 1.740940408430347863e-01
7.666825341220028234e-01 -2.795258440425649193e-03 1.260286602396978352e-02
4.261462948724014099e-01 7.624564262378034918e-02 4.769033516279758134e-01
4.261462948724014099e-01 7.624564262378034918e-02 4.769033516279758134e-01
5.792065326145069415e-01 1.634156522561788505e-01 1.979416553457812589e-01
5.792065326145069415e-01 1.634156522561788505e-01 1.979416553457812589e-01
5.792065326145069415e-01 1.634156522561788505e-01 1.979416553457812589e-01
5.792065326145069415e-01 1.634156522561788505e-01 1.979416553457812589e-01
5.059339442154856537e-01 3.528865595432295055e-01 2.328607353950237213e-01
5.059339442154856537e-01 3.528865595432295055e-01 2.328607353950237213e-01
4.673214790430630372e-01 3.549005534912441084e-01 3.776165219034248732e-01
4.673214790430630372e-01 3.549005534912441084e-01 3.776165219034248732e-01
1.729887030679117532e-01 4.819007724002027926e-01 4.363921838058733016e-01
1.729887030679117532e-01 4.819007724002027926e-01 4.363921838058733016e-01
1.729887030679117532e-01 4.819007724002027926e-01 4.363921838058733016e-01
1.729887030679117532e-01 4.819007724002027926e-01 4.363921838058733016e-01
3.607843607864928415e-01 2.765046160138244224e-01 7.348397556399142161e-01
