2.489132485845457765e-01 1.481402749648903505e-01 2.124519945631342388e-03
2.489132485845457765e-01 1.481402749648903505e-01 2.124519945631342388e-03
2.440486512303207955e-01 1.679299652373005824e-01 2.815665438937525831e-03
2.440486512303207955e-01 1.679299652373005824e-01 2.815665438937525831e-03
2.632922830412338100e-01 8.107576274783450110e-01 1.887969591342095743e-01
2.632922830412338100e-01 8.107576274783450110e-01 1.887969591342095743e-01
2.632922830412338100e-01 8.107576274783450110e-01 1.887969591342095743e-01
3.721078601945705389e-01 6.682531763937891167e-01 2.105809622701467210e-01
4.512474577546936594e-01 5.094331218512943016e-01 1.632318764648820197e-01
7.095181983074332344e-01 5.831965553233123822e-01 1.810424020002920908e-01
7.095181983074332344e-01 5.831965553233123822e-01 1.810424020002920908e-01
5.717212781403925304e-01 5.341131635410480971e-01 1.905005213035035339e-01
5.911854393923871021e-01 4.379556240695349767e-01 1.476192987040372273e-01
7.153258478402462206e-01 6.080498320140632629e-01 1.720733310561474716e-01
7.153258478402462206e-01 6.080498320140632629e-01 1.720733310561474716e-01
1.072323719488124993e+00 4.372557936233918419e-01 1.404780951529035204e-01
6.197507194890909954e-01 3.669927362219841394e-01 1.093370100318834387e-01
1.021772852070059745e+00 6.183396233765761085e-01 8.110788133053561944e-02
7.326312044960399117e-01 3.707522383676150057e-01 1.329496290084941079e-01
7.698579557907084814e-01 5.085068882755450215e-01 1.812478268994131558e-01
7.698579557907084814e-01 5.085068882755450215e-01 1.812478268994131558e-01
7.457713358811225435e-01 8.186924646080387946e-01 5.242119903434676320e-02
7.457713358811225435e-01 8.186924646080387946e-01 5.242119903434676320e-02
7.457713358811225435e-01 8.186924646080387946e-01 5.242119903434676320e-02
1.435855240456458848e+00 5.394614346078994149e-01 2.770551954348095605e-02
1.435855240456458848e+00 5.394614346078994149e-01 2.770551954348095605e-02
1.435855240456458848e+00 5.394614346078994149e-01 2.770551954348095605e-02
1.438425774813782310e+00 4.472952534957752579e-01 5.318577424607693477e-02
1.438425774813782310e+00 4.472952534957752579e-01 5.318577424607693477e-02
1.438425774813782310e+00 4.472952534957752579e-01 5.318577424607693477e-02
1.502584912698183395e+00 3.372623467742399406e-01 7.304603310305063379e-02
1.086554305186623992e+00 7.113955840266689146e-02 3.809799439176501240e-02
1.231506327199701323e+00 -5.129914229757441546e-02 1.822498764180511405e-02
1.231506327199701323e+00 -5.129914229757441546e-02 1.822498764180511405e-02
1.231506327199701323e+00 -5.129914229757441546e-02 1.822498764180511405e-02
1.231506327199701323e+00 -5.129914229757441546e-02 1.822498764180511405e-02
1.016979062456611516e+00 -1.524248193093064585e-01 1.892162131309554343e-03
1.645173535910117613e+00 4.474593147146083139e-02 6.467853007868343274e-02
1.645173535910117613e+00 4.474593147146083139e-02 6.467853007868343274e-02
1.645173535910117613e+00 4.474593147146083139e-02 6.467853007868343274e-02
1.817692037451188458e+00 2.495577789131664947e-01 3.910985887447349790e-02
1.216541388365599330e+00 4.725750559542787888e-02 4.288664764169237281e-02
1.238597939526279834e+00 5.221154884852045042e-01 6.935763507173559050e-02
1.238597939526279834e+00 5.221154884852045042e-01 6.935763507173559050e-02
1.597038954990488868e+00 4.254813812519000482e-01 3.267011197601669970e-02
1.597038954990488868e+00 4.254813812519000482e-01 3.267011197601669970e-02
1.398202683530038737e+00 4.269838981915086151e-01 6.809745929132991760e-02
1.300071306885875799e+00 4.715348053796255545e-01 7.449108760447305244e-02
1.272371083895071253e+00 5.499945034597167881e-01 5.147076462307732803e-02
1.163543354469150470e+00 3.835635709444736308e-01 1.318902724960571149e-01
1.163543354469150470e+00 3.835635709444736308e-01 1.318902724960571149e-01
7.858985914617115931e-01 3.522861173881047803e-01 1.308831872926866091e-01
8.651139841458325153e-01 3.278634062343227518e-01 1.287084639190859969e-01
6.232620731021168980e-01 6.062855633557372448e-01 1.913384406823638306e-01
1.909808358602273493e-01 5.935407924567736027e-01 1.546750178657202990e-01
1.909808358602273493e-01 5.935407924567736027e-01 1.546750178657202990e-01
1.909808358602273493e-01 5.935407924567736027e-01 1.546750178657202990e-01
1.909808358602273493e-01 5.935407924567736027e-01 1.546750178657202990e-01
6.289261657247025017e-01 4.022224507188920106e-01 1.331254026448051020e-01
5.706198240014374035e-01 6.578506376265597089e-01 1.871001861216736450e-01
3.932966875542888152e-01 7.978929922877839864e-01 1.629410710631775117e-01
2.676222172672493294e-03 7.760797644365433623e-01 2.044569910061136142e-01
5.267436492504104506e-02 6.689682250683114395e-01 1.654088543103789388e-01
-1.742893562473813995e-01 1.011217581156701240e+00 1.672195020180121949e-01
2.839072110614964672e-01 7.629618879830538658e-01 2.045249581830985153e-01
-3.858564094972846692e-01 1.034308417006363001e+00 1.763365298578575546e-01
-3.858564094972846692e-01 1.034308417006363001e+00 1.763365298578575546e-01
-1.024922290931154611e+00 1.204758326286540449e+00 1.030892361154345238e-01
-1.063783864002534552e+00 1.119011807719186624e+00 7.616254545201678328e-02
-1.063783864002534552e+00 1.119011807719186624e+00 7.616254545201678328e-02
-1.413728948595444290e+00 1.491919999731729174e+00 5.552001306014622828e-02
-1.475924716365843992e+00 1.426526979106443216e+00 5.613973799199139386e-02
-1.475924716365843992e+00 1.426526979106443216e+00 5.613973799199139386e-02
-1.478587548001103480e+00 1.498611155211111656e+00 5.232971469870160292e-02
-1.478587548001103480e+00 1.498611155211111656e+00 5.232971469870160292e-02
-1.478587548001103480e+00 1.498611155211111656e+00 5.232971469870160292e-02
-1.478587548001103480e+00 1.498611155211111656e+00 5.232971469870160292e-02
-1.842232324655880049e+00 1.874828412629225172e+00 8.549700032068823646e-03
-2.035123188927650872e+00 1.685773956284812414e+00 1.932987045779529026e-02
-2.195653194108963646e+00 1.681208429797762083e+00 1.331010118423459412e-02
-2.195653194108963646e+00 1.681208429797762083e+00 1.331010118423459412e-02
-2.195653194108963646e+00 1.681208429797762083e+00 1.331010118423459412e-02
-1.929435472633025839e+00 1.851997507640626095e+00 1.109855013089517013e-02
-1.929435472633025839e+00 1.851997507640626095e+00 1.109855013089517013e-02
-1.929435472633025839e+00 1.851997507640626095e+00 1.109855013089517013e-02
-1.882131908558864808e+00 2.037162980046500760e+00 1.751148509775741265e-03
-2.065428043346006159e+00 1.876469374144988933e+00 1.009213394477825182e-02
-2.065428043346006159e+00 1.876469374144988933e+00 1.009213394477825182e-02
-2.065428043346006159e+00 1.876469374144988933e+00 1.009213394477825182e-02
-2.129179431638663189e+00 1.809196510248115786e+00 1.328873956572131608e-02
-1.884279330810325392e+00 1.529976564683616758e+00 2.518920555413157319e-02
-1.884279330810325392e+00 1.529976564683616758e+00 2.518920555413157319e-02
-1.601140908402000962e+00 1.610092458970342033e+00 3.593445026859876101e-02
-1.601140908402000962e+00 1.610092458970342033e+00 3.593445026859876101e-02
-1.601140908402000962e+00 1.610092458970342033e+00 3.593445026859876101e-02
-1.601140908402000962e+00 1.610092458970342033e+00 3.593445026859876101e-02
-1.738474317420756421e+00 1.615786293832425669e+00 3.252472428927382503e-02
-1.738474317420756421e+00 1.615786293832425669e+00 3.252472428927382503e-02
-1.738474317420756421e+00 1.615786293832425669e+00 3.252472428927382503e-02
-1.738474317420756421e+00 1.615786293832425669e+00 3.252472428927382503e-02
