2.489132485845457765e-01 1.481402749648903505e-01 2.359612939666323565e-03
2.489132485845457765e-01 1.481402749648903505e-01 2.359612939666323565e-03
2.489132485845457765e-01 1.481402749648903505e-01 2.359612939666323565e-03
8.983968002810472919e-01 -1.536147777910323864e-02 9.878470160522224291e-03
6.505102387553663990e-01 3.215669802715784287e-02 5.112431755314175534e-03
6.505102387553663990e-01 3.215669802715784287e-02 5.112431755314175534e-03
7.958956921773583382e-01 4.545830213903003791e-01 1.912458217134200833e-01
7.958956921773583382e-01 4.545830213903003791e-01 1.912458217134200833e-01
4.061734257412293880e-01 6.261407393174172054e-01 2.189231650606333623e-01
4.061734257412293880e-01 6.261407393174172054e-01 2.189231650606333623e-01
4.061734257412293880e-01 6.261407393174172054e-01 2.189231650606333623e-01
5.255692368023783256e-01 5.665207570511117119e-01 2.126608738317605218e-01
5.255692368023783256e-01 5.665207570511117119e-01 2.126608738317605218e-01
5.255692368023783256e-01 5.665207570511117119e-01 2.126608738317605218e-01
5.255692368023783256e-01 5.665207570511117119e-01 2.126608738317605218e-01
5.255692368023783256e-01 5.665207570511117119e-01 2.126608738317605218e-01
5.255692368023783256e-01 5.665207570511117119e-01 2.126608738317605218e-01
3.631440853200266217e-01 5.824550169301957459e-01 1.994193367230876479e-01
3.631440853200266217e-01 5.824550169301957459e-01 1.994193367230876479e-01
-1.072669773611695798e-01 8.935696430354002073e-01 2.003722829819390150e-01
-1.072669773611695798e-01 8.935696430354002073e-01 2.003722829819390150e-01
-1.072669773611695798e-01 8.935696430354002073e-01 2.003722829819390150e-01
-1.072669773611695798e-01 8.935696430354002073e-01 2.003722829819390150e-01
-1.072669773611695798e-01 8.935696430354002073e-01 2.003722829819390150e-01
-1.072669773611695798e-01 8.935696430354002073e-01 2.003722829819390150e-01
-1.942982483017941797e-01 7.514667397699028584e-01 1.374429384428972056e-01
-1.942982483017941797e-01 7.514667397699028584e-01 1.374429384428972056e-01
-1.942982483017941797e-01 7.514667397699028584e-01 1.374429384428972056e-01
1.426298295197300503e-01 1.094461801188251870e+00 4.742083548581461222e-02
3.249528587103963639e-01 7.460106005708959653e-01 2.111503042972855126e-01
4.321416995614823509e-01 6.447487405669547478e-01 2.200383008020924680e-01
7.404815452992741243e-01 3.099588367081015927e-01 1.149286906312770307e-01
4.568524941417433372e-01 3.101168292374146818e-01 5.266298288153323931e-02
9.466421290750439699e-01 5.029982254349530946e-01 1.599251032253100890e-01
9.466421290750439699e-01 5.029982254349530946e-01 1.599251032253100890e-01
9.466421290750439699e-01 5.029982254349530946e-01 1.599251032253100890e-01
1.230028861578369215e+00 3.131570858555459136e-01 1.363841633237427575e-01
1.230028861578369215e+00 3.131570858555459136e-01 1.363841633237427575e-01
1.230028861578369215e+00 3.131570858555459136e-01 1.363841633237427575e-01
1.230028861578369215e+00 3.131570858555459136e-01 1.363841633237427575e-01
1.230028861578369215e+00 3.131570858555459136e-01 1.363841633237427575e-01
1.110674180757488916e+00 2.279392874333834307e-01 1.245554451166087789e-01
1.110674180757488916e+00 2.279392874333834307e-01 1.245554451166087789e-01
1.110674180757488916e+00 2.279392874333834307e-01 1.245554451166087789e-01
1.110674180757488916e+00 2.279392874333834307e-01 1.245554451166087789e-01
1.341667788798570848e+00 1.836560481044391957e-01 1.131327973419873067e-01
1.592451221662677607e+00 1.597006846470447050e-01 8.655684932826576694e-02
1.886420071444170343e+00 1.417840029417753167e-01 4.371240216961309877e-02
1.724598606752427488e+00 1.855223604387231384e-01 6.218407431888710313e-02
1.557718806809862189e+00 4.323461687174331991e-01 3.233464271013770236e-02
1.903538273104650624e+00 -1.145768785432734194e-01 4.169152905839543233e-02
1.903538273104650624e+00 -1.145768785432734194e-01 4.169152905839543233e-02
1.903538273104650624e+00 -1.145768785432734194e-01 4.169152905839543233e-02
1.903538273104650624e+00 -1.145768785432734194e-01 4.169152905839543233e-02
1.903538273104650624e+00 -1.145768785432734194e-01 4.169152905839543233e-02
1.903538273104650624e+00 -1.145768785432734194e-01 4.169152905839543233e-02
1.903538273104650624e+00 -1.145768785432734194e-01 4.169152905839543233e-02
1.839531321523233842e+00 -9.685555218158409252e-02 4.508565865185141380e-02
1.864239865130979945e+00 2.882376755577087390e-01 2.191196695678608933e-02
1.864239865130979945e+00 2.882376755577087390e-01 2.191196695678608933e-02
1.864239865130979945e+00 2.882376755577087390e-01 2.191196695678608933e-02
1.864239865130979945e+00 2.882376755577087390e-01 2.191196695678608933e-02
1.864239865130979945e+00 2.882376755577087390e-01 2.191196695678608933e-02
1.896777450388269726e+00 1.765742952870219540e-01 3.673207036581101897e-02
1.896777450388269726e+00 1.765742952870219540e-01 3.673207036581101897e-02
1.566661317290416688e+00 9.453223378031942736e-02 8.546727515491832350e-02
1.696581689943101434e+00 1.903055592125922624e-02 6.754276856764539205e-02
1.579363986458940827e+00 2.686240548222746938e-01 7.283695508233133109e-02
1.633431989974478249e+00 2.907961030206895892e-01 5.630075820260740244e-02
1.633134237874761308e+00 3.124496708652764743e-01 5.072717411701068574e-02
1.633134237874761308e+00 3.124496708652764743e-01 5.072717411701068574e-02
1.884414932691826472e+00 1.131849278725549079e-01 4.792660183322734746e-02
1.680535102036337047e+00 1.398766798453940641e-01 7.490908238198475122e-02
1.680535102036337047e+00 1.398766798453940641e-01 7.490908238198475122e-02
1.430367825481926092e+00 -2.562914955849207588e-02 4.849120175608591377e-02
1.936999198395107369e+00 -3.124490972229302388e-01 1.276546214060413423e-02
1.936999198395107369e+00 -3.124490972229302388e-01 1.276546214060413423e-02
1.977173074043937495e+00 -3.623619447320228226e-01 8.776990650098348556e-03
1.569962897285803516e+00 -2.008258410423867102e-01 1.533700905440147332e-02
1.728659762331351768e+00 -1.581114041439169449e-01 3.042944486931252815e-02
1.728659762331351768e+00 -1.581114041439169449e-01 3.042944486931252815e-02
2.134420168783374816e+00 -2.365766657785036975e-01 2.431517375193402788e-02
2.134420168783374816e+00 -2.365766657785036975e-01 2.431517375193402788e-02
2.134420168783374816e+00 -2.365766657785036975e-01 2.431517375193402788e-02
2.230711076553908434e+00 -2.648961994734354009e-01 2.085819974798795370e-02
2.230711076553908434e+00 -2.648961994734354009e-01 2.085819974798795370e-02
2.230711076553908434e+00 -2.648961994734354009e-01 2.085819974798795370e-02
2.230711076553908434e+00 -2.648961994734354009e-01 2.085819974798795370e-02
2.230711076553908434e+00 -2.648961994734354009e-01 2.085819974798795370e-02
2.230711076553908434e+00 -2.648961994734354009e-01 2.085819974798795370e-02
2.230711076553908434e+00 -2.648961994734354009e-01 2.085819974798795370e-02
2.324501778823305109e+00 -1.295338400017387037e-01 2.160767225502952665e-02
1.942001181398806509e+00 -1.456756380188185540e-01 3.677104186002314729e-02
1.942001181398806509e+00 -1.456756380188185540e-01 3.677104186002314729e-02
1.942001181398806509e+00 -1.456756380188185540e-01 3.677104186002314729e-02
1.942001181398806509e+00 -1.456756380188185540e-01 3.677104186002314729e-02
2.511846772622471136e+00 -3.281410828050662642e-02 7.405357026195298099e-03
2.511846772622471136e+00 -3.281410828050662642e-02 7.405357026195298099e-03
2.680786926206660592e+00 -4.153518021084812162e-02 3.089690580975944841e-03
2.668806057228145789e+00 -2.667596716546325464e-01 9.089150996938868965e-03
