2.489132485845457765e-01 1.481402749648903505e-01 3.761318441559627444e-03
2.489132485845457765e-01 1.481402749648903505e-01 3.761318441559627444e-03
2.489132485845457765e-01 1.481402749648903505e-01 3.761318441559627444e-03
4.912544270772309374e-02 4.361892817778588727e-01 5.988582902255044915e-02
4.912544270772309374e-02 4.361892817778588727e-01 5.988582902255044915e-02
4.912544270772309374e-02 4.361892817778588727e-01 5.988582902255044915e-02
2.218617775156726812e-01 5.780541007867741055e-01 2.262779829092003148e-01
2.218617775156726812e-01 5.780541007867741055e-01 2.262779829092003148e-01
-2.046868373938403318e-01 6.906930079778101916e-01 1.600722134431210586e-01
-2.046868373938403318e-01 6.906930079778101916e-01 1.600722134431210586e-01
-3.493132519133060332e-02 9.547595684949904404e-01 1.272759464641539107e-01
2.085536685442462845e-02 5.820537009559814123e-01 1.667153419623259025e-01
2.085536685442462845e-02 5.820537009559814123e-01 1.667153419623259025e-01
2.433412509552711489e-01 7.120051001478316932e-01 2.234997664587703714e-01
1.438020764990372569e-01 8.992798931232635073e-01 1.106077391530407988e-01
1.438020764990372569e-01 8.992798931232635073e-01 1.106077391530407988e-01
1.438020764990372569e-01 8.992798931232635073e-01 1.106077391530407988e-01
-2.090001085915064727e-01 1.025238279985010381e+00 1.198689169418058614e-01
5.287384749441720322e-02 8.589294564178968638e-01 1.813652433597918168e-01
5.287384749441720322e-02 8.589294564178968638e-01 1.813652433597918168e-01
-4.312342371422697718e-01 7.780528898111639391e-01 1.210044625548575836e-01
-4.312342371422697718e-01 7.780528898111639391e-01 1.210044625548575836e-01
-4.605094099870055135e-01 1.174227003488191645e+00 6.824153435694489678e-02
-4.605094099870055135e-01 1.174227003488191645e+00 6.824153435694489678e-02
-7.429568028638627863e-01 1.014174455659875518e+00 1.028983832166197876e-01
-7.429568028638627863e-01 1.014174455659875518e+00 1.028983832166197876e-01
-9.047654272091759653e-01 9.418337234190155005e-01 3.916737185628599294e-02
-5.743094648264250868e-01 1.235748071170649443e+00 5.185285754981149020e-02
-5.743094648264250868e-01 1.235748071170649443e+00 5.185285754981149020e-02
-8.328761827364203896e-01 1.187496563094952329e+00 7.804604077831456266e-02
-8.328761827364203896e-01 1.187496563094952329e+00 7.804604077831456266e-02
-8.328761827364203896e-01 1.187496563094952329e+00 7.804604077831456266e-02
-8.328761827364203896e-01 1.187496563094952329e+00 7.804604077831456266e-02
-6.044636596063803768e-01 1.266291927241636195e+00 4.221184101520751575e-02
-6.044636596063803768e-01 1.266291927241636195e+00 4.221184101520751575e-02
-6.044636596063803768e-01 1.266291927241636195e+00 4.221184101520751575e-02
-6.221398185236479694e-01 1.091272331572683996e+00 1.213704467706427786e-01
-3.216884453212171535e-01 1.080518160189409160e+00 1.037599323957456299e-01
-3.216884453212171535e-01 1.080518160189409160e+00 1.037599323957456299e-01
-5.645097756279997547e-01 1.298664791005745167e+00 2.747338146729483288e-02
-5.645097756279997547e-01 1.298664791005745167e+00 2.747338146729483288e-02
-3.018146595784918507e-01 1.295863470710241216e+00 9.397507210886786588e-03
-2.464687700375362556e-01 9.623390472445974009e-01 1.768222857468345066e-01
-2.464687700375362556e-01 9.623390472445974009e-01 1.768222857468345066e-01
-5.856910833272042094e-01 9.820913066454840523e-01 1.435914250458268093e-01
-5.856910833272042094e-01 9.820913066454840523e-01 1.435914250458268093e-01
-5.856910833272042094e-01 9.820913066454840523e-01 1.435914250458268093e-01
-5.856910833272042094e-01 9.820913066454840523e-01 1.435914250458268093e-01
-5.856910833272042094e-01 9.820913066454840523e-01 1.435914250458268093e-01
-5.856910833272042094e-01 9.820913066454840523e-01 1.435914250458268093e-01
-2.979812127852924375e-01 6.739056863150624244e-01 1.055105550227192907e-01
-1.493551924681451315e-01 8.568192914499361823e-01 2.263083706744573043e-01
-1.493551924681451315e-01 8.568192914499361823e-01 2.263083706744573043e-01
-1.493551924681451315e-01 8.568192914499361823e-01 2.263083706744573043e-01
-1.493551924681451315e-01 8.568192914499361823e-01 2.263083706744573043e-01
1.075973543828021850e-01 8.195335818801822159e-01 1.949981325593372894e-01
-2.626441376524011329e-01 1.047893864464708447e+00 1.151701050742685029e-01
-2.626441376524011329e-01 1.047893864464708447e+00 1.151701050742685029e-01
-2.626441376524011329e-01 1.047893864464708447e+00 1.151701050742685029e-01
-3.741975031194494372e-01 1.215632522288919937e+00 3.614862924208852440e-02
-3.741975031194494372e-01 1.215632522288919937e+00 3.614862924208852440e-02
-3.547356155286889856e-01 6.999921042774936986e-01 1.006862091228326317e-01
-4.353746827136429909e-01 8.176870544147180064e-01 1.434893112554263550e-01
-3.950187739162986933e-01 8.909149050925018187e-01 1.875562335458088037e-01
-1.064615112595702628e-01 8.991624706989961302e-01 1.959277027377595848e-01
-4.178303885398513828e-01 1.162066635270693205e+00 6.856555258107940864e-02
-4.178303885398513828e-01 1.162066635270693205e+00 6.856555258107940864e-02
-8.909249932972534980e-01 1.210162676135383197e+00 6.853944832002915877e-02
-8.909249932972534980e-01 1.210162676135383197e+00 6.853944832002915877e-02
-8.909249932972534980e-01 1.210162676135383197e+00 6.853944832002915877e-02
-8.909249932972534980e-01 1.210162676135383197e+00 6.853944832002915877e-02
-8.909249932972534980e-01 1.210162676135383197e+00 6.853944832002915877e-02
-8.909249932972534980e-01 1.210162676135383197e+00 6.853944832002915877e-02
-8.909249932972534980e-01 1.210162676135383197e+00 6.853944832002915877e-02
-9.820974582008082931e-01 1.063993822946002643e+00 5.081216154171756122e-02
-9.820974582008082931e-01 1.063993822946002643e+00 5.081216154171756122e-02
-9.820974582008082931e-01 1.063993822946002643e+00 5.081216154171756122e-02
-9.820974582008082931e-01 1.063993822946002643e+00 5.081216154171756122e-02
-6.441808977954273097e-01 1.055967584796945191e+00 1.275068527378163674e-01
-6.441808977954273097e-01 1.055967584796945191e+00 1.275068527378163674e-01
-7.379234022686882444e-01 1.101359363621660314e+00 1.057145386948566412e-01
-7.379234022686882444e-01 1.101359363621660314e+00 1.057145386948566412e-01
-5.096441782221705630e-01 1.327431536366975751e+00 1.612993888453120514e-02
-5.096441782221705630e-01 1.327431536366975751e+00 1.612993888453120514e-02
-5.468203569931094910e-01 1.157252888049378647e+00 8.853231956942315961e-02
-7.063390033546727009e-01 1.129016091326281224e+00 1.033128159482869513e-01
-7.063390033546727009e-01 1.129016091326281224e+00 1.033128159482869513e-01
-7.063390033546727009e-01 1.129016091326281224e+00 1.033128159482869513e-01
-6.938401503239627344e-01 1.345270090073031888e+00 2.406442069039919224e-02
-6.938401503239627344e-01 1.345270090073031888e+00 2.406442069039919224e-02
-6.938401503239627344e-01 1.345270090073031888e+00 2.406442069039919224e-02
-6.249288696924437669e-02 1.183078469388866516e+00 1.270240293682481716e-02
-1.244754762872691961e-01 1.211872191059272685e+00 1.198590878141565438e-02
-1.244754762872691961e-01 1.211872191059272685e+00 1.198590878141565438e-02
-1.772390092602825207e-01 6.907547797171810222e-01 1.725822722196282133e-01
-1.772390092602825207e-01 6.907547797171810222e-01 1.725822722196282133e-01
1.010763082839473137e-01 2.980274090941348319e-01 1.487429656861034497e-02
5.104303605013698064e-01 5.273158489124588622e-01 2.020893429647954431e-01
5.104303605013698064e-01 5.273158489124588622e-01 2.020893429647954431e-01
3.368306192894361395e-01 4.150891246348091257e-01 1.292786271374355977e-01
