2.489132485845457765e-01 1.481402749648903505e-01 1.084912443827531743e-03
2.825465473947488815e-02 2.476324399292622880e-01 8.473974305266395715e-04
2.825465473947488815e-02 2.476324399292622880e-01 8.473974305266395715e-04
-1.655220862503533619e-01 7.182310005102111594e-01 1.777855121154566995e-02
-1.655220862503533619e-01 7.182310005102111594e-01 1.777855121154566995e-02
-2.446244707564767251e-01 9.682617636274855055e-01 2.748966247133924345e-02
5.316483189322571135e-02 7.254946021473465123e-01 3.031968454970307425e-02
5.316483189322571135e-02 7.254946021473465123e-01 3.031968454970307425e-02
5.257939498884403040e-01 7.604672307016198118e-01 3.045430986991683187e-02
2.943992670117679400e-01 5.722128634877557962e-01 3.155391519926863120e-02
2.844238189366384839e-01 7.457609195044587747e-01 3.746694045740695672e-02
4.857305478415123168e-01 5.866450727903671503e-01 4.050506843605193585e-02
5.151919882600586309e-01 5.420361878282633494e-01 3.984710334337927817e-02
7.054584255751308319e-01 4.218752362178751492e-01 3.995910411297653314e-02
6.224567720701038587e-01 4.405420131521886606e-01 3.775437440210849260e-02
6.224567720701038587e-01 4.405420131521886606e-01 3.775437440210849260e-02
8.079775741134613831e-01 5.515216968865106484e-01 3.868136233444548211e-02
8.079775741134613831e-01 5.515216968865106484e-01 3.868136233444548211e-02
1.041152148473314831e+00 4.524163746658108054e-01 3.701211814753533474e-02
1.024139730657290137e+00 4.257469136583937885e-01 3.994816655395631161e-02
1.024139730657290137e+00 4.257469136583937885e-01 3.994816655395631161e-02
1.024139730657290137e+00 4.257469136583937885e-01 3.994816655395631161e-02
9.884104212997588679e-01 6.235346618978963029e-01 2.078544270987263756e-02
6.919027662596950456e-01 5.103937361998319711e-01 4.259280253507456010e-02
3.335321272538933068e-01 6.298067924887024160e-01 3.741343427403610172e-02
3.335321272538933068e-01 6.298067924887024160e-01 3.741343427403610172e-02
4.198453907614183023e-01 6.193889784429587042e-01 3.968687563226695053e-02
4.198453907614183023e-01 6.193889784429587042e-01 3.968687563226695053e-02
4.198453907614183023e-01 6.193889784429587042e-01 3.968687563226695053e-02
5.930250929280306282e-01 3.277336783471392345e-01 2.409279257201497534e-02
5.930250929280306282e-01 3.277336783471392345e-01 2.409279257201497534e-02
7.649120551922999889e-01 6.073088839829627883e-01 3.539416670684393529e-02
7.649120551922999889e-01 6.073088839829627883e-01 3.539416670684393529e-02
4.409511026463994732e-01 7.366316614899416360e-01 3.592995999686116743e-02
6.974909690668038564e-01 5.334729405979996564e-01 4.226931489801594166e-02
6.974909690668038564e-01 5.334729405979996564e-01 4.226931489801594166e-02
1.109075908472265670e+00 1.447495244195245445e-01 3.311098578864118264e-02
1.196675385521877466e+00 5.504854233451161871e-01 1.686654626015958100e-02
1.196675385521877466e+00 5.504854233451161871e-01 1.686654626015958100e-02
1.196675385521877466e+00 5.504854233451161871e-01 1.686654626015958100e-02
1.376193846937246335e+00 4.459898072150975668e-01 1.758302990371358315e-02
1.680542981340516384e+00 -9.243648397618714485e-02 3.105992726615605659e-02
1.680542981340516384e+00 -9.243648397618714485e-02 3.105992726615605659e-02
1.680542981340516384e+00 -9.243648397618714485e-02 3.105992726615605659e-02
1.680542981340516384e+00 -9.243648397618714485e-02 3.105992726615605659e-02
1.609900445263483304e+00 -2.375965550147489114e-01 1.528327171875567929e-02
1.609900445263483304e+00 -2.375965550147489114e-01 1.528327171875567929e-02
1.609900445263483304e+00 -2.375965550147489114e-01 1.528327171875567929e-02
1.943712465535297529e+00 -2.602528372799120526e-01 2.390764501192287755e-02
1.943712465535297529e+00 -2.602528372799120526e-01 2.390764501192287755e-02
1.468933414823309080e+00 -2.089841796888764203e-01 1.241985795471426887e-02
1.712113558024026760e+00 -5.312875780153780703e-02 3.344972292628742988e-02
1.748880354519506852e+00 -9.661116145627554608e-02 3.165926304690391824e-02
1.748880354519506852e+00 -9.661116145627554608e-02 3.165926304690391824e-02
1.410426104781160150e+00 -3.601461220781344841e-02 2.756400469749237594e-02
1.286059911223119245e+00 -2.186092373180642534e-01 5.909379917497533004e-03
1.619471578106566945e+00 -3.565312205684242897e-02 3.375997470643066906e-02
9.100606034476301787e-01 2.693442072593880132e-01 3.624876121829810616e-02
1.541549308555906439e+00 2.424522185506866601e-01 2.877530867640256534e-02
1.453605419423444012e+00 3.473125903082575627e-01 2.342682627891205446e-02
1.718697182248596800e+00 1.846441867906379319e-01 2.352697084619357476e-02
1.718697182248596800e+00 1.846441867906379319e-01 2.352697084619357476e-02
1.718697182248596800e+00 1.846441867906379319e-01 2.352697084619357476e-02
1.947423530523080704e+00 2.279342324182190016e-01 8.370201595116855825e-03
1.947423530523080704e+00 2.279342324182190016e-01 8.370201595116855825e-03
2.131027538232974194e+00 -4.166582074348704756e-01 1.638341016700251007e-02
2.069176671727810835e+00 8.297482014311219345e-02 1.305992084943300227e-02
2.052574774130608848e+00 7.779506278299255784e-02 1.422777268727266724e-02
2.052574774130608848e+00 7.779506278299255784e-02 1.422777268727266724e-02
2.052574774130608848e+00 7.779506278299255784e-02 1.422777268727266724e-02
2.175312650221260302e+00 -9.937459281069968564e-03 1.463045826066642664e-02
2.175312650221260302e+00 -9.937459281069968564e-03 1.463045826066642664e-02
2.175312650221260302e+00 -9.937459281069968564e-03 1.463045826066642664e-02
1.782724541497596293e+00 -1.486222945143907403e-01 2.893968418607075974e-02
2.347956755245037996e+00 -8.500199368035732395e-02 1.178948797086307870e-02
2.347956755245037996e+00 -8.500199368035732395e-02 1.178948797086307870e-02
2.347956755245037996e+00 -8.500199368035732395e-02 1.178948797086307870e-02
2.347956755245037996e+00 -8.500199368035732395e-02 1.178948797086307870e-02
2.566720233853541533e+00 -2.022088807152339074e-01 9.680321747196964435e-03
2.345702164801010348e+00 -4.562426322332656659e-01 1.714623413577598746e-02
2.345702164801010348e+00 -4.562426322332656659e-01 1.714623413577598746e-02
2.345702164801010348e+00 -4.562426322332656659e-01 1.714623413577598746e-02
2.345702164801010348e+00 -4.562426322332656659e-01 1.714623413577598746e-02
2.642639107298689005e+00 -4.736369852587838380e-01 1.510401496755217274e-02
2.700017634394252131e+00 -4.885274369474136846e-01 1.408179698124951626e-02
2.680095796402230057e+00 -5.556877753964999389e-01 1.369431868111838785e-02
2.228688911739335143e+00 -6.091775206252700858e-01 6.496433479320274686e-03
2.198772499223833332e+00 -1.907818649592537552e-01 2.339379918621737123e-02
2.174811536630520514e+00 1.844524066825798392e-01 3.978708090039735287e-03
2.174811536630520514e+00 1.844524066825798392e-01 3.978708090039735287e-03
2.219646076746636609e+00 -2.511994987212715080e-01 2.365448321182556796e-02
2.219646076746636609e+00 -2.511994987212715080e-01 2.365448321182556796e-02
1.949981892550754825e+00 -2.447350898951202447e-01 2.507909367202233036e-02
1.204306800438902147e+00 -1.321460826058631910e-01 8.899281261099142512e-03
1.017651351752116851e+00 -2.324049923491236513e-02 1.035557418445683109e-02
1.320455385740861631e+00 4.424492737089370797e-02 3.212849307036639429e-02
1.320455385740861631e+00 4.424492737089370797e-02 3.212849307036639429e-02
1.157167947774450756e+00 4.218959345945320627e-01 3.374983475098811830e-02
1.555898833533710057e+00 1.720794894969407407e-02 3.589242948594273397e-02
1.555898833533710057e+00 1.720794894969407407e-02 3.589242948594273397e-02
