2.489132485845457765e-01 1.481402749648903505e-01 3.239127470413647597e-02
2.489132485845457765e-01 1.481402749648903505e-01 3.239127470413647597e-02
2.489132485845457765e-01 1.481402749648903505e-01 3.239127470413647597e-02
2.599169582349636354e-01 4.085249880196288319e-01 2.241615120275018413e-01
3.894165148455073777e-01 5.196975364157382371e-01 3.340815045576163156e-01
8.234198069762356242e-01 1.713277640776278421e-01 2.166191934963141164e-01
7.600100203817964362e-01 -2.395750460447459984e-02 5.293569706357552640e-01
7.600100203817964362e-01 -2.395750460447459984e-02 5.293569706357552640e-01
7.600100203817964362e-01 -2.395750460447459984e-02 5.293569706357552640e-01
7.600100203817964362e-01 -2.395750460447459984e-02 5.293569706357552640e-01
7.600100203817964362e-01 -2.395750460447459984e-02 5.293569706357552640e-01
7.600100203817964362e-01 -2.395750460447459984e-02 5.293569706357552640e-01
7.600100203817964362e-01 -2.395750460447459984e-02 5.293569706357552640e-01
7.600100203817964362e-01 -2.395750460447459984e-02 5.293569706357552640e-01
7.600100203817964362e-01 -2.395750460447459984e-02 5.293569706357552640e-01
7.600100203817964362e-01 -2.395750460447459984e-02 5.293569706357552640e-01
7.600100203817964362e-01 -2.395750460447459984e-02 5.293569706357552640e-01
5.516267311069040780e-01 1.932041747213987248e-01 4.811713639695123224e-01
5.516267311069040780e-01 1.932041747213987248e-01 4.811713639695123224e-01
5.516267311069040780e-01 1.932041747213987248e-01 4.811713639695123224e-01
5.695687665640645214e-01 1.476569547357619305e-01 4.779048189501399202e-01
4.976536524943201423e-01 2.672115913522127850e-01 4.561747658725948673e-01
4.976536524943201423e-01 2.672115913522127850e-01 4.561747658725948673e-01
4.976536524943201423e-01 2.672115913522127850e-01 4.561747658725948673e-01
6.496262518859836632e-01 4.305321140408966407e-01 1.436470954565468028e-01
6.780808798782255176e-01 2.839624427080548186e-01 3.044996572644912969e-01
6.780808798782255176e-01 2.839624427080548186e-01 3.044996572644912969e-01
4.712110235463646268e-01 5.368948191333966502e-02 1.951311814019043023e-01
3.660605708570910943e-01 5.315640407319941474e-01 3.325933611705644277e-01
3.961925426046997156e-01 5.954087339129194856e-01 2.476286452463059562e-01
3.961925426046997156e-01 5.954087339129194856e-01 2.476286452463059562e-01
3.961925426046997156e-01 5.954087339129194856e-01 2.476286452463059562e-01
3.961925426046997156e-01 5.954087339129194856e-01 2.476286452463059562e-01
2.439089559823046371e-01 6.620292373653817730e-01 2.602047979921917609e-01
2.439089559823046371e-01 6.620292373653817730e-01 2.602047979921917609e-01
2.439089559823046371e-01 6.620292373653817730e-01 2.602047979921917609e-01
2.439089559823046371e-01 6.620292373653817730e-01 2.602047979921917609e-01
1.026832876531714456e-01 8.889793852652664308e-01 1.449849405823201154e-01
1.026832876531714456e-01 8.889793852652664308e-01 1.449849405823201154e-01
1.026832876531714456e-01 8.889793852652664308e-01 1.449849405823201154e-01
2.267078012495627737e-01 6.007068552978185316e-01 2.713628425751927753e-01
2.267078012495627737e-01 6.007068552978185316e-01 2.713628425751927753e-01
2.267078012495627737e-01 6.007068552978185316e-01 2.713628425751927753e-01
2.267078012495627737e-01 6.007068552978185316e-01 2.713628425751927753e-01
1.523919780081746667e-01 9.202897257134939890e-01 1.118568861457645419e-01
1.523919780081746667e-01 9.202897257134939890e-01 1.118568861457645419e-01
-1.225015748688275674e-01 1.030372260771668547e+00 7.873540139261997473e-02
-1.225015748688275674e-01 1.030372260771668547e+00 7.873540139261997473e-02
-1.225015748688275674e-01 1.030372260771668547e+00 7.873540139261997473e-02
-1.225015748688275674e-01 1.030372260771668547e+00 7.873540139261997473e-02
-1.225015748688275674e-01 1.030372260771668547e+00 7.873540139261997473e-02
-1.225015748688275674e-01 1.030372260771668547e+00 7.873540139261997473e-02
-1.225015748688275674e-01 1.030372260771668547e+00 7.873540139261997473e-02
-1.225015748688275674e-01 1.030372260771668547e+00 7.873540139261997473e-02
-1.225015748688275674e-01 1.030372260771668547e+00 7.873540139261997473e-02
-1.225015748688275674e-01 1.030372260771668547e+00 7.873540139261997473e-02
-1.225015748688275674e-01 1.030372260771668547e+00 7.873540139261997473e-02
-1.225015748688275674e-01 1.030372260771668547e+00 7.873540139261997473e-02
-1.225015748688275674e-01 1.030372260771668547e+00 7.873540139261997473e-02
-1.225015748688275674e-01 1.030372260771668547e+00 7.873540139261997473e-02
3.333089959337395825e-02 8.833765102467227015e-01 1.419983974060234355e-01
1.844203459664701117e-01 6.713638110132668091e-01 2.400432816932653035e-01
1.624616061246774434e-01 6.475422714194137841e-01 2.251702411283456329e-01
1.624616061246774434e-01 6.475422714194137841e-01 2.251702411283456329e-01
1.624616061246774434e-01 6.475422714194137841e-01 2.251702411283456329e-01
1.789474977148104717e-01 8.335729969111077553e-01 1.603794131138230050e-01
1.789474977148104717e-01 8.335729969111077553e-01 1.603794131138230050e-01
1.789474977148104717e-01 8.335729969111077553e-01 1.603794131138230050e-01
2.504230986156872896e-01 4.006600947443115790e-01 2.034173226227712350e-01
3.585062694477009204e-02 6.731764876007958476e-01 1.152926392282621754e-01
3.585062694477009204e-02 6.731764876007958476e-01 1.152926392282621754e-01
3.585062694477009204e-02 6.731764876007958476e-01 1.152926392282621754e-01
3.585062694477009204e-02 6.731764876007958476e-01 1.152926392282621754e-01
3.585062694477009204e-02 6.731764876007958476e-01 1.152926392282621754e-01
3.585062694477009204e-02 6.731764876007958476e-01 1.152926392282621754e-01
3.585062694477009204e-02 6.731764876007958476e-01 1.152926392282621754e-01
3.585062694477009204e-02 6.731764876007958476e-01 1.152926392282621754e-01
6.929265736804737785e-02 5.653075663368637427e-01 9.571409303242024713e-02
6.929265736804737785e-02 5.653075663368637427e-01 9.571409303242024713e-02
2.842601040202550333e-01 7.974264197355060979e-01 1.317965532404680173e-01
2.842601040202550333e-01 7.974264197355060979e-01 1.317965532404680173e-01
2.842601040202550333e-01 7.974264197355060979e-01 1.317965532404680173e-01
2.842601040202550333e-01 7.974264197355060979e-01 1.317965532404680173e-01
5.743515107484389315e-01 6.667155452818713801e-01 3.233625025596806313e-02
5.743515107484389315e-01 6.667155452818713801e-01 3.233625025596806313e-02
5.743515107484389315e-01 6.667155452818713801e-01 3.233625025596806313e-02
5.743515107484389315e-01 6.667155452818713801e-01 3.233625025596806313e-02
1.876491367991838799e-01 5.033800347391362839e-01 1.923899067964492948e-01
1.876491367991838799e-01 5.033800347391362839e-01 1.923899067964492948e-01
3.208444429571722933e-01 4.836805972465368919e-01 3.394982530236779761e-01
3.208444429571722933e-01 4.836805972465368919e-01 3.394982530236779761e-01
2.228958000644145065e-01 7.483623965135629552e-01 2.072044075354411707e-01
3.801804215793146424e-01 5.323999958905745178e-01 3.267968445881127559e-01
3.801804215793146424e-01 5.323999958905745178e-01 3.267968445881127559e-01
4.605801457019723655e-01 6.071212938638098633e-01 1.659546276492079586e-01
7.956611144310108408e-01 -1.580355312760769460e-01 4.726922578649857543e-01
7.956611144310108408e-01 -1.580355312760769460e-01 4.726922578649857543e-01
7.956611144310108408e-01 -1.580355312760769460e-01 4.726922578649857543e-01
8.129595201565887885e-01 -1.341669528494087438e-01 5.071175091387849498e-01
8.129595201565887885e-01 -1.341669528494087438e-01 5.071175091387849498e-01
