2.489132485845457765e-01 1.481402749648903505e-01 2.197385225807424024e-03
2.489132485845457765e-01 1.481402749648903505e-01 2.197385225807424024e-03
2.774821010220711037e-01 5.032412579272411701e-01 1.194510202307824814e-01
2.774821010220711037e-01 5.032412579272411701e-01 1.194510202307824814e-01
1.081868271420671324e+00 2.950070546122800508e-01 1.312218379906782972e-01
7.297777551633553017e-01 3.450937439274572305e-01 1.213797942567273330e-01
8.970310259515692497e-01 2.617313099183493641e-01 1.011912751060365934e-01
8.970310259515692497e-01 2.617313099183493641e-01 1.011912751060365934e-01
8.970310259515692497e-01 2.617313099183493641e-01 1.011912751060365934e-01
8.970310259515692497e-01 2.617313099183493641e-01 1.011912751060365934e-01
7.613557094638720990e-01 5.818890699528185273e-01 1.712270687616216369e-01
6.872051456606607100e-01 3.137776203903992478e-01 9.429008158062326950e-02
6.617704602094056643e-01 3.030392424064564105e-01 8.297084694510038771e-02
6.617704602094056643e-01 3.030392424064564105e-01 8.297084694510038771e-02
6.617704602094056643e-01 3.030392424064564105e-01 8.297084694510038771e-02
6.432688651547956438e-01 4.310190854063350452e-01 1.569535710102097081e-01
6.432688651547956438e-01 4.310190854063350452e-01 1.569535710102097081e-01
6.553664309328223192e-01 5.775250450374356248e-01 1.936906896020655910e-01
5.005283560354849559e-01 7.055429571834015423e-01 1.861088219980223113e-01
5.005283560354849559e-01 7.055429571834015423e-01 1.861088219980223113e-01
6.895767323547539185e-01 6.833247664533059762e-01 1.433008475234174850e-01
6.895767323547539185e-01 6.833247664533059762e-01 1.433008475234174850e-01
6.917380969155446646e-01 7.127625891338383868e-01 1.249909716921005221e-01
4.035295214589045831e-01 8.802133869342375627e-01 1.062191900838074105e-01
3.946036207229402515e-01 8.866058373079078736e-01 1.046238284892997000e-01
1.759418970423252127e-01 5.025340496037891125e-01 9.101206961793990857e-02
2.974635376511842177e-01 4.299158695805188612e-01 7.728177970954673570e-02
7.087285371746540052e-01 5.679331168471783986e-01 1.864461799109398688e-01
7.087285371746540052e-01 5.679331168471783986e-01 1.864461799109398688e-01
7.086652539953159913e-01 4.473816447089571380e-01 1.725407187921126073e-01
1.022891085555646340e+00 6.564489184524258114e-01 6.073877115471606331e-02
5.530843832121028480e-01 1.534275517020694535e-01 1.334056710579564591e-02
5.530843832121028480e-01 1.534275517020694535e-01 1.334056710579564591e-02
5.530843832121028480e-01 1.534275517020694535e-01 1.334056710579564591e-02
5.530843832121028480e-01 1.534275517020694535e-01 1.334056710579564591e-02
5.530843832121028480e-01 1.534275517020694535e-01 1.334056710579564591e-02
5.530843832121028480e-01 1.534275517020694535e-01 1.334056710579564591e-02
5.530843832121028480e-01 1.534275517020694535e-01 1.334056710579564591e-02
5.530843832121028480e-01 1.534275517020694535e-01 1.334056710579564591e-02
4.131942705473418131e-01 1.973235496836510672e-01 1.163928592050556508e-02
4.131942705473418131e-01 1.973235496836510672e-01 1.163928592050556508e-02
8.035103707048472099e-01 3.077793671596377179e-01 1.122075515824361575e-01
2.910035326763936725e-01 2.860783281845091786e-01 1.886048956821297432e-02
5.271306576141915334e-01 9.097969781401873957e-02 5.058564882990829528e-03
4.438898133869612628e-01 7.958582353660217379e-01 1.505274097979395764e-01
8.418317097030708629e-02 6.771378090937607563e-01 1.797175851686878267e-01
-1.802616346653890811e-01 8.020223138285885733e-01 1.735250414855395440e-01
-1.802616346653890811e-01 8.020223138285885733e-01 1.735250414855395440e-01
-1.802616346653890811e-01 8.020223138285885733e-01 1.735250414855395440e-01
-1.802616346653890811e-01 8.020223138285885733e-01 1.735250414855395440e-01
5.580478701273416942e-02 9.832485431550876953e-01 1.344060893451955452e-01
-2.044574916707025403e-01 9.541187377994946317e-01 1.903885070721383632e-01
-2.044574916707025403e-01 9.541187377994946317e-01 1.903885070721383632e-01
-2.525836966590176424e-01 7.990316998782960312e-01 1.508329289505442594e-01
-2.525836966590176424e-01 7.990316998782960312e-01 1.508329289505442594e-01
-2.525836966590176424e-01 7.990316998782960312e-01 1.508329289505442594e-01
-2.525836966590176424e-01 7.990316998782960312e-01 1.508329289505442594e-01
-2.759078285796979224e-01 9.961838343928499651e-01 1.802748406695334760e-01
-3.931035664252116035e-01 1.118897049113124265e+00 1.378646694251295102e-01
-3.931035664252116035e-01 1.118897049113124265e+00 1.378646694251295102e-01
-3.931035664252116035e-01 1.118897049113124265e+00 1.378646694251295102e-01
-3.931035664252116035e-01 1.118897049113124265e+00 1.378646694251295102e-01
-3.201827487798526994e-01 9.093044250810067286e-01 1.781454284635990981e-01
-3.201827487798526994e-01 9.093044250810067286e-01 1.781454284635990981e-01
1.542346857995879894e-02 5.038040697694459169e-01 5.321375925668076629e-02
-4.942352276394668120e-01 9.107931601222625240e-01 1.337629621842388039e-01
-4.267258400681605557e-01 1.099731241524532166e+00 1.497399465917187422e-01
-3.837935689821381779e-01 8.673994224788524887e-01 1.462434807094833977e-01
-5.449635337920349931e-02 7.127846763999509117e-01 1.614060254180030574e-01
-2.320755054256179728e-01 8.724133970877138156e-01 1.869870575265688561e-01
-2.320755054256179728e-01 8.724133970877138156e-01 1.869870575265688561e-01
-2.320755054256179728e-01 8.724133970877138156e-01 1.869870575265688561e-01
-2.320755054256179728e-01 8.724133970877138156e-01 1.869870575265688561e-01
-3.936083003475235875e-01 1.025102468117249366e+00 1.720466136389485756e-01
-4.073089230682575002e-01 1.165756561314003292e+00 1.147151369110630259e-01
-4.073089230682575002e-01 1.165756561314003292e+00 1.147151369110630259e-01
-4.073089230682575002e-01 1.165756561314003292e+00 1.147151369110630259e-01
-4.073089230682575002e-01 1.165756561314003292e+00 1.147151369110630259e-01
5.948562697078396688e-02 9.374577680435318694e-01 1.638937998671891882e-01
5.948562697078396688e-02 9.374577680435318694e-01 1.638937998671891882e-01
5.948562697078396688e-02 9.374577680435318694e-01 1.638937998671891882e-01
-2.139718478398777712e-01 1.046923508482371590e+00 1.518213738918853251e-01
-2.139718478398777712e-01 1.046923508482371590e+00 1.518213738918853251e-01
3.581899972740845706e-02 1.041416043567147565e+00 1.003368885594408400e-01
-7.552397274048830433e-02 8.532954773459319187e-01 2.062676261156680402e-01
-7.552397274048830433e-02 8.532954773459319187e-01 2.062676261156680402e-01
1.389557735556964102e-01 7.906963833724072188e-01 2.142135869087165578e-01
1.968141141987804488e-02 7.797640024325190877e-01 2.079196755010894460e-01
-3.140623129627571619e-01 1.052089855158486520e+00 1.617133166940150357e-01
-3.140623129627571619e-01 1.052089855158486520e+00 1.617133166940150357e-01
-3.140623129627571619e-01 1.052089855158486520e+00 1.617133166940150357e-01
3.519216713263367824e-02 8.125864944276735002e-01 2.125361036714231988e-01
8.309750551165767662e-02 5.809382686414658048e-01 1.163814618763884395e-01
4.107177794478525934e-01 3.148924064287679236e-01 4.252491155281390434e-02
7.815332547847454459e-01 1.710805888751976978e-01 4.000186380030212874e-02
3.588447195807166201e-01 6.548377646416657649e-01 2.132509536233308800e-01
3.588447195807166201e-01 6.548377646416657649e-01 2.132509536233308800e-01
7.311504747215840094e-01 5.127312210082948241e-01 1.875661776511191314e-01
6.309494502602653876e-01 7.487370065007136199e-01 1.219434126894949760e-01
8.613484948674998698e-01 7.181251920056557214e-01 7.176295542904259639e-02
