2.489132485845457765e-01 1.481402749648903505e-01 2.720142767048410945e-02
2.706752237148420948e-01 3.770106486994837525e-01 1.451738419934683055e-01
4.368621375205560264e-01 1.097856718090507444e-01 1.689489419353856214e-01
7.190581032688415641e-01 2.500720738106582131e-01 1.646002606606969398e-01
2.899065105197899950e-01 6.496033401646996719e-01 1.592160513393484633e-01
2.899065105197899950e-01 6.496033401646996719e-01 1.592160513393484633e-01
2.899065105197899950e-01 6.496033401646996719e-01 1.592160513393484633e-01
1.713357934130020632e-01 6.332155671486328075e-01 1.380115821054216096e-01
-3.657153407358340602e-02 9.722627325881973981e-01 5.858359776797277679e-02
-3.657153407358340602e-02 9.722627325881973981e-01 5.858359776797277679e-02
1.567647429626529976e-02 8.106754670457407830e-01 7.524955879213313104e-02
1.567647429626529976e-02 8.106754670457407830e-01 7.524955879213313104e-02
1.567647429626529976e-02 8.106754670457407830e-01 7.524955879213313104e-02
3.736622348385904568e-01 6.142492013014918539e-01 1.495640305311064511e-01
3.736622348385904568e-01 6.142492013014918539e-01 1.495640305311064511e-01
3.736622348385904568e-01 6.142492013014918539e-01 1.495640305311064511e-01
4.560345154861115691e-01 2.017474854246573690e-01 2.622129634647852314e-01
4.560345154861115691e-01 2.017474854246573690e-01 2.622129634647852314e-01
5.981176149547777765e-01 -8.931018710937299598e-02 2.170398347228150726e-01
8.303790695337591732e-01 -1.506599202780317948e-01 3.927587390719168292e-01
8.848583749170295665e-01 -6.745739774199152605e-02 2.820443061138999119e-01
8.848583749170295665e-01 -6.745739774199152605e-02 2.820443061138999119e-01
8.848583749170295665e-01 -6.745739774199152605e-02 2.820443061138999119e-01
4.798476651796981240e-01 4.038778216065663784e-01 2.494297534934939997e-01
4.798476651796981240e-01 4.038778216065663784e-01 2.494297534934939997e-01
4.798476651796981240e-01 4.038778216065663784e-01 2.494297534934939997e-01
4.798476651796981240e-01 4.038778216065663784e-01 2.494297534934939997e-01
4.798476651796981240e-01 4.038778216065663784e-01 2.494297534934939997e-01
6.174225933485818496e-01 2.118668052282842440e-01 3.164016734039654111e-01
8.082493998140027891e-01 2.368761284096645436e-01 8.141435790167551867e-02
8.254368931153512889e-01 8.669122110390781177e-02 1.989566441812803121e-01
8.254368931153512889e-01 8.669122110390781177e-02 1.989566441812803121e-01
8.254368931153512889e-01 8.669122110390781177e-02 1.989566441812803121e-01
8.645942491062901247e-01 1.475245514831107496e-01 9.376090218505327145e-02
8.645942491062901247e-01 1.475245514831107496e-01 9.376090218505327145e-02
8.645942491062901247e-01 1.475245514831107496e-01 9.376090218505327145e-02
3.765880134728329387e-01 4.102769573896993816e-01 2.477462281664737087e-01
3.765880134728329387e-01 4.102769573896993816e-01 2.477462281664737087e-01
4.228787629932909686e-01 3.155299025196114937e-01 2.719169481014088730e-01
4.228787629932909686e-01 3.155299025196114937e-01 2.719169481014088730e-01
4.228787629932909686e-01 3.155299025196114937e-01 2.719169481014088730e-01
4.228787629932909686e-01 3.155299025196114937e-01 2.719169481014088730e-01
4.228787629932909686e-01 3.155299025196114937e-01 2.719169481014088730e-01
5.849689710918859475e-01 -1.145836392485218846e-01 1.723283353255293249e-01
2.703824480412719278e-01 1.920553887494328982e-01 5.229306815750651288e-02
2.703824480412719278e-01 1.920553887494328982e-01 5.229306815750651288e-02
2.430972883928247397e-01 2.468407229730122388e-01 5.622211003629113552e-02
2.958770509688818939e-01 4.767443679160293657e-01 2.017577239670696743e-01
-1.101948293222715369e-02 8.547526925322022073e-01 6.758009629042140143e-02
2.205590750987175552e-02 9.158086595877009684e-01 7.388496931786997513e-02
2.205590750987175552e-02 9.158086595877009684e-01 7.388496931786997513e-02
-2.219528310840542806e-01 1.063983255875498690e+00 2.213522911944694124e-02
-2.219528310840542806e-01 1.063983255875498690e+00 2.213522911944694124e-02
-2.219528310840542806e-01 1.063983255875498690e+00 2.213522911944694124e-02
-2.219528310840542806e-01 1.063983255875498690e+00 2.213522911944694124e-02
-2.219528310840542806e-01 1.063983255875498690e+00 2.213522911944694124e-02
-1.936094612842977902e-01 1.094142377380931119e+00 2.777439660598265969e-02
-1.936094612842977902e-01 1.094142377380931119e+00 2.777439660598265969e-02
-2.971169139123396863e-01 1.122665839135598587e+00 1.327740545964373534e-02
-2.971169139123396863e-01 1.122665839135598587e+00 1.327740545964373534e-02
-2.159623641034194297e-01 8.183878947317736463e-01 7.875117374704585990e-03
1.335554279677414191e-01 9.750933645758390611e-01 5.297161599874872923e-02
1.335554279677414191e-01 9.750933645758390611e-01 5.297161599874872923e-02
1.822642092070127506e-01 9.143375949033273331e-01 6.272065242559693443e-02
-2.303954619192914999e-01 1.425673885681036257e+00 1.012403573327344021e-02
-2.303954619192914999e-01 1.425673885681036257e+00 1.012403573327344021e-02
-2.303954619192914999e-01 1.425673885681036257e+00 1.012403573327344021e-02
-2.984872382123964774e-01 1.470962718508218359e+00 8.510458148880014478e-03
-2.984872382123964774e-01 1.470962718508218359e+00 8.510458148880014478e-03
-4.831723751240583065e-01 1.693279923624348537e+00 2.674589109859314140e-03
-6.429077950401921315e-01 2.130319773153129148e+00 1.339715247909956076e-04
-6.429077950401921315e-01 2.130319773153129148e+00 1.339715247909956076e-04
-6.429077950401921315e-01 2.130319773153129148e+00 1.339715247909956076e-04
-6.429077950401921315e-01 2.130319773153129148e+00 1.339715247909956076e-04
-6.537997721900760117e-01 2.208278202673408241e+00 6.067833583394752878e-05
-3.806591200801627273e-01 1.631891486193385754e+00 3.646874050983984431e-03
-3.806591200801627273e-01 1.631891486193385754e+00 3.646874050983984431e-03
-3.806591200801627273e-01 1.631891486193385754e+00 3.646874050983984431e-03
-4.743105188684281215e-01 1.451897130597407104e+00 4.917577141484256835e-03
-4.743105188684281215e-01 1.451897130597407104e+00 4.917577141484256835e-03
-6.405575367087129601e-01 1.298365343644685144e+00 3.131724456563961885e-04
-6.405575367087129601e-01 1.298365343644685144e+00 3.131724456563961885e-04
-6.184121354511604718e-01 1.540609356045256506e+00 1.528839146005002729e-03
-6.184121354511604718e-01 1.540609356045256506e+00 1.528839146005002729e-03
-3.637990891429372931e-01 1.702565845927133337e+00 2.050656611756656710e-03
-3.637990891429372931e-01 1.702565845927133337e+00 2.050656611756656710e-03
-3.637990891429372931e-01 1.702565845927133337e+00 2.050656611756656710e-03
-3.637990891429372931e-01 1.702565845927133337e+00 2.050656611756656710e-03
-3.947066855481851100e-01 1.691433358839900869e+00 2.492215308441184801e-03
-3.947066855481851100e-01 1.691433358839900869e+00 2.492215308441184801e-03
-3.947066855481851100e-01 1.691433358839900869e+00 2.492215308441184801e-03
-6.372971794188055927e-01 1.854579081414226671e+00 9.828713977124354292e-04
-6.372971794188055927e-01 1.854579081414226671e+00 9.828713977124354292e-04
-4.243217416598928371e-01 1.250060107882274174e+00 5.415717861293986232e-03
-1.631785755013347439e-01 1.029628854482667055e+00 3.208943202062328193e-02
-1.631785755013347439e-01 1.029628854482667055e+00 3.208943202062328193e-02
-1.631785755013347439e-01 1.029628854482667055e+00 3.208943202062328193e-02
-1.631785755013347439e-01 1.029628854482667055e+00 3.208943202062328193e-02
2.317367600860627541e-01 6.895864388879306972e-01 1.473894936020078705e-01
2.317367600860627541e-01 6.895864388879306972e-01 1.473894936020078705e-01
