2.489132485845457765e-01 1.481402749648903505e-01 1.557326325150551385e-03
2.489132485845457765e-01 1.481402749648903505e-01 1.557326325150551385e-03
6.397185083491552238e-01 1.815580529776877894e-01 2.409543557237989533e-02
8.590495302228879915e-01 1.360361689413126796e-01 4.367393946821092332e-02
4.724589003955876887e-01 6.205418937868666385e-01 6.629349911109654048e-02
4.724589003955876887e-01 6.205418937868666385e-01 6.629349911109654048e-02
8.573593905709058216e-01 7.978617783221740867e-01 1.788683635437614272e-02
8.573593905709058216e-01 7.978617783221740867e-01 1.788683635437614272e-02
8.573593905709058216e-01 7.978617783221740867e-01 1.788683635437614272e-02
8.573593905709058216e-01 7.978617783221740867e-01 1.788683635437614272e-02
1.179801906659811328e+00 4.402102805925024454e-01 6.442609397697912632e-02
1.179801906659811328e+00 4.402102805925024454e-01 6.442609397697912632e-02
1.107981360230353873e+00 2.945268547782682322e-01 9.948799015430140336e-02
1.107679508218582409e+00 3.952502039893212027e-01 8.522722115549630217e-02
1.089398996562732869e+00 4.394725661200873379e-01 7.670190152007398676e-02
1.089398996562732869e+00 4.394725661200873379e-01 7.670190152007398676e-02
1.024446010794848760e+00 1.660456057450875322e-01 7.776227310836889006e-02
1.024446010794848760e+00 1.660456057450875322e-01 7.776227310836889006e-02
8.139034748591740254e-01 3.232738742491313433e-01 8.012631197505386271e-02
8.139034748591740254e-01 3.232738742491313433e-01 8.012631197505386271e-02
1.059797823336589895e+00 2.518904492923664806e-01 9.706139775605748810e-02
1.059797823336589895e+00 2.518904492923664806e-01 9.706139775605748810e-02
1.059797823336589895e+00 2.518904492923664806e-01 9.706139775605748810e-02
9.164174039244277203e-01 2.351425785082307263e-01 7.759159598077514097e-02
9.164174039244277203e-01 2.351425785082307263e-01 7.759159598077514097e-02
9.164174039244277203e-01 2.351425785082307263e-01 7.759159598077514097e-02
9.164174039244277203e-01 2.351425785082307263e-01 7.759159598077514097e-02
9.164174039244277203e-01 2.351425785082307263e-01 7.759159598077514097e-02
4.042983575647955963e-01 8.438268079812397682e-01 3.979619160121963123e-02
4.042983575647955963e-01 8.438268079812397682e-01 3.979619160121963123e-02
5.478577505503956502e-03 1.134001580853338353e+00 1.419895605118425691e-02
1.304638670110832288e-01 1.119832907849862336e+00 1.267258212196223539e-02
2.210309887996316502e-01 1.107842921113043611e+00 1.125306855449111076e-02
-8.577577933740124227e-02 7.192160923251957882e-01 1.978643330833446817e-02
5.228824384915017887e-02 8.715557285539143884e-01 3.518556118547156580e-02
2.001612693271859755e-01 8.874961626773407719e-01 3.756630251015816852e-02
7.435396778530156681e-01 2.658654460320288848e-01 5.685627683694979145e-02
7.585629683942641810e-01 2.268675343135342359e-01 5.001798461051878281e-02
7.585629683942641810e-01 2.268675343135342359e-01 5.001798461051878281e-02
7.585629683942641810e-01 2.268675343135342359e-01 5.001798461051878281e-02
1.362028043226635399e+00 1.390725584689112004e-03 8.128442092211142500e-02
9.086847118587340066e-01 1.068204101444037019e-01 4.398134670203621144e-02
9.086847118587340066e-01 1.068204101444037019e-01 4.398134670203621144e-02
7.889931091272489594e-01 1.620362667850360205e-01 3.940568974949502923e-02
7.889931091272489594e-01 1.620362667850360205e-01 3.940568974949502923e-02
5.921140188143557692e-01 5.007060248253816237e-01 7.393605219985963095e-02
1.709457255774752271e-01 7.229889775750331093e-01 4.323023510981230388e-02
2.951359435591796032e-01 4.850294520941407228e-01 3.291269746765800724e-02
3.039274769675587851e-01 5.972769408000934144e-01 4.870329185024226820e-02
3.110910249004995021e-01 1.251347063170511920e+00 1.985927662643254248e-03
3.110910249004995021e-01 1.251347063170511920e+00 1.985927662643254248e-03
3.110910249004995021e-01 1.251347063170511920e+00 1.985927662643254248e-03
3.110910249004995021e-01 1.251347063170511920e+00 1.985927662643254248e-03
3.110910249004995021e-01 1.251347063170511920e+00 1.985927662643254248e-03
7.101397249399445943e-01 7.665406288711245075e-01 3.529384227536039309e-02
7.101397249399445943e-01 7.665406288711245075e-01 3.529384227536039309e-02
7.101397249399445943e-01 7.665406288711245075e-01 3.529384227536039309e-02
7.101397249399445943e-01 7.665406288711245075e-01 3.529384227536039309e-02
3.821600066715423738e-01 6.458589757011325982e-01 5.957452661006298889e-02
3.821600066715423738e-01 6.458589757011325982e-01 5.957452661006298889e-02
6.929659133060591669e-01 4.242370906765798866e-01 7.863585831182604013e-02
6.929659133060591669e-01 4.242370906765798866e-01 7.863585831182604013e-02
6.929659133060591669e-01 4.242370906765798866e-01 7.863585831182604013e-02
5.770165091186102435e-01 3.675666112448208178e-01 5.228406208093110824e-02
8.387214504147543215e-01 4.812132488568222066e-01 8.645930846523135205e-02
9.639305502359208910e-01 6.122892939480496510e-01 4.606933817676434756e-02
1.047439820796552290e+00 6.448250832893793749e-01 2.907592064064853238e-02
8.184436840896511800e-01 5.166179840621281105e-01 8.193246426532280191e-02
8.184436840896511800e-01 5.166179840621281105e-01 8.193246426532280191e-02
8.904151573616230220e-01 2.043744600521203991e-01 6.608654826263024584e-02
4.766737542222735935e-01 3.084194632337634578e-01 2.687841424577196159e-02
4.766737542222735935e-01 3.084194632337634578e-01 2.687841424577196159e-02
3.389105386642337070e-01 4.426699310783175356e-01 3.192810489588314427e-02
7.288365403714687218e-01 4.426835333458808419e-01 8.382267013671866607e-02
7.288365403714687218e-01 4.426835333458808419e-01 8.382267013671866607e-02
7.288365403714687218e-01 4.426835333458808419e-01 8.382267013671866607e-02
7.869643893985751593e-01 2.085916783148306641e-01 5.015956655999745384e-02
7.869643893985751593e-01 2.085916783148306641e-01 5.015956655999745384e-02
7.869643893985751593e-01 2.085916783148306641e-01 5.015956655999745384e-02
7.869643893985751593e-01 2.085916783148306641e-01 5.015956655999745384e-02
8.730793261610798606e-01 3.932006532532069665e-01 9.250511568750104108e-02
1.132335865650985873e+00 7.670341615153997150e-02 7.090112686505235795e-02
1.132335865650985873e+00 7.670341615153997150e-02 7.090112686505235795e-02
1.480985499276648465e+00 2.740077532307877983e-01 6.290802468850070772e-02
6.634694578831008549e-01 3.830114690713735670e-01 6.868021263207556293e-02
6.634694578831008549e-01 3.830114690713735670e-01 6.868021263207556293e-02
1.078361562915958416e+00 9.343377341677772119e-02 6.716514025781182562e-02
1.002212439581480652e+00 4.337214871899429669e-01 8.661832961246519746e-02
1.163737476953054628e+00 5.509629147849661734e-01 3.703013751696042355e-02
1.163737476953054628e+00 5.509629147849661734e-01 3.703013751696042355e-02
1.259424267936768205e+00 9.017684766607875213e-02 9.019898977378652816e-02
1.259424267936768205e+00 9.017684766607875213e-02 9.019898977378652816e-02
1.486612055427209311e+00 1.941974634182526416e-01 8.121539460684192024e-02
1.181315660083585906e+00 2.528617349093499334e-01 1.003236237133895148e-01
8.693791028990053293e-01 3.320505516885440267e-01 8.836090509735419762e-02
8.693791028990053293e-01 3.320505516885440267e-01 8.836090509735419762e-02
1.235781945428760631e+00 4.435113774014072807e-01 5.528785065152707484e-02
1.392286204678673922e+00 -5.812762838661406084e-02 6.974013594882609579e-02
1.392286204678673922e+00 -5.812762838661406084e-02 6.974013594882609579e-02
1.392286204678673922e+00 -5.812762838661406084e-02 6.974013594882609579e-02
