2.489132485845457765e-01 1.481402749648903505e-01 4.825803087146459357e-03
2.489132485845457765e-01 1.481402749648903505e-01 4.825803087146459357e-03
5.824066866955301958e-02 3.792991569225172555e-01 3.514728719705580845e-02
-3.475438323825423281e-01 6.928741623169178965e-01 8.258999126648657041e-02
2.180989980320811594e-01 9.254763677684080259e-01 6.980381177572474172e-02
3.782405131041776669e-01 8.324492393681294233e-01 8.606210136598682614e-02
3.782405131041776669e-01 8.324492393681294233e-01 8.606210136598682614e-02
8.463488743218443577e-01 5.620336912378220973e-01 1.125312509317657056e-01
7.162780135460798947e-01 2.162079950464750322e-01 1.278662780379767050e-01
7.162780135460798947e-01 2.162079950464750322e-01 1.278662780379767050e-01
7.162780135460798947e-01 2.162079950464750322e-01 1.278662780379767050e-01
7.063914768706404113e-01 2.768735135277655690e-01 1.801616652334866731e-01
7.063914768706404113e-01 2.768735135277655690e-01 1.801616652334866731e-01
7.063914768706404113e-01 2.768735135277655690e-01 1.801616652334866731e-01
7.063914768706404113e-01 2.768735135277655690e-01 1.801616652334866731e-01
7.063914768706404113e-01 2.768735135277655690e-01 1.801616652334866731e-01
5.821620309014973182e-01 5.000829467752465618e-01 2.714497022440273133e-01
6.690751208894216706e-01 3.654146695974060388e-01 2.407533514970234267e-01
7.338052384776803105e-01 5.339571411134316214e-01 1.931521058645290223e-01
6.625858691029303804e-01 4.176894211379217348e-01 2.622592511284728700e-01
6.625858691029303804e-01 4.176894211379217348e-01 2.622592511284728700e-01
5.676745058945664724e-01 4.050483861207144765e-01 2.465818590344016348e-01
5.676745058945664724e-01 4.050483861207144765e-01 2.465818590344016348e-01
8.320789103820633859e-01 3.655978146343456525e-01 2.375909854915455033e-01
7.161135312425207511e-01 2.875058549660359786e-01 1.925022610190922356e-01
7.161135312425207511e-01 2.875058549660359786e-01 1.925022610190922356e-01
1.015861418926266690e+00 1.655682752050779971e-01 1.595025956140945222e-01
1.015861418926266690e+00 1.655682752050779971e-01 1.595025956140945222e-01
6.508044322120547509e-01 4.567483811081038403e-01 2.657208793958659165e-01
6.246752072816064150e-01 3.056030596818787859e-01 1.793519617619082351e-01
6.246752072816064150e-01 3.056030596818787859e-01 1.793519617619082351e-01
6.246752072816064150e-01 3.056030596818787859e-01 1.793519617619082351e-01
6.246752072816064150e-01 3.056030596818787859e-01 1.793519617619082351e-01
6.246752072816064150e-01 3.056030596818787859e-01 1.793519617619082351e-01
1.183013538906798612e+00 2.820894818699158924e-01 1.451586679663068868e-01
1.183013538906798612e+00 2.820894818699158924e-01 1.451586679663068868e-01
1.183013538906798612e+00 2.820894818699158924e-01 1.451586679663068868e-01
1.200340132027255535e-01 4.961769398513957152e-01 1.394713097711545724e-01
1.200340132027255535e-01 4.961769398513957152e-01 1.394713097711545724e-01
1.200340132027255535e-01 4.961769398513957152e-01 1.394713097711545724e-01
4.858913182575111400e-02 5.059216184868607913e-01 1.140910027913124153e-01
4.858913182575111400e-02 5.059216184868607913e-01 1.140910027913124153e-01
-1.413220308267998382e-01 5.268503645868019003e-01 5.580170613213077807e-02
-1.529337892870324123e-01 7.562913040551334509e-01 2.089833452421638593e-01
-1.843600111422947774e-01 7.944267255974513109e-01 2.107241951907381783e-01
-1.843600111422947774e-01 7.944267255974513109e-01 2.107241951907381783e-01
-1.843600111422947774e-01 7.944267255974513109e-01 2.107241951907381783e-01
-1.843600111422947774e-01 7.944267255974513109e-01 2.107241951907381783e-01
-1.951430349838471912e-01 6.999306974321878316e-01 1.557505670322957836e-01
-1.951430349838471912e-01 6.999306974321878316e-01 1.557505670322957836e-01
4.359190483186196063e-01 3.834517836963706183e-01 1.797365035038506753e-01
3.890632355064920223e-01 6.503124721986268675e-01 2.506565420269193378e-01
3.880265616407995166e-01 5.402885363497015314e-01 2.802831683556422648e-01
3.880265616407995166e-01 5.402885363497015314e-01 2.802831683556422648e-01
3.880265616407995166e-01 5.402885363497015314e-01 2.802831683556422648e-01
2.330785236010922135e-01 4.754935291514327811e-01 1.760224104982748283e-01
3.887543474656668940e-01 7.163047246009128788e-01 1.914754686975012332e-01
4.374023596282630155e-01 3.241776605807686895e-01 1.216983456202438141e-01
4.374023596282630155e-01 3.241776605807686895e-01 1.216983456202438141e-01
8.188134837156438861e-01 3.648383564003256363e-01 2.399793610377481956e-01
8.188134837156438861e-01 3.648383564003256363e-01 2.399793610377481956e-01
8.188134837156438861e-01 3.648383564003256363e-01 2.399793610377481956e-01
7.753717865038818324e-01 5.691998531438962061e-01 1.407179806356086138e-01
-3.671253475508684527e-02 6.625611696956170693e-01 2.059103392827088264e-01
-3.671253475508684527e-02 6.625611696956170693e-01 2.059103392827088264e-01
-3.671253475508684527e-02 6.625611696956170693e-01 2.059103392827088264e-01
-3.671253475508684527e-02 6.625611696956170693e-01 2.059103392827088264e-01
-3.671253475508684527e-02 6.625611696956170693e-01 2.059103392827088264e-01
-3.671253475508684527e-02 6.625611696956170693e-01 2.059103392827088264e-01
-3.671253475508684527e-02 6.625611696956170693e-01 2.059103392827088264e-01
-3.671253475508684527e-02 6.625611696956170693e-01 2.059103392827088264e-01
-1.660966384404062302e-01 5.975693281158196424e-01 9.204221958988294261e-02
-2.102273097844974403e-01 5.145931270792831747e-01 3.278959217497739997e-02
-2.136983348001666172e-01 7.594994890667055021e-01 1.853637566958429572e-01
-3.430464340661288913e-01 1.106014611018841576e+00 8.668333999743665919e-02
-1.187797461073417105e-01 1.080421026261455530e+00 5.714146488517176520e-02
-5.114826406905754741e-01 8.289948893393874751e-01 9.626302236590571215e-02
-5.114826406905754741e-01 8.289948893393874751e-01 9.626302236590571215e-02
-5.114826406905754741e-01 8.289948893393874751e-01 9.626302236590571215e-02
-5.114826406905754741e-01 8.289948893393874751e-01 9.626302236590571215e-02
-5.114826406905754741e-01 8.289948893393874751e-01 9.626302236590571215e-02
-5.114826406905754741e-01 8.289948893393874751e-01 9.626302236590571215e-02
-2.540106148351032322e-01 7.315393111011317950e-01 1.495682251843834243e-01
-4.754589471780866772e-01 9.450784283986755074e-01 1.494515999214036106e-01
-4.754589471780866772e-01 9.450784283986755074e-01 1.494515999214036106e-01
-4.754589471780866772e-01 9.450784283986755074e-01 1.494515999214036106e-01
-3.929555216966119646e-01 8.831223473099989452e-01 1.638915193535918913e-01
-4.364991466797581987e-01 7.903816783034588456e-01 1.051826771131268851e-01
-2.666503307213434759e-01 5.660823431391763805e-01 4.085230160647763953e-02
-2.666503307213434759e-01 5.660823431391763805e-01 4.085230160647763953e-02
-2.666503307213434759e-01 5.660823431391763805e-01 4.085230160647763953e-02
-2.958837332031674650e-01 5.292163585333913289e-01 2.231619823676291373e-02
-3.992856021507091291e-01 8.578272812383272994e-01 1.539046102503990321e-01
-3.992856021507091291e-01 8.578272812383272994e-01 1.539046102503990321e-01
-3.992856021507091291e-01 8.578272812383272994e-01 1.539046102503990321e-01
-3.992856021507091291e-01 8.578272812383272994e-01 1.539046102503990321e-01
-7.793886669043420534e-02 5.476229087025737963e-01 9.211671423611821063e-02
1.704818383874125154e-02 7.463122261947663372e-01 2.525627519663283249e-01
1.704818383874125154e-02 7.463122261947663372e-01 2.525627519663283249e-01
1.725139149493171709e-01 8.371650635689624753e-01 1.631338359100152069e-01
