2.489132485845457765e-01 1.481402749648903505e-01 1.754774360257594333e-03
2.489132485845457765e-01 1.481402749648903505e-01 1.754774360257594333e-03
2.489132485845457765e-01 1.481402749648903505e-01 1.754774360257594333e-03
1.062753004606205032e-01 3.851602198684016543e-01 1.016371200348022835e-02
1.062753004606205032e-01 3.851602198684016543e-01 1.016371200348022835e-02
2.333982970235717047e-01 3.014583689957802681e-01 9.418818661990541186e-03
6.341259231806961605e-01 4.527371315436263810e-01 1.013344277468965909e-01
6.341259231806961605e-01 4.527371315436263810e-01 1.013344277468965909e-01
1.053944402774827482e+00 5.829078759633732343e-01 5.789162819910238789e-02
5.400049512038652688e-01 7.509562782255162494e-01 8.229357001383530434e-02
6.976627430838352462e-01 7.907828803881766788e-01 4.877962766410459672e-02
6.976627430838352462e-01 7.907828803881766788e-01 4.877962766410459672e-02
6.976627430838352462e-01 7.907828803881766788e-01 4.877962766410459672e-02
6.976627430838352462e-01 7.907828803881766788e-01 4.877962766410459672e-02
6.976627430838352462e-01 7.907828803881766788e-01 4.877962766410459672e-02
6.976627430838352462e-01 7.907828803881766788e-01 4.877962766410459672e-02
4.069988750649854437e-01 8.780117088973798944e-01 5.999845290560026911e-02
4.069988750649854437e-01 8.780117088973798944e-01 5.999845290560026911e-02
-1.517231788494163292e-01 1.317067123848811416e+00 1.285402974096775883e-02
1.589361562767762082e-01 1.239524382901447064e+00 8.633243010766096862e-03
1.589361562767762082e-01 1.239524382901447064e+00 8.633243010766096862e-03
8.466139546791548454e-02 1.053852774886720134e+00 4.373182189788640817e-02
7.406186214643693810e-02 7.115182507457205041e-01 6.585117743109587807e-02
7.406186214643693810e-02 7.115182507457205041e-01 6.585117743109587807e-02
7.406186214643693810e-02 7.115182507457205041e-01 6.585117743109587807e-02
2.670136878981506645e-01 1.041100132046763660e+00 3.185763130834685236e-02
1.667594413935217512e-01 8.996654014435422342e-01 7.267695256530280756e-02
1.672738664482628923e-01 6.146915682724299890e-01 6.128278669238802767e-02
2.854726104270992604e-01 8.534931097855045223e-01 7.705012902487466675e-02
2.854726104270992604e-01 8.534931097855045223e-01 7.705012902487466675e-02
2.854726104270992604e-01 8.534931097855045223e-01 7.705012902487466675e-02
2.854726104270992604e-01 8.534931097855045223e-01 7.705012902487466675e-02
5.967560983827686627e-01 6.720827954841176455e-01 9.747714446430885693e-02
5.967560983827686627e-01 6.720827954841176455e-01 9.747714446430885693e-02
5.967560983827686627e-01 6.720827954841176455e-01 9.747714446430885693e-02
5.967560983827686627e-01 6.720827954841176455e-01 9.747714446430885693e-02
7.002238473772559590e-02 6.510283162786671962e-01 5.312712500021946754e-02
1.517328469811517755e-01 4.671689659867694910e-01 2.567049380178037729e-02
6.298186504336826808e-01 2.635521706608273673e-01 4.494452744635260566e-02
6.298186504336826808e-01 2.635521706608273673e-01 4.494452744635260566e-02
7.892230984049115605e-01 -9.552576075216029361e-02 3.338855821074730723e-03
7.892230984049115605e-01 -9.552576075216029361e-02 3.338855821074730723e-03
7.892230984049115605e-01 -9.552576075216029361e-02 3.338855821074730723e-03
6.113760424180574304e-01 -5.814597832390611121e-02 1.593678229434901264e-03
6.113760424180574304e-01 -5.814597832390611121e-02 1.593678229434901264e-03
8.267682829858256088e-01 2.107928893064530129e-01 6.174195866723199838e-02
8.267682829858256088e-01 2.107928893064530129e-01 6.174195866723199838e-02
1.137726128018573979e+00 4.941624373660559733e-01 7.166983832138262844e-02
1.111663615163756891e+00 4.882300339731606709e-01 7.836426775973001635e-02
1.211713781778176013e+00 2.282357404004031198e-01 1.097017077445517352e-01
9.361247127804426249e-01 6.008674164102738580e-01 7.251530555049590099e-02
9.361247127804426249e-01 6.008674164102738580e-01 7.251530555049590099e-02
9.361247127804426249e-01 6.008674164102738580e-01 7.251530555049590099e-02
8.870402995106199118e-01 3.243563147419331050e-01 1.058531308204522792e-01
8.870402995106199118e-01 3.243563147419331050e-01 1.058531308204522792e-01
8.870402995106199118e-01 3.243563147419331050e-01 1.058531308204522792e-01
7.445908842488282442e-01 3.561989994263144998e-01 9.400988098357695999e-02
7.445908842488282442e-01 3.561989994263144998e-01 9.400988098357695999e-02
9.634942925352593113e-01 3.604698216899152596e-01 1.162226670808101658e-01
9.634942925352593113e-01 3.604698216899152596e-01 1.162226670808101658e-01
9.634942925352593113e-01 3.604698216899152596e-01 1.162226670808101658e-01
9.634942925352593113e-01 3.604698216899152596e-01 1.162226670808101658e-01
8.775703301933623912e-01 4.746273359527468649e-01 1.135749114574669955e-01
8.783173124702708945e-01 4.529736690997672177e-01 1.157720331434375360e-01
8.783173124702708945e-01 4.529736690997672177e-01 1.157720331434375360e-01
1.067263131728993120e+00 3.509763931801848647e-01 1.144151294566029126e-01
1.067263131728993120e+00 3.509763931801848647e-01 1.144151294566029126e-01
9.411549598678305983e-01 8.995377447708918783e-02 4.241015832083963599e-02
7.900622447922861502e-01 4.422127097964835274e-01 1.151822678254379867e-01
4.858380324496125446e-01 4.846124107948678317e-01 8.517791582856346078e-02
4.858380324496125446e-01 4.846124107948678317e-01 8.517791582856346078e-02
7.423512062321689919e-01 2.088737784855794755e-01 4.700521912327808999e-02
7.423512062321689919e-01 2.088737784855794755e-01 4.700521912327808999e-02
7.617773055565353335e-01 3.452116554970552365e-01 9.365722077495591824e-02
7.617773055565353335e-01 3.452116554970552365e-01 9.365722077495591824e-02
7.617773055565353335e-01 3.452116554970552365e-01 9.365722077495591824e-02
7.617773055565353335e-01 3.452116554970552365e-01 9.365722077495591824e-02
7.617773055565353335e-01 3.452116554970552365e-01 9.365722077495591824e-02
7.617773055565353335e-01 3.452116554970552365e-01 9.365722077495591824e-02
5.184782615790691773e-01 2.956171982072407500e-01 3.655835662018597915e-02
5.184782615790691773e-01 2.956171982072407500e-01 3.655835662018597915e-02
4.128779783005954163e-01 2.893104701497303255e-01 2.195265768410313567e-02
4.128779783005954163e-01 2.893104701497303255e-01 2.195265768410313567e-02
4.128779783005954163e-01 2.893104701497303255e-01 2.195265768410313567e-02
6.523255539777063072e-01 1.389214549305664292e-01 1.906388068693712010e-02
6.523255539777063072e-01 1.389214549305664292e-01 1.906388068693712010e-02
1.169318005244676772e+00 2.687567841246006894e-01 1.120887728969021252e-01
1.172220097531027738e+00 1.718821614800550845e-01 9.969416381368884084e-02
1.172220097531027738e+00 1.718821614800550845e-01 9.969416381368884084e-02
1.172220097531027738e+00 1.718821614800550845e-01 9.969416381368884084e-02
9.385257834657282361e-01 6.300365481007526025e-01 6.237407476262307737e-02
8.116334898169703660e-01 9.022806378742579403e-01 1.275874127139597740e-02
9.002136704458041372e-01 4.623082036628751723e-01 1.137307822706938726e-01
9.002136704458041372e-01 4.623082036628751723e-01 1.137307822706938726e-01
9.002136704458041372e-01 4.623082036628751723e-01 1.137307822706938726e-01
9.002136704458041372e-01 4.623082036628751723e-01 1.137307822706938726e-01
9.045761915178925916e-01 4.667073563582954665e-01 1.128393707968023824e-01
8.030323838483379717e-01 1.905315188176576191e-01 5.125412914459974434e-02
8.427669494900009717e-01 4.634671654788567463e-01 1.160582653694624683e-01
1.272390831028606728e+00 5.054183616574191573e-01 4.441230776863817203e-02
