2.489132485845457765e-01 1.481402749648903505e-01 8.081224422435102223e-03
2.489132485845457765e-01 1.481402749648903505e-01 8.081224422435102223e-03
2.489132485845457765e-01 1.481402749648903505e-01 8.081224422435102223e-03
3.214353818086660985e-01 6.528347370013418693e-01 2.296079475250811242e-01
2.034682858790659021e-01 6.084192677863968779e-01 2.728427295350274173e-01
2.034682858790659021e-01 6.084192677863968779e-01 2.728427295350274173e-01
2.034682858790659021e-01 6.084192677863968779e-01 2.728427295350274173e-01
2.034682858790659021e-01 6.084192677863968779e-01 2.728427295350274173e-01
4.072522572430231635e-01 5.585874049729275814e-01 2.490618722332967327e-01
4.072522572430231635e-01 5.585874049729275814e-01 2.490618722332967327e-01
4.556285208257715436e-01 5.516620705426793503e-01 2.300389469087274208e-01
4.556285208257715436e-01 5.516620705426793503e-01 2.300389469087274208e-01
4.556285208257715436e-01 5.516620705426793503e-01 2.300389469087274208e-01
5.682404634299758062e-01 4.175747808783004111e-01 2.300135128676769891e-01
3.151803423515364688e-01 3.775230150833934761e-01 1.536339255710900409e-01
2.559964115926942063e-01 7.527202574542974922e-01 1.761467292661666184e-01
2.060017687584850543e-01 6.490149059523513397e-01 2.708563715893684276e-01
2.060017687584850543e-01 6.490149059523513397e-01 2.708563715893684276e-01
-7.578923888229446848e-02 7.535027021058360308e-01 2.286290007908713950e-01
-7.578923888229446848e-02 7.535027021058360308e-01 2.286290007908713950e-01
2.268621560423192407e-02 7.333095719420812397e-01 2.544365870791103212e-01
-1.104676255664051865e-01 1.077645556651147363e+00 6.409162562080267245e-02
-1.104676255664051865e-01 1.077645556651147363e+00 6.409162562080267245e-02
-1.104676255664051865e-01 1.077645556651147363e+00 6.409162562080267245e-02
-2.797208331818327176e-01 6.155065434409563441e-01 3.930776206002589701e-02
-2.797208331818327176e-01 6.155065434409563441e-01 3.930776206002589701e-02
1.864446612759590449e-01 9.608628528985594386e-01 4.248977560903731410e-02
-3.485120287459564370e-02 8.017290900348899019e-01 2.373366455063297686e-01
-3.485120287459564370e-02 8.017290900348899019e-01 2.373366455063297686e-01
-3.485120287459564370e-02 8.017290900348899019e-01 2.373366455063297686e-01
-2.045064863712387215e-01 5.981831111666213729e-01 5.760294987441281350e-02
2.295812130240044435e-01 8.121942036642212370e-01 1.334378485702006900e-01
2.295812130240044435e-01 8.121942036642212370e-01 1.334378485702006900e-01
2.295812130240044435e-01 8.121942036642212370e-01 1.334378485702006900e-01
1.758772829968535123e-01 5.797002779672660866e-01 2.557412081414943694e-01
4.461693445906483868e-02 8.957087108513557272e-01 1.487395601105489795e-01
2.664848468505339740e-01 7.071735712487865477e-01 2.132802458798181144e-01
2.664848468505339740e-01 7.071735712487865477e-01 2.132802458798181144e-01
2.664848468505339740e-01 7.071735712487865477e-01 2.132802458798181144e-01
2.071131453807794343e-01 7.020820600685307999e-01 2.452175638860634166e-01
2.071131453807794343e-01 7.020820600685307999e-01 2.452175638860634166e-01
2.071131453807794343e-01 7.020820600685307999e-01 2.452175638860634166e-01
2.071131453807794343e-01 7.020820600685307999e-01 2.452175638860634166e-01
3.488975740962491079e-01 7.168254903949758949e-01 1.546057344823951463e-01
6.579158487268698119e-01 4.932636056238236533e-01 1.488561969327472922e-01
6.579158487268698119e-01 4.932636056238236533e-01 1.488561969327472922e-01
5.901912407025868834e-01 2.533579568024588724e-01 1.573518293086196007e-01
5.901912407025868834e-01 2.533579568024588724e-01 1.573518293086196007e-01
4.915776473834862492e-01 2.016875420350636994e-01 8.117465565634111868e-02
2.522619440008682656e-01 2.940187941589753606e-01 5.613879054852644740e-02
2.522619440008682656e-01 2.940187941589753606e-01 5.613879054852644740e-02
2.522619440008682656e-01 2.940187941589753606e-01 5.613879054852644740e-02
2.522619440008682656e-01 2.940187941589753606e-01 5.613879054852644740e-02
1.640760511016756129e-01 5.383364582385929964e-01 2.209702953159545791e-01
1.640760511016756129e-01 5.383364582385929964e-01 2.209702953159545791e-01
-1.382722416405662291e-01 6.642102754881142879e-01 1.380717802483987788e-01
-2.675062780024041187e-01 8.324493436654915035e-01 1.662428362286715033e-01
-2.675062780024041187e-01 8.324493436654915035e-01 1.662428362286715033e-01
-2.675062780024041187e-01 8.324493436654915035e-01 1.662428362286715033e-01
-2.675062780024041187e-01 8.324493436654915035e-01 1.662428362286715033e-01
-2.675062780024041187e-01 8.324493436654915035e-01 1.662428362286715033e-01
-2.675062780024041187e-01 8.324493436654915035e-01 1.662428362286715033e-01
-2.675062780024041187e-01 8.324493436654915035e-01 1.662428362286715033e-01
-2.675062780024041187e-01 8.324493436654915035e-01 1.662428362286715033e-01
-2.675062780024041187e-01 8.324493436654915035e-01 1.662428362286715033e-01
1.414364968322845417e-02 5.971074836278471576e-01 1.806417093167759225e-01
1.414364968322845417e-02 5.971074836278471576e-01 1.806417093167759225e-01
1.414364968322845417e-02 5.971074836278471576e-01 1.806417093167759225e-01
1.414364968322845417e-02 5.971074836278471576e-01 1.806417093167759225e-01
1.414364968322845417e-02 5.971074836278471576e-01 1.806417093167759225e-01
-1.830314616655979443e-01 7.568290112591647967e-01 1.753370973929453125e-01
-1.794581241002884964e-01 1.022611657160314103e+00 1.228194644823845799e-01
-1.794581241002884964e-01 1.022611657160314103e+00 1.228194644823845799e-01
-1.794581241002884964e-01 1.022611657160314103e+00 1.228194644823845799e-01
-4.779586459969377144e-01 9.061120861482216959e-01 9.255380996408014982e-02
-4.779586459969377144e-01 9.061120861482216959e-01 9.255380996408014982e-02
-4.779586459969377144e-01 9.061120861482216959e-01 9.255380996408014982e-02
-4.779586459969377144e-01 9.061120861482216959e-01 9.255380996408014982e-02
-4.779586459969377144e-01 9.061120861482216959e-01 9.255380996408014982e-02
-4.779586459969377144e-01 9.061120861482216959e-01 9.255380996408014982e-02
-5.988785512715099069e-01 9.306455196433730537e-01 5.394130644623923443e-02
-4.665841287946505545e-01 8.049507065060923505e-01 5.473858663360199606e-02
-4.665841287946505545e-01 8.049507065060923505e-01 5.473858663360199606e-02
-2.131207557232671079e-01 6.829536475233971560e-01 1.069390376122680286e-01
3.637370896872737513e-01 7.052760661163212097e-01 1.564158455680457471e-01
4.659906609265699329e-01 4.850861968951926118e-01 2.515191241834065505e-01
8.335316741883288527e-01 1.439605536815221076e-01 1.257525771003221438e-01
8.335316741883288527e-01 1.439605536815221076e-01 1.257525771003221438e-01
5.775590474388403450e-01 1.540280016770139704e-01 7.676000368978569410e-02
4.696678322097592728e-01 3.941118006271968066e-01 2.293859726617166750e-01
4.879317742791759449e-01 3.504406989128172056e-01 2.040050926452677271e-01
5.493553372573263260e-01 3.734636344100319416e-01 2.260152579867468481e-01
4.723511053783768787e-03 5.129318177396953171e-01 1.008765353018457461e-01
6.320610624919829890e-02 6.390072716909062089e-01 2.408763425759423704e-01
6.320610624919829890e-02 6.390072716909062089e-01 2.408763425759423704e-01
5.586892725224924527e-01 3.575078220606853208e-01 2.196482481427065869e-01
6.676538408433976279e-01 1.144424445557374881e-01 7.695403899982980467e-02
5.196530989020287095e-01 3.202018198456362263e-01 1.897645278891537945e-01
6.153457282058455435e-01 5.228535495357353735e-01 1.538808946110110099e-01
6.153457282058455435e-01 5.228535495357353735e-01 1.538808946110110099e-01
