2.489132485845457765e-01 1.481402749648903505e-01 2.029507611312462729e-03
1.195320112731220463e-01 6.911047280247897273e-01 1.062844862811415242e-01
2.217506893326318396e-01 4.740036961545244232e-01 4.835772287537631192e-02
8.394919500688394209e-02 7.138472657834996626e-01 1.097893931148707092e-01
-4.313623086429191344e-02 1.012298171373398725e+00 1.110066586372370906e-01
6.349417593299198914e-02 1.012166743058183327e+00 8.243368311241856816e-02
-8.554711426432308474e-02 8.857759007426657671e-01 1.368799846007042187e-01
-5.323486073143713498e-02 4.636089813059176556e-01 1.456036986434260799e-02
-4.411265723029677566e-01 9.234275737998108857e-01 1.007931857652088620e-01
-4.411265723029677566e-01 9.234275737998108857e-01 1.007931857652088620e-01
-4.847730044544740768e-01 9.963423418409246279e-01 1.228728638833632286e-01
-7.731347525004307331e-01 1.225229728527084561e+00 1.432954748923679356e-01
-7.731347525004307331e-01 1.225229728527084561e+00 1.432954748923679356e-01
-7.731347525004307331e-01 1.225229728527084561e+00 1.432954748923679356e-01
-7.731347525004307331e-01 1.225229728527084561e+00 1.432954748923679356e-01
-7.731347525004307331e-01 1.225229728527084561e+00 1.432954748923679356e-01
-7.433714893068863461e-01 1.110445261992280663e+00 1.071650570797484936e-01
-7.671186531406322118e-01 1.350599388321074068e+00 1.486398364021958018e-01
-9.693620877554570692e-01 1.865203736623592290e+00 1.191882103192984897e-02
-9.693620877554570692e-01 1.865203736623592290e+00 1.191882103192984897e-02
-9.693620877554570692e-01 1.865203736623592290e+00 1.191882103192984897e-02
-1.095345693264814235e+00 1.860401170520360026e+00 2.416624776169645772e-02
-1.614357682817174844e+00 2.065264027916538403e+00 3.206246702876084514e-02
-1.614357682817174844e+00 2.065264027916538403e+00 3.206246702876084514e-02
-1.831210446266347214e+00 1.563335233074874875e+00 1.643464176123256293e-02
-1.831210446266347214e+00 1.563335233074874875e+00 1.643464176123256293e-02
-1.974124154755319882e+00 1.438599731718610553e+00 1.464151587866684492e-03
-1.974124154755319882e+00 1.438599731718610553e+00 1.464151587866684492e-03
-2.437162579256933803e+00 1.730958864212706949e+00 9.366508575881909169e-04
-2.437162579256933803e+00 1.730958864212706949e+00 9.366508575881909169e-04
-2.437162579256933803e+00 1.730958864212706949e+00 9.366508575881909169e-04
-2.437162579256933803e+00 1.730958864212706949e+00 9.366508575881909169e-04
-2.492043216512215054e+00 2.248016501853114413e+00 2.086639296592012263e-02
-2.607094539920943088e+00 2.276311241760932802e+00 1.559531978478747791e-02
-2.607094539920943088e+00 2.276311241760932802e+00 1.559531978478747791e-02
-2.607094539920943088e+00 2.276311241760932802e+00 1.559531978478747791e-02
-2.606699552763182659e+00 2.342591113354111076e+00 1.646923728776281820e-02
-2.606699552763182659e+00 2.342591113354111076e+00 1.646923728776281820e-02
-2.633560127902399461e+00 2.128631465528978417e+00 8.192535316418225744e-03
-2.470534703551031441e+00 2.187860816412816600e+00 2.050645284705338023e-02
-2.470534703551031441e+00 2.187860816412816600e+00 2.050645284705338023e-02
-1.987104585617229136e+00 2.344891379037628454e+00 1.147189639288005193e-02
-2.042829038687510312e+00 2.398255349312039542e+00 8.667041955973805653e-03
-2.042829038687510312e+00 2.398255349312039542e+00 8.667041955973805653e-03
-1.872826782423904657e+00 2.366343673206742881e+00 5.895559660673172289e-03
-1.872826782423904657e+00 2.366343673206742881e+00 5.895559660673172289e-03
-1.872826782423904657e+00 2.366343673206742881e+00 5.895559660673172289e-03
-2.113760806607028364e+00 2.378903010388849104e+00 1.274578612865756230e-02
-2.113760806607028364e+00 2.378903010388849104e+00 1.274578612865756230e-02
-2.089194043784841526e+00 2.310367171090587757e+00 1.948826433754113213e-02
-2.115976193206303257e+00 2.231786559127664216e+00 3.042555223556142260e-02
-2.511964515014967425e+00 2.241681412766223680e+00 1.968465672186053839e-02
-2.017060645351464121e+00 2.209597244221819690e+00 3.067389866625659656e-02
-2.383647047148069298e+00 1.832793854450018411e+00 4.418293147631304971e-03
-2.383647047148069298e+00 1.832793854450018411e+00 4.418293147631304971e-03
-2.244417244487617591e+00 2.073039657954493187e+00 3.259442640273353675e-02
-2.244417244487617591e+00 2.073039657954493187e+00 3.259442640273353675e-02
-2.378526321635605623e+00 2.281933592689248780e+00 2.505901043167780423e-02
-1.869036111088938412e+00 1.801073300520718679e+00 5.238864955790591138e-02
-1.744348774277161063e+00 1.905364818402693006e+00 7.186036713598131787e-02
-1.613119693534193821e+00 1.651890228227575141e+00 7.174760225551518600e-02
-1.613119693534193821e+00 1.651890228227575141e+00 7.174760225551518600e-02
-1.613119693534193821e+00 1.651890228227575141e+00 7.174760225551518600e-02
-1.613119693534193821e+00 1.651890228227575141e+00 7.174760225551518600e-02
-1.643222776682001562e+00 1.830006551953380356e+00 8.287818192417363561e-02
-1.643222776682001562e+00 1.830006551953380356e+00 8.287818192417363561e-02
-1.643222776682001562e+00 1.830006551953380356e+00 8.287818192417363561e-02
-1.497704701627295965e+00 1.779589662426396046e+00 9.328756938302974755e-02
-1.497704701627295965e+00 1.779589662426396046e+00 9.328756938302974755e-02
-1.497704701627295965e+00 1.779589662426396046e+00 9.328756938302974755e-02
-1.302035938519788827e+00 1.826819016049165967e+00 6.336129007766705401e-02
-1.302035938519788827e+00 1.826819016049165967e+00 6.336129007766705401e-02
-1.405795421793522459e+00 1.996187443844827047e+00 2.730321727745842197e-02
-1.960282417628310903e+00 2.080036859302444974e+00 4.813193814207460119e-02
-1.960282417628310903e+00 2.080036859302444974e+00 4.813193814207460119e-02
-1.960282417628310903e+00 2.080036859302444974e+00 4.813193814207460119e-02
-2.050182454723124881e+00 1.717334659140576925e+00 1.496792042393150883e-02
-1.632949514570172234e+00 1.433881161479938271e+00 1.831994093821821129e-02
-1.430088279791076111e+00 1.422317921642592076e+00 4.868418673798786955e-02
-9.045476802228403779e-01 1.624920912474697499e+00 6.944854614656377489e-02
-9.045476802228403779e-01 1.624920912474697499e+00 6.944854614656377489e-02
-1.112674649757271705e+00 1.666852732536667547e+00 9.309416292722152986e-02
-1.112674649757271705e+00 1.666852732536667547e+00 9.309416292722152986e-02
-1.087878372008943995e+00 1.625167882553891108e+00 1.050803054681537230e-01
-1.189218194584622079e+00 1.893190653778532573e+00 2.737299226337959121e-02
-1.497973202663011261e+00 1.698535994198687948e+00 9.826527615533940663e-02
-1.497973202663011261e+00 1.698535994198687948e+00 9.826527615533940663e-02
-1.497973202663011261e+00 1.698535994198687948e+00 9.826527615533940663e-02
-1.497973202663011261e+00 1.698535994198687948e+00 9.826527615533940663e-02
-1.890355228635744789e+00 2.011215865072084164e+00 5.687549295262091936e-02
-1.890355228635744789e+00 2.011215865072084164e+00 5.687549295262091936e-02
-1.890355228635744789e+00 2.011215865072084164e+00 5.687549295262091936e-02
-1.728306657241086786e+00 2.005431310462885808e+00 5.515760774423803664e-02
-1.765393918584015731e+00 1.963327878569082641e+00 6.425684221010173613e-02
-1.679232369969839489e+00 2.010639154796968864e+00 5.076218589667532560e-02
-1.745479850858848936e+00 1.934609006138302334e+00 6.848853921446178272e-02
-1.775694003823053757e+00 2.043001322109744056e+00 4.969830500613841434e-02
-1.775694003823053757e+00 2.043001322109744056e+00 4.969830500613841434e-02
-1.775694003823053757e+00 2.043001322109744056e+00 4.969830500613841434e-02
-1.615153461875850072e+00 1.989051533234151181e+00 5.087151985770788781e-02
