2.489132485845457765e-01 1.481402749648903505e-01 6.658850127787717399e-02
5.506907371044098554e-01 -3.357108417185679095e-01 4.085876065960190179e-02
5.758885442472504446e-01 -2.430398963430971948e-01 1.418622231513077536e-01
5.758885442472504446e-01 -2.430398963430971948e-01 1.418622231513077536e-01
5.758885442472504446e-01 -2.430398963430971948e-01 1.418622231513077536e-01
3.437026779152686506e-01 -3.537742779852650621e-01 5.554341866790874936e-04
2.776101121967443630e-01 -1.092158515951662245e-01 5.752857393401965627e-03
2.776101121967443630e-01 -1.092158515951662245e-01 5.752857393401965627e-03
2.776101121967443630e-01 -1.092158515951662245e-01 5.752857393401965627e-03
3.484735476638943785e-01 1.328519587571205252e-01 2.360343159184047079e-01
5.911846509827823892e-01 -7.086490976552409227e-02 5.019241602769288768e-01
5.911846509827823892e-01 -7.086490976552409227e-02 5.019241602769288768e-01
5.911846509827823892e-01 -7.086490976552409227e-02 5.019241602769288768e-01
4.861811280296287063e-01 1.215219195342340242e-01 6.708774472959074808e-01
4.861811280296287063e-01 1.215219195342340242e-01 6.708774472959074808e-01
4.861811280296287063e-01 1.215219195342340242e-01 6.708774472959074808e-01
4.861811280296287063e-01 1.215219195342340242e-01 6.708774472959074808e-01
4.861811280296287063e-01 1.215219195342340242e-01 6.708774472959074808e-01
4.861811280296287063e-01 1.215219195342340242e-01 6.708774472959074808e-01
4.861811280296287063e-01 1.215219195342340242e-01 6.708774472959074808e-01
4.861811280296287063e-01 1.215219195342340242e-01 6.708774472959074808e-01
4.861811280296287063e-01 1.215219195342340242e-01 6.708774472959074808e-01
4.861811280296287063e-01 1.215219195342340242e-01 6.708774472959074808e-01
4.861811280296287063e-01 1.215219195342340242e-01 6.708774472959074808e-01
4.861811280296287063e-01 1.215219195342340242e-01 6.708774472959074808e-01
7.827118552913396865e-01 4.190556108882248498e-02 3.409088390260247570e-01
7.827118552913396865e-01 4.190556108882248498e-02 3.409088390260247570e-01
7.827118552913396865e-01 4.190556108882248498e-02 3.409088390260247570e-01
7.827118552913396865e-01 4.190556108882248498e-02 3.409088390260247570e-01
7.827118552913396865e-01 4.190556108882248498e-02 3.409088390260247570e-01
7.827118552913396865e-01 4.190556108882248498e-02 3.409088390260247570e-01
7.827118552913396865e-01 4.190556108882248498e-02 3.409088390260247570e-01
7.827118552913396865e-01 4.190556108882248498e-02 3.409088390260247570e-01
5.411201285572632136e-01 8.779085598677584257e-02 7.394024287228819770e-01
5.411201285572632136e-01 8.779085598677584257e-02 7.394024287228819770e-01
5.411201285572632136e-01 8.779085598677584257e-02 7.394024287228819770e-01
7.398284210065163569e-01 -7.888159325161313296e-02 5.215466976664825394e-01
7.398284210065163569e-01 -7.888159325161313296e-02 5.215466976664825394e-01
7.398284210065163569e-01 -7.888159325161313296e-02 5.215466976664825394e-01
7.398284210065163569e-01 -7.888159325161313296e-02 5.215466976664825394e-01
6.911888800590124671e-01 2.408565155636585575e-01 3.497449036869443306e-01
8.649262996904740763e-01 -2.694291067325748634e-01 2.555380304803408498e-01
5.562594116576895509e-01 2.705368821095645582e-01 7.594132013523866576e-01
5.562594116576895509e-01 2.705368821095645582e-01 7.594132013523866576e-01
3.863948124691953256e-01 7.618821749019819567e-01 1.546584454761896210e-01
3.863948124691953256e-01 7.618821749019819567e-01 1.546584454761896210e-01
3.863948124691953256e-01 7.618821749019819567e-01 1.546584454761896210e-01
1.657303537592897946e-01 5.679812906777566006e-01 2.468294593291546490e-01
1.657303537592897946e-01 5.679812906777566006e-01 2.468294593291546490e-01
2.268282212551493704e-01 3.529206754383788502e-01 2.130486430282167443e-01
2.810457888407115190e-01 4.846384183461478479e-01 5.045000929915277599e-01
2.810457888407115190e-01 4.846384183461478479e-01 5.045000929915277599e-01
2.810457888407115190e-01 4.846384183461478479e-01 5.045000929915277599e-01
5.303858155232323845e-01 3.302927607020477163e-01 7.214766935403961190e-01
3.906844714554075226e-01 -6.966785597740887681e-03 1.345535214002261393e-01
3.906844714554075226e-01 -6.966785597740887681e-03 1.345535214002261393e-01
3.906844714554075226e-01 -6.966785597740887681e-03 1.345535214002261393e-01
5.199520742457549582e-01 2.930365043635243388e-02 5.590994515700404843e-01
7.981898564067797519e-01 3.137891565877996836e-02 3.055994122598323370e-01
4.348223141184718865e-01 1.600736488890195930e-01 5.837158632931537250e-01
4.348223141184718865e-01 1.600736488890195930e-01 5.837158632931537250e-01
4.348223141184718865e-01 1.600736488890195930e-01 5.837158632931537250e-01
7.311790326571439014e-01 1.189847610141073486e-01 4.125453456518975437e-01
4.857534780311589806e-01 2.114501963213831492e-01 8.166865140545642721e-01
7.431274171283384078e-01 1.953107223651968927e-01 2.591885814710822578e-01
4.470714120015728543e-01 4.471186104263304983e-01 6.680639762660015579e-01
4.470714120015728543e-01 4.471186104263304983e-01 6.680639762660015579e-01
4.470714120015728543e-01 4.471186104263304983e-01 6.680639762660015579e-01
4.470714120015728543e-01 4.471186104263304983e-01 6.680639762660015579e-01
4.470714120015728543e-01 4.471186104263304983e-01 6.680639762660015579e-01
5.804620158556175191e-01 3.608617734136762567e-01 4.914415095554466317e-01
2.176756294258544444e-01 4.138319271717441072e-01 2.554191625114412556e-01
6.338586380844168922e-01 2.399085914114985618e-01 5.612421605356175958e-01
6.338586380844168922e-01 2.399085914114985618e-01 5.612421605356175958e-01
6.338586380844168922e-01 2.399085914114985618e-01 5.612421605356175958e-01
6.338586380844168922e-01 2.399085914114985618e-01 5.612421605356175958e-01
6.338586380844168922e-01 2.399085914114985618e-01 5.612421605356175958e-01
2.407354984550126864e-01 2.866242845456902777e-01 1.727173978713372748e-01
7.740835920571558226e-01 3.131941252768605244e-01 7.171131599168109605e-02
7.740835920571558226e-01 3.131941252768605244e-01 7.171131599168109605e-02
7.740835920571558226e-01 3.131941252768605244e-01 7.171131599168109605e-02
6.853531297671964229e-01 7.511981652441057644e-02 6.215350230222481676e-01
5.656764738121182745e-01 -2.863812602117668527e-02 5.426412491305787622e-01
5.656764738121182745e-01 -2.863812602117668527e-02 5.426412491305787622e-01
5.656764738121182745e-01 -2.863812602117668527e-02 5.426412491305787622e-01
5.007149206704899491e-01 -2.743269010511533226e-02 3.665588470046717284e-01
6.698903266069915485e-01 -1.721005897544685970e-01 4.157322690913286545e-01
6.698903266069915485e-01 -1.721005897544685970e-01 4.157322690913286545e-01
4.470860384096965179e-01 -5.181976919191523534e-02 1.839754010485531721e-01
8.093765837948896369e-01 1.150407857752616531e-01 1.849700766956933751e-01
7.076961979564176941e-01 2.518595098507391827e-01 2.777214936628391584e-01
7.076961979564176941e-01 2.518595098507391827e-01 2.777214936628391584e-01
7.076961979564176941e-01 2.518595098507391827e-01 2.777214936628391584e-01
8.777327843011984987e-01 -1.657919804140636222e-01 2.371377117660611877e-01
8.777327843011984987e-01 -1.657919804140636222e-01 2.371377117660611877e-01
8.777327843011984987e-01 -1.657919804140636222e-01 2.371377117660611877e-01
8.777327843011984987e-01 -1.657919804140636222e-01 2.371377117660611877e-01
8.777327843011984987e-01 -1.657919804140636222e-01 2.371377117660611877e-01
8.777327843011984987e-01 -1.657919804140636222e-01 2.371377117660611877e-01
8.777327843011984987e-01 -1.657919804140636222e-01 2.371377117660611877e-01
