2.489132485845457765e-01 1.481402749648903505e-01 2.186457821753109293e-03
2.489132485845457765e-01 1.481402749648903505e-01 2.186457821753109293e-03
2.489132485845457765e-01 1.481402749648903505e-01 2.186457821753109293e-03
2.706135999952642424e-01 1.965529913090909298e-01 5.233139264626816486e-03
2.706135999952642424e-01 1.965529913090909298e-01 5.233139264626816486e-03
5.005018882151830439e-01 1.596581784290801165e-01 1.107019653814314379e-02
1.673154303609107330e-01 1.851048564039209088e-01 2.299417942676901163e-03
1.673154303609107330e-01 1.851048564039209088e-01 2.299417942676901163e-03
1.398320497690358211e-01 1.614116043657577437e-01 1.290070707776034111e-03
1.398320497690358211e-01 1.614116043657577437e-01 1.290070707776034111e-03
1.398320497690358211e-01 1.614116043657577437e-01 1.290070707776034111e-03
8.260983115879878547e-01 3.070185284172108342e-01 1.143978769447518834e-01
8.229543565199465283e-01 2.260271720636661819e-01 6.962342353406117401e-02
8.229543565199465283e-01 2.260271720636661819e-01 6.962342353406117401e-02
9.074003192325945655e-01 4.329540526194742278e-01 1.654277434530402047e-01
7.581411744943955533e-01 5.353831044956093299e-01 1.823573199756395591e-01
9.832406152379321584e-01 6.484226862218129828e-01 7.417401107897836354e-02
9.832406152379321584e-01 6.484226862218129828e-01 7.417401107897836354e-02
1.107110709937216830e+00 7.746743751064339989e-01 1.355716770850674130e-02
1.080614502257909226e+00 8.256099593999155495e-01 8.621557407941675411e-03
1.222855342802205758e+00 8.631936101436377129e-01 1.950378601327524240e-03
1.501919986443227106e+00 2.679277423989269158e-01 8.144836887624484767e-02
1.408108321040233646e+00 1.744211914271205366e-01 9.224692188825260597e-02
1.593592064015130427e+00 -1.151221206231331506e-02 4.876755745783715318e-02
1.593592064015130427e+00 -1.151221206231331506e-02 4.876755745783715318e-02
1.593592064015130427e+00 -1.151221206231331506e-02 4.876755745783715318e-02
1.593592064015130427e+00 -1.151221206231331506e-02 4.876755745783715318e-02
1.761931918856740387e+00 1.408599161486935036e-01 5.573777647837967197e-02
1.761931918856740387e+00 1.408599161486935036e-01 5.573777647837967197e-02
1.761931918856740387e+00 1.408599161486935036e-01 5.573777647837967197e-02
1.831989483082480996e+00 1.023939793675331666e-01 4.981290890942938199e-02
1.779876111101638569e+00 3.848518405902793260e-01 1.623440526309693696e-02
1.876262520173272108e+00 2.147114808605982139e-01 3.175151497073338408e-02
1.876262520173272108e+00 2.147114808605982139e-01 3.175151497073338408e-02
1.869519834713678330e+00 -1.815642212510641951e-01 2.225441888601073503e-02
1.983879275966844213e+00 3.504613825663407956e-02 3.759020009911464427e-02
1.983879275966844213e+00 3.504613825663407956e-02 3.759020009911464427e-02
1.627506947426980766e+00 1.190525152367407358e-01 7.053784986797248524e-02
1.627506947426980766e+00 1.190525152367407358e-01 7.053784986797248524e-02
1.627506947426980766e+00 1.190525152367407358e-01 7.053784986797248524e-02
1.627506947426980766e+00 1.190525152367407358e-01 7.053784986797248524e-02
1.515275441150339519e+00 -5.943092690786752619e-02 3.367888964349469161e-02
1.515275441150339519e+00 -5.943092690786752619e-02 3.367888964349469161e-02
1.603085459294229853e+00 3.071261823073799802e-01 5.519120887476357956e-02
1.603085459294229853e+00 3.071261823073799802e-01 5.519120887476357956e-02
1.603085459294229853e+00 3.071261823073799802e-01 5.519120887476357956e-02
1.405883769196662136e+00 3.194513816076258172e-01 9.081456539551521767e-02
1.039982055568205110e+00 5.810550485888937855e-01 9.114332434791894144e-02
9.554758917634056381e-01 5.680669359874360724e-01 1.220217411318207656e-01
9.554758917634056381e-01 5.680669359874360724e-01 1.220217411318207656e-01
1.175709848841875127e+00 5.605429915198417712e-01 6.497000920522216783e-02
1.175709848841875127e+00 5.605429915198417712e-01 6.497000920522216783e-02
1.173386978057390673e+00 4.017630070864777192e-01 1.231458032883646914e-01
1.011402267552580669e+00 6.563175988564045049e-01 6.346782474380509298e-02
1.011402267552580669e+00 6.563175988564045049e-01 6.346782474380509298e-02
1.262703901667742601e+00 3.217597326938861357e-01 1.171588867545773349e-01
7.496686719551168832e-01 7.254155200357146338e-01 9.914357440869982219e-02
7.496686719551168832e-01 7.254155200357146338e-01 9.914357440869982219e-02
7.496686719551168832e-01 7.254155200357146338e-01 9.914357440869982219e-02
6.888092074566997125e-01 6.870898787928926277e-01 1.410308520716024583e-01
6.362217523645667949e-01 7.654123567493887892e-01 1.096126914713199257e-01
3.434098511778672091e-01 3.700124520304827191e-01 5.484987344580870283e-02
1.743181189769741346e-01 7.270473188963679778e-01 2.143021527052075270e-01
1.607896214107103205e-01 8.351514298504134626e-01 1.988045644402441359e-01
3.461968643988753147e-01 8.617931881887244128e-01 1.359744437038596099e-01
1.067584983631191475e+00 4.837922762687271727e-01 1.254805697489229377e-01
1.006376792987339508e+00 2.415992068748375743e-01 1.038853501942215429e-01
1.006376792987339508e+00 2.415992068748375743e-01 1.038853501942215429e-01
1.006376792987339508e+00 2.415992068748375743e-01 1.038853501942215429e-01
8.594560782004492250e-01 3.079832992025959837e-01 1.198109517029473658e-01
1.175768441310452328e+00 1.883962358368478363e-01 9.492994775363175486e-02
1.362385573056516419e+00 4.925320200392432901e-01 4.924507773443076442e-02
1.308893882042974299e+00 4.032228182051136867e-01 9.108043448158696653e-02
1.286295113874107665e+00 3.748146768085767189e-01 1.041643848660293581e-01
7.457663746779803482e-01 5.438311573545933086e-01 1.832575050422380336e-01
3.053968040477049728e-01 6.233255863761095750e-01 1.992985442907970195e-01
3.053968040477049728e-01 6.233255863761095750e-01 1.992985442907970195e-01
-1.176124442090519251e-01 7.511510247380462912e-01 1.651835260042754105e-01
-1.176124442090519251e-01 7.511510247380462912e-01 1.651835260042754105e-01
-1.713454196893736403e-01 1.048279139207844990e+00 1.435624422803895017e-01
-1.713454196893736403e-01 1.048279139207844990e+00 1.435624422803895017e-01
-1.713454196893736403e-01 1.048279139207844990e+00 1.435624422803895017e-01
-1.713454196893736403e-01 1.048279139207844990e+00 1.435624422803895017e-01
-1.770232297235672103e-01 6.554611586772650655e-01 8.741344423443032918e-02
-1.770232297235672103e-01 6.554611586772650655e-01 8.741344423443032918e-02
-1.770232297235672103e-01 6.554611586772650655e-01 8.741344423443032918e-02
-1.278961727120653813e-01 7.034758715310824861e-01 1.327389788211024713e-01
-1.278961727120653813e-01 7.034758715310824861e-01 1.327389788211024713e-01
-1.278961727120653813e-01 7.034758715310824861e-01 1.327389788211024713e-01
-5.539945620430917206e-01 8.714700971091486892e-01 9.776083423399607730e-02
-5.539945620430917206e-01 8.714700971091486892e-01 9.776083423399607730e-02
-4.839492950153664874e-01 1.149986574925817573e+00 1.322636464865141470e-01
-8.283925296710987762e-01 1.275364891777748699e+00 1.000928888672018985e-01
-1.137776860902159237e+00 1.186525948612249248e+00 6.609714175236097722e-02
-8.203507010552890666e-01 1.280918103457471036e+00 9.824612987500484784e-02
-5.571323964224768055e-01 1.106665962453276197e+00 1.494149580773746211e-01
-5.571323964224768055e-01 1.106665962453276197e+00 1.494149580773746211e-01
-5.571323964224768055e-01 1.106665962453276197e+00 1.494149580773746211e-01
-5.571323964224768055e-01 1.106665962453276197e+00 1.494149580773746211e-01
-5.571323964224768055e-01 1.106665962453276197e+00 1.494149580773746211e-01
