2.489132485845457765e-01 1.481402749648903505e-01 2.272916190788967349e-03
1.574560888578007134e-01 3.290385248470876212e-01 1.657780846102899219e-02
3.339311304672176739e-01 2.706433622901469604e-01 2.003057830379048956e-02
3.457250522899577017e-01 4.375621568089584912e-01 9.654656454518603659e-02
3.457250522899577017e-01 4.375621568089584912e-01 9.654656454518603659e-02
3.042588764728808570e-01 4.170676294828905006e-01 7.345387948107823251e-02
5.308248645032070945e-01 6.142793369463224185e-01 2.101013461828035722e-01
7.280724135504310635e-01 5.080924700976423569e-01 1.939756799718497793e-01
5.708764032416215883e-01 5.665988283632511502e-01 2.069596244666836171e-01
5.708764032416215883e-01 5.665988283632511502e-01 2.069596244666836171e-01
4.202466004682079426e-01 4.674461791139508104e-01 1.371519514361221881e-01
4.747472503125980681e-01 5.461851878676585725e-01 1.960035699119872243e-01
4.747472503125980681e-01 5.461851878676585725e-01 1.960035699119872243e-01
4.747472503125980681e-01 5.461851878676585725e-01 1.960035699119872243e-01
4.747472503125980681e-01 5.461851878676585725e-01 1.960035699119872243e-01
4.747472503125980681e-01 5.461851878676585725e-01 1.960035699119872243e-01
6.174163216402830390e-01 8.898849410144418215e-01 4.675210317458478038e-02
4.805477065164104888e-01 6.914186834507481949e-01 1.997782472316178837e-01
4.805477065164104888e-01 6.914186834507481949e-01 1.997782472316178837e-01
4.805477065164104888e-01 6.914186834507481949e-01 1.997782472316178837e-01
4.805477065164104888e-01 6.914186834507481949e-01 1.997782472316178837e-01
4.165052425008011205e-01 7.708318548557890892e-01 1.760656940911445589e-01
4.165052425008011205e-01 7.708318548557890892e-01 1.760656940911445589e-01
7.459825471169452271e-01 6.071168634775797601e-01 1.691251957026381758e-01
4.361792553045910070e-01 7.262249886727876191e-01 1.948264731165763874e-01
4.361792553045910070e-01 7.262249886727876191e-01 1.948264731165763874e-01
4.361792553045910070e-01 7.262249886727876191e-01 1.948264731165763874e-01
4.361792553045910070e-01 7.262249886727876191e-01 1.948264731165763874e-01
6.888576754266423352e-02 9.365553871707789080e-01 1.625284845547940726e-01
6.888576754266423352e-02 9.365553871707789080e-01 1.625284845547940726e-01
6.700607629691121558e-02 9.408655911092349555e-01 1.601953853402966199e-01
6.700607629691121558e-02 9.408655911092349555e-01 1.601953853402966199e-01
2.936373846974208446e-01 7.872986297236621578e-01 1.974496899827464513e-01
4.343657702357573980e-01 6.002286849791371726e-01 2.104401079842381506e-01
4.343657702357573980e-01 6.002286849791371726e-01 2.104401079842381506e-01
5.480409444162497312e-01 8.672972359389843344e-01 7.385070542271814087e-02
4.519872352811103999e-01 8.353983938505253892e-01 1.222598260039333418e-01
4.519872352811103999e-01 8.353983938505253892e-01 1.222598260039333418e-01
4.522047366019874004e-01 8.102645397487850953e-01 1.394820129054511193e-01
4.522047366019874004e-01 8.102645397487850953e-01 1.394820129054511193e-01
4.522047366019874004e-01 8.102645397487850953e-01 1.394820129054511193e-01
5.333835537266369275e-01 8.785977996154535896e-01 7.130525328900172433e-02
4.915329215775831595e-01 5.025114960489454052e-01 1.767288998922665888e-01
6.026983402416065116e-01 3.690323102797625210e-01 1.160794157081395661e-01
6.026983402416065116e-01 3.690323102797625210e-01 1.160794157081395661e-01
6.026983402416065116e-01 3.690323102797625210e-01 1.160794157081395661e-01
6.026983402416065116e-01 3.690323102797625210e-01 1.160794157081395661e-01
6.026983402416065116e-01 3.690323102797625210e-01 1.160794157081395661e-01
3.273808032483015440e-01 3.237098026901738534e-01 3.460267471838437275e-02
3.273808032483015440e-01 3.237098026901738534e-01 3.460267471838437275e-02
7.287536129748786173e-01 3.365783118049796019e-01 1.224504733004900953e-01
4.864867330151793068e-01 6.804121159199454372e-01 2.025771407244909283e-01
4.864867330151793068e-01 6.804121159199454372e-01 2.025771407244909283e-01
6.708612205589883359e-01 6.490824382334208220e-01 1.704660468679291552e-01
6.708612205589883359e-01 6.490824382334208220e-01 1.704660468679291552e-01
3.716618759890153445e-01 5.881119959495205718e-01 1.990276784298686541e-01
8.541630976927170327e-01 4.483690758540590515e-01 1.796151950774043105e-01
8.820123130950978663e-01 4.674201632142262475e-01 1.765389971124419477e-01
1.071213450226923936e+00 2.137987295628293594e-01 1.061987977364149266e-01
1.071213450226923936e+00 2.137987295628293594e-01 1.061987977364149266e-01
7.351957814399591173e-01 1.697577656084834907e-01 3.640107368529402893e-02
8.666326256650620508e-01 4.721735743858402334e-01 1.785099890699970715e-01
7.432463634259474095e-01 3.670460820889714926e-01 1.435966539306184619e-01
9.943427440300648401e-01 3.786617312632463705e-01 1.608616272333190655e-01
1.091290948646817194e+00 4.816577711066856726e-01 1.239313545656835353e-01
1.131709782438967693e+00 1.786608451841528167e-01 9.594591922333306488e-02
1.131709782438967693e+00 1.786608451841528167e-01 9.594591922333306488e-02
1.131709782438967693e+00 1.786608451841528167e-01 9.594591922333306488e-02
9.018118669867987158e-01 2.714177694808457830e-01 1.142803658386588872e-01
9.018118669867987158e-01 2.714177694808457830e-01 1.142803658386588872e-01
5.055467714265473589e-01 3.392483618653606703e-01 7.497064874290185199e-02
5.055467714265473589e-01 3.392483618653606703e-01 7.497064874290185199e-02
8.248832561267835928e-01 3.336940552939863247e-01 1.374687242823625644e-01
8.248832561267835928e-01 3.336940552939863247e-01 1.374687242823625644e-01
8.248832561267835928e-01 3.336940552939863247e-01 1.374687242823625644e-01
8.248832561267835928e-01 3.336940552939863247e-01 1.374687242823625644e-01
8.248832561267835928e-01 3.336940552939863247e-01 1.374687242823625644e-01
8.277741620523548782e-01 1.987241056362007707e-01 6.234167210948420718e-02
8.277741620523548782e-01 1.987241056362007707e-01 6.234167210948420718e-02
8.277741620523548782e-01 1.987241056362007707e-01 6.234167210948420718e-02
6.663944418001990222e-01 4.488501016196849713e-01 1.761675979215759080e-01
3.340533759749245712e-01 4.059832381194206086e-01 7.414303450867494594e-02
1.208749320823473139e-01 6.391104783362943076e-01 1.682430818758935964e-01
-3.976753324636329578e-01 7.610290362838962874e-01 8.168562441507309924e-02
-5.265763477848972585e-01 8.901262584650488918e-01 1.102699276285132313e-01
-5.265763477848972585e-01 8.901262584650488918e-01 1.102699276285132313e-01
-4.372186919521388604e-01 9.762345334817948972e-01 1.642845993280330763e-01
-4.372186919521388604e-01 9.762345334817948972e-01 1.642845993280330763e-01
-4.372186919521388604e-01 9.762345334817948972e-01 1.642845993280330763e-01
-3.717055018238521469e-01 1.056070217094213559e+00 1.616374053789765841e-01
-4.218595555943527864e-01 6.799708631673190284e-01 3.966424807045634826e-02
-4.142869235960492391e-01 1.250650551297043833e+00 6.979728630840956183e-02
-4.142869235960492391e-01 1.250650551297043833e+00 6.979728630840956183e-02
2.571500770410606318e-02 1.144649246045615465e+00 4.594415352388840634e-02
-1.423918749942943429e-01 1.230662559421146218e+00 3.739699402750003288e-02
-1.423918749942943429e-01 1.230662559421146218e+00 3.739699402750003288e-02
-2.528467237083864561e-01 1.082729487343159880e+00 1.367718433095389263e-01
-2.528467237083864561e-01 1.082729487343159880e+00 1.367718433095389263e-01
-3.992272526843251290e-01 1.213766422859296590e+00 8.640933597772330887e-02
-5.148779396433642574e-01 1.261765846493478449e+00 7.902758046728053376e-02
