2.489132485845457765e-01 1.481402749648903505e-01 4.542213606298011602e-03
-3.553207335031818292e-01 6.507175652382158892e-01 6.030729182208284522e-02
-3.553207335031818292e-01 6.507175652382158892e-01 6.030729182208284522e-02
-3.553207335031818292e-01 6.507175652382158892e-01 6.030729182208284522e-02
-2.926251817376918085e-01 9.753025310625811350e-01 1.692515399096475026e-01
-2.340602828999238105e-01 1.011216562631668259e+00 1.350392820878100475e-01
-8.163522664441642540e-01 1.142515352436632270e+00 9.045422027550166499e-02
-1.176306274632733295e+00 1.297761644488073296e+00 3.999857838393974796e-02
-1.425902910685509006e+00 1.457504357315601684e+00 1.838786184694044673e-02
-1.425902910685509006e+00 1.457504357315601684e+00 1.838786184694044673e-02
-1.425902910685509006e+00 1.457504357315601684e+00 1.838786184694044673e-02
-1.425902910685509006e+00 1.457504357315601684e+00 1.838786184694044673e-02
-9.737458156368785644e-01 9.982808603776844869e-01 3.559477296686979625e-02
-1.159548807459371611e+00 9.942278185627116960e-01 1.112081746888388643e-02
-1.036449863649479886e+00 9.298819509908332615e-01 1.386525094082975001e-02
-1.201775664518307529e+00 1.467153515478912151e+00 2.169699251728199330e-02
-1.201775664518307529e+00 1.467153515478912151e+00 2.169699251728199330e-02
-1.201775664518307529e+00 1.467153515478912151e+00 2.169699251728199330e-02
-1.201775664518307529e+00 1.467153515478912151e+00 2.169699251728199330e-02
-7.927499056098818997e-01 1.311865186990862187e+00 4.510450234728254765e-02
-7.334642781460326555e-01 1.224441070136827792e+00 7.335601885203761607e-02
-7.334642781460326555e-01 1.224441070136827792e+00 7.335601885203761607e-02
-7.334642781460326555e-01 1.224441070136827792e+00 7.335601885203761607e-02
-6.765866901461250471e-01 1.193768039450497698e+00 8.311733453008378347e-02
-6.765866901461250471e-01 1.193768039450497698e+00 8.311733453008378347e-02
-6.765866901461250471e-01 1.193768039450497698e+00 8.311733453008378347e-02
-6.765866901461250471e-01 1.193768039450497698e+00 8.311733453008378347e-02
-6.765866901461250471e-01 1.193768039450497698e+00 8.311733453008378347e-02
-6.765866901461250471e-01 1.193768039450497698e+00 8.311733453008378347e-02
-6.765866901461250471e-01 1.193768039450497698e+00 8.311733453008378347e-02
-6.765866901461250471e-01 1.193768039450497698e+00 8.311733453008378347e-02
-6.765866901461250471e-01 1.193768039450497698e+00 8.311733453008378347e-02
-6.765866901461250471e-01 1.193768039450497698e+00 8.311733453008378347e-02
-5.128804481772064605e-01 1.050438489309005741e+00 1.393514782017362397e-01
-5.128804481772064605e-01 1.050438489309005741e+00 1.393514782017362397e-01
-5.128804481772064605e-01 1.050438489309005741e+00 1.393514782017362397e-01
-5.128804481772064605e-01 1.050438489309005741e+00 1.393514782017362397e-01
-1.621142385317910772e-01 7.695425176078587448e-01 2.164833773051925425e-01
-1.621142385317910772e-01 7.695425176078587448e-01 2.164833773051925425e-01
-1.621142385317910772e-01 7.695425176078587448e-01 2.164833773051925425e-01
-8.424313767021962551e-03 5.621703719718197378e-01 1.362556536430070964e-01
2.246505421138410008e-01 6.040415462474761910e-01 2.606117545358623833e-01
1.868594212797915211e-01 7.030752624606783074e-01 2.574233147085535633e-01
4.965945394657055312e-01 3.506599903868277690e-01 1.564771044565433089e-01
4.965945394657055312e-01 3.506599903868277690e-01 1.564771044565433089e-01
2.422951582088262446e-01 5.591172514310183139e-01 2.425458681630696112e-01
1.835866370323328556e-01 3.337974964848143822e-01 4.102010673650187400e-02
4.176559073159401558e-01 6.853993374274118811e-01 1.955055056487654819e-01
4.176559073159401558e-01 6.853993374274118811e-01 1.955055056487654819e-01
6.413999391834130925e-01 4.779264560879990520e-01 2.353869604023020312e-01
4.602358338724102937e-01 3.607341030545726523e-01 1.525686945800273642e-01
4.133486511612869396e-01 9.289784037369950287e-01 2.346443014632684093e-02
1.580436518069168739e-01 4.520320886797933868e-01 1.132001965277273370e-01
1.580436518069168739e-01 4.520320886797933868e-01 1.132001965277273370e-01
1.058685813454277314e-01 5.799833950117588843e-01 2.062047546187853186e-01
4.629860005714351301e-01 5.489793439233143779e-01 2.588426992219633460e-01
3.068618290652280756e-01 3.872414346139197994e-01 1.169556433879510027e-01
2.084908443691195490e-01 4.825283352019931193e-01 1.638568539005034463e-01
6.486317902677801728e-02 6.303363447601250114e-01 2.272587284976011479e-01
-2.408998311479342846e-01 1.000485572700490877e+00 1.445423924298080143e-01
-2.408998311479342846e-01 1.000485572700490877e+00 1.445423924298080143e-01
1.994188346473193540e-01 8.916222707075497356e-01 9.931735540439036447e-02
-8.205515054738893310e-02 8.318642285877250186e-01 2.284293076434903980e-01
-8.205515054738893310e-02 8.318642285877250186e-01 2.284293076434903980e-01
-8.205515054738893310e-02 8.318642285877250186e-01 2.284293076434903980e-01
-5.384584254818135240e-02 7.611253095330537954e-01 2.427379039849802689e-01
-5.384584254818135240e-02 7.611253095330537954e-01 2.427379039849802689e-01
-5.384584254818135240e-02 7.611253095330537954e-01 2.427379039849802689e-01
1.089165454898784052e-01 6.500906484712518640e-01 2.523492161203296225e-01
-3.663171906455405802e-01 5.943281366882887662e-01 3.230131666964378839e-02
-3.663171906455405802e-01 5.943281366882887662e-01 3.230131666964378839e-02
-1.852956980234371220e-01 6.157710465183149351e-01 1.005440825959872386e-01
-4.899522116023796725e-02 8.237697289464140926e-01 2.301134610269551517e-01
-4.899522116023796725e-02 8.237697289464140926e-01 2.301134610269551517e-01
-4.899522116023796725e-02 8.237697289464140926e-01 2.301134610269551517e-01
5.847991268929342290e-02 1.014353416840483746e+00 5.527151772888476422e-02
5.847991268929342290e-02 1.014353416840483746e+00 5.527151772888476422e-02
5.847991268929342290e-02 1.014353416840483746e+00 5.527151772888476422e-02
-1.293438697431577855e-01 1.098265405715886267e+00 5.041490735006510376e-02
-1.293438697431577855e-01 1.098265405715886267e+00 5.041490735006510376e-02
-1.293438697431577855e-01 1.098265405715886267e+00 5.041490735006510376e-02
-1.293438697431577855e-01 1.098265405715886267e+00 5.041490735006510376e-02
-3.013896471277981437e-01 1.006392793100091332e+00 1.508755626951457374e-01
-3.013896471277981437e-01 1.006392793100091332e+00 1.508755626951457374e-01
1.231914854048188346e-01 6.924037311758309832e-01 2.623445184553118703e-01
1.231914854048188346e-01 6.924037311758309832e-01 2.623445184553118703e-01
1.231914854048188346e-01 6.924037311758309832e-01 2.623445184553118703e-01
1.231914854048188346e-01 6.924037311758309832e-01 2.623445184553118703e-01
1.231914854048188346e-01 6.924037311758309832e-01 2.623445184553118703e-01
5.622964614511484216e-01 6.116912604414989074e-01 1.917151883717790328e-01
5.622964614511484216e-01 6.116912604414989074e-01 1.917151883717790328e-01
5.622964614511484216e-01 6.116912604414989074e-01 1.917151883717790328e-01
7.485240674457144250e-01 3.735331818795092906e-01 2.158079195564259478e-01
7.485240674457144250e-01 3.735331818795092906e-01 2.158079195564259478e-01
7.485240674457144250e-01 3.735331818795092906e-01 2.158079195564259478e-01
7.485240674457144250e-01 3.735331818795092906e-01 2.158079195564259478e-01
6.204631925781231017e-01 2.857858545999350519e-01 1.394749848597730824e-01
4.963528316133565266e-01 3.432700952838449449e-01 1.495954311834917227e-01
5.548483668494698096e-01 3.391107378154179508e-01 1.657475315134516181e-01
5.548483668494698096e-01 3.391107378154179508e-01 1.657475315134516181e-01
