2.489132485845457765e-01 1.481402749648903505e-01 3.011461924162781370e-02
2.489132485845457765e-01 1.481402749648903505e-01 3.011461924162781370e-02
2.489132485845457765e-01 1.481402749648903505e-01 3.011461924162781370e-02
4.113725600175665575e-01 3.990352974496326754e-01 3.664503738550101142e-01
4.113725600175665575e-01 3.990352974496326754e-01 3.664503738550101142e-01
4.113725600175665575e-01 3.990352974496326754e-01 3.664503738550101142e-01
-2.389117941258644962e-02 8.457868089716136240e-01 6.080818853570816446e-02
-2.389117941258644962e-02 8.457868089716136240e-01 6.080818853570816446e-02
-2.389117941258644962e-02 8.457868089716136240e-01 6.080818853570816446e-02
-2.389117941258644962e-02 8.457868089716136240e-01 6.080818853570816446e-02
-3.575957888939013674e-01 1.257840133173548480e+00 6.274417565013294847e-03
-3.575957888939013674e-01 1.257840133173548480e+00 6.274417565013294847e-03
-2.531597959647056140e-01 1.274299678150963677e+00 1.260972702820971868e-02
-2.531597959647056140e-01 1.274299678150963677e+00 1.260972702820971868e-02
-2.531597959647056140e-01 1.274299678150963677e+00 1.260972702820971868e-02
-2.209368370567986462e-01 1.155368608716639933e+00 1.780402580023413353e-02
-2.209368370567986462e-01 1.155368608716639933e+00 1.780402580023413353e-02
-2.209368370567986462e-01 1.155368608716639933e+00 1.780402580023413353e-02
-2.209368370567986462e-01 1.155368608716639933e+00 1.780402580023413353e-02
1.352841953463243818e-01 9.324837233044211970e-01 7.975374025575381054e-02
-5.496060393161417146e-03 5.202057548197873693e-01 1.699414753445455464e-02
-5.496060393161417146e-03 5.202057548197873693e-01 1.699414753445455464e-02
8.501284377309058227e-02 5.872861771368188544e-01 7.725467806576449825e-02
2.530393538444143942e-01 5.059178574728987465e-01 2.172929365161261617e-01
4.507379950319604367e-01 4.187363632253927603e-01 3.708547952436616058e-01
4.507379950319604367e-01 4.187363632253927603e-01 3.708547952436616058e-01
4.507379950319604367e-01 4.187363632253927603e-01 3.708547952436616058e-01
6.875032619566695535e-01 -1.382196310866879996e-01 3.774557968717891510e-01
8.228633302781682701e-01 -9.895486888690879779e-02 5.570033995876149113e-01
8.228633302781682701e-01 -9.895486888690879779e-02 5.570033995876149113e-01
8.228633302781682701e-01 -9.895486888690879779e-02 5.570033995876149113e-01
1.159799192511596466e+00 -5.303170215088797573e-02 2.925159539960592997e-02
1.159799192511596466e+00 -5.303170215088797573e-02 2.925159539960592997e-02
1.090076342080202876e+00 -1.008869802536428301e-01 1.121196456092285881e-01
1.090076342080202876e+00 -1.008869802536428301e-01 1.121196456092285881e-01
1.090076342080202876e+00 -1.008869802536428301e-01 1.121196456092285881e-01
1.090076342080202876e+00 -1.008869802536428301e-01 1.121196456092285881e-01
8.119477807805812741e-01 -3.083175331121454366e-02 5.318696058021681328e-01
1.011100325174184578e+00 -2.816911759404127080e-01 4.337873940085386626e-01
7.987118595171117663e-01 -7.763590736732539632e-02 5.632072742982124902e-01
7.987118595171117663e-01 -7.763590736732539632e-02 5.632072742982124902e-01
7.987118595171117663e-01 -7.763590736732539632e-02 5.632072742982124902e-01
7.987118595171117663e-01 -7.763590736732539632e-02 5.632072742982124902e-01
7.987118595171117663e-01 -7.763590736732539632e-02 5.632072742982124902e-01
7.987118595171117663e-01 -7.763590736732539632e-02 5.632072742982124902e-01
7.987118595171117663e-01 -7.763590736732539632e-02 5.632072742982124902e-01
7.987118595171117663e-01 -7.763590736732539632e-02 5.632072742982124902e-01
7.987118595171117663e-01 -7.763590736732539632e-02 5.632072742982124902e-01
6.336221489813126384e-01 -1.163957975486977492e-01 2.985148652692344307e-01
6.810960941197548024e-01 2.149543954190558936e-01 4.193616958705868591e-01
5.829584436339214637e-01 3.464993745994099372e-02 4.100633317683792245e-01
4.330147048546020838e-01 3.705041615069555871e-01 3.866062317455727371e-01
4.134496756225460867e-01 4.223568684811401241e-01 3.612381616764585024e-01
1.156577910906382289e-01 7.396625231499818209e-01 1.281867295095980575e-01
1.156577910906382289e-01 7.396625231499818209e-01 1.281867295095980575e-01
2.956764883107435016e-03 9.038651537159052562e-01 7.149482493841953501e-02
2.956764883107435016e-03 9.038651537159052562e-01 7.149482493841953501e-02
2.204399729234922667e-01 8.847719222552826723e-01 8.413311659007756405e-02
2.204399729234922667e-01 8.847719222552826723e-01 8.413311659007756405e-02
2.204399729234922667e-01 8.847719222552826723e-01 8.413311659007756405e-02
1.928061707753666587e-01 7.105053372492059482e-01 1.695266744485822152e-01
1.928061707753666587e-01 7.105053372492059482e-01 1.695266744485822152e-01
4.589441800909701552e-01 5.758790850964434771e-01 1.996426866239753017e-01
5.680064959319416351e-01 1.864836078438072420e-01 4.982315244134524757e-01
5.680064959319416351e-01 1.864836078438072420e-01 4.982315244134524757e-01
5.680064959319416351e-01 1.864836078438072420e-01 4.982315244134524757e-01
5.127927914115757435e-01 4.327577313337063747e-02 2.745345436958829266e-01
1.006197919745065228e+00 -2.164024182267228202e-01 3.907943468141548693e-01
7.447654967077117494e-01 -3.187759698905148209e-01 2.089197361877249692e-01
9.039606065688353675e-01 -4.939539749470474583e-01 2.128138476131616608e-01
8.063393365130533397e-01 -2.262805819098248072e-01 4.612028964666868291e-01
8.063393365130533397e-01 -2.262805819098248072e-01 4.612028964666868291e-01
7.938815052304154518e-01 -4.268611737890956603e-01 1.454797308040309545e-01
9.003359059905462480e-01 -4.163524220495878336e-01 3.202740493519424247e-01
7.289422326561020293e-01 -4.211937647710717325e-01 7.874370107953890252e-02
6.377296876625820898e-01 -1.077101416861608874e-01 3.204937716186698204e-01
6.377296876625820898e-01 -1.077101416861608874e-01 3.204937716186698204e-01
6.377296876625820898e-01 -1.077101416861608874e-01 3.204937716186698204e-01
6.377296876625820898e-01 -1.077101416861608874e-01 3.204937716186698204e-01
6.377296876625820898e-01 -1.077101416861608874e-01 3.204937716186698204e-01
6.018877307040527702e-01 3.255050461693289043e-01 3.697785979584397031e-01
4.315952014916318857e-01 2.216912055506137236e-01 3.182165799365982428e-01
4.315952014916318857e-01 2.216912055506137236e-01 3.182165799365982428e-01
3.658210972804114003e-01 3.412012721031574825e-01 2.973005228947295242e-01
3.658210972804114003e-01 3.412012721031574825e-01 2.973005228947295242e-01
3.658210972804114003e-01 3.412012721031574825e-01 2.973005228947295242e-01
5.687039568689191693e-01 4.359501014616519177e-01 2.545595789919018470e-01
5.687039568689191693e-01 4.359501014616519177e-01 2.545595789919018470e-01
5.687039568689191693e-01 4.359501014616519177e-01 2.545595789919018470e-01
5.687039568689191693e-01 4.359501014616519177e-01 2.545595789919018470e-01
1.639697536529557964e-01 6.201844723071326948e-01 1.542295365131285956e-01
1.639697536529557964e-01 6.201844723071326948e-01 1.542295365131285956e-01
1.639697536529557964e-01 6.201844723071326948e-01 1.542295365131285956e-01
5.424689373067901332e-01 5.521829578070454048e-01 1.419623692153548777e-01
7.860253497171555415e-01 2.752118325061316262e-01 1.508953066293834133e-01
7.860253497171555415e-01 2.752118325061316262e-01 1.508953066293834133e-01
7.860253497171555415e-01 2.752118325061316262e-01 1.508953066293834133e-01
7.860253497171555415e-01 2.752118325061316262e-01 1.508953066293834133e-01
7.860253497171555415e-01 2.752118325061316262e-01 1.508953066293834133e-01
9.904283252122451087e-01 -2.055550317566400831e-01 4.097009562005178296e-01
