2.489132485845457765e-01 1.481402749648903505e-01 2.149660853450301602e-03
2.489132485845457765e-01 1.481402749648903505e-01 2.149660853450301602e-03
2.489132485845457765e-01 1.481402749648903505e-01 2.149660853450301602e-03
4.556057625400323774e-01 3.004949337504213558e-01 4.252970160297685903e-02
4.556057625400323774e-01 3.004949337504213558e-01 4.252970160297685903e-02
8.407868332716059712e-01 3.019118619169527395e-01 1.103033878826557013e-01
8.407868332716059712e-01 3.019118619169527395e-01 1.103033878826557013e-01
9.591554583004465728e-01 4.380194197222863073e-01 1.557078621149651509e-01
9.591554583004465728e-01 4.380194197222863073e-01 1.557078621149651509e-01
9.591554583004465728e-01 4.380194197222863073e-01 1.557078621149651509e-01
7.507286097380903023e-01 6.064928788105616864e-01 1.619629301153636125e-01
4.633972936701333256e-01 4.786389634217292910e-01 1.477462930528002094e-01
6.546325606322930257e-01 6.349897763296816766e-01 1.755062557956356406e-01
7.628722544417407825e-01 5.960150128088050892e-01 1.629172449441773918e-01
6.902451050485907125e-01 1.689286052139222782e-01 2.720984963898110537e-02
9.308049530205984023e-01 -7.871107189017950700e-02 3.605727188209545582e-03
1.340731519573281183e+00 -2.489284226163722691e-01 2.287121277031828499e-03
1.340731519573281183e+00 -2.489284226163722691e-01 2.287121277031828499e-03
1.475126564313651079e+00 -8.383290947548904803e-02 2.417365903327272150e-02
1.475126564313651079e+00 -8.383290947548904803e-02 2.417365903327272150e-02
2.045764567899649666e+00 -2.700158101791886311e-01 1.300662707508165594e-02
1.513337246228799948e+00 6.278768851777682958e-02 6.235910731506679600e-02
1.513337246228799948e+00 6.278768851777682958e-02 6.235910731506679600e-02
1.513337246228799948e+00 6.278768851777682958e-02 6.235910731506679600e-02
1.513337246228799948e+00 6.278768851777682958e-02 6.235910731506679600e-02
1.262225721934541411e+00 4.206694088640671181e-01 9.517028970319882375e-02
1.262225721934541411e+00 4.206694088640671181e-01 9.517028970319882375e-02
1.262225721934541411e+00 4.206694088640671181e-01 9.517028970319882375e-02
9.515305036263939087e-01 8.448810237420278924e-01 1.473387905176706987e-02
1.206402476410421754e+00 7.080448572701223409e-01 1.635018622015015077e-02
8.169522399853487160e-01 5.380257365648114520e-01 1.681003934626785212e-01
8.169522399853487160e-01 5.380257365648114520e-01 1.681003934626785212e-01
8.169522399853487160e-01 5.380257365648114520e-01 1.681003934626785212e-01
8.169522399853487160e-01 5.380257365648114520e-01 1.681003934626785212e-01
1.009643948873451658e+00 3.593870185503692527e-01 1.439066918861073852e-01
1.009643948873451658e+00 3.593870185503692527e-01 1.439066918861073852e-01
1.332002542870422079e+00 3.216348769342586289e-01 1.021739579161805023e-01
1.180538061459088572e+00 4.841486335509023187e-01 9.373676358503622852e-02
1.649135248530474884e+00 4.869628266664658978e-01 1.320003568819628006e-02
1.649135248530474884e+00 4.869628266664658978e-01 1.320003568819628006e-02
1.409061968091269934e+00 -2.355368846185213472e-01 3.740258475393803093e-03
1.452236727599554911e+00 -5.464972085019073611e-02 2.934751840864065209e-02
1.229978164096585891e+00 -3.560310483102176876e-02 2.047567375028450792e-02
1.229978164096585891e+00 -3.560310483102176876e-02 2.047567375028450792e-02
1.207440293453945879e+00 1.295391916461241522e-01 7.016532894087174066e-02
1.207440293453945879e+00 1.295391916461241522e-01 7.016532894087174066e-02
1.311398389226167360e+00 4.646685284296525054e-01 6.887020805823150515e-02
7.337346327219964603e-01 3.664198016882569409e-01 1.302459537540847645e-01
7.337346327219964603e-01 3.664198016882569409e-01 1.302459537540847645e-01
1.200634557417961990e+00 2.088775001093428063e-01 9.968389338367455998e-02
1.200634557417961990e+00 2.088775001093428063e-01 9.968389338367455998e-02
1.224448798027697682e+00 3.335653834334986745e-01 1.193346151625629126e-01
1.224448798027697682e+00 3.335653834334986745e-01 1.193346151625629126e-01
1.224448798027697682e+00 3.335653834334986745e-01 1.193346151625629126e-01
1.224448798027697682e+00 3.335653834334986745e-01 1.193346151625629126e-01
1.224448798027697682e+00 3.335653834334986745e-01 1.193346151625629126e-01
1.107678083693615978e+00 3.043970209630806889e-01 1.279012932347741438e-01
1.107678083693615978e+00 3.043970209630806889e-01 1.279012932347741438e-01
1.107678083693615978e+00 3.043970209630806889e-01 1.279012932347741438e-01
1.114878653489928206e+00 2.476253861822260705e-01 1.105795590418331004e-01
1.261986421412167436e+00 3.546684786969122039e-01 1.107228596833019357e-01
1.261986421412167436e+00 3.546684786969122039e-01 1.107228596833019357e-01
1.193477446027801703e+00 2.707465578365393366e-01 1.170819615828320448e-01
1.193477446027801703e+00 2.707465578365393366e-01 1.170819615828320448e-01
1.193477446027801703e+00 2.707465578365393366e-01 1.170819615828320448e-01
1.193477446027801703e+00 2.707465578365393366e-01 1.170819615828320448e-01
5.180108993671518336e-01 4.112823833364043224e-01 1.160756879551494841e-01
3.010051087224793198e-01 5.333568179460956848e-01 1.447291716175160836e-01
3.010051087224793198e-01 5.333568179460956848e-01 1.447291716175160836e-01
-1.067888823902469753e-01 7.887327664225114443e-01 1.873019495819723823e-01
7.442972737057920729e-02 1.112997749543909176e+00 5.149004146584712505e-02
1.730062359240084335e-01 9.661080073886605390e-01 1.144509596056363099e-01
4.914235495415024135e-01 6.185911298148912829e-01 2.052468095541394588e-01
4.963456274939666568e-01 3.580391263788912926e-01 7.823481032128891399e-02
3.505932547631601670e-01 6.585051769496814700e-01 2.112222217938330149e-01
7.299238509166842137e-01 3.518083254270744087e-01 1.211748089542424300e-01
1.048077395528880240e-01 5.577245225162155151e-01 1.065562980615917255e-01
-2.420405289853643782e-01 4.532911163977421110e-01 8.753418892877900745e-03
-2.420405289853643782e-01 4.532911163977421110e-01 8.753418892877900745e-03
-2.420405289853643782e-01 4.532911163977421110e-01 8.753418892877900745e-03
-3.973919304201071201e-01 6.705092371794991735e-01 4.333730067703250172e-02
-3.973919304201071201e-01 6.705092371794991735e-01 4.333730067703250172e-02
-2.312058628783952574e-01 1.225632357659135696e+00 5.249320343197284855e-02
-2.312058628783952574e-01 1.225632357659135696e+00 5.249320343197284855e-02
-2.312058628783952574e-01 1.225632357659135696e+00 5.249320343197284855e-02
-2.312058628783952574e-01 1.225632357659135696e+00 5.249320343197284855e-02
-4.523338121060639372e-01 1.139655337450199868e+00 1.348323169157511769e-01
-4.952596407648474086e-01 8.217776186421751339e-01 9.103998258104825658e-02
-4.952596407648474086e-01 8.217776186421751339e-01 9.103998258104825658e-02
-4.952596407648474086e-01 8.217776186421751339e-01 9.103998258104825658e-02
-3.207316652660657241e-01 7.299964601713808676e-01 9.071708821272338186e-02
-3.207316652660657241e-01 7.299964601713808676e-01 9.071708821272338186e-02
-5.193335794658362481e-01 9.254856455266075033e-01 1.356584177054900586e-01
-5.193335794658362481e-01 9.254856455266075033e-01 1.356584177054900586e-01
-5.589489933110523001e-01 1.024821954269863999e+00 1.548011082613204026e-01
-5.589489933110523001e-01 1.024821954269863999e+00 1.548011082613204026e-01
-9.335541714466804031e-01 1.394276998264909917e+00 6.507502873210693761e-02
-8.169326662179217102e-01 1.204698584404641171e+00 1.181350738080293311e-01
-8.169326662179217102e-01 1.204698584404641171e+00 1.181350738080293311e-01
-7.336161157889610207e-01 1.107443331251728447e+00 1.323066986556039604e-01
