2.489132485845457765e-01 1.481402749648903505e-01 1.636386826537713146e-03
2.489132485845457765e-01 1.481402749648903505e-01 1.636386826537713146e-03
1.209623486840951945e-01 4.372839883718796505e-01 1.644163984597251174e-02
1.590499609159415351e-01 5.689105970646844979e-01 4.402550014873179290e-02
4.928485313987202576e-01 3.740225878762493128e-01 4.100967929596713302e-02
4.971387632363246101e-01 4.059077234759796982e-01 4.796373388129613474e-02
4.971387632363246101e-01 4.059077234759796982e-01 4.796373388129613474e-02
8.105331957050145864e-01 1.097515169634022403e-01 2.211889428632544605e-02
8.105331957050145864e-01 1.097515169634022403e-01 2.211889428632544605e-02
8.105331957050145864e-01 1.097515169634022403e-01 2.211889428632544605e-02
8.623432254830715182e-01 2.482503967848612436e-01 5.082304376014984415e-02
8.623432254830715182e-01 2.482503967848612436e-01 5.082304376014984415e-02
8.623432254830715182e-01 2.482503967848612436e-01 5.082304376014984415e-02
8.623432254830715182e-01 2.482503967848612436e-01 5.082304376014984415e-02
7.204707245788132264e-01 4.404674391717867676e-01 6.692368525650069233e-02
6.827209683266650675e-01 3.040243088277424510e-01 4.606015590241969299e-02
6.827209683266650675e-01 3.040243088277424510e-01 4.606015590241969299e-02
7.861503134038086982e-01 5.191915224944511076e-01 6.118743245995505314e-02
1.235663483506564519e+00 1.426369137594807879e-01 5.157475542558476178e-02
1.235663483506564519e+00 1.426369137594807879e-01 5.157475542558476178e-02
1.235663483506564519e+00 1.426369137594807879e-01 5.157475542558476178e-02
7.946589636268410750e-01 6.501887106157566709e-04 8.386362956631501081e-03
1.009452533164601595e+00 -6.434330361540069321e-02 1.235845301747702518e-02
6.599752945148127381e-01 1.151709293074035245e-01 1.264981310393023355e-02
1.195686357506859920e+00 2.733530494929760080e-01 5.171079220969890256e-02
8.144668621081294635e-01 6.579686847249367476e-01 3.477807587834897546e-02
8.144668621081294635e-01 6.579686847249367476e-01 3.477807587834897546e-02
8.144668621081294635e-01 6.579686847249367476e-01 3.477807587834897546e-02
8.144668621081294635e-01 6.579686847249367476e-01 3.477807587834897546e-02
8.717380234425080587e-01 5.230200940582379054e-01 5.227641592074289828e-02
1.105812032753940022e+00 3.185543927332070702e-01 5.488543659289512461e-02
1.105812032753940022e+00 3.185543927332070702e-01 5.488543659289512461e-02
8.547200637648588728e-01 3.468374090836477408e-01 6.265213617058010276e-02
8.831128842248451294e-01 3.005707375249290214e-01 5.919442033885561477e-02
8.831128842248451294e-01 3.005707375249290214e-01 5.919442033885561477e-02
5.642542348319957712e-01 2.250239436438858098e-01 2.050806557655797044e-02
3.353347147106003900e-01 5.477343910716555575e-01 5.912450022386297327e-02
3.353347147106003900e-01 5.477343910716555575e-01 5.912450022386297327e-02
3.353347147106003900e-01 5.477343910716555575e-01 5.912450022386297327e-02
3.353347147106003900e-01 5.477343910716555575e-01 5.912450022386297327e-02
3.353347147106003900e-01 5.477343910716555575e-01 5.912450022386297327e-02
3.731774740904875709e-01 4.815135251793107862e-01 5.020516072403109764e-02
2.847662282207657491e-01 8.575721309664123826e-01 5.750058062384235530e-02
4.008136097780541918e-01 8.184758872298598664e-01 5.226416422500631404e-02
1.569461563338584720e-01 1.077856297042365075e+00 2.745403311344509281e-02
-1.653503864613979635e-01 1.090832277366792002e+00 5.704367780351857209e-02
-1.653503864613979635e-01 1.090832277366792002e+00 5.704367780351857209e-02
6.262997890083914498e-01 3.347766561734721869e-01 4.669872423368336134e-02
1.214574468498695436e+00 1.084599174760758622e-02 3.600288367580582738e-02
1.615331028259623602e+00 1.665261769733550890e-01 2.644166467666780179e-02
1.223815568839535350e+00 1.462505545268865670e-01 5.181579487442509319e-02
1.223815568839535350e+00 1.462505545268865670e-01 5.181579487442509319e-02
1.631208701400147287e+00 2.541035929874540522e-01 1.567868182152739806e-02
1.631208701400147287e+00 2.541035929874540522e-01 1.567868182152739806e-02
1.631208701400147287e+00 2.541035929874540522e-01 1.567868182152739806e-02
1.631208701400147287e+00 2.541035929874540522e-01 1.567868182152739806e-02
1.590683888642045352e+00 -1.299707533299654383e-01 3.403071029638930767e-02
1.617133182687701121e+00 6.229820299773508596e-03 3.884415034723361082e-02
1.617133182687701121e+00 6.229820299773508596e-03 3.884415034723361082e-02
1.617133182687701121e+00 6.229820299773508596e-03 3.884415034723361082e-02
1.590469654621862183e+00 1.206358639671764182e-01 3.337906507692166985e-02
1.232977722250958141e+00 -1.481066701785831996e-01 1.487454427346222852e-02
1.232977722250958141e+00 -1.481066701785831996e-01 1.487454427346222852e-02
1.232977722250958141e+00 -1.481066701785831996e-01 1.487454427346222852e-02
1.301502165865148886e+00 -2.515219587104158272e-01 8.263939671357913366e-03
1.234515128289179309e+00 -1.112739557464826889e-01 1.941770306387640560e-02
1.245363615175139715e+00 1.772717264395254344e-01 5.239864361705267454e-02
1.245363615175139715e+00 1.772717264395254344e-01 5.239864361705267454e-02
1.157563780607840487e+00 4.000541130832742098e-01 4.020884460369279073e-02
1.157563780607840487e+00 4.000541130832742098e-01 4.020884460369279073e-02
7.907793696092932922e-01 3.587260208583442633e-01 6.214264533221273978e-02
1.328698424683316226e+00 2.325252421475837439e-02 4.293239837247225799e-02
1.328698424683316226e+00 2.325252421475837439e-02 4.293239837247225799e-02
1.328698424683316226e+00 2.325252421475837439e-02 4.293239837247225799e-02
1.389186638085812664e+00 1.336742758553951041e-02 4.330560053998596531e-02
1.389186638085812664e+00 1.336742758553951041e-02 4.330560053998596531e-02
1.389186638085812664e+00 1.336742758553951041e-02 4.330560053998596531e-02
1.387593639485663832e+00 -1.461409938937321684e-01 2.362461287667049978e-02
1.387593639485663832e+00 -1.461409938937321684e-01 2.362461287667049978e-02
1.536066232730213477e+00 -3.135140552518668189e-01 1.200288888334396023e-02
1.536066232730213477e+00 -3.135140552518668189e-01 1.200288888334396023e-02
1.104846360198045163e+00 -9.401783675969041520e-02 1.415429827987083750e-02
1.457102123122339776e+00 -2.812106559182329102e-01 1.176000934208838028e-02
1.829588687933438873e+00 -9.995257605435167725e-02 3.132884050319514196e-02
1.552057225157009501e+00 7.879242613485157309e-02 3.957263029399854526e-02
1.724747427778693387e+00 1.405359640806989330e-01 2.038827804678244177e-02
1.634751830715762022e+00 3.738066973497363721e-01 6.119029454068914201e-03
1.634751830715762022e+00 3.738066973497363721e-01 6.119029454068914201e-03
1.634751830715762022e+00 3.738066973497363721e-01 6.119029454068914201e-03
1.634751830715762022e+00 3.738066973497363721e-01 6.119029454068914201e-03
1.634751830715762022e+00 3.738066973497363721e-01 6.119029454068914201e-03
1.672186153883364224e+00 -1.767124161111612857e-01 3.143731063784369756e-02
1.520751573562546977e+00 -4.200524573545133533e-02 4.022666854367360628e-02
1.520751573562546977e+00 -4.200524573545133533e-02 4.022666854367360628e-02
1.256227211422679346e+00 -2.263700803619405899e-01 8.537004724756777976e-03
1.256227211422679346e+00 -2.263700803619405899e-01 8.537004724756777976e-03
1.985444626082837338e+00 -3.343149092948682899e-01 2.358995100978041395e-02
2.298242328833990822e+00 -2.861395865444887332e-01 1.582307035698678199e-02
2.416303455873214379e+00 -2.009322906528543673e-01 7.166020558569362146e-03
2.491485185488913068e+00 -3.438096391802126783e-01 1.037485601347103333e-02
