2.489132485845457765e-01 1.481402749648903505e-01 3.830275224821641511e-03
1.097464108583401932e-01 3.253813850282334386e-01 2.303528835795794899e-02
1.097464108583401932e-01 3.253813850282334386e-01 2.303528835795794899e-02
3.057263061273364224e-01 7.066792284295329019e-01 2.606435752586327426e-01
3.057263061273364224e-01 7.066792284295329019e-01 2.606435752586327426e-01
2.214872856222841468e-01 8.091226053015990738e-01 1.903767347442787972e-01
1.001926451987956435e-01 9.168650103501428950e-01 1.222137425982670889e-01
1.001926451987956435e-01 9.168650103501428950e-01 1.222137425982670889e-01
-9.590953454024025993e-03 6.480102570086643254e-01 2.085057965199752505e-01
2.525597155631261748e-01 5.144191139838614202e-01 2.154968723074941750e-01
2.525597155631261748e-01 5.144191139838614202e-01 2.154968723074941750e-01
2.525597155631261748e-01 5.144191139838614202e-01 2.154968723074941750e-01
2.525597155631261748e-01 5.144191139838614202e-01 2.154968723074941750e-01
2.525597155631261748e-01 5.144191139838614202e-01 2.154968723074941750e-01
3.129815326719526114e-01 4.749515400240037488e-01 2.038653824035439599e-01
3.129815326719526114e-01 4.749515400240037488e-01 2.038653824035439599e-01
3.129815326719526114e-01 4.749515400240037488e-01 2.038653824035439599e-01
7.529899878416184134e-01 2.082547735214657081e-01 1.054633383810077568e-01
6.358342163311593298e-01 2.926374895748835581e-01 1.470040653219969462e-01
2.281995692283247390e-01 4.579558901680276795e-01 1.465529144112610316e-01
4.491330397002840646e-02 7.036280309089206764e-01 2.563762448256823312e-01
4.491330397002840646e-02 7.036280309089206764e-01 2.563762448256823312e-01
4.491330397002840646e-02 7.036280309089206764e-01 2.563762448256823312e-01
1.180234471609384467e-01 9.750503399894152601e-01 7.071104784089958517e-02
-5.627368092539748456e-01 1.133118793342542840e+00 7.688281781280192906e-02
-5.627368092539748456e-01 1.133118793342542840e+00 7.688281781280192906e-02
-5.627368092539748456e-01 1.133118793342542840e+00 7.688281781280192906e-02
-5.627368092539748456e-01 1.133118793342542840e+00 7.688281781280192906e-02
-5.627368092539748456e-01 1.133118793342542840e+00 7.688281781280192906e-02
-5.627368092539748456e-01 1.133118793342542840e+00 7.688281781280192906e-02
-5.627368092539748456e-01 1.133118793342542840e+00 7.688281781280192906e-02
-5.627368092539748456e-01 1.133118793342542840e+00 7.688281781280192906e-02
-5.627368092539748456e-01 1.133118793342542840e+00 7.688281781280192906e-02
-9.141485772064028570e-01 1.397598632311325195e+00 1.404028317264299081e-02
-9.141485772064028570e-01 1.397598632311325195e+00 1.404028317264299081e-02
-9.141485772064028570e-01 1.397598632311325195e+00 1.404028317264299081e-02
-9.141485772064028570e-01 1.397598632311325195e+00 1.404028317264299081e-02
-6.636626993890137882e-01 1.172796597673197549e+00 6.431743232082087758e-02
-6.636626993890137882e-01 1.172796597673197549e+00 6.431743232082087758e-02
-6.636626993890137882e-01 1.172796597673197549e+00 6.431743232082087758e-02
-6.753812591791945596e-01 8.470459422287133222e-01 6.335791358279155294e-02
-8.689402874294076540e-01 9.372351456740082298e-01 4.596684200092066019e-02
-2.752005320602526339e-01 7.994359686334404635e-01 1.803603747661529366e-01
5.602864062966605996e-02 7.217668735204074704e-01 2.607434789704256017e-01
5.602864062966605996e-02 7.217668735204074704e-01 2.607434789704256017e-01
1.279924590851451438e-01 9.725364599739655391e-01 7.013799239676063446e-02
1.279924590851451438e-01 9.725364599739655391e-01 7.013799239676063446e-02
1.279924590851451438e-01 9.725364599739655391e-01 7.013799239676063446e-02
-1.905844537645805248e-01 1.024266517239659002e+00 1.008126134113712519e-01
2.916481485631698956e-01 7.110406567906363273e-01 2.604836697870068773e-01
3.902866354771278856e-01 4.067208212228644038e-01 1.669308917912988022e-01
3.656668313677255422e-01 6.610875170649692656e-01 2.793356345402300822e-01
3.656668313677255422e-01 6.610875170649692656e-01 2.793356345402300822e-01
4.853564457316407177e-01 5.329871454475110237e-01 2.995833997871695797e-01
4.853564457316407177e-01 5.329871454475110237e-01 2.995833997871695797e-01
2.740621896474629837e-01 5.043347602724155276e-01 2.155747905379260254e-01
2.740621896474629837e-01 5.043347602724155276e-01 2.155747905379260254e-01
3.776063527712920642e-01 7.204957508752234396e-01 2.269586591006994836e-01
2.139040777817266814e-01 7.629220535521806790e-01 2.364141510092179488e-01
1.848488603394871088e-01 6.458481970857958832e-01 2.780079051152694603e-01
1.848488603394871088e-01 6.458481970857958832e-01 2.780079051152694603e-01
1.848488603394871088e-01 6.458481970857958832e-01 2.780079051152694603e-01
1.848488603394871088e-01 6.458481970857958832e-01 2.780079051152694603e-01
1.848488603394871088e-01 6.458481970857958832e-01 2.780079051152694603e-01
1.848488603394871088e-01 6.458481970857958832e-01 2.780079051152694603e-01
1.848488603394871088e-01 6.458481970857958832e-01 2.780079051152694603e-01
-1.744709103032949793e-01 1.073281040213017734e+00 6.545866996343370492e-02
-1.744709103032949793e-01 1.073281040213017734e+00 6.545866996343370492e-02
-1.744709103032949793e-01 1.073281040213017734e+00 6.545866996343370492e-02
-3.220674123189099514e-01 8.651823742640655235e-01 1.786099682184729975e-01
2.991915747088559896e-01 7.137217828477867565e-01 2.567118069887862064e-01
4.073186866583575760e-01 6.995963440570284186e-01 2.368801945064958892e-01
4.073186866583575760e-01 6.995963440570284186e-01 2.368801945064958892e-01
4.073186866583575760e-01 6.995963440570284186e-01 2.368801945064958892e-01
4.997378943469396040e-01 6.911368914429951715e-01 2.091139142956267016e-01
5.804791442516926692e-01 6.121755006776623542e-01 2.530344056685454590e-01
4.397911241308460339e-01 7.469264524753355117e-01 1.745455907557740827e-01
4.397911241308460339e-01 7.469264524753355117e-01 1.745455907557740827e-01
4.397911241308460339e-01 7.469264524753355117e-01 1.745455907557740827e-01
4.397911241308460339e-01 7.469264524753355117e-01 1.745455907557740827e-01
3.300751468577166059e-01 4.211954339303796147e-01 1.551902095641027324e-01
3.515491578252870064e-01 6.646475083757703572e-01 2.797672079282059188e-01
2.417824800097928828e-01 9.233082092039610611e-01 7.711986903180322039e-02
1.889511520273577383e-01 6.617185535372491767e-01 2.813728228188517866e-01
5.390021670794504782e-01 4.079159686787186545e-01 2.308298066325632503e-01
4.685656814978215734e-01 3.631369422937711922e-01 1.545411216278629318e-01
6.642881081188098946e-01 3.518787571220412524e-01 2.187372970262490557e-01
3.361376402470286351e-01 8.217914501277914230e-01 1.367555603983284795e-01
5.086859469044984206e-01 7.610588524715409253e-01 1.312434501861137193e-01
5.435032442502092387e-01 4.389755695736415886e-01 2.607127468852477592e-01
1.777030277859439900e-01 5.206241766150987438e-01 1.858574616379358446e-01
3.559011429474282506e-01 7.471259132267447090e-01 2.076748454273680822e-01
2.992157471042538042e-01 4.511340476266901267e-01 1.724352346755385346e-01
3.266430723834963801e-01 4.010630254465633038e-01 1.331332494396996469e-01
3.266430723834963801e-01 4.010630254465633038e-01 1.331332494396996469e-01
3.266430723834963801e-01 4.010630254465633038e-01 1.331332494396996469e-01
4.653189403490067821e-01 3.178368717531553922e-01 1.082282296593203297e-01
4.653189403490067821e-01 3.178368717531553922e-01 1.082282296593203297e-01
4.653189403490067821e-01 3.178368717531553922e-01 1.082282296593203297e-01
4.653189403490067821e-01 3.178368717531553922e-01 1.082282296593203297e-01
