2.489132485845457765e-01 1.481402749648903505e-01 3.034259669921507072e-02
5.866186425613040267e-01 7.796880110300964672e-02 4.708341056202775543e-01
5.866186425613040267e-01 7.796880110300964672e-02 4.708341056202775543e-01
5.866186425613040267e-01 7.796880110300964672e-02 4.708341056202775543e-01
7.885084318958095473e-01 7.813589532858723763e-02 4.443105716599137778e-01
7.885084318958095473e-01 7.813589532858723763e-02 4.443105716599137778e-01
7.359559730789975163e-01 1.599689505115013399e-01 4.163303548486927963e-01
7.359559730789975163e-01 1.599689505115013399e-01 4.163303548486927963e-01
7.359559730789975163e-01 1.599689505115013399e-01 4.163303548486927963e-01
7.359559730789975163e-01 1.599689505115013399e-01 4.163303548486927963e-01
7.359559730789975163e-01 1.599689505115013399e-01 4.163303548486927963e-01
9.116586788907409256e-01 -6.132882213214760347e-02 3.974611017634699373e-01
9.116586788907409256e-01 -6.132882213214760347e-02 3.974611017634699373e-01
9.116586788907409256e-01 -6.132882213214760347e-02 3.974611017634699373e-01
9.116586788907409256e-01 -6.132882213214760347e-02 3.974611017634699373e-01
9.116586788907409256e-01 -6.132882213214760347e-02 3.974611017634699373e-01
9.228726270290998901e-01 -3.312641261611781740e-01 4.622252965580226913e-01
1.177040794596289075e+00 -2.427273669269427447e-01 1.151257905162952899e-01
1.300892402270618753e+00 -4.036732483171963648e-01 8.077439286077607583e-02
1.300892402270618753e+00 -4.036732483171963648e-01 8.077439286077607583e-02
8.375124661496425871e-01 -4.384956825025793647e-01 1.930453751975450827e-01
9.502550225694086361e-01 2.666644655194483349e-02 1.935555660571660619e-01
7.515998775623294881e-01 -1.355244623826964978e-01 5.027542702160757715e-01
7.515998775623294881e-01 -1.355244623826964978e-01 5.027542702160757715e-01
7.515998775623294881e-01 -1.355244623826964978e-01 5.027542702160757715e-01
7.515998775623294881e-01 -1.355244623826964978e-01 5.027542702160757715e-01
3.711269234469140033e-01 2.573964172271760997e-01 2.435723518066829629e-01
4.843422102420456010e-01 -2.712572632885140722e-02 1.416300374606366541e-01
4.954541633716093574e-01 4.205599119583806889e-02 2.408998983366807400e-01
4.954541633716093574e-01 4.205599119583806889e-02 2.408998983366807400e-01
4.954541633716093574e-01 4.205599119583806889e-02 2.408998983366807400e-01
3.752355852179107831e-01 4.319533147809261897e-01 3.382067961315947113e-01
3.554452239728576601e-01 2.509571965288898698e-01 2.103612571870219217e-01
5.569044881737125197e-01 -1.006023605424827827e-01 1.755693854644751473e-01
5.569044881737125197e-01 -1.006023605424827827e-01 1.755693854644751473e-01
5.569044881737125197e-01 -1.006023605424827827e-01 1.755693854644751473e-01
6.128732693991041369e-01 -3.607199260932876517e-02 3.796705126260012109e-01
7.052434075849662864e-01 1.323344771036034651e-01 5.025823875652286610e-01
6.359437110855242770e-01 2.083550533076040101e-01 4.889425867859606423e-01
4.733853332286421800e-01 3.128810195427246255e-01 4.287799972579848240e-01
4.052171670771934631e-01 5.757367572937206468e-01 2.450598194540206387e-01
6.506332697330041714e-01 2.225573695400359653e-01 4.565453080443034328e-01
4.466881650439320506e-01 4.284688056148885926e-01 3.684287206773690926e-01
4.466881650439320506e-01 4.284688056148885926e-01 3.684287206773690926e-01
4.466881650439320506e-01 4.284688056148885926e-01 3.684287206773690926e-01
4.466881650439320506e-01 4.284688056148885926e-01 3.684287206773690926e-01
3.482258436258736101e-01 5.589087992075504330e-01 2.768821655566936490e-01
3.482258436258736101e-01 5.589087992075504330e-01 2.768821655566936490e-01
3.482258436258736101e-01 5.589087992075504330e-01 2.768821655566936490e-01
3.482258436258736101e-01 5.589087992075504330e-01 2.768821655566936490e-01
5.352272325584395141e-01 1.198286936531401947e-01 4.190711207148461459e-01
6.440018259648346843e-01 2.441885569314666271e-01 4.355970147740856890e-01
6.978118495529370691e-01 2.621356779009161309e-01 3.211119668345973066e-01
6.978118495529370691e-01 2.621356779009161309e-01 3.211119668345973066e-01
6.978118495529370691e-01 2.621356779009161309e-01 3.211119668345973066e-01
6.978118495529370691e-01 2.621356779009161309e-01 3.211119668345973066e-01
7.945913118737175651e-01 3.117445552120617913e-01 1.039519563347124365e-01
7.945913118737175651e-01 3.117445552120617913e-01 1.039519563347124365e-01
7.945913118737175651e-01 3.117445552120617913e-01 1.039519563347124365e-01
7.945913118737175651e-01 3.117445552120617913e-01 1.039519563347124365e-01
7.666715251816245136e-01 -2.973722309512638606e-01 2.819729255772004395e-01
7.666715251816245136e-01 -2.973722309512638606e-01 2.819729255772004395e-01
7.666715251816245136e-01 -2.973722309512638606e-01 2.819729255772004395e-01
7.666715251816245136e-01 -2.973722309512638606e-01 2.819729255772004395e-01
7.666715251816245136e-01 -2.973722309512638606e-01 2.819729255772004395e-01
7.666715251816245136e-01 -2.973722309512638606e-01 2.819729255772004395e-01
7.666715251816245136e-01 -2.973722309512638606e-01 2.819729255772004395e-01
8.009098102588773083e-01 7.704215799336383563e-02 4.220285047331298056e-01
8.009098102588773083e-01 7.704215799336383563e-02 4.220285047331298056e-01
8.009098102588773083e-01 7.704215799336383563e-02 4.220285047331298056e-01
8.009098102588773083e-01 7.704215799336383563e-02 4.220285047331298056e-01
6.339820072129578321e-01 1.593694488534112830e-01 5.301865414584948644e-01
6.339820072129578321e-01 1.593694488534112830e-01 5.301865414584948644e-01
7.834482704605744141e-01 3.341970802195306511e-01 9.615713247674531616e-02
5.219019868168430776e-01 5.164147985285365561e-01 2.085041815863816761e-01
5.219019868168430776e-01 5.164147985285365561e-01 2.085041815863816761e-01
5.219019868168430776e-01 5.164147985285365561e-01 2.085041815863816761e-01
5.219019868168430776e-01 5.164147985285365561e-01 2.085041815863816761e-01
7.785528457405379577e-01 7.231077817551745390e-02 4.706957618126767495e-01
7.785528457405379577e-01 7.231077817551745390e-02 4.706957618126767495e-01
5.126963656258061164e-01 1.310283005537752898e-01 3.870830013506515455e-01
6.520432566725444801e-01 2.275987593216491911e-01 4.480067667999990122e-01
6.546156266546431235e-01 -3.758719410467870059e-02 4.629091796599230646e-01
6.573746260726561763e-01 1.932710399028994830e-01 4.854290869334178526e-01
7.115182434877346251e-01 -2.350641647684453828e-02 5.568196924478568954e-01
3.322177049052147391e-01 5.875692940399919184e-01 2.576510296119474130e-01
3.322177049052147391e-01 5.875692940399919184e-01 2.576510296119474130e-01
3.322177049052147391e-01 5.875692940399919184e-01 2.576510296119474130e-01
3.322177049052147391e-01 5.875692940399919184e-01 2.576510296119474130e-01
3.322177049052147391e-01 5.875692940399919184e-01 2.576510296119474130e-01
3.322177049052147391e-01 5.875692940399919184e-01 2.576510296119474130e-01
3.322177049052147391e-01 5.875692940399919184e-01 2.576510296119474130e-01
6.265380353884408837e-01 2.284548935522007773e-01 4.750864933258595602e-01
6.265380353884408837e-01 2.284548935522007773e-01 4.750864933258595602e-01
6.265380353884408837e-01 2.284548935522007773e-01 4.750864933258595602e-01
6.780722427948411291e-01 7.961544512622845127e-02 5.583170525805268847e-01
6.780722427948411291e-01 7.961544512622845127e-02 5.583170525805268847e-01
6.780722427948411291e-01 7.961544512622845127e-02 5.583170525805268847e-01
6.780722427948411291e-01 7.961544512622845127e-02 5.583170525805268847e-01
6.780722427948411291e-01 7.961544512622845127e-02 5.583170525805268847e-01
