2.489132485845457765e-01 1.481402749648903505e-01 2.012214639733385206e-03
8.132214485585547159e-01 7.098389014241544004e-01 5.124441100588448400e-02
8.132214485585547159e-01 7.098389014241544004e-01 5.124441100588448400e-02
8.132214485585547159e-01 7.098389014241544004e-01 5.124441100588448400e-02
8.132214485585547159e-01 7.098389014241544004e-01 5.124441100588448400e-02
8.132214485585547159e-01 7.098389014241544004e-01 5.124441100588448400e-02
8.132214485585547159e-01 7.098389014241544004e-01 5.124441100588448400e-02
8.132214485585547159e-01 7.098389014241544004e-01 5.124441100588448400e-02
8.132214485585547159e-01 7.098389014241544004e-01 5.124441100588448400e-02
8.132214485585547159e-01 7.098389014241544004e-01 5.124441100588448400e-02
8.132214485585547159e-01 7.098389014241544004e-01 5.124441100588448400e-02
3.087622102156237780e-01 7.943245862429889614e-01 1.211294752369325572e-01
3.087622102156237780e-01 7.943245862429889614e-01 1.211294752369325572e-01
3.104815858405419737e-01 6.397616992475376740e-01 1.267113007851795314e-01
-1.041358684828582182e-01 9.238594969174180882e-01 1.281744957381925898e-01
4.705888322122658840e-02 1.106643264257364478e+00 5.493255294239296482e-02
4.705888322122658840e-02 1.106643264257364478e+00 5.493255294239296482e-02
4.705888322122658840e-02 1.106643264257364478e+00 5.493255294239296482e-02
4.705888322122658840e-02 1.106643264257364478e+00 5.493255294239296482e-02
-1.527891092299680786e-01 1.107435708337358271e+00 8.969395264946149193e-02
-4.827822552936231193e-01 1.104035090352764037e+00 1.100269616636740805e-01
-4.827822552936231193e-01 1.104035090352764037e+00 1.100269616636740805e-01
-4.827822552936231193e-01 1.104035090352764037e+00 1.100269616636740805e-01
-3.065346550193260855e-01 1.174195709854589209e+00 8.872937368253007440e-02
-3.065346550193260855e-01 1.174195709854589209e+00 8.872937368253007440e-02
-3.065346550193260855e-01 1.174195709854589209e+00 8.872937368253007440e-02
-2.989379671385135606e-01 1.117797492424561501e+00 1.052298571120021675e-01
-2.989379671385135606e-01 1.117797492424561501e+00 1.052298571120021675e-01
-2.850959980406320149e-01 9.038511936659674451e-01 1.065076525191170492e-01
-3.623335704856897599e-02 7.282560595900368083e-01 9.849218523631478317e-02
-3.623335704856897599e-02 7.282560595900368083e-01 9.849218523631478317e-02
1.675542140891876364e-01 9.284496616201934893e-01 1.010584613929035314e-01
6.930683552821017557e-01 7.734781837802396920e-01 5.294760385994227991e-02
6.930683552821017557e-01 7.734781837802396920e-01 5.294760385994227991e-02
1.037408303382055585e+00 6.060361014805153435e-01 4.249662881677984672e-02
8.030514089423170798e-01 2.775018365238938189e-01 7.971152757108582176e-02
7.702428978137731974e-01 4.234786933968252010e-01 1.153987409958461413e-01
7.702428978137731974e-01 4.234786933968252010e-01 1.153987409958461413e-01
8.672039043650027201e-01 6.882238402197811133e-01 4.811960042450749014e-02
8.672039043650027201e-01 6.882238402197811133e-01 4.811960042450749014e-02
3.172217574176872112e-01 6.628552137812457890e-01 1.309224417891071968e-01
3.172217574176872112e-01 6.628552137812457890e-01 1.309224417891071968e-01
3.172217574176872112e-01 6.628552137812457890e-01 1.309224417891071968e-01
3.172217574176872112e-01 6.628552137812457890e-01 1.309224417891071968e-01
2.268554788903476283e-02 9.951314427060664602e-01 1.020391743636113180e-01
-2.626950477234548109e-01 9.742250484066578009e-01 1.213648727596328275e-01
-2.015781699555646567e-02 8.932957639177785403e-01 1.300163199130744685e-01
5.142056993485448479e-02 5.815627365991563602e-01 6.033147297302925149e-02
1.612174041863204815e-02 6.711131518282273944e-01 8.779746804462765231e-02
-4.059060787820582827e-02 9.861202841119971474e-01 1.142081692083050798e-01
-4.059060787820582827e-02 9.861202841119971474e-01 1.142081692083050798e-01
-1.493262950114735421e-01 8.866000929525639229e-01 1.228340397653102378e-01
1.125704614436580653e-01 7.340780236242567813e-01 1.253158835767874124e-01
3.491732726863179259e-01 6.357602910023688603e-01 1.290443761157573366e-01
3.491732726863179259e-01 6.357602910023688603e-01 1.290443761157573366e-01
3.491732726863179259e-01 6.357602910023688603e-01 1.290443761157573366e-01
3.491732726863179259e-01 6.357602910023688603e-01 1.290443761157573366e-01
2.886208137001738949e-01 8.393836772866535290e-01 1.108245515645572832e-01
-1.478057970013445521e-01 6.846982962546380724e-01 5.864919150165841949e-02
-1.478057970013445521e-01 6.846982962546380724e-01 5.864919150165841949e-02
-2.605882221590988257e-01 7.797666613475905395e-01 7.001476834626151058e-02
-7.247369913050911716e-01 9.964800343889528289e-01 4.882522061029782867e-02
-5.976788666917451920e-01 1.141154431144558945e+00 1.020276463762858216e-01
-5.976788666917451920e-01 1.141154431144558945e+00 1.020276463762858216e-01
-5.976788666917451920e-01 1.141154431144558945e+00 1.020276463762858216e-01
-8.076386282589854693e-01 1.406445357998923118e+00 7.040434714653331927e-02
-8.888188920423665262e-01 1.425109849350293834e+00 7.036676023323538975e-02
-1.023298962906273424e+00 1.390443656641024539e+00 7.251476315070778944e-02
-1.023298962906273424e+00 1.390443656641024539e+00 7.251476315070778944e-02
-1.023298962906273424e+00 1.390443656641024539e+00 7.251476315070778944e-02
-1.023298962906273424e+00 1.390443656641024539e+00 7.251476315070778944e-02
-1.023298962906273424e+00 1.390443656641024539e+00 7.251476315070778944e-02
-1.007043572668499420e+00 1.287822441874871826e+00 6.775303383699081416e-02
-9.408184346691961242e-01 1.302959909914404246e+00 7.736933719135237475e-02
-9.408184346691961242e-01 1.302959909914404246e+00 7.736933719135237475e-02
-4.458243490766465311e-01 1.326338383001466781e+00 5.607957817162165237e-02
-4.458243490766465311e-01 1.326338383001466781e+00 5.607957817162165237e-02
-4.458243490766465311e-01 1.326338383001466781e+00 5.607957817162165237e-02
-4.458243490766465311e-01 1.326338383001466781e+00 5.607957817162165237e-02
-5.852569340594850900e-01 1.273754700596030132e+00 8.795376210488219104e-02
-7.566554829148295358e-01 1.076870006674473412e+00 6.512837570934344733e-02
-5.231918454798161200e-01 1.173907495694238579e+00 1.046321974628054569e-01
-5.231918454798161200e-01 1.173907495694238579e+00 1.046321974628054569e-01
-6.394769391017562921e-02 1.098933061188657190e+00 7.778799038496139739e-02
-6.394769391017562921e-02 1.098933061188657190e+00 7.778799038496139739e-02
-7.228029813398505199e-02 9.053365886982771560e-01 1.292358430887865228e-01
-7.228029813398505199e-02 9.053365886982771560e-01 1.292358430887865228e-01
-7.228029813398505199e-02 9.053365886982771560e-01 1.292358430887865228e-01
8.504456050770840825e-02 1.198994319960825061e+00 2.288013272115652780e-02
8.504456050770840825e-02 1.198994319960825061e+00 2.288013272115652780e-02
2.205508251727571478e-01 1.176938651555741622e+00 1.459615551886207264e-02
2.205508251727571478e-01 1.176938651555741622e+00 1.459615551886207264e-02
2.205508251727571478e-01 1.176938651555741622e+00 1.459615551886207264e-02
4.656464815212000286e-01 8.836869571037400117e-01 5.826035295110540413e-02
-9.446547807363581128e-02 1.025767737362948795e+00 1.091432898735918144e-01
-3.942499542718291283e-01 1.077722218778369268e+00 1.148442603323003713e-01
-2.861561473545745637e-01 8.956562632467041096e-01 1.040814345789908973e-01
-2.861561473545745637e-01 8.956562632467041096e-01 1.040814345789908973e-01
1.609215229419076465e-01 1.045884156150813205e+00 5.664591054258830832e-02
1.609215229419076465e-01 1.045884156150813205e+00 5.664591054258830832e-02
