2.489132485845457765e-01 1.481402749648903505e-01 1.397064309049813897e-03
2.489132485845457765e-01 1.481402749648903505e-01 1.397064309049813897e-03
2.489132485845457765e-01 1.481402749648903505e-01 1.397064309049813897e-03
2.489132485845457765e-01 1.481402749648903505e-01 1.397064309049813897e-03
6.929369235331341859e-01 6.139388322476448945e-01 8.298080345000566349e-02
6.929369235331341859e-01 6.139388322476448945e-01 8.298080345000566349e-02
1.152795884001202698e+00 5.091704572945331408e-01 5.413501100778309039e-02
1.278504263897071391e+00 4.535927020645775243e-01 5.003453917681767449e-02
1.278504263897071391e+00 4.535927020645775243e-01 5.003453917681767449e-02
1.154057591451237208e+00 4.209852235616010074e-01 7.110777186143904527e-02
1.154057591451237208e+00 4.209852235616010074e-01 7.110777186143904527e-02
1.076327029240934152e+00 5.549994661920033545e-01 5.361585758804406771e-02
1.076327029240934152e+00 5.549994661920033545e-01 5.361585758804406771e-02
1.076327029240934152e+00 5.549994661920033545e-01 5.361585758804406771e-02
5.772317816513636846e-01 5.180814718005308794e-01 8.172375096391959470e-02
5.772317816513636846e-01 5.180814718005308794e-01 8.172375096391959470e-02
8.846017374065465733e-01 3.368725157719174579e-01 7.421343508153821489e-02
8.846017374065465733e-01 3.368725157719174579e-01 7.421343508153821489e-02
9.599742094796531733e-01 4.692356172031959538e-01 8.191804858901106934e-02
1.030252433682970814e+00 8.914277829669765563e-01 4.643019852670763822e-03
1.030252433682970814e+00 8.914277829669765563e-01 4.643019852670763822e-03
7.071246009380706132e-01 7.636376433056698554e-01 4.916975809831940214e-02
6.591063401592424098e-01 5.993114261129879328e-01 8.625680715400360632e-02
3.021883729156167875e-01 6.009441164713700267e-01 6.932753990856876936e-02
3.021883729156167875e-01 6.009441164713700267e-01 6.932753990856876936e-02
3.021883729156167875e-01 6.009441164713700267e-01 6.932753990856876936e-02
3.021883729156167875e-01 6.009441164713700267e-01 6.932753990856876936e-02
5.789089852554698545e-01 6.196809168664291212e-01 8.703365976514826352e-02
5.789089852554698545e-01 6.196809168664291212e-01 8.703365976514826352e-02
5.789089852554698545e-01 6.196809168664291212e-01 8.703365976514826352e-02
8.553596046101337169e-01 5.228032125482000581e-01 8.339993179634670739e-02
8.784290501490548131e-01 4.342168147800924971e-01 8.571680277677092008e-02
9.216880399223560394e-01 6.336105033598193881e-01 5.481832761243076585e-02
8.573273917556323287e-01 4.864837529694451268e-01 8.600638343857174017e-02
8.573273917556323287e-01 4.864837529694451268e-01 8.600638343857174017e-02
8.573273917556323287e-01 4.864837529694451268e-01 8.600638343857174017e-02
7.243616494481999180e-01 4.410639385407231217e-01 8.076597319078236692e-02
7.243616494481999180e-01 4.410639385407231217e-01 8.076597319078236692e-02
6.376715676680400069e-01 6.629583899979477613e-01 7.950645717303563009e-02
6.217243060090045237e-01 8.743815844874767151e-01 3.248801972293263729e-02
6.217243060090045237e-01 8.743815844874767151e-01 3.248801972293263729e-02
2.749080844984266858e-01 1.221773934716202881e+00 6.097530691003374623e-03
2.749080844984266858e-01 1.221773934716202881e+00 6.097530691003374623e-03
-6.741108713893229076e-02 1.012622993185115394e+00 5.952364436935186215e-02
-1.437158598505068607e-01 8.908037074233371433e-01 6.333919887155971262e-02
-3.401744661758355770e-01 9.944614515128850085e-01 5.423231582146281066e-02
1.757582211384091098e-01 8.875467567022128357e-01 7.005147246553228291e-02
7.892198070475500704e-02 7.065687950365783232e-01 6.289569392564652028e-02
7.892198070475500704e-02 7.065687950365783232e-01 6.289569392564652028e-02
3.480319196089723954e-01 6.262722869266579284e-01 7.826887399831305991e-02
3.866044174375244391e-01 6.264922848082411511e-01 8.139546561727883933e-02
5.253903881638318785e-01 5.451894790418861936e-01 8.164423233189711804e-02
7.828049719797008921e-01 4.309973021883095057e-01 8.286438301222415204e-02
6.367616608624013796e-01 4.618842342357766806e-01 7.735969268568410051e-02
6.367616608624013796e-01 4.618842342357766806e-01 7.735969268568410051e-02
6.367616608624013796e-01 4.618842342357766806e-01 7.735969268568410051e-02
4.698068728123352411e-01 3.040229845054032154e-01 2.317063514567558810e-02
3.595172594115315645e-01 5.819521327780827757e-01 7.212826200520068565e-02
3.595172594115315645e-01 5.819521327780827757e-01 7.212826200520068565e-02
3.595172594115315645e-01 5.819521327780827757e-01 7.212826200520068565e-02
3.595172594115315645e-01 5.819521327780827757e-01 7.212826200520068565e-02
3.595172594115315645e-01 5.819521327780827757e-01 7.212826200520068565e-02
7.994816654028760183e-01 2.984711633853924795e-01 5.741773416188524631e-02
1.048565963661486355e+00 2.392135459848762913e-01 6.700558642457081493e-02
1.622562829470657331e+00 1.095288378408196261e-01 5.768882291705962340e-02
1.554491085848660026e+00 1.534979638627195497e-01 6.094294404284588546e-02
1.554491085848660026e+00 1.534979638627195497e-01 6.094294404284588546e-02
1.554491085848660026e+00 1.534979638627195497e-01 6.094294404284588546e-02
1.428201327764440975e+00 1.071712673083390632e-01 6.167400751963934141e-02
1.078703251224317317e+00 3.043875417091007618e-01 7.851533642822779158e-02
1.405385867953948598e+00 3.400420062117765485e-01 5.604285414814249439e-02
1.714383614485631702e+00 2.403740626223229981e-01 3.700430028101627661e-02
1.714383614485631702e+00 2.403740626223229981e-01 3.700430028101627661e-02
1.555458849630276585e+00 -1.017105712731868616e-01 3.257471473766054143e-02
1.555458849630276585e+00 -1.017105712731868616e-01 3.257471473766054143e-02
1.635080396821650517e+00 -1.586824007797096869e-03 5.106816394201613846e-02
1.635080396821650517e+00 -1.586824007797096869e-03 5.106816394201613846e-02
1.635080396821650517e+00 -1.586824007797096869e-03 5.106816394201613846e-02
1.745074729055351881e+00 -1.069849867439069541e-01 3.956946641512846391e-02
1.635013471200457147e+00 1.277443225826234152e-01 5.652249876679470153e-02
1.635013471200457147e+00 1.277443225826234152e-01 5.652249876679470153e-02
1.708860631070707514e+00 2.684801939114049851e-01 3.334691332658679119e-02
2.181682211586967846e+00 -6.460624383458180020e-02 2.759865935941988382e-02
2.181682211586967846e+00 -6.460624383458180020e-02 2.759865935941988382e-02
2.181682211586967846e+00 -6.460624383458180020e-02 2.759865935941988382e-02
1.845933982037150312e+00 3.423520019634187506e-01 1.241931598562284050e-02
1.845933982037150312e+00 3.423520019634187506e-01 1.241931598562284050e-02
1.761481916683373283e+00 2.661276421116270940e-01 2.841164039832398680e-02
1.761481916683373283e+00 2.661276421116270940e-01 2.841164039832398680e-02
1.761481916683373283e+00 2.661276421116270940e-01 2.841164039832398680e-02
1.702201983313990530e+00 3.410223917977043273e-01 2.315413565237127436e-02
1.684102729408623711e+00 3.531069138594730150e-01 2.304412852957050950e-02
1.486415596643283044e+00 2.704196539784536890e-01 5.742792347800856900e-02
1.486415596643283044e+00 2.704196539784536890e-01 5.742792347800856900e-02
1.388252113993760029e+00 2.559115434662305177e-01 6.786776161013023667e-02
1.138038869090922223e+00 4.358660565772323192e-01 7.045397199554431777e-02
1.138038869090922223e+00 4.358660565772323192e-01 7.045397199554431777e-02
1.138038869090922223e+00 4.358660565772323192e-01 7.045397199554431777e-02
1.138038869090922223e+00 4.358660565772323192e-01 7.045397199554431777e-02
1.138038869090922223e+00 4.358660565772323192e-01 7.045397199554431777e-02
