2.489132485845457765e-01 1.481402749648903505e-01 1.686880682125200537e-01
2.489132485845457765e-01 1.481402749648903505e-01 1.686880682125200537e-01
3.145374589083906880e-01 3.113729670141596739e-01 6.979610420675267379e-01
9.313812617258176996e-02 3.649501172435225538e-01 6.734880876110253822e-02
9.313812617258176996e-02 3.649501172435225538e-01 6.734880876110253822e-02
9.313812617258176996e-02 3.649501172435225538e-01 6.734880876110253822e-02
9.313812617258176996e-02 3.649501172435225538e-01 6.734880876110253822e-02
3.379470520492233732e-01 5.115831942909501162e-01 5.639687577332118673e-01
3.379470520492233732e-01 5.115831942909501162e-01 5.639687577332118673e-01
3.379470520492233732e-01 5.115831942909501162e-01 5.639687577332118673e-01
3.379470520492233732e-01 5.115831942909501162e-01 5.639687577332118673e-01
3.379470520492233732e-01 5.115831942909501162e-01 5.639687577332118673e-01
2.104057048306994249e-01 5.872295282473034561e-01 6.194909698880624038e-01
2.104057048306994249e-01 5.872295282473034561e-01 6.194909698880624038e-01
2.104057048306994249e-01 5.872295282473034561e-01 6.194909698880624038e-01
2.104057048306994249e-01 5.872295282473034561e-01 6.194909698880624038e-01
2.857020297290712163e-01 8.082876761519423026e-01 1.398762438032284117e-01
2.857020297290712163e-01 8.082876761519423026e-01 1.398762438032284117e-01
1.221806880111744043e-01 6.035376612957413789e-01 3.697508435243494485e-01
1.221806880111744043e-01 6.035376612957413789e-01 3.697508435243494485e-01
1.221806880111744043e-01 6.035376612957413789e-01 3.697508435243494485e-01
1.221806880111744043e-01 6.035376612957413789e-01 3.697508435243494485e-01
1.221806880111744043e-01 6.035376612957413789e-01 3.697508435243494485e-01
1.221806880111744043e-01 6.035376612957413789e-01 3.697508435243494485e-01
1.221806880111744043e-01 6.035376612957413789e-01 3.697508435243494485e-01
1.221806880111744043e-01 6.035376612957413789e-01 3.697508435243494485e-01
2.898203255312913340e-01 6.182675948459581683e-01 4.900363872368693752e-01
2.898203255312913340e-01 6.182675948459581683e-01 4.900363872368693752e-01
2.898203255312913340e-01 6.182675948459581683e-01 4.900363872368693752e-01
-5.882846590633289408e-02 7.134352240414423285e-01 3.230718496181050892e-02
-5.882846590633289408e-02 7.134352240414423285e-01 3.230718496181050892e-02
-5.882846590633289408e-02 7.134352240414423285e-01 3.230718496181050892e-02
-5.882846590633289408e-02 7.134352240414423285e-01 3.230718496181050892e-02
-5.882846590633289408e-02 7.134352240414423285e-01 3.230718496181050892e-02
-5.882846590633289408e-02 7.134352240414423285e-01 3.230718496181050892e-02
-5.882846590633289408e-02 7.134352240414423285e-01 3.230718496181050892e-02
-5.882846590633289408e-02 7.134352240414423285e-01 3.230718496181050892e-02
-5.882846590633289408e-02 7.134352240414423285e-01 3.230718496181050892e-02
2.300522282856612422e-01 7.418290054191570837e-01 3.689774749789899166e-01
2.300522282856612422e-01 7.418290054191570837e-01 3.689774749789899166e-01
2.300522282856612422e-01 7.418290054191570837e-01 3.689774749789899166e-01
2.300522282856612422e-01 7.418290054191570837e-01 3.689774749789899166e-01
2.300522282856612422e-01 7.418290054191570837e-01 3.689774749789899166e-01
7.422108853213291169e-02 7.467802691733860243e-01 2.741107470986680616e-01
7.422108853213291169e-02 7.467802691733860243e-01 2.741107470986680616e-01
8.442677164341447216e-02 5.927711004100960634e-01 2.326929773854110040e-01
8.442677164341447216e-02 5.927711004100960634e-01 2.326929773854110040e-01
8.442677164341447216e-02 5.927711004100960634e-01 2.326929773854110040e-01
8.442677164341447216e-02 5.927711004100960634e-01 2.326929773854110040e-01
2.893694373326543556e-01 6.873643222872589664e-01 3.386518108566675123e-01
2.893694373326543556e-01 6.873643222872589664e-01 3.386518108566675123e-01
2.893694373326543556e-01 6.873643222872589664e-01 3.386518108566675123e-01
2.893694373326543556e-01 6.873643222872589664e-01 3.386518108566675123e-01
2.387407698882133555e-01 8.652495230482315502e-01 1.442994246123246171e-01
2.387407698882133555e-01 8.652495230482315502e-01 1.442994246123246171e-01
2.387407698882133555e-01 8.652495230482315502e-01 1.442994246123246171e-01
-7.293812738625449210e-04 8.587064341909073084e-01 1.301200313516685803e-01
-7.293812738625449210e-04 8.587064341909073084e-01 1.301200313516685803e-01
2.566030301917312517e-01 1.006744307756546775e+00 2.463097858179463806e-02
1.179366123524458465e-02 5.132144624323204951e-01 3.948403005377230934e-02
7.883924598661953831e-03 5.844260102845433291e-01 6.078931579458385359e-02
7.883924598661953831e-03 5.844260102845433291e-01 6.078931579458385359e-02
1.495290687372887173e-01 6.659779577874673784e-01 4.681811961074696105e-01
1.927095011919020273e-01 3.555313143540974608e-01 3.273082039506035601e-01
1.927095011919020273e-01 3.555313143540974608e-01 3.273082039506035601e-01
1.927095011919020273e-01 3.555313143540974608e-01 3.273082039506035601e-01
1.204208345111942718e-01 6.786368383481589106e-01 3.921019212558429223e-01
1.204208345111942718e-01 6.786368383481589106e-01 3.921019212558429223e-01
1.204208345111942718e-01 6.786368383481589106e-01 3.921019212558429223e-01
1.204208345111942718e-01 6.786368383481589106e-01 3.921019212558429223e-01
1.204208345111942718e-01 6.786368383481589106e-01 3.921019212558429223e-01
1.204208345111942718e-01 6.786368383481589106e-01 3.921019212558429223e-01
1.204208345111942718e-01 6.786368383481589106e-01 3.921019212558429223e-01
1.204208345111942718e-01 6.786368383481589106e-01 3.921019212558429223e-01
1.743187942351352437e-01 7.396802715780264048e-01 4.294331865924979619e-01
1.743187942351352437e-01 7.396802715780264048e-01 4.294331865924979619e-01
1.743187942351352437e-01 7.396802715780264048e-01 4.294331865924979619e-01
1.743187942351352437e-01 7.396802715780264048e-01 4.294331865924979619e-01
3.141274292920659406e-01 5.022650096068612680e-01 6.581683804989768571e-01
3.141274292920659406e-01 5.022650096068612680e-01 6.581683804989768571e-01
3.141274292920659406e-01 5.022650096068612680e-01 6.581683804989768571e-01
2.850232572496658179e-01 6.491859641852424367e-01 4.348262918490645168e-01
4.190803281911418265e-01 1.727681305479259466e-01 5.829355207080473278e-01
4.190803281911418265e-01 1.727681305479259466e-01 5.829355207080473278e-01
4.190803281911418265e-01 1.727681305479259466e-01 5.829355207080473278e-01
4.190803281911418265e-01 1.727681305479259466e-01 5.829355207080473278e-01
4.190803281911418265e-01 1.727681305479259466e-01 5.829355207080473278e-01
3.040273330990254097e-01 4.138627752299919305e-01 7.573404369600772457e-01
2.705182600046033281e-01 3.623901075279445383e-01 6.564397530394660008e-01
2.705182600046033281e-01 3.623901075279445383e-01 6.564397530394660008e-01
2.705182600046033281e-01 3.623901075279445383e-01 6.564397530394660008e-01
2.705182600046033281e-01 3.623901075279445383e-01 6.564397530394660008e-01
2.705182600046033281e-01 3.623901075279445383e-01 6.564397530394660008e-01
2.705182600046033281e-01 3.623901075279445383e-01 6.564397530394660008e-01
2.486488304187270681e-01 6.434840335535807476e-01 5.340517971242848549e-01
3.585476735771794821e-01 8.428315578596969893e-01 2.915743722071936425e-02
3.585476735771794821e-01 8.428315578596969893e-01 2.915743722071936425e-02
3.585476735771794821e-01 8.428315578596969893e-01 2.915743722071936425e-02
3.585476735771794821e-01 8.428315578596969893e-01 2.915743722071936425e-02
-2.460569441706728089e-02 6.102916186766659257e-01 3.587962706939766544e-02
