2.489132485845457765e-01 1.481402749648903505e-01 4.713626697393850408e-03
4.590030368182656528e-01 3.668933145240048654e-01 1.152290023714887951e-01
9.178546185563224435e-02 7.258887543805645493e-01 2.033096096539502573e-01
9.178546185563224435e-02 7.258887543805645493e-01 2.033096096539502573e-01
9.178546185563224435e-02 7.258887543805645493e-01 2.033096096539502573e-01
9.178546185563224435e-02 7.258887543805645493e-01 2.033096096539502573e-01
9.178546185563224435e-02 7.258887543805645493e-01 2.033096096539502573e-01
9.178546185563224435e-02 7.258887543805645493e-01 2.033096096539502573e-01
9.178546185563224435e-02 7.258887543805645493e-01 2.033096096539502573e-01
9.178546185563224435e-02 7.258887543805645493e-01 2.033096096539502573e-01
-3.594974697154022514e-01 9.237761313362510274e-01 1.494364479726124628e-01
-3.594974697154022514e-01 9.237761313362510274e-01 1.494364479726124628e-01
-4.695794094812618669e-01 7.987347257712384963e-01 3.910042519493744928e-02
-4.690875670031074973e-02 1.125827188943822055e+00 7.555092436568119907e-02
2.631525587021424362e-01 6.079034101809408508e-01 1.876042946829745428e-01
2.631525587021424362e-01 6.079034101809408508e-01 1.876042946829745428e-01
3.000457495879743641e-02 7.685557807687348753e-01 2.063249679659842351e-01
-5.923762486843960062e-02 8.707478641123685970e-01 2.108166597011426335e-01
-5.923762486843960062e-02 8.707478641123685970e-01 2.108166597011426335e-01
-4.582438439267925712e-01 1.134900714278316514e+00 1.769665638610241343e-01
-6.537885317257947637e-01 1.416084895426239942e+00 9.695203313881622931e-02
-6.011683293122727090e-01 1.424795173134181248e+00 8.194799513259984347e-02
-7.198373281297592019e-01 1.381126586269858958e+00 1.187033003400854297e-01
-7.198373281297592019e-01 1.381126586269858958e+00 1.187033003400854297e-01
-7.198373281297592019e-01 1.381126586269858958e+00 1.187033003400854297e-01
-7.198373281297592019e-01 1.381126586269858958e+00 1.187033003400854297e-01
-4.288172126252363103e-01 1.193159423522304197e+00 1.611962252905870530e-01
-4.288172126252363103e-01 1.193159423522304197e+00 1.611962252905870530e-01
-4.288172126252363103e-01 1.193159423522304197e+00 1.611962252905870530e-01
-4.288172126252363103e-01 1.193159423522304197e+00 1.611962252905870530e-01
-4.288172126252363103e-01 1.193159423522304197e+00 1.611962252905870530e-01
-4.288172126252363103e-01 1.193159423522304197e+00 1.611962252905870530e-01
-4.288172126252363103e-01 1.193159423522304197e+00 1.611962252905870530e-01
-4.288172126252363103e-01 1.193159423522304197e+00 1.611962252905870530e-01
-4.288172126252363103e-01 1.193159423522304197e+00 1.611962252905870530e-01
-2.392816019025668928e-01 1.056499439165664800e+00 1.862908646899263110e-01
-2.392816019025668928e-01 1.056499439165664800e+00 1.862908646899263110e-01
5.994413798593908882e-02 9.867581519771426724e-01 1.190628597617598566e-01
5.994413798593908882e-02 9.867581519771426724e-01 1.190628597617598566e-01
1.166908544767126937e-01 6.846363744021506381e-01 1.946474720005271497e-01
1.166908544767126937e-01 6.846363744021506381e-01 1.946474720005271497e-01
1.166908544767126937e-01 6.846363744021506381e-01 1.946474720005271497e-01
8.538455476618092566e-03 8.489576020097584497e-01 2.080864692393031845e-01
-1.273782901048863270e-01 9.082242026796657486e-01 2.094093534920911659e-01
-1.273782901048863270e-01 9.082242026796657486e-01 2.094093534920911659e-01
1.282028901556578893e-01 6.166031948954978636e-01 1.651035014767194276e-01
1.282028901556578893e-01 6.166031948954978636e-01 1.651035014767194276e-01
1.282028901556578893e-01 6.166031948954978636e-01 1.651035014767194276e-01
1.282028901556578893e-01 6.166031948954978636e-01 1.651035014767194276e-01
-1.372612233491841138e-01 9.700579792915896560e-01 1.996830657743214887e-01
-3.401981970587101278e-01 1.153982728053878581e+00 1.626961204288001894e-01
-3.401981970587101278e-01 1.153982728053878581e+00 1.626961204288001894e-01
-7.697845538832853718e-02 9.082217285184640554e-01 2.073642483007850923e-01
-7.697845538832853718e-02 9.082217285184640554e-01 2.073642483007850923e-01
-5.046875645891634177e-01 1.000925345505828901e+00 1.253646629211180863e-01
-3.757391040406055094e-02 1.174556005840745598e+00 4.785533764241439725e-02
-3.757391040406055094e-02 1.174556005840745598e+00 4.785533764241439725e-02
-1.570535062627661793e-01 7.454831070961687178e-01 1.322757885787866350e-01
-1.570535062627661793e-01 7.454831070961687178e-01 1.322757885787866350e-01
3.130569370016277331e-01 6.878714491523281183e-01 1.768305678048143204e-01
3.130569370016277331e-01 6.878714491523281183e-01 1.768305678048143204e-01
3.130569370016277331e-01 6.878714491523281183e-01 1.768305678048143204e-01
3.339048989291595881e-01 7.198712077812163823e-01 1.559311719366077986e-01
3.339048989291595881e-01 7.198712077812163823e-01 1.559311719366077986e-01
3.339048989291595881e-01 7.198712077812163823e-01 1.559311719366077986e-01
3.339048989291595881e-01 7.198712077812163823e-01 1.559311719366077986e-01
3.878155102622514727e-01 4.579311710750850195e-01 1.464704498802977817e-01
3.878155102622514727e-01 4.579311710750850195e-01 1.464704498802977817e-01
3.878155102622514727e-01 4.579311710750850195e-01 1.464704498802977817e-01
3.878155102622514727e-01 4.579311710750850195e-01 1.464704498802977817e-01
3.878155102622514727e-01 4.579311710750850195e-01 1.464704498802977817e-01
1.935285145611461421e-01 4.610301176719312499e-01 9.034579235486119020e-02
1.724027477100404104e-01 5.649714203968170256e-01 1.486846454861182332e-01
5.285282381200270274e-01 5.452311739685831160e-01 1.470675809862827255e-01
5.285282381200270274e-01 5.452311739685831160e-01 1.470675809862827255e-01
5.285282381200270274e-01 5.452311739685831160e-01 1.470675809862827255e-01
5.285282381200270274e-01 5.452311739685831160e-01 1.470675809862827255e-01
2.599737543858871569e-01 3.459023753410382374e-01 5.006751784507391945e-02
5.276153289987042250e-01 9.269057397170349377e-02 1.806840917533501095e-02
9.357586426113801981e-01 3.507086302043416759e-01 6.695996818921987059e-02
9.357586426113801981e-01 3.507086302043416759e-01 6.695996818921987059e-02
9.357586426113801981e-01 3.507086302043416759e-01 6.695996818921987059e-02
6.142144516198968507e-01 4.823131278045872383e-01 1.345801002804008495e-01
7.271597074604466693e-01 5.509436703178479666e-01 7.065571495161196425e-02
7.271597074604466693e-01 5.509436703178479666e-01 7.065571495161196425e-02
-2.309877322915896425e-01 8.535209108308984272e-01 1.665735496411648309e-01
-4.753090911122446194e-01 8.772108175155689525e-01 7.143708373781888776e-02
-4.753090911122446194e-01 8.772108175155689525e-01 7.143708373781888776e-02
-2.734356400287386024e-01 1.203189698450673584e+00 1.125596756482439703e-01
-2.734356400287386024e-01 1.203189698450673584e+00 1.125596756482439703e-01
-4.860812708719446373e-01 1.132535315430186040e+00 1.733624903608315393e-01
-3.921694822733851060e-01 1.215658869965767996e+00 1.426272200332892037e-01
-3.921694822733851060e-01 1.215658869965767996e+00 1.426272200332892037e-01
-8.515078843268611974e-01 1.450151236441383995e+00 1.017414169126865109e-01
-8.515078843268611974e-01 1.450151236441383995e+00 1.017414169126865109e-01
-8.515078843268611974e-01 1.450151236441383995e+00 1.017414169126865109e-01
-8.515078843268611974e-01 1.450151236441383995e+00 1.017414169126865109e-01
-7.321242188918382077e-01 1.193831585362466585e+00 1.140504003297300173e-01
-7.321242188918382077e-01 1.193831585362466585e+00 1.140504003297300173e-01
-7.321242188918382077e-01 1.193831585362466585e+00 1.140504003297300173e-01
