2.489132485845457765e-01 1.481402749648903505e-01 1.584666989110314686e-03
5.509091575892544057e-01 5.006883594354403222e-01 9.359780359981585696e-02
3.518610267156686011e-01 5.161259215007890644e-01 7.900089142591551483e-02
3.518610267156686011e-01 5.161259215007890644e-01 7.900089142591551483e-02
-8.440848854321164607e-02 2.474226356836726759e-01 7.397659161742187140e-04
1.827266129630064073e-01 2.721430946716463795e-01 5.668508404323110636e-03
1.827266129630064073e-01 2.721430946716463795e-01 5.668508404323110636e-03
3.291867299032763539e-01 2.759557186302664111e-01 1.217791070170339690e-02
3.291867299032763539e-01 2.759557186302664111e-01 1.217791070170339690e-02
3.291867299032763539e-01 2.759557186302664111e-01 1.217791070170339690e-02
3.291867299032763539e-01 2.759557186302664111e-01 1.217791070170339690e-02
3.139114553629775983e-01 4.327913001618642896e-01 4.525722217860903701e-02
3.139114553629775983e-01 4.327913001618642896e-01 4.525722217860903701e-02
3.139114553629775983e-01 4.327913001618642896e-01 4.525722217860903701e-02
3.139114553629775983e-01 4.327913001618642896e-01 4.525722217860903701e-02
1.189108267701495802e-01 5.507414005521353850e-01 5.780413259692600975e-02
1.189108267701495802e-01 5.507414005521353850e-01 5.780413259692600975e-02
3.079464607835927237e-01 6.462382255344776283e-01 1.132337009872668304e-01
3.079464607835927237e-01 6.462382255344776283e-01 1.132337009872668304e-01
3.079464607835927237e-01 6.462382255344776283e-01 1.132337009872668304e-01
2.600871380631902818e-02 5.125881734192319072e-01 3.283225838734833008e-02
-3.931849970594515908e-01 1.156956437653749781e+00 1.117572240797522487e-01
-3.931849970594515908e-01 1.156956437653749781e+00 1.117572240797522487e-01
-6.150909783978441014e-01 1.172578591500151424e+00 1.225940894704678763e-01
-2.751995124216651822e-01 1.234403350192380344e+00 6.368687104576165048e-02
-2.751995124216651822e-01 1.234403350192380344e+00 6.368687104576165048e-02
-4.679180606959862931e-01 9.375789129581901804e-01 1.014741922076768388e-01
-5.269935629815292177e-01 9.923570473000828951e-01 1.088344177584398276e-01
-4.303835112578816013e-01 8.488215224786035407e-01 7.534469618519806788e-02
-4.303835112578816013e-01 8.488215224786035407e-01 7.534469618519806788e-02
-2.350097126249992285e-01 9.487100575224094445e-01 1.321279537694348694e-01
-2.232224621152073818e-01 9.942786900124928051e-01 1.315329721159761989e-01
-2.232224621152073818e-01 9.942786900124928051e-01 1.315329721159761989e-01
-2.232224621152073818e-01 9.942786900124928051e-01 1.315329721159761989e-01
-4.308472374852470033e-01 8.999157123228556099e-01 9.485511661255703608e-02
-4.308472374852470033e-01 8.999157123228556099e-01 9.485511661255703608e-02
-2.484054104366223148e-01 1.098655093369432789e+00 1.107445772393499672e-01
-2.484054104366223148e-01 1.098655093369432789e+00 1.107445772393499672e-01
-2.484054104366223148e-01 1.098655093369432789e+00 1.107445772393499672e-01
-2.484054104366223148e-01 1.098655093369432789e+00 1.107445772393499672e-01
-2.963232014122723079e-01 7.418529964532609711e-01 5.940557565117311756e-02
-1.357115842300554709e-01 6.378773030520271670e-01 4.898688333243637200e-02
-1.622483131433672121e-01 1.008546815326110568e+00 1.248771285619744015e-01
-4.730399298035570244e-01 1.227979084337927240e+00 9.871459095499907077e-02
-4.730399298035570244e-01 1.227979084337927240e+00 9.871459095499907077e-02
-4.730399298035570244e-01 1.227979084337927240e+00 9.871459095499907077e-02
3.112034484675715307e-01 7.912058570847011474e-01 1.130882797113539895e-01
9.965987343021173728e-02 6.271603864953155805e-01 8.363406904569214984e-02
7.107042370772052031e-01 6.007884539907191179e-01 9.176517745786874625e-02
1.039237165335327395e+00 6.369786112497503039e-01 3.337796633788199518e-02
1.047917871911392185e+00 3.916388535517607017e-01 7.291576514261212394e-02
1.255196767310409189e+00 3.332874468642430532e-01 5.690760521893988705e-02
1.024102989690349741e+00 5.382081208874940348e-01 5.698695801603798766e-02
8.836146259959820615e-01 5.836902432520646444e-01 6.904861299793338403e-02
8.715287240395162005e-01 2.235450850210203844e-01 4.363386507235587214e-02
8.075504852572799042e-01 2.289330003814241399e-01 3.972391253676904599e-02
8.075504852572799042e-01 2.289330003814241399e-01 3.972391253676904599e-02
1.144687309667284714e+00 4.138383543818234811e-01 6.122555665105031825e-02
1.032589951327877786e+00 3.479538269750850343e-01 7.296506797277343970e-02
1.032589951327877786e+00 3.479538269750850343e-01 7.296506797277343970e-02
1.032589951327877786e+00 3.479538269750850343e-01 7.296506797277343970e-02
1.497116081592374748e+00 2.934798345980630940e-01 3.628115304127432078e-02
1.537382808284820657e+00 2.546679489021779208e-01 3.634003219424275510e-02
1.537382808284820657e+00 2.546679489021779208e-01 3.634003219424275510e-02
2.022381625110982739e+00 1.757350825023738516e-01 9.235193098611879994e-03
1.717760972965586497e+00 2.412819142536600792e-01 2.221521280143229013e-02
2.084672447221056490e+00 1.146929868185763701e-01 9.926574644407402948e-03
1.903461038697627838e+00 5.906964793971344885e-02 2.222927496554597329e-02
2.344600925438576677e+00 -8.723529438211705123e-02 8.603211032414466441e-03
2.344600925438576677e+00 -8.723529438211705123e-02 8.603211032414466441e-03
2.344600925438576677e+00 -8.723529438211705123e-02 8.603211032414466441e-03
1.799164138228968923e+00 -2.152198005364208133e-01 1.352639801913822944e-02
1.799164138228968923e+00 -2.152198005364208133e-01 1.352639801913822944e-02
1.967398717874106362e+00 -3.656666460198072510e-01 6.242059618700343017e-03
1.967398717874106362e+00 -3.656666460198072510e-01 6.242059618700343017e-03
1.967398717874106362e+00 -3.656666460198072510e-01 6.242059618700343017e-03
1.694054163129281143e+00 -1.995105423058667060e-01 1.287253382524168252e-02
1.655917410881348584e+00 1.090999156647098622e-01 3.494755440013888603e-02
1.244294757260569595e+00 3.507981519321929920e-01 5.661579652361379417e-02
1.244294757260569595e+00 3.507981519321929920e-01 5.661579652361379417e-02
9.210595620065245015e-01 3.280592189584376484e-01 7.124570582597110346e-02
5.333858466487826355e-01 3.481764557444152475e-01 4.557596390287992072e-02
5.493510623697341888e-01 1.973446909062555321e-01 1.384915198296338482e-02
1.819527057993580166e-01 6.234737214889646273e-01 9.447294039355116912e-02
5.809745418370504400e-01 8.286203356510108975e-01 5.386424577873961256e-02
2.043384485526388850e-01 7.421987706613564217e-01 1.243351253274811580e-01
8.896556072807964011e-01 7.507514289931236373e-01 2.826766845368167136e-02
3.341397021430717595e-01 9.656369830450328706e-01 5.316303335044271494e-02
3.341397021430717595e-01 9.656369830450328706e-01 5.316303335044271494e-02
2.449051842427310555e-01 6.808584446799255119e-01 1.169562399839820938e-01
2.449051842427310555e-01 6.808584446799255119e-01 1.169562399839820938e-01
2.449051842427310555e-01 6.808584446799255119e-01 1.169562399839820938e-01
2.449051842427310555e-01 6.808584446799255119e-01 1.169562399839820938e-01
2.449051842427310555e-01 6.808584446799255119e-01 1.169562399839820938e-01
-1.075216692009194341e-01 7.654950859711738831e-01 1.024479164607369486e-01
6.115623954026111475e-02 7.446008352954877063e-01 1.179809636599285089e-01
2.760581029142207821e-01 7.313136813079545995e-01 1.223062874517005238e-01
2.816105487976788835e-01 7.012651251800967600e-01 1.207098239836024572e-01
4.783677572541089607e-01 1.039176988773973020e+00 1.623772810873547884e-02
-6.455288760452138064e-02 6.566653571238529885e-01 6.763782546673884066e-02
