2.489132485845457765e-01 1.481402749648903505e-01 2.301507580049236279e-01
2.489132485845457765e-01 1.481402749648903505e-01 2.301507580049236279e-01
2.489132485845457765e-01 1.481402749648903505e-01 2.301507580049236279e-01
2.489132485845457765e-01 1.481402749648903505e-01 2.301507580049236279e-01
2.489132485845457765e-01 1.481402749648903505e-01 2.301507580049236279e-01
4.579444848281861713e-01 -3.383026649585021972e-02 2.867169519987507464e-01
2.729249024247070166e-01 1.844312647880487765e-01 3.876423400209389469e-01
2.729249024247070166e-01 1.844312647880487765e-01 3.876423400209389469e-01
2.729249024247070166e-01 1.844312647880487765e-01 3.876423400209389469e-01
2.517575290364523211e-01 1.494059666072176940e-01 2.412217559765700292e-01
2.517575290364523211e-01 1.494059666072176940e-01 2.412217559765700292e-01
4.779732010707681833e-01 2.369619620948912320e-01 2.328515479557169698e-01
2.394005636061826148e-01 3.837489250025524212e-01 6.826674709426803211e-01
1.507439422580184596e-01 5.964456856790660844e-01 5.819582950777695274e-01
1.496040918691330934e-01 5.897022080102489738e-01 5.796703106727139065e-01
1.496040918691330934e-01 5.897022080102489738e-01 5.796703106727139065e-01
2.037187392844058698e-01 3.951351986285196460e-01 5.781641003290116654e-01
2.037187392844058698e-01 3.951351986285196460e-01 5.781641003290116654e-01
2.989330823214050858e-01 3.452802849612733871e-01 7.198795530299488821e-01
2.989330823214050858e-01 3.452802849612733871e-01 7.198795530299488821e-01
2.989330823214050858e-01 3.452802849612733871e-01 7.198795530299488821e-01
5.142864200095742522e-01 8.801035290718828286e-02 2.313967660836235007e-01
5.142864200095742522e-01 8.801035290718828286e-02 2.313967660836235007e-01
1.947674254862502008e-01 3.365768102690266383e-01 4.197229814903080669e-01
1.298333417938271062e-01 5.073408534163743600e-01 4.419554162853478463e-01
1.298333417938271062e-01 5.073408534163743600e-01 4.419554162853478463e-01
1.298333417938271062e-01 5.073408534163743600e-01 4.419554162853478463e-01
1.298333417938271062e-01 5.073408534163743600e-01 4.419554162853478463e-01
3.810849800885711680e-01 4.901161420858770601e-01 2.249529939251724286e-01
3.810849800885711680e-01 4.901161420858770601e-01 2.249529939251724286e-01
3.810849800885711680e-01 4.901161420858770601e-01 2.249529939251724286e-01
1.178231372142716227e-01 4.047021437891606954e-01 2.296550000738799557e-01
1.178231372142716227e-01 4.047021437891606954e-01 2.296550000738799557e-01
1.178231372142716227e-01 4.047021437891606954e-01 2.296550000738799557e-01
1.305209666859432349e-01 3.667992604275258639e-01 2.162538520602831360e-01
1.305209666859432349e-01 3.667992604275258639e-01 2.162538520602831360e-01
1.305209666859432349e-01 3.667992604275258639e-01 2.162538520602831360e-01
1.305209666859432349e-01 3.667992604275258639e-01 2.162538520602831360e-01
1.305209666859432349e-01 3.667992604275258639e-01 2.162538520602831360e-01
1.305209666859432349e-01 3.667992604275258639e-01 2.162538520602831360e-01
2.966040581713701441e-01 1.681330046771517539e-02 1.375567105165363402e-01
2.966040581713701441e-01 1.681330046771517539e-02 1.375567105165363402e-01
2.966040581713701441e-01 1.681330046771517539e-02 1.375567105165363402e-01
2.966040581713701441e-01 1.681330046771517539e-02 1.375567105165363402e-01
2.966040581713701441e-01 1.681330046771517539e-02 1.375567105165363402e-01
2.966040581713701441e-01 1.681330046771517539e-02 1.375567105165363402e-01
3.983210536653858935e-01 -2.302322947987739121e-01 3.926148057820043336e-02
3.983210536653858935e-01 -2.302322947987739121e-01 3.926148057820043336e-02
3.983210536653858935e-01 -2.302322947987739121e-01 3.926148057820043336e-02
6.140149447392440063e-01 -4.057610293138705915e-01 3.056069625220942526e-02
3.281937250267246697e-01 7.532755466289992041e-02 3.135428007832036235e-01
3.976105059646599660e-01 3.923722465106466717e-01 3.286965654161433381e-01
3.976105059646599660e-01 3.923722465106466717e-01 3.286965654161433381e-01
3.976105059646599660e-01 3.923722465106466717e-01 3.286965654161433381e-01
3.976105059646599660e-01 3.923722465106466717e-01 3.286965654161433381e-01
3.976105059646599660e-01 3.923722465106466717e-01 3.286965654161433381e-01
3.976105059646599660e-01 3.923722465106466717e-01 3.286965654161433381e-01
3.976105059646599660e-01 3.923722465106466717e-01 3.286965654161433381e-01
4.313912487060719836e-01 5.233766479409849293e-01 6.512809954970126547e-02
6.602267963316765798e-02 4.306870988085563789e-01 1.114866215641428376e-01
1.400495267880585981e-02 6.279361675706237600e-01 1.564880332641017391e-01
1.813740279057442784e-01 7.285085518492030454e-01 3.976310202756143108e-01
1.592251357472145024e-01 4.469364932752211139e-01 4.771835729713708729e-01
1.592251357472145024e-01 4.469364932752211139e-01 4.771835729713708729e-01
1.592251357472145024e-01 4.469364932752211139e-01 4.771835729713708729e-01
1.592251357472145024e-01 4.469364932752211139e-01 4.771835729713708729e-01
1.592251357472145024e-01 4.469364932752211139e-01 4.771835729713708729e-01
1.592251357472145024e-01 4.469364932752211139e-01 4.771835729713708729e-01
1.592251357472145024e-01 4.469364932752211139e-01 4.771835729713708729e-01
1.592251357472145024e-01 4.469364932752211139e-01 4.771835729713708729e-01
1.592251357472145024e-01 4.469364932752211139e-01 4.771835729713708729e-01
1.592251357472145024e-01 4.469364932752211139e-01 4.771835729713708729e-01
3.149279314059261203e-02 6.550042926327084292e-01 2.276053987436937043e-01
3.149279314059261203e-02 6.550042926327084292e-01 2.276053987436937043e-01
3.149279314059261203e-02 6.550042926327084292e-01 2.276053987436937043e-01
3.149279314059261203e-02 6.550042926327084292e-01 2.276053987436937043e-01
3.149279314059261203e-02 6.550042926327084292e-01 2.276053987436937043e-01
3.149279314059261203e-02 6.550042926327084292e-01 2.276053987436937043e-01
3.149279314059261203e-02 6.550042926327084292e-01 2.276053987436937043e-01
3.149279314059261203e-02 6.550042926327084292e-01 2.276053987436937043e-01
3.149279314059261203e-02 6.550042926327084292e-01 2.276053987436937043e-01
3.149279314059261203e-02 6.550042926327084292e-01 2.276053987436937043e-01
1.179917053367931928e-01 8.959065680393828446e-01 2.006574664001101183e-01
1.179917053367931928e-01 8.959065680393828446e-01 2.006574664001101183e-01
7.258839108700676501e-02 8.398625783751936247e-01 3.016883999919280912e-01
7.258839108700676501e-02 8.398625783751936247e-01 3.016883999919280912e-01
7.258839108700676501e-02 8.398625783751936247e-01 3.016883999919280912e-01
7.258839108700676501e-02 8.398625783751936247e-01 3.016883999919280912e-01
7.258839108700676501e-02 8.398625783751936247e-01 3.016883999919280912e-01
7.258839108700676501e-02 8.398625783751936247e-01 3.016883999919280912e-01
7.258839108700676501e-02 8.398625783751936247e-01 3.016883999919280912e-01
3.591346608534938256e-01 6.627804352422049794e-01 6.813096365696690027e-02
3.591346608534938256e-01 6.627804352422049794e-01 6.813096365696690027e-02
3.591346608534938256e-01 6.627804352422049794e-01 6.813096365696690027e-02
3.591346608534938256e-01 6.627804352422049794e-01 6.813096365696690027e-02
3.591346608534938256e-01 6.627804352422049794e-01 6.813096365696690027e-02
1.291074125147514684e-01 7.810186920046627845e-01 3.729709517372458705e-01
1.291074125147514684e-01 7.810186920046627845e-01 3.729709517372458705e-01
1.297377760998441043e-01 8.598659858075650142e-01 2.404948787521684894e-01
1.469589702752542582e-01 6.053870074391514144e-01 5.724895180702828101e-01
