2.489132485845457765e-01 1.481402749648903505e-01 3.464487682586343386e-03
4.229587426383309978e-01 1.471274305156216600e-01 1.031282409484340044e-02
8.488905448075221294e-01 2.749222716905995179e-01 1.746586125043237958e-01
7.053394670300516811e-01 6.335813629122095669e-01 1.810878268723364326e-01
7.053394670300516811e-01 6.335813629122095669e-01 1.810878268723364326e-01
7.687732974558493249e-01 4.040056907961872001e-01 2.573246549907600711e-01
7.687732974558493249e-01 4.040056907961872001e-01 2.573246549907600711e-01
7.687732974558493249e-01 4.040056907961872001e-01 2.573246549907600711e-01
7.908217929653158507e-01 4.384800846003266694e-01 2.655051914740266250e-01
7.908217929653158507e-01 4.384800846003266694e-01 2.655051914740266250e-01
4.344284531335853572e-01 3.898800236957840615e-01 1.547403146288294229e-01
4.344284531335853572e-01 3.898800236957840615e-01 1.547403146288294229e-01
8.326095389300638416e-01 1.763137859291137866e-01 8.451992589502164976e-02
8.326095389300638416e-01 1.763137859291137866e-01 8.451992589502164976e-02
8.326095389300638416e-01 1.763137859291137866e-01 8.451992589502164976e-02
9.264516993229382491e-01 3.568565178383451553e-01 2.379056387395375727e-01
9.775257249069267962e-01 5.769622205718658581e-01 1.150201846345855206e-01
1.784083132820225126e+00 6.225684561316486842e-01 3.593030233754259425e-04
1.200820602647949320e+00 6.042175266886243845e-01 3.379532348382876389e-02
1.200820602647949320e+00 6.042175266886243845e-01 3.379532348382876389e-02
1.158958689383130958e+00 5.012041945311543900e-01 1.016674382016576200e-01
1.148525239444419421e+00 4.304137022579112015e-01 1.550116371066974641e-01
1.323369391401277406e+00 3.257114705848362379e-01 1.436154570820346588e-01
1.323369391401277406e+00 3.257114705848362379e-01 1.436154570820346588e-01
1.323369391401277406e+00 3.257114705848362379e-01 1.436154570820346588e-01
1.853487395794389592e+00 7.177661200952445419e-02 6.275151685643179378e-02
1.853487395794389592e+00 7.177661200952445419e-02 6.275151685643179378e-02
1.853487395794389592e+00 7.177661200952445419e-02 6.275151685643179378e-02
1.853487395794389592e+00 7.177661200952445419e-02 6.275151685643179378e-02
1.853487395794389592e+00 7.177661200952445419e-02 6.275151685643179378e-02
1.853487395794389592e+00 7.177661200952445419e-02 6.275151685643179378e-02
1.855721861072100465e+00 1.218530680464937621e-01 5.683347092470512202e-02
1.855721861072100465e+00 1.218530680464937621e-01 5.683347092470512202e-02
1.414140303905053742e+00 2.799089555420209985e-01 1.301725737882957479e-01
1.414140303905053742e+00 2.799089555420209985e-01 1.301725737882957479e-01
1.098218264005191624e+00 9.081052731228961283e-02 7.764948118999905058e-02
1.098218264005191624e+00 9.081052731228961283e-02 7.764948118999905058e-02
1.172423036766987670e+00 2.779366798207779654e-01 1.922261419496851254e-01
1.172423036766987670e+00 2.779366798207779654e-01 1.922261419496851254e-01
9.992619471308725743e-01 3.509713469296280031e-01 2.291055013969714171e-01
8.557435399972216361e-01 4.464674398495054319e-01 2.530486798655942615e-01
8.557435399972216361e-01 4.464674398495054319e-01 2.530486798655942615e-01
8.557435399972216361e-01 4.464674398495054319e-01 2.530486798655942615e-01
8.006362487593167154e-01 4.442950554032196187e-01 2.643135273779047001e-01
8.006362487593167154e-01 4.442950554032196187e-01 2.643135273779047001e-01
8.006362487593167154e-01 4.442950554032196187e-01 2.643135273779047001e-01
5.384270060547140524e-01 5.425649214123455799e-01 2.893149012395829778e-01
5.384270060547140524e-01 5.425649214123455799e-01 2.893149012395829778e-01
5.384270060547140524e-01 5.425649214123455799e-01 2.893149012395829778e-01
4.105907327902241777e-01 7.759898977184387370e-01 1.582479185925205201e-01
4.105907327902241777e-01 7.759898977184387370e-01 1.582479185925205201e-01
4.105907327902241777e-01 7.759898977184387370e-01 1.582479185925205201e-01
2.797851329901828166e-01 1.122615352584405146e+00 4.772984969888126490e-03
2.315070708707460401e-01 6.718260525621799761e-01 2.801622139598352601e-01
2.315070708707460401e-01 6.718260525621799761e-01 2.801622139598352601e-01
2.315070708707460401e-01 6.718260525621799761e-01 2.801622139598352601e-01
2.315070708707460401e-01 6.718260525621799761e-01 2.801622139598352601e-01
2.315070708707460401e-01 6.718260525621799761e-01 2.801622139598352601e-01
2.315070708707460401e-01 6.718260525621799761e-01 2.801622139598352601e-01
2.315070708707460401e-01 6.718260525621799761e-01 2.801622139598352601e-01
6.641904382643220028e-01 5.049794063802690580e-01 2.800788880177262352e-01
6.641904382643220028e-01 5.049794063802690580e-01 2.800788880177262352e-01
3.776901948701456013e-01 6.473224229564760179e-01 2.798696285448045717e-01
3.776901948701456013e-01 6.473224229564760179e-01 2.798696285448045717e-01
1.708210526571303234e-01 4.857617112331212850e-01 1.425204022826285222e-01
6.916426605773241532e-01 4.417860108695580434e-01 2.698482169432806499e-01
6.916426605773241532e-01 4.417860108695580434e-01 2.698482169432806499e-01
6.916426605773241532e-01 4.417860108695580434e-01 2.698482169432806499e-01
4.073735849823931221e-01 6.258557359204086623e-01 2.846448829474117481e-01
4.073735849823931221e-01 6.258557359204086623e-01 2.846448829474117481e-01
6.188026066137121139e-01 3.378219971466629445e-01 1.690309804464025234e-01
6.188026066137121139e-01 3.378219971466629445e-01 1.690309804464025234e-01
4.576755706563940818e-01 5.192440787180954143e-01 2.777180167747653194e-01
3.313627710594198028e-01 2.758611047157844554e-01 3.685639496779268692e-02
3.313627710594198028e-01 2.758611047157844554e-01 3.685639496779268692e-02
2.075902687504016519e-03 4.291752799607087554e-01 4.464800423545770697e-02
9.617103900597484545e-01 5.772070819220436189e-01 1.212248939417312071e-01
9.617103900597484545e-01 5.772070819220436189e-01 1.212248939417312071e-01
2.858805855053276890e-01 4.504221497458817947e-01 1.562666287945722043e-01
2.858805855053276890e-01 4.504221497458817947e-01 1.562666287945722043e-01
2.858805855053276890e-01 4.504221497458817947e-01 1.562666287945722043e-01
2.858805855053276890e-01 4.504221497458817947e-01 1.562666287945722043e-01
2.701023079558907414e-01 4.777024679001755647e-01 1.773240126180964382e-01
2.701023079558907414e-01 4.777024679001755647e-01 1.773240126180964382e-01
2.737580986235971792e-01 4.865587590269816465e-01 1.879067803124704616e-01
2.737580986235971792e-01 4.865587590269816465e-01 1.879067803124704616e-01
8.360024338878406791e-01 4.377065310088240069e-01 2.586590947737075763e-01
8.007096526812172987e-01 5.320911369019403203e-01 2.293029969914131827e-01
8.007096526812172987e-01 5.320911369019403203e-01 2.293029969914131827e-01
9.650307186507165458e-01 4.711537017446616460e-01 2.046072130565752267e-01
9.650307186507165458e-01 4.711537017446616460e-01 2.046072130565752267e-01
9.650307186507165458e-01 4.711537017446616460e-01 2.046072130565752267e-01
8.841989699056398422e-01 5.553919739225183783e-01 1.739666664481940850e-01
3.961052254870292000e-01 4.550746878996700939e-01 2.068864914412560374e-01
3.961052254870292000e-01 4.550746878996700939e-01 2.068864914412560374e-01
3.961052254870292000e-01 4.550746878996700939e-01 2.068864914412560374e-01
3.961052254870292000e-01 4.550746878996700939e-01 2.068864914412560374e-01
3.961052254870292000e-01 4.550746878996700939e-01 2.068864914412560374e-01
3.961052254870292000e-01 4.550746878996700939e-01 2.068864914412560374e-01
-3.976584666332212414e-01 3.043778038511425477e-01 3.867126485975764649e-04
