2.489132485845457765e-01 1.481402749648903505e-01 4.359115429375595187e-03
-6.011751958713551502e-01 1.191491619875943098e+00 8.086362269469607456e-02
-5.491485224312125935e-01 1.167492471706324642e+00 8.767817594433656436e-02
-5.491485224312125935e-01 1.167492471706324642e+00 8.767817594433656436e-02
-1.019560583727173508e+00 9.302217205195103533e-01 1.708575703471112983e-02
-1.173535685893441816e+00 9.406363613822469327e-01 6.294587926644079970e-03
-1.003884239842518733e+00 1.325882748483219187e+00 4.816260589099898015e-02
-1.179704191686510750e+00 1.436750697634769258e+00 2.661934126251936511e-02
-1.179704191686510750e+00 1.436750697634769258e+00 2.661934126251936511e-02
-9.828980971871765782e-01 1.370303791314442021e+00 3.758332769955964603e-02
-9.828980971871765782e-01 1.370303791314442021e+00 3.758332769955964603e-02
-9.828980971871765782e-01 1.370303791314442021e+00 3.758332769955964603e-02
-1.188725216848248278e+00 1.081741593260636680e+00 2.087625597978773687e-02
-1.188725216848248278e+00 1.081741593260636680e+00 2.087625597978773687e-02
-9.047481758945312702e-01 1.075218988222708782e+00 7.278496199586664828e-02
-1.013579018858731917e+00 1.178449436700070629e+00 6.282285365516643294e-02
-1.237509796176113008e+00 1.268237152316796346e+00 3.542678768860781785e-02
-1.237509796176113008e+00 1.268237152316796346e+00 3.542678768860781785e-02
-1.237509796176113008e+00 1.268237152316796346e+00 3.542678768860781785e-02
-1.187233136689905821e+00 1.351576885671562200e+00 3.756507743547520678e-02
-8.529594472247233883e-01 1.283693093591280698e+00 5.854957402121106075e-02
-8.529594472247233883e-01 1.283693093591280698e+00 5.854957402121106075e-02
-8.529594472247233883e-01 1.283693093591280698e+00 5.854957402121106075e-02
-1.016770188780530493e+00 1.362183460776740684e+00 4.004516093757679029e-02
-9.884200694594994507e-01 1.397521331410254586e+00 3.132607343141803613e-02
-9.884200694594994507e-01 1.397521331410254586e+00 3.132607343141803613e-02
-7.111644648246155942e-01 1.295177430038412014e+00 4.590586092144592623e-02
-7.111644648246155942e-01 1.295177430038412014e+00 4.590586092144592623e-02
-5.464154173072397480e-01 1.110958571387275828e+00 1.172920743373547375e-01
-5.464154173072397480e-01 1.110958571387275828e+00 1.172920743373547375e-01
-8.573650191088703076e-01 1.265856915992912946e+00 6.420360236265372500e-02
-8.573650191088703076e-01 1.265856915992912946e+00 6.420360236265372500e-02
-9.967544057592836459e-01 9.011630638643199909e-01 1.496081540827608365e-02
-1.141724184712547219e+00 1.495701416795530037e+00 1.726065769733381439e-02
-1.141724184712547219e+00 1.495701416795530037e+00 1.726065769733381439e-02
-1.216149468207489148e+00 1.297348872955834231e+00 3.820244932458945197e-02
-1.216149468207489148e+00 1.297348872955834231e+00 3.820244932458945197e-02
-1.216149468207489148e+00 1.297348872955834231e+00 3.820244932458945197e-02
-1.216149468207489148e+00 1.297348872955834231e+00 3.820244932458945197e-02
-7.320736849073579133e-01 1.429327738643690671e+00 1.232016996406786087e-02
-7.152030316249150532e-01 1.220886222861563564e+00 7.615083533962342666e-02
-7.152030316249150532e-01 1.220886222861563564e+00 7.615083533962342666e-02
-1.028975326430827231e+00 1.501977969370297039e+00 1.336852047145184984e-02
-1.028975326430827231e+00 1.501977969370297039e+00 1.336852047145184984e-02
-4.082996144993632504e-01 1.296979789492138657e+00 1.679310805868109921e-02
-6.463016964824264132e-01 1.079264216060314752e+00 1.256826486024517076e-01
-6.463016964824264132e-01 1.079264216060314752e+00 1.256826486024517076e-01
-4.851569291547818685e-01 1.126388242687718977e+00 1.030191351178235126e-01
-6.182242691757495745e-01 8.254398201342502128e-01 6.916505831446584374e-02
-3.592950201952707090e-01 1.367018246798270997e+00 4.670714250993830176e-03
-3.592950201952707090e-01 1.367018246798270997e+00 4.670714250993830176e-03
-4.323835648995561498e-01 9.653781671486900695e-01 1.739399500226668782e-01
-5.450632943174295031e-01 9.883540292811353600e-01 1.517444339854443214e-01
-5.661031998048232650e-02 7.168474231402438557e-01 2.321592111032406425e-01
-6.802250688739347462e-02 8.240868322973022853e-01 2.322810345377709917e-01
-4.483628646341879520e-01 9.868144032543283428e-01 1.677049604253139925e-01
-4.483628646341879520e-01 9.868144032543283428e-01 1.677049604253139925e-01
-4.483628646341879520e-01 9.868144032543283428e-01 1.677049604253139925e-01
-5.047075870385739904e-01 7.861494684067527050e-01 8.826303471446031446e-02
-5.047075870385739904e-01 7.861494684067527050e-01 8.826303471446031446e-02
-4.661974624925415700e-01 1.185264027630290373e+00 6.630493397683234758e-02
-4.004329979884619917e-01 1.035981516127038926e+00 1.471381257577072110e-01
-3.231675866432047739e-01 1.058646101998683919e+00 1.207579624600751411e-01
-4.183747929742751004e-01 8.588958587892326912e-01 1.629905621274808925e-01
1.805349524123471272e-01 7.760923902647385297e-01 2.090603355107977512e-01
-4.341153037472483822e-03 6.848323156480847773e-01 2.338654378258767930e-01
-3.370316380648744614e-01 5.666648625260052308e-01 2.957688954774220086e-02
-3.370316380648744614e-01 5.666648625260052308e-01 2.957688954774220086e-02
-3.370316380648744614e-01 5.666648625260052308e-01 2.957688954774220086e-02
-5.413429517103317545e-01 9.405239339485609307e-01 1.467428985542995057e-01
-2.041219912052042451e-01 1.001718468584590349e+00 1.371278837518358495e-01
-2.041219912052042451e-01 1.001718468584590349e+00 1.371278837518358495e-01
-2.041219912052042451e-01 1.001718468584590349e+00 1.371278837518358495e-01
-2.041219912052042451e-01 1.001718468584590349e+00 1.371278837518358495e-01
-2.041219912052042451e-01 1.001718468584590349e+00 1.371278837518358495e-01
-2.041219912052042451e-01 1.001718468584590349e+00 1.371278837518358495e-01
-5.592672058748188180e-01 1.269028741661837767e+00 4.035546594237775231e-02
-1.849327881841907328e-01 6.658019759495203971e-01 1.424239540597388165e-01
-1.849327881841907328e-01 6.658019759495203971e-01 1.424239540597388165e-01
1.315012428340473494e-01 6.767816577774199427e-01 2.594648245706858702e-01
2.147708338869455946e-01 4.367413512550865629e-01 1.202773919932722951e-01
5.633647026227363019e-01 5.825739147504469528e-01 2.021557411034504703e-01
5.633647026227363019e-01 5.825739147504469528e-01 2.021557411034504703e-01
5.633647026227363019e-01 5.825739147504469528e-01 2.021557411034504703e-01
9.555704823814074045e-01 4.189733598553547766e-01 1.301396745740810990e-01
5.846945617420858943e-01 2.036933568656970062e-01 6.004612885507366882e-02
6.582429675914988065e-01 5.610620852362544486e-01 1.748536482063502984e-01
6.582429675914988065e-01 5.610620852362544486e-01 1.748536482063502984e-01
6.582429675914988065e-01 5.610620852362544486e-01 1.748536482063502984e-01
6.582429675914988065e-01 5.610620852362544486e-01 1.748536482063502984e-01
6.582429675914988065e-01 5.610620852362544486e-01 1.748536482063502984e-01
6.582429675914988065e-01 5.610620852362544486e-01 1.748536482063502984e-01
1.231444224340271232e-01 7.157603416909671390e-01 2.561663349100077314e-01
1.231444224340271232e-01 7.157603416909671390e-01 2.561663349100077314e-01
1.231444224340271232e-01 7.157603416909671390e-01 2.561663349100077314e-01
3.663141051672920423e-02 9.536769821131323432e-01 1.040875240708150629e-01
3.663141051672920423e-02 9.536769821131323432e-01 1.040875240708150629e-01
3.663141051672920423e-02 9.536769821131323432e-01 1.040875240708150629e-01
3.663141051672920423e-02 9.536769821131323432e-01 1.040875240708150629e-01
-1.390993836339314838e-01 9.202436620137651735e-01 1.854643732103238851e-01
