2.489132485845457765e-01 1.481402749648903505e-01 1.125811466152963668e-03
2.489132485845457765e-01 1.481402749648903505e-01 1.125811466152963668e-03
7.761304504163104578e-01 4.341393012113330119e-02 7.582057879887617313e-03
6.651517713242020013e-01 6.732066964813522292e-01 4.385962897178463660e-02
6.651517713242020013e-01 6.732066964813522292e-01 4.385962897178463660e-02
5.694919333326164956e-01 5.032862374055697696e-01 4.812622679256496616e-02
5.694919333326164956e-01 5.032862374055697696e-01 4.812622679256496616e-02
5.694919333326164956e-01 5.032862374055697696e-01 4.812622679256496616e-02
6.594265136413084427e-01 8.021148839098941608e-01 2.560373030640095832e-02
6.594265136413084427e-01 8.021148839098941608e-01 2.560373030640095832e-02
6.594265136413084427e-01 8.021148839098941608e-01 2.560373030640095832e-02
5.967574482872213260e-01 5.390384114975907970e-01 5.152300649088562695e-02
5.967574482872213260e-01 5.390384114975907970e-01 5.152300649088562695e-02
5.967574482872213260e-01 5.390384114975907970e-01 5.152300649088562695e-02
3.836101671546167102e-01 5.653591768338092072e-01 4.067539412479644068e-02
3.836101671546167102e-01 5.653591768338092072e-01 4.067539412479644068e-02
9.116002044840735286e-01 6.937347703229301832e-01 2.617436803172922682e-02
8.820844260878772936e-01 1.424684045166456636e-01 2.456073579189645140e-02
1.400272031845981591e+00 4.385145529047962398e-02 4.995185828142222756e-02
1.743377537979738712e+00 2.476746961162388516e-01 3.160311184543237312e-02
1.507263022905253491e+00 5.728392375808532000e-01 7.617768432385880160e-03
1.581015222682454535e+00 6.666731248934657517e-01 1.887632006195857828e-03
1.529761768795928845e+00 3.169981240281756762e-01 3.937636498305144284e-02
1.529761768795928845e+00 3.169981240281756762e-01 3.937636498305144284e-02
1.529761768795928845e+00 3.169981240281756762e-01 3.937636498305144284e-02
1.529761768795928845e+00 3.169981240281756762e-01 3.937636498305144284e-02
1.529761768795928845e+00 3.169981240281756762e-01 3.937636498305144284e-02
1.495623364183805259e+00 3.026564631273712114e-01 4.464174231495286749e-02
1.255809330644126476e+00 2.786119924124108027e-01 6.102490676068648978e-02
1.255809330644126476e+00 2.786119924124108027e-01 6.102490676068648978e-02
1.255809330644126476e+00 2.786119924124108027e-01 6.102490676068648978e-02
1.255809330644126476e+00 2.786119924124108027e-01 6.102490676068648978e-02
1.260075253177428634e+00 3.519744895623013736e-01 5.498388279672378892e-02
1.559595400703418289e+00 2.700908817671371365e-01 4.424931382161018112e-02
1.690904759671650437e+00 2.356838835330944681e-01 3.808736939686918621e-02
2.484099474400532692e+00 -2.239832869875044985e-01 2.819161452990143549e-02
2.484099474400532692e+00 -2.239832869875044985e-01 2.819161452990143549e-02
2.416556153192481293e+00 -1.323486027254499597e-01 2.520262887132694932e-02
2.489041431392927439e+00 -7.669750324983390932e-01 4.821162978888201764e-03
2.489041431392927439e+00 -7.669750324983390932e-01 4.821162978888201764e-03
2.090921155304596546e+00 -4.404040455446982527e-01 1.884591728140865702e-02
2.184336462146619695e+00 2.971712876450594010e-02 2.500093715909792666e-02
1.961927517743221827e+00 5.799153324732467946e-02 3.957105753680745935e-02
1.961927517743221827e+00 5.799153324732467946e-02 3.957105753680745935e-02
1.722223241110053538e+00 1.223970076203833024e-01 5.072760502939822891e-02
1.355201345877740327e+00 9.612276479019174480e-02 5.430879571443547604e-02
1.355201345877740327e+00 9.612276479019174480e-02 5.430879571443547604e-02
1.696175606366270738e+00 7.558685926914776587e-03 5.583503336054020105e-02
1.675193537743554950e+00 1.370136451713570985e-02 5.611515578460014170e-02
1.451285241323376773e+00 5.887490890604730742e-01 8.518604542019223708e-03
1.496545169894662131e+00 -1.146471327073677049e-01 3.114206082593694302e-02
9.379015765509723934e-01 2.270073018293504163e-01 4.284074992684449440e-02
9.379015765509723934e-01 2.270073018293504163e-01 4.284074992684449440e-02
9.906878183188394527e-01 1.875726241825212970e-01 4.106847199948130550e-02
9.906878183188394527e-01 1.875726241825212970e-01 4.106847199948130550e-02
4.632423314209425103e-01 5.230903181617847508e-01 4.252943670841616980e-02
-3.053271107056241274e-01 9.021315911518200670e-01 2.083172433600032764e-02
-2.556600384914443636e-01 1.210993769373642115e+00 1.372210163535278471e-02
-4.210050709132923119e-01 1.030650267490851313e+00 1.963122189902309633e-02
-4.210050709132923119e-01 1.030650267490851313e+00 1.963122189902309633e-02
-4.210050709132923119e-01 1.030650267490851313e+00 1.963122189902309633e-02
2.952321168464702161e-01 8.472939877570573319e-01 3.514643281900912269e-02
2.952321168464702161e-01 8.472939877570573319e-01 3.514643281900912269e-02
2.952321168464702161e-01 8.472939877570573319e-01 3.514643281900912269e-02
2.340444166029392870e-01 7.320736631693909313e-01 4.056657297058389317e-02
2.340444166029392870e-01 7.320736631693909313e-01 4.056657297058389317e-02
3.205540712450747343e-01 9.096819594859186786e-01 2.733924989097829411e-02
8.031163268014157586e-01 5.034157808234895892e-01 5.617184629471005941e-02
4.743508583408757584e-01 6.463863325193344167e-01 4.816166783479013808e-02
8.443652149242690808e-01 5.460872187349684603e-01 5.218696184034648383e-02
8.443652149242690808e-01 5.460872187349684603e-01 5.218696184034648383e-02
8.443652149242690808e-01 5.460872187349684603e-01 5.218696184034648383e-02
8.443652149242690808e-01 5.460872187349684603e-01 5.218696184034648383e-02
9.619753019656377413e-01 3.004578984830362787e-01 5.467418416618741867e-02
9.619753019656377413e-01 3.004578984830362787e-01 5.467418416618741867e-02
9.619753019656377413e-01 3.004578984830362787e-01 5.467418416618741867e-02
8.590838035381331839e-01 2.769939381708796389e-01 4.376210929544979700e-02
7.334542408851825179e-01 5.870400387737177983e-01 5.128643704730619091e-02
7.334542408851825179e-01 5.870400387737177983e-01 5.128643704730619091e-02
8.298931142975909392e-01 2.638067758684658481e-01 3.917378263320554083e-02
1.075597877986089745e+00 5.438340657021765168e-01 3.886028728264754456e-02
1.100093044738508885e+00 4.493216184482690112e-01 5.195275769602069466e-02
1.070627698701504427e+00 3.784768774121493040e-01 5.986887419169601571e-02
1.070627698701504427e+00 3.784768774121493040e-01 5.986887419169601571e-02
1.628916564442386417e+00 1.252771304268114894e-01 5.603720545362859268e-02
1.628916564442386417e+00 1.252771304268114894e-01 5.603720545362859268e-02
1.010137646667360389e+00 5.941280917377020909e-01 3.529638204163527970e-02
1.010137646667360389e+00 5.941280917377020909e-01 3.529638204163527970e-02
1.010137646667360389e+00 5.941280917377020909e-01 3.529638204163527970e-02
9.648575612658671918e-01 6.465842383533655369e-01 2.993442408100427388e-02
9.648575612658671918e-01 6.465842383533655369e-01 2.993442408100427388e-02
9.648575612658671918e-01 6.465842383533655369e-01 2.993442408100427388e-02
9.819558529063542318e-01 6.003775400988996536e-01 3.630899674323756487e-02
9.819558529063542318e-01 6.003775400988996536e-01 3.630899674323756487e-02
1.161983005610784936e+00 7.224491286219284492e-01 9.071944678615190272e-03
1.161983005610784936e+00 7.224491286219284492e-01 9.071944678615190272e-03
1.161983005610784936e+00 7.224491286219284492e-01 9.071944678615190272e-03
1.321098951553856704e+00 7.287405928267498556e-01 4.025109368607567017e-03
1.534272689304298387e+00 5.079300830517350374e-01 1.192602693799686003e-02
1.534272689304298387e+00 5.079300830517350374e-01 1.192602693799686003e-02
