2.489132485845457765e-01 1.481402749648903505e-01 4.551036903525149807e-02
1.361542438509642516e-01 7.689758482847307564e-01 1.837411431557458563e-01
1.361542438509642516e-01 7.689758482847307564e-01 1.837411431557458563e-01
1.361542438509642516e-01 7.689758482847307564e-01 1.837411431557458563e-01
1.361542438509642516e-01 7.689758482847307564e-01 1.837411431557458563e-01
4.078630377451984423e-01 7.271036734273396140e-01 1.855927389466364152e-01
4.078630377451984423e-01 7.271036734273396140e-01 1.855927389466364152e-01
4.078630377451984423e-01 7.271036734273396140e-01 1.855927389466364152e-01
3.824646631872799518e-01 7.082022459463893638e-01 2.416852948776322119e-01
3.710439367918949571e-01 8.097736205126623288e-01 1.217645381067835736e-01
3.710439367918949571e-01 8.097736205126623288e-01 1.217645381067835736e-01
1.736398207165451568e-01 9.989943157483951452e-01 6.958404652891390929e-02
4.873020550292795350e-01 7.002739868165656079e-01 1.281312400027052878e-01
2.519880776646880038e-01 4.472085427715646322e-01 3.028650390696598915e-01
2.519880776646880038e-01 4.472085427715646322e-01 3.028650390696598915e-01
2.519880776646880038e-01 4.472085427715646322e-01 3.028650390696598915e-01
2.709740022433934636e-01 3.456366141983351348e-01 2.460889887335970527e-01
2.709740022433934636e-01 3.456366141983351348e-01 2.460889887335970527e-01
3.411916622738056515e-01 4.708536148150448963e-01 5.260658414892139811e-01
3.411916622738056515e-01 4.708536148150448963e-01 5.260658414892139811e-01
3.775797404395970780e-01 2.138824968232975743e-01 3.566188897539573910e-01
3.775797404395970780e-01 2.138824968232975743e-01 3.566188897539573910e-01
7.186490024195753001e-01 -6.959297449533552449e-02 7.017252535090302556e-01
9.157240863849835932e-01 -4.415202238510496646e-01 2.372104782457047090e-01
9.157240863849835932e-01 -4.415202238510496646e-01 2.372104782457047090e-01
9.366569145189909129e-01 -4.727255530605212752e-01 2.092485321125284459e-01
9.366569145189909129e-01 -4.727255530605212752e-01 2.092485321125284459e-01
5.017658464519595407e-01 -9.251652475948080045e-02 1.635739411038696911e-01
5.017658464519595407e-01 -9.251652475948080045e-02 1.635739411038696911e-01
5.017658464519595407e-01 -9.251652475948080045e-02 1.635739411038696911e-01
5.017658464519595407e-01 -9.251652475948080045e-02 1.635739411038696911e-01
5.438498904486746000e-01 -1.018212558844546617e-01 2.354209270519502795e-01
5.438498904486746000e-01 -1.018212558844546617e-01 2.354209270519502795e-01
5.976205994590276793e-01 -1.551008288416041991e-01 2.595577639473837239e-01
8.733992761784056258e-01 -1.314833184245448594e-01 5.289953524275050611e-01
8.733992761784056258e-01 -1.314833184245448594e-01 5.289953524275050611e-01
8.851532748610512202e-01 -4.867369421337217061e-01 1.608948215196843723e-01
8.851532748610512202e-01 -4.867369421337217061e-01 1.608948215196843723e-01
8.851532748610512202e-01 -4.867369421337217061e-01 1.608948215196843723e-01
8.851532748610512202e-01 -4.867369421337217061e-01 1.608948215196843723e-01
8.851532748610512202e-01 -4.867369421337217061e-01 1.608948215196843723e-01
8.851532748610512202e-01 -4.867369421337217061e-01 1.608948215196843723e-01
8.817108820730439334e-01 -1.999221174578493798e-01 5.072619557625828168e-01
8.817108820730439334e-01 -1.999221174578493798e-01 5.072619557625828168e-01
8.817108820730439334e-01 -1.999221174578493798e-01 5.072619557625828168e-01
8.817108820730439334e-01 -1.999221174578493798e-01 5.072619557625828168e-01
8.817108820730439334e-01 -1.999221174578493798e-01 5.072619557625828168e-01
8.817108820730439334e-01 -1.999221174578493798e-01 5.072619557625828168e-01
8.817108820730439334e-01 -1.999221174578493798e-01 5.072619557625828168e-01
8.817108820730439334e-01 -1.999221174578493798e-01 5.072619557625828168e-01
8.817108820730439334e-01 -1.999221174578493798e-01 5.072619557625828168e-01
8.817108820730439334e-01 -1.999221174578493798e-01 5.072619557625828168e-01
8.817108820730439334e-01 -1.999221174578493798e-01 5.072619557625828168e-01
8.817108820730439334e-01 -1.999221174578493798e-01 5.072619557625828168e-01
2.094505384674081316e-01 3.542111454994085751e-01 1.298791822905208670e-01
3.137948368195809246e-01 7.082984495752868703e-01 2.955439794302237022e-01
1.997389396948490714e-01 5.376555333236933132e-01 2.496518782543029891e-01
3.488857802466175384e-01 2.139030475652018426e-01 2.732340600828874755e-01
7.736463992137367907e-01 3.311081933488408957e-01 1.585489668709214872e-01
6.955104057423622255e-01 1.344680858156094283e-02 7.902714595965983913e-01
6.955104057423622255e-01 1.344680858156094283e-02 7.902714595965983913e-01
6.955104057423622255e-01 1.344680858156094283e-02 7.902714595965983913e-01
6.955104057423622255e-01 1.344680858156094283e-02 7.902714595965983913e-01
6.955104057423622255e-01 1.344680858156094283e-02 7.902714595965983913e-01
2.968017937831358144e-01 4.156984416446577457e-01 3.905610608301985920e-01
5.038541695742195792e-01 4.754673910507904999e-01 5.150174904141792132e-01
5.754055317419544124e-01 5.640779212008726340e-01 1.866223014905083744e-01
5.276923067381126264e-01 6.090430140448529484e-01 1.963228384886257782e-01
5.276923067381126264e-01 6.090430140448529484e-01 1.963228384886257782e-01
3.093521524899439656e-01 7.548218427385499085e-01 2.355934261291031118e-01
3.093521524899439656e-01 7.548218427385499085e-01 2.355934261291031118e-01
3.093521524899439656e-01 7.548218427385499085e-01 2.355934261291031118e-01
3.093521524899439656e-01 7.548218427385499085e-01 2.355934261291031118e-01
2.068113348118731376e-01 8.141008462129647461e-01 1.954651940658566900e-01
1.942385903600697683e-01 5.745217900645309683e-01 2.561895964073820364e-01
1.942385903600697683e-01 5.745217900645309683e-01 2.561895964073820364e-01
1.942385903600697683e-01 5.745217900645309683e-01 2.561895964073820364e-01
5.498223643166944008e-01 4.923370049897033418e-01 3.766727215179914157e-01
3.664638546246103967e-01 6.935496686525366439e-02 1.231655926611203294e-01
3.664638546246103967e-01 6.935496686525366439e-02 1.231655926611203294e-01
3.664638546246103967e-01 6.935496686525366439e-02 1.231655926611203294e-01
4.064375732979672584e-01 -1.253109307617350787e-01 3.188940773280993235e-02
5.538253517939204507e-01 -2.356915123531234946e-01 8.053644838469101175e-02
5.538253517939204507e-01 -2.356915123531234946e-01 8.053644838469101175e-02
5.538253517939204507e-01 -2.356915123531234946e-01 8.053644838469101175e-02
5.718772700543101051e-01 -1.985263844299256786e-01 1.420842564758851845e-01
6.414873045653386452e-01 1.102076855083572171e-01 8.413285074442211631e-01
6.414873045653386452e-01 1.102076855083572171e-01 8.413285074442211631e-01
6.414873045653386452e-01 1.102076855083572171e-01 8.413285074442211631e-01
7.671617823723310137e-01 -1.678056737297984047e-01 5.758558163389718709e-01
7.671617823723310137e-01 -1.678056737297984047e-01 5.758558163389718709e-01
7.671617823723310137e-01 -1.678056737297984047e-01 5.758558163389718709e-01
7.671617823723310137e-01 -1.678056737297984047e-01 5.758558163389718709e-01
8.533238793799823307e-01 7.482966964609594207e-03 4.633903325727716238e-01
8.533238793799823307e-01 7.482966964609594207e-03 4.633903325727716238e-01
8.533238793799823307e-01 7.482966964609594207e-03 4.633903325727716238e-01
8.533238793799823307e-01 7.482966964609594207e-03 4.633903325727716238e-01
8.533238793799823307e-01 7.482966964609594207e-03 4.633903325727716238e-01
8.533238793799823307e-01 7.482966964609594207e-03 4.633903325727716238e-01
8.533238793799823307e-01 7.482966964609594207e-03 4.633903325727716238e-01
