2.489132485845457765e-01 1.481402749648903505e-01 1.489545707579715845e-03
3.977461446071637319e-01 2.686431746788623398e-01 1.307048633911744168e-02
3.977461446071637319e-01 2.686431746788623398e-01 1.307048633911744168e-02
7.602797565118326606e-01 6.057832133667108154e-01 6.578505416116486870e-02
8.544413709251578171e-01 3.206169920713771160e-01 7.999567552599111397e-02
8.275850212969213526e-01 6.857073891314778846e-01 4.200082075916006935e-02
8.275850212969213526e-01 6.857073891314778846e-01 4.200082075916006935e-02
7.512700175972999439e-01 5.661325406768433766e-01 7.338341589481425786e-02
7.512700175972999439e-01 5.661325406768433766e-01 7.338341589481425786e-02
4.108157425539142316e-01 9.575858299806077056e-01 2.079533251091644080e-02
4.108157425539142316e-01 9.575858299806077056e-01 2.079533251091644080e-02
4.531689944629931910e-01 7.076523914328216591e-01 5.766082889784383131e-02
2.122095566837411407e-01 4.597109860797646830e-01 1.978290755633997991e-02
-1.871663107217525490e-01 5.688515402760472295e-01 4.988190970811833685e-03
1.742319215261073362e-01 6.145112289730897404e-01 3.450180514050660979e-02
1.742319215261073362e-01 6.145112289730897404e-01 3.450180514050660979e-02
6.483744867222165364e-01 5.223734382236557838e-01 7.570152416826878006e-02
8.019900870601982534e-01 6.453213056418604099e-01 5.384905212579885886e-02
1.075734690404973382e+00 9.134711103381801811e-01 1.737577385058644824e-03
1.075734690404973382e+00 9.134711103381801811e-01 1.737577385058644824e-03
1.075734690404973382e+00 9.134711103381801811e-01 1.737577385058644824e-03
8.335466884182839431e-01 6.905424402312418941e-01 4.032704212120341580e-02
4.554522855178625984e-01 1.034131825733705101e+00 1.015868564270753886e-02
4.554522855178625984e-01 1.034131825733705101e+00 1.015868564270753886e-02
4.554522855178625984e-01 1.034131825733705101e+00 1.015868564270753886e-02
3.993246145085734833e-01 5.954721941467864266e-01 5.732639483359575072e-02
6.761604551338891156e-01 6.631946380446760436e-01 5.918201973224149898e-02
9.110922044634335304e-01 5.138002044093421539e-01 7.453739080236047865e-02
9.110922044634335304e-01 5.138002044093421539e-01 7.453739080236047865e-02
7.390984344772748571e-01 2.771965927505190552e-01 5.483396384222604530e-02
7.100439124353316034e-01 3.653101144670379274e-01 6.828967107034043804e-02
7.100439124353316034e-01 3.653101144670379274e-01 6.828967107034043804e-02
9.266528363043013972e-01 3.276299319189357462e-01 8.823013331639355250e-02
1.382159541302942163e+00 2.010591341396884835e-01 9.048390714986903616e-02
1.887146515208241837e+00 -3.184431269415332055e-01 4.709285587939437273e-02
2.099388621628119012e+00 -3.592796893456866036e-01 4.693680941858203309e-02
2.099388621628119012e+00 -3.592796893456866036e-01 4.693680941858203309e-02
2.099388621628119012e+00 -3.592796893456866036e-01 4.693680941858203309e-02
2.099388621628119012e+00 -3.592796893456866036e-01 4.693680941858203309e-02
2.099388621628119012e+00 -3.592796893456866036e-01 4.693680941858203309e-02
2.099388621628119012e+00 -3.592796893456866036e-01 4.693680941858203309e-02
2.099388621628119012e+00 -3.592796893456866036e-01 4.693680941858203309e-02
2.365238276057762601e+00 -4.075777235487977879e-01 3.712206772840118824e-02
2.365238276057762601e+00 -4.075777235487977879e-01 3.712206772840118824e-02
2.365238276057762601e+00 -4.075777235487977879e-01 3.712206772840118824e-02
2.365238276057762601e+00 -4.075777235487977879e-01 3.712206772840118824e-02
2.365238276057762601e+00 -4.075777235487977879e-01 3.712206772840118824e-02
2.365238276057762601e+00 -4.075777235487977879e-01 3.712206772840118824e-02
2.060178927132882087e+00 -2.708768197344193496e-01 5.612979282521012719e-02
2.406556316634106629e+00 -4.762297649361893481e-01 3.265200781428118093e-02
2.406556316634106629e+00 -4.762297649361893481e-01 3.265200781428118093e-02
2.406556316634106629e+00 -4.762297649361893481e-01 3.265200781428118093e-02
2.406556316634106629e+00 -4.762297649361893481e-01 3.265200781428118093e-02
2.406556316634106629e+00 -4.762297649361893481e-01 3.265200781428118093e-02
2.406556316634106629e+00 -4.762297649361893481e-01 3.265200781428118093e-02
2.420846358176900637e+00 -3.880203671605355620e-01 3.421508955050375084e-02
2.420846358176900637e+00 -3.880203671605355620e-01 3.421508955050375084e-02
2.420846358176900637e+00 -3.880203671605355620e-01 3.421508955050375084e-02
2.026978493118708702e+00 1.928536317964273383e-01 1.233076285370368792e-02
2.026978493118708702e+00 1.928536317964273383e-01 1.233076285370368792e-02
1.959663825507106161e+00 1.283643474537045637e-01 2.696116660838362641e-02
1.623325093859172785e+00 -1.779697608203494874e-01 5.853037495030733589e-02
1.487416968554184038e+00 -7.878650290631256103e-03 8.383811486390271850e-02
1.487416968554184038e+00 -7.878650290631256103e-03 8.383811486390271850e-02
1.487416968554184038e+00 -7.878650290631256103e-03 8.383811486390271850e-02
1.555830122951572081e+00 1.421191342573859817e-01 8.084381693150484438e-02
1.555830122951572081e+00 1.421191342573859817e-01 8.084381693150484438e-02
1.732161029434821753e+00 1.750108685869498637e-01 4.831601021497772264e-02
1.732286941288101234e+00 -4.496104620562657583e-02 7.979807344724257345e-02
1.732286941288101234e+00 -4.496104620562657583e-02 7.979807344724257345e-02
1.732286941288101234e+00 -4.496104620562657583e-02 7.979807344724257345e-02
1.168911005148659310e+00 3.328003311699012090e-01 8.892744536542526723e-02
1.085077725579904451e+00 7.309049012052565297e-02 5.750688294353190760e-02
1.085077725579904451e+00 7.309049012052565297e-02 5.750688294353190760e-02
1.085077725579904451e+00 7.309049012052565297e-02 5.750688294353190760e-02
1.053003852993659617e+00 -1.581698896933896037e-01 9.632601223080520386e-03
1.250770008914843689e+00 -1.050151942606828148e-01 3.492351144489608261e-02
8.409968288899298816e-01 1.894631092221296664e-02 1.630723218461158086e-02
8.409968288899298816e-01 1.894631092221296664e-02 1.630723218461158086e-02
8.409968288899298816e-01 1.894631092221296664e-02 1.630723218461158086e-02
1.266485172930022163e+00 9.340098927841837539e-02 8.568949756510860216e-02
1.370116262970303644e+00 -9.528746237958023169e-02 5.197158642653258720e-02
1.370116262970303644e+00 -9.528746237958023169e-02 5.197158642653258720e-02
1.370116262970303644e+00 -9.528746237958023169e-02 5.197158642653258720e-02
1.370116262970303644e+00 -9.528746237958023169e-02 5.197158642653258720e-02
8.050509644207136661e-01 2.649513163553619544e-01 6.224174918842224902e-02
7.275753027575114773e-01 4.844984136652158435e-01 8.043836636147849717e-02
7.275753027575114773e-01 4.844984136652158435e-01 8.043836636147849717e-02
7.275753027575114773e-01 4.844984136652158435e-01 8.043836636147849717e-02
5.053782007797110731e-01 6.299121983460588270e-01 6.525927094839069353e-02
5.053782007797110731e-01 6.299121983460588270e-01 6.525927094839069353e-02
7.714149850081954973e-01 4.393954637798377361e-01 8.276023924658432174e-02
7.714149850081954973e-01 4.393954637798377361e-01 8.276023924658432174e-02
7.941044856319323664e-01 5.044588712883266712e-01 8.077189794087007157e-02
7.941044856319323664e-01 5.044588712883266712e-01 8.077189794087007157e-02
9.131977540246311031e-01 4.306571736567655906e-01 8.731093148902957513e-02
7.351250037738373821e-01 3.778516567337775189e-01 7.365757624459799702e-02
5.883214381465794451e-01 4.767731034541025648e-01 6.807458820321223014e-02
5.883214381465794451e-01 4.767731034541025648e-01 6.807458820321223014e-02
5.883214381465794451e-01 4.767731034541025648e-01 6.807458820321223014e-02
