2.489132485845457765e-01 1.481402749648903505e-01 2.806059876890064017e-02
2.489132485845457765e-01 1.481402749648903505e-01 2.806059876890064017e-02
2.489132485845457765e-01 1.481402749648903505e-01 2.806059876890064017e-02
2.489132485845457765e-01 1.481402749648903505e-01 2.806059876890064017e-02
2.489132485845457765e-01 1.481402749648903505e-01 2.806059876890064017e-02
2.102228451148721589e-01 3.870957832166826984e-02 4.267097292897305445e-03
2.078460496023682436e-01 7.065263568810771222e-01 1.673004356043222562e-01
2.078460496023682436e-01 7.065263568810771222e-01 1.673004356043222562e-01
2.078460496023682436e-01 7.065263568810771222e-01 1.673004356043222562e-01
2.078460496023682436e-01 7.065263568810771222e-01 1.673004356043222562e-01
2.078460496023682436e-01 7.065263568810771222e-01 1.673004356043222562e-01
2.078460496023682436e-01 7.065263568810771222e-01 1.673004356043222562e-01
2.078460496023682436e-01 7.065263568810771222e-01 1.673004356043222562e-01
1.046002649551984881e-01 5.956336200676535242e-01 9.240776746313665579e-02
4.331407523946593785e-01 6.633005353971294094e-01 1.238403067030141025e-01
3.508969296161252860e-01 8.630189742297570410e-01 4.420857585490584052e-02
6.690434526277294625e-02 7.235236976904866335e-01 9.484130716805710959e-02
1.176289792104500409e-01 7.923198644183612194e-01 1.199082303982817455e-01
1.520406625225734221e-02 8.505504927409931470e-01 7.730693914542403899e-02
1.520406625225734221e-02 8.505504927409931470e-01 7.730693914542403899e-02
1.520406625225734221e-02 8.505504927409931470e-01 7.730693914542403899e-02
9.844499981391927404e-03 9.810573592304822066e-01 6.338632074565117569e-02
9.844499981391927404e-03 9.810573592304822066e-01 6.338632074565117569e-02
9.844499981391927404e-03 9.810573592304822066e-01 6.338632074565117569e-02
9.844499981391927404e-03 9.810573592304822066e-01 6.338632074565117569e-02
9.844499981391927404e-03 9.810573592304822066e-01 6.338632074565117569e-02
3.874580532623449480e-01 1.025494693094514354e+00 4.606484710995506493e-03
3.874580532623449480e-01 1.025494693094514354e+00 4.606484710995506493e-03
3.874580532623449480e-01 1.025494693094514354e+00 4.606484710995506493e-03
3.874580532623449480e-01 1.025494693094514354e+00 4.606484710995506493e-03
2.385738568981599084e-01 8.226815253229566860e-01 1.083053465245264746e-01
-5.636947817375531633e-03 7.531510809535958417e-01 5.878453075132774458e-02
-5.636947817375531633e-03 7.531510809535958417e-01 5.878453075132774458e-02
6.679325594418982215e-01 3.967611245211988824e-01 1.619224770007064995e-01
8.740556445818463693e-01 1.543573548617317437e-01 1.607705872988250684e-01
8.715381945901369276e-01 -3.207074789736372167e-01 3.972807876783887027e-01
8.715381945901369276e-01 -3.207074789736372167e-01 3.972807876783887027e-01
8.715381945901369276e-01 -3.207074789736372167e-01 3.972807876783887027e-01
8.715381945901369276e-01 -3.207074789736372167e-01 3.972807876783887027e-01
9.568401042656526911e-01 -3.365609654833380260e-01 4.551936687789984726e-01
9.568401042656526911e-01 -3.365609654833380260e-01 4.551936687789984726e-01
9.568401042656526911e-01 -3.365609654833380260e-01 4.551936687789984726e-01
8.037010418498538034e-01 -2.334833297773721283e-01 4.172252901420607230e-01
7.257686183600214891e-01 3.842052501924340668e-01 1.078672126604359877e-01
7.257686183600214891e-01 3.842052501924340668e-01 1.078672126604359877e-01
8.499370806302068981e-01 1.555521750817667193e-01 1.969921521824912480e-01
8.499370806302068981e-01 1.555521750817667193e-01 1.969921521824912480e-01
3.765018345360954810e-01 3.131837896115583497e-01 2.737418928996186995e-01
5.170116233446699905e-01 9.810026383401904138e-02 3.233475226148190274e-01
7.795762566527193460e-01 -4.073045174922315659e-02 5.316817884727180754e-01
7.795762566527193460e-01 -4.073045174922315659e-02 5.316817884727180754e-01
7.795762566527193460e-01 -4.073045174922315659e-02 5.316817884727180754e-01
4.896868490582095834e-01 -3.443748484056777942e-02 1.275767148956226116e-01
4.823996766622148380e-01 1.296413084888090317e-01 2.930355720381144780e-01
7.166628043123856040e-01 2.575315387073389695e-01 2.770562572329878237e-01
5.927177468612120359e-01 2.387116348746678163e-01 4.475138428599060303e-01
8.027485012740309678e-01 -2.086763035292434065e-01 4.483338987491894412e-01
8.027485012740309678e-01 -2.086763035292434065e-01 4.483338987491894412e-01
8.027485012740309678e-01 -2.086763035292434065e-01 4.483338987491894412e-01
9.221382626386196435e-01 -1.153264356484486886e-01 4.339423662114551550e-01
7.347369746351138931e-01 8.897975915796721424e-02 4.813176045326997832e-01
7.083983659337013128e-01 7.174414185552453749e-02 5.132839642321245233e-01
7.083983659337013128e-01 7.174414185552453749e-02 5.132839642321245233e-01
7.083983659337013128e-01 7.174414185552453749e-02 5.132839642321245233e-01
7.083983659337013128e-01 7.174414185552453749e-02 5.132839642321245233e-01
8.472835891733512259e-01 1.612946497555173553e-01 1.938722988407973746e-01
8.755192975461810745e-01 2.278527491932479943e-01 8.758549355074612963e-02
8.755192975461810745e-01 2.278527491932479943e-01 8.758549355074612963e-02
8.755192975461810745e-01 2.278527491932479943e-01 8.758549355074612963e-02
5.575418858190165361e-01 -1.496255207660340258e-01 1.101490792346916797e-01
5.575418858190165361e-01 -1.496255207660340258e-01 1.101490792346916797e-01
7.288454590554045431e-01 -2.720982582860702603e-01 2.272323065504624484e-01
7.288454590554045431e-01 -2.720982582860702603e-01 2.272323065504624484e-01
7.288454590554045431e-01 -2.720982582860702603e-01 2.272323065504624484e-01
5.917335702307413570e-01 2.287580800016397742e-03 3.523165060271779558e-01
7.438697650020038576e-01 -2.009182327525491363e-01 3.608142520687297461e-01
7.438697650020038576e-01 -2.009182327525491363e-01 3.608142520687297461e-01
6.140951112110293320e-01 2.398001025536895814e-01 4.357409999543305767e-01
6.140951112110293320e-01 2.398001025536895814e-01 4.357409999543305767e-01
5.478940839220227677e-01 2.334243880876842592e-01 4.459104081122748364e-01
1.053216943179831944e+00 1.305553970544936493e-01 2.212786954228622774e-02
1.053216943179831944e+00 1.305553970544936493e-01 2.212786954228622774e-02
1.053216943179831944e+00 1.305553970544936493e-01 2.212786954228622774e-02
1.102544260968359779e+00 -9.927844204836971942e-03 4.750408072132231152e-02
6.342175870434176854e-01 4.359193752833902952e-02 4.698084032527534704e-01
6.899323489504498585e-01 1.832903435649957669e-01 4.253500884397373727e-01
8.804617042601068366e-01 -1.156037825851720380e-01 4.940369135418348212e-01
8.804617042601068366e-01 -1.156037825851720380e-01 4.940369135418348212e-01
1.064351112275231825e+00 -4.910147702980011131e-01 3.673131367764295718e-01
1.064351112275231825e+00 -4.910147702980011131e-01 3.673131367764295718e-01
1.064351112275231825e+00 -4.910147702980011131e-01 3.673131367764295718e-01
1.064351112275231825e+00 -4.910147702980011131e-01 3.673131367764295718e-01
1.064351112275231825e+00 -4.910147702980011131e-01 3.673131367764295718e-01
1.064351112275231825e+00 -4.910147702980011131e-01 3.673131367764295718e-01
9.227524503972903691e-01 -1.520071864845043419e-01 4.673325362935160099e-01
9.227524503972903691e-01 -1.520071864845043419e-01 4.673325362935160099e-01
9.227524503972903691e-01 -1.520071864845043419e-01 4.673325362935160099e-01
1.005949361813329057e+00 -2.324539930935607956e-01 4.074707993158540043e-01
1.005949361813329057e+00 -2.324539930935607956e-01 4.074707993158540043e-01
1.005949361813329057e+00 -2.324539930935607956e-01 4.074707993158540043e-01
