2.489132485845457765e-01 1.481402749648903505e-01 3.563230959726773877e-03
5.524396985703330376e-01 1.869000174670154280e-01 4.091723055086730898e-02
2.534707360900186335e-01 2.269829967688300754e-01 1.116324849321812841e-02
1.925574068720542487e-02 3.854174403584571529e-01 1.624425063904812172e-02
4.688774825345503050e-01 4.156582268265357483e-01 1.517757233541406903e-01
4.047963784939336285e-01 4.723789352788415608e-01 1.685678604329602648e-01
4.483008728017006672e-01 6.550827413441274727e-01 2.017495530180777319e-01
4.483008728017006672e-01 6.550827413441274727e-01 2.017495530180777319e-01
4.483008728017006672e-01 6.550827413441274727e-01 2.017495530180777319e-01
5.457788844202038359e-02 5.827302883760288044e-01 1.139330387331699418e-01
5.457788844202038359e-02 5.827302883760288044e-01 1.139330387331699418e-01
-8.986086437962140239e-02 7.168240080715655438e-01 1.452073293867508774e-01
-2.703529344096918807e-01 9.220442708041793889e-01 1.791813809482708242e-01
-5.109321911359282486e-02 9.987416348691999790e-01 1.531285914684269445e-01
-5.109321911359282486e-02 9.987416348691999790e-01 1.531285914684269445e-01
-5.109321911359282486e-02 9.987416348691999790e-01 1.531285914684269445e-01
-5.109321911359282486e-02 9.987416348691999790e-01 1.531285914684269445e-01
-3.504916986645227883e-01 1.113996586156770885e+00 1.510793157869038950e-01
-1.075589476136447065e-01 9.333156839892818857e-01 1.948940380144314755e-01
-1.075589476136447065e-01 9.333156839892818857e-01 1.948940380144314755e-01
-1.094826155632720455e-01 1.105471059782353827e+00 1.011806862003661739e-01
-1.094826155632720455e-01 1.105471059782353827e+00 1.011806862003661739e-01
-1.094826155632720455e-01 1.105471059782353827e+00 1.011806862003661739e-01
-1.068027825430726968e-01 8.593113909305444276e-01 2.008645187250280295e-01
-7.844008685206023401e-02 9.189961320902586550e-01 1.970309032173947761e-01
-7.844008685206023401e-02 9.189961320902586550e-01 1.970309032173947761e-01
-4.332258483266266946e-01 7.807807743146267798e-01 5.667724111270579235e-02
-2.460647898326025762e-01 6.809806371314470752e-01 6.516654196447868586e-02
-2.460647898326025762e-01 6.809806371314470752e-01 6.516654196447868586e-02
-2.508276208243274685e-01 1.038360850287217474e+00 1.712226252809747606e-01
-2.508276208243274685e-01 1.038360850287217474e+00 1.712226252809747606e-01
-2.550785712612582690e-02 6.932038935869297980e-01 1.558551685092310068e-01
-2.550785712612582690e-02 6.932038935869297980e-01 1.558551685092310068e-01
-6.855134319184816305e-02 7.963219166803990889e-01 1.938935529567082372e-01
-6.855134319184816305e-02 7.963219166803990889e-01 1.938935529567082372e-01
-1.898428207200545947e-01 1.037321899225710498e+00 1.631457282229493710e-01
-1.898428207200545947e-01 1.037321899225710498e+00 1.631457282229493710e-01
-4.158644710563927371e-01 7.739762327016193044e-01 5.860911209207925882e-02
-2.623582858613158209e-01 1.125538092893074271e+00 1.294657717000577968e-01
-2.116503760428691261e-01 1.148192407704198947e+00 1.031410769690931234e-01
-1.103261249584842174e+00 1.371361660689459860e+00 6.905461909570498324e-02
-1.103261249584842174e+00 1.371361660689459860e+00 6.905461909570498324e-02
-1.103261249584842174e+00 1.371361660689459860e+00 6.905461909570498324e-02
-1.103261249584842174e+00 1.371361660689459860e+00 6.905461909570498324e-02
-5.408009793788705055e-01 1.296376010015700464e+00 9.306470889467534369e-02
-5.408009793788705055e-01 1.296376010015700464e+00 9.306470889467534369e-02
-5.408009793788705055e-01 1.296376010015700464e+00 9.306470889467534369e-02
-1.231796433996295903e+00 1.204774147587845734e+00 1.919454448894714754e-02
-1.231796433996295903e+00 1.204774147587845734e+00 1.919454448894714754e-02
-1.284927098440807436e+00 1.323723996625418398e+00 3.141486239954101312e-02
-1.284927098440807436e+00 1.323723996625418398e+00 3.141486239954101312e-02
-1.284927098440807436e+00 1.323723996625418398e+00 3.141486239954101312e-02
-1.054650949179847252e+00 1.241506760235106865e+00 5.669065734139919904e-02
-7.461819257729335186e-01 1.400847639625126817e+00 7.630207716346885938e-02
-7.461819257729335186e-01 1.400847639625126817e+00 7.630207716346885938e-02
-8.915876231835394572e-01 1.473737592953938691e+00 6.459607372631664957e-02
-8.352618225646746275e-01 1.329947875467128116e+00 1.006944218489835979e-01
-9.124257587286273008e-01 1.247710541962476771e+00 8.961565224196535451e-02
-5.375459773610045122e-01 9.259335735079066154e-01 9.173600200406349658e-02
-5.375459773610045122e-01 9.259335735079066154e-01 9.173600200406349658e-02
-5.375459773610045122e-01 9.259335735079066154e-01 9.173600200406349658e-02
-3.167592065732725559e-01 8.554034783819892684e-01 1.369706353366300644e-01
-2.153437681237739265e-01 9.360440746584309801e-01 1.911551548757320362e-01
3.246961710692755632e-02 9.304869910995015037e-01 1.721559751846320763e-01
3.246961710692755632e-02 9.304869910995015037e-01 1.721559751846320763e-01
3.246961710692755632e-02 9.304869910995015037e-01 1.721559751846320763e-01
3.246961710692755632e-02 9.304869910995015037e-01 1.721559751846320763e-01
3.246961710692755632e-02 9.304869910995015037e-01 1.721559751846320763e-01
3.246961710692755632e-02 9.304869910995015037e-01 1.721559751846320763e-01
-2.696778264205749176e-01 6.695408167298629865e-01 5.291894817391295386e-02
-2.696778264205749176e-01 6.695408167298629865e-01 5.291894817391295386e-02
-2.696778264205749176e-01 6.695408167298629865e-01 5.291894817391295386e-02
-2.696778264205749176e-01 6.695408167298629865e-01 5.291894817391295386e-02
-3.539118561991371203e-01 7.659901404811240155e-01 7.390010716915246247e-02
1.308398998968378635e-01 4.099147552246333315e-01 4.142185124697363857e-02
1.308398998968378635e-01 4.099147552246333315e-01 4.142185124697363857e-02
3.530870849424776470e-01 5.195293486131071781e-01 1.817540544905784095e-01
3.530870849424776470e-01 5.195293486131071781e-01 1.817540544905784095e-01
3.180989392110751268e-01 5.087960255840046075e-01 1.636438442917347857e-01
-1.392475562684822310e-01 7.460538809284504858e-01 1.436599438104110560e-01
-1.392475562684822310e-01 7.460538809284504858e-01 1.436599438104110560e-01
-1.392475562684822310e-01 7.460538809284504858e-01 1.436599438104110560e-01
7.169095713894975130e-01 9.203960065405106805e-01 7.880005645155787122e-03
2.316769638140235288e-01 5.917472360016946542e-01 1.865550699611669971e-01
7.537163974533198085e-02 7.158817548265823394e-01 2.017605236557521720e-01
5.289267602972928112e-02 5.105804990542485156e-01 6.847939702113800542e-02
-2.519302389591590585e-01 9.302435736047898196e-01 1.848146493359222875e-01
-2.519302389591590585e-01 9.302435736047898196e-01 1.848146493359222875e-01
-2.519302389591590585e-01 9.302435736047898196e-01 1.848146493359222875e-01
-3.005272249413412644e-01 9.342861809326128419e-01 1.746700564414150614e-01
6.594960582269457916e-01 2.868588349867343679e-01 1.247678887255540547e-01
5.145475333779369054e-01 1.028190393161938776e-01 1.311098086722842573e-02
5.145475333779369054e-01 1.028190393161938776e-01 1.311098086722842573e-02
4.205647026222113505e-01 4.722938002680993064e-01 1.733509729438754698e-01
4.753498728247169680e-01 5.339529118686423548e-01 2.109417253625748279e-01
4.251481071942163625e-01 5.045630677245890316e-01 1.927016853070829538e-01
2.067266119583635320e-01 6.216425713960551658e-01 1.951378837029132396e-01
2.067266119583635320e-01 6.216425713960551658e-01 1.951378837029132396e-01
2.067266119583635320e-01 6.216425713960551658e-01 1.951378837029132396e-01
2.067266119583635320e-01 6.216425713960551658e-01 1.951378837029132396e-01
