2.489132485845457765e-01 1.481402749648903505e-01 2.840645424583957551e-03
3.799431820778719771e-01 4.457203278991552775e-01 1.510963944437292983e-01
5.148305252687483957e-01 6.131317430306757466e-01 2.084649107131847645e-01
5.148305252687483957e-01 6.131317430306757466e-01 2.084649107131847645e-01
5.148305252687483957e-01 6.131317430306757466e-01 2.084649107131847645e-01
5.148305252687483957e-01 6.131317430306757466e-01 2.084649107131847645e-01
7.093443824169792800e-02 7.618067917366148079e-01 2.448546845862130950e-01
7.093443824169792800e-02 7.618067917366148079e-01 2.448546845862130950e-01
2.216248004791843140e-01 5.978735113028195158e-01 2.324252744948614446e-01
2.216248004791843140e-01 5.978735113028195158e-01 2.324252744948614446e-01
5.468040486674377032e-01 7.243162135857043049e-01 1.237765555523017008e-01
5.468040486674377032e-01 7.243162135857043049e-01 1.237765555523017008e-01
8.280347283358856503e-01 5.394190687072146773e-01 1.371935597269831608e-01
7.448663554369061579e-01 5.310735077949063632e-01 1.678506955595611971e-01
6.505338156938348382e-01 3.557901600060952019e-01 1.295910822106520199e-01
8.348066180430420147e-01 2.920468804146750808e-01 1.065877005510901115e-01
1.015233354145225197e+00 3.709970417050612590e-01 1.215252861744550716e-01
4.108900476394692358e-01 2.243818498343999324e-01 2.103634192393663560e-02
4.108900476394692358e-01 2.243818498343999324e-01 2.103634192393663560e-02
4.108900476394692358e-01 2.243818498343999324e-01 2.103634192393663560e-02
9.125397734681961470e-02 5.315741089350439763e-01 1.440718270896992059e-01
9.125397734681961470e-02 5.315741089350439763e-01 1.440718270896992059e-01
-9.387340253817830216e-02 1.034647875358431612e+00 7.710748670232654700e-02
1.390347669287813059e-01 5.993131191813731995e-01 2.165914861061665475e-01
2.187013166491481864e-02 7.742014628758322470e-01 2.451035138226911603e-01
2.187013166491481864e-02 7.742014628758322470e-01 2.451035138226911603e-01
-3.493741783103836845e-03 5.951007987101751828e-01 1.684176251180904416e-01
-3.493741783103836845e-03 5.951007987101751828e-01 1.684176251180904416e-01
-1.484319873587083005e-01 6.397972109250613659e-01 1.535236721985311914e-01
-1.484319873587083005e-01 6.397972109250613659e-01 1.535236721985311914e-01
-2.718098947761040107e-01 1.108066420754087567e+00 6.427724978613603979e-02
-2.718098947761040107e-01 1.108066420754087567e+00 6.427724978613603979e-02
-2.718098947761040107e-01 1.108066420754087567e+00 6.427724978613603979e-02
-2.718098947761040107e-01 1.108066420754087567e+00 6.427724978613603979e-02
-3.086506460453026790e-01 5.695414350108845003e-01 5.136006194802607283e-02
-3.634304294403791769e-01 9.306615418633250592e-01 1.943138681950299096e-01
-7.347577452329179248e-01 8.368078389218994717e-01 7.740669142030538741e-02
-7.347577452329179248e-01 8.368078389218994717e-01 7.740669142030538741e-02
-6.522908331762283796e-01 7.748290127422811091e-01 7.075078590639399811e-02
-6.522908331762283796e-01 7.748290127422811091e-01 7.075078590639399811e-02
-6.522908331762283796e-01 7.748290127422811091e-01 7.075078590639399811e-02
-6.522908331762283796e-01 7.748290127422811091e-01 7.075078590639399811e-02
-6.522908331762283796e-01 7.748290127422811091e-01 7.075078590639399811e-02
-2.763756545364103312e-01 7.758031833934768695e-01 2.026104529238735297e-01
-2.057248974187194934e-01 8.607556303971392042e-01 2.231509496395815695e-01
-2.057248974187194934e-01 8.607556303971392042e-01 2.231509496395815695e-01
-8.125307377153477562e-02 9.103989257969530291e-01 1.762504382495205524e-01
-8.125307377153477562e-02 9.103989257969530291e-01 1.762504382495205524e-01
-8.125307377153477562e-02 9.103989257969530291e-01 1.762504382495205524e-01
4.375843910396359782e-04 6.157858679130149282e-01 1.877096859707325371e-01
4.375843910396359782e-04 6.157858679130149282e-01 1.877096859707325371e-01
6.705799745344458440e-01 3.272603801898576470e-01 1.124284753835215894e-01
5.583124585187342337e-01 1.353495561064896879e-01 1.170912121759745163e-02
5.583124585187342337e-01 1.353495561064896879e-01 1.170912121759745163e-02
5.583124585187342337e-01 1.353495561064896879e-01 1.170912121759745163e-02
5.583124585187342337e-01 1.353495561064896879e-01 1.170912121759745163e-02
5.583124585187342337e-01 1.353495561064896879e-01 1.170912121759745163e-02
6.035150026392700484e-01 1.615756624381033957e-01 2.000202171700257714e-02
6.035150026392700484e-01 1.615756624381033957e-01 2.000202171700257714e-02
6.035150026392700484e-01 1.615756624381033957e-01 2.000202171700257714e-02
7.220127943364584855e-01 1.227997804090441292e-01 1.870129560953738557e-02
7.220127943364584855e-01 1.227997804090441292e-01 1.870129560953738557e-02
7.516259247665618703e-01 8.559882533313681319e-02 1.279081022976297048e-02
7.516259247665618703e-01 8.559882533313681319e-02 1.279081022976297048e-02
3.696166054117132060e-01 3.504029925892148123e-01 7.319524441613643739e-02
3.696166054117132060e-01 3.504029925892148123e-01 7.319524441613643739e-02
5.065713560830804596e-01 6.595861315736490926e-01 1.867380529597913175e-01
5.816328653736477783e-01 6.332796601930710256e-01 1.756811718016164092e-01
5.816328653736477783e-01 6.332796601930710256e-01 1.756811718016164092e-01
5.816328653736477783e-01 6.332796601930710256e-01 1.756811718016164092e-01
2.791761279793115724e-01 2.463840209764392442e-01 1.576816034774595685e-02
5.752310370262483374e-01 6.200126244305069756e-01 1.856047131104933134e-01
1.110298740098979997e-01 7.723312561414501509e-01 2.337257240049420703e-01
1.110298740098979997e-01 7.723312561414501509e-01 2.337257240049420703e-01
1.110298740098979997e-01 7.723312561414501509e-01 2.337257240049420703e-01
1.110298740098979997e-01 7.723312561414501509e-01 2.337257240049420703e-01
1.110298740098979997e-01 7.723312561414501509e-01 2.337257240049420703e-01
-3.724252699834116331e-01 7.583845770690076371e-01 1.579148676318935518e-01
-7.392346778026059884e-02 6.664260177742789004e-01 2.024580758540575343e-01
-7.392346778026059884e-02 6.664260177742789004e-01 2.024580758540575343e-01
-7.392346778026059884e-02 6.664260177742789004e-01 2.024580758540575343e-01
-7.392346778026059884e-02 6.664260177742789004e-01 2.024580758540575343e-01
-7.392346778026059884e-02 6.664260177742789004e-01 2.024580758540575343e-01
-7.392346778026059884e-02 6.664260177742789004e-01 2.024580758540575343e-01
1.466809440198736103e-01 5.516673112084184982e-01 1.801755703880795478e-01
1.466809440198736103e-01 5.516673112084184982e-01 1.801755703880795478e-01
1.466809440198736103e-01 5.516673112084184982e-01 1.801755703880795478e-01
1.466809440198736103e-01 5.516673112084184982e-01 1.801755703880795478e-01
1.466809440198736103e-01 5.516673112084184982e-01 1.801755703880795478e-01
1.253338202858650663e-01 5.549395876949922979e-01 1.763805619522614831e-01
1.253338202858650663e-01 5.549395876949922979e-01 1.763805619522614831e-01
1.253338202858650663e-01 5.549395876949922979e-01 1.763805619522614831e-01
1.253338202858650663e-01 5.549395876949922979e-01 1.763805619522614831e-01
1.253338202858650663e-01 5.549395876949922979e-01 1.763805619522614831e-01
1.272688541421941877e-01 7.093833760797756405e-01 2.529143880917664733e-01
1.272688541421941877e-01 7.093833760797756405e-01 2.529143880917664733e-01
1.272688541421941877e-01 7.093833760797756405e-01 2.529143880917664733e-01
1.272688541421941877e-01 7.093833760797756405e-01 2.529143880917664733e-01
1.272688541421941877e-01 7.093833760797756405e-01 2.529143880917664733e-01
1.272688541421941877e-01 7.093833760797756405e-01 2.529143880917664733e-01
