2.489132485845457765e-01 1.481402749648903505e-01 1.845314251691149718e-03
2.499906921724228959e-01 1.578964352961567397e-01 2.114105793671640799e-03
3.101309097336962806e-01 6.918579604643492198e-01 9.673111981954185534e-02
2.134963299041423013e-01 8.496428226438801357e-01 8.154300040171989783e-02
2.134963299041423013e-01 8.496428226438801357e-01 8.154300040171989783e-02
2.134963299041423013e-01 8.496428226438801357e-01 8.154300040171989783e-02
-5.615401788603141542e-02 8.394852425312516742e-01 6.429945857290565725e-02
-2.069807861792035686e-01 7.589009021937134225e-01 3.223303677828864844e-02
-3.358879149746849535e-01 8.591779871631647358e-01 3.072893301250005996e-02
-2.921479232492984468e-01 1.158316104882957109e+00 3.861429620515570427e-02
-3.692168727394347094e-01 1.016999384265953044e+00 4.142314328691702741e-02
-3.692168727394347094e-01 1.016999384265953044e+00 4.142314328691702741e-02
-3.692168727394347094e-01 1.016999384265953044e+00 4.142314328691702741e-02
-3.692168727394347094e-01 1.016999384265953044e+00 4.142314328691702741e-02
-2.847713970999583011e-01 1.066438772607524621e+00 4.704946382598775706e-02
-2.847713970999583011e-01 1.066438772607524621e+00 4.704946382598775706e-02
-2.847713970999583011e-01 1.066438772607524621e+00 4.704946382598775706e-02
-2.847713970999583011e-01 1.066438772607524621e+00 4.704946382598775706e-02
-2.847713970999583011e-01 1.066438772607524621e+00 4.704946382598775706e-02
-2.847713970999583011e-01 1.066438772607524621e+00 4.704946382598775706e-02
-2.847713970999583011e-01 1.066438772607524621e+00 4.704946382598775706e-02
-2.847713970999583011e-01 1.066438772607524621e+00 4.704946382598775706e-02
-2.847713970999583011e-01 1.066438772607524621e+00 4.704946382598775706e-02
-2.847713970999583011e-01 1.066438772607524621e+00 4.704946382598775706e-02
-2.847713970999583011e-01 1.066438772607524621e+00 4.704946382598775706e-02
-2.029122577657467841e-01 9.837886962349627895e-01 5.468772055734155008e-02
6.592860919209724280e-01 2.247613629380679212e-01 4.206222286709193625e-02
4.543879231625574944e-01 2.813704184814613263e-01 2.670235654090466135e-02
4.235860469504146852e-01 3.682820079424051207e-01 4.332657111923465809e-02
2.241051357096852936e-01 7.042796571498914915e-01 8.791622703942952866e-02
4.336340974484347854e-01 5.319277167403611006e-01 9.174926420580321873e-02
3.714922171560351982e-01 6.760228328632711392e-01 1.015600919767622179e-01
3.714922171560351982e-01 6.760228328632711392e-01 1.015600919767622179e-01
3.714922171560351982e-01 6.760228328632711392e-01 1.015600919767622179e-01
5.067445383036781603e-01 9.478700661899364110e-01 3.026946778981008321e-02
5.067445383036781603e-01 9.478700661899364110e-01 3.026946778981008321e-02
5.363975961908957757e-01 9.924970823331776826e-01 1.872436846861228257e-02
3.714961394912838499e-01 9.092569337577623978e-01 5.567637442652789703e-02
1.064673572415421043e-01 9.736213622567292392e-01 6.059820507371306564e-02
9.942933342029738886e-02 1.013369521415877772e+00 5.212323042036072496e-02
9.942933342029738886e-02 1.013369521415877772e+00 5.212323042036072496e-02
6.032533952477006078e-01 1.368770135594988169e+00 7.483764536753021107e-05
6.032533952477006078e-01 1.368770135594988169e+00 7.483764536753021107e-05
6.032533952477006078e-01 1.368770135594988169e+00 7.483764536753021107e-05
6.032533952477006078e-01 1.368770135594988169e+00 7.483764536753021107e-05
6.553109508045061871e-01 1.252376639954155157e+00 3.525902474769311568e-04
4.529624851886512316e-01 1.092974348919782956e+00 1.032756016895923848e-02
4.529624851886512316e-01 1.092974348919782956e+00 1.032756016895923848e-02
4.529624851886512316e-01 1.092974348919782956e+00 1.032756016895923848e-02
4.529624851886512316e-01 1.092974348919782956e+00 1.032756016895923848e-02
4.529624851886512316e-01 1.092974348919782956e+00 1.032756016895923848e-02
3.756901240711208456e-01 4.959975060638510680e-01 7.126500055641739328e-02
3.756901240711208456e-01 4.959975060638510680e-01 7.126500055641739328e-02
3.756901240711208456e-01 4.959975060638510680e-01 7.126500055641739328e-02
3.756901240711208456e-01 4.959975060638510680e-01 7.126500055641739328e-02
8.653297832308173287e-01 4.225442877299349087e-01 1.225934102858124986e-01
8.653297832308173287e-01 4.225442877299349087e-01 1.225934102858124986e-01
8.653297832308173287e-01 4.225442877299349087e-01 1.225934102858124986e-01
8.653297832308173287e-01 4.225442877299349087e-01 1.225934102858124986e-01
9.521068388505309343e-01 4.971410944270039378e-01 1.045347491667595746e-01
7.015153091740946589e-01 5.362891643198867131e-01 1.181432338964045758e-01
1.260806158995228410e+00 1.162813518685461012e-01 1.009959843538520974e-01
1.228228148665017949e+00 5.727964042696469527e-01 3.221210583565679159e-02
1.056409354424369784e+00 7.417832643925678093e-01 1.723042894144824477e-02
1.056409354424369784e+00 7.417832643925678093e-01 1.723042894144824477e-02
4.984103524789503803e-01 7.546328403922349937e-01 8.745980246860232676e-02
4.984103524789503803e-01 7.546328403922349937e-01 8.745980246860232676e-02
2.992325726848450995e-01 8.744118247467810301e-01 7.230917285624001434e-02
2.992325726848450995e-01 8.744118247467810301e-01 7.230917285624001434e-02
3.712311550559654894e-01 1.081960672941054247e+00 1.633844451932304001e-02
3.712311550559654894e-01 1.081960672941054247e+00 1.633844451932304001e-02
3.712311550559654894e-01 1.081960672941054247e+00 1.633844451932304001e-02
4.883973696976212087e-01 9.882916033959895374e-01 2.343937647049292028e-02
4.883973696976212087e-01 9.882916033959895374e-01 2.343937647049292028e-02
4.883973696976212087e-01 9.882916033959895374e-01 2.343937647049292028e-02
4.883973696976212087e-01 9.882916033959895374e-01 2.343937647049292028e-02
2.014504545722476947e-01 1.158963940738289899e+00 1.564321606993897273e-02
2.014504545722476947e-01 1.158963940738289899e+00 1.564321606993897273e-02
2.014504545722476947e-01 1.158963940738289899e+00 1.564321606993897273e-02
2.014504545722476947e-01 1.158963940738289899e+00 1.564321606993897273e-02
-2.552251258308523840e-01 1.284728705449783792e+00 2.057901688928490125e-02
-1.622245691061797723e-01 1.235829283575218485e+00 2.370029089122905122e-02
-3.764010723090112087e-01 1.287266900507552103e+00 2.383387588029269380e-02
-3.545879720984941863e-01 9.340433603694096032e-01 3.709196759843914198e-02
-3.545879720984941863e-01 9.340433603694096032e-01 3.709196759843914198e-02
-3.584491102027149712e-01 1.035855245469943453e+00 4.286738006967975856e-02
-3.584491102027149712e-01 1.035855245469943453e+00 4.286738006967975856e-02
-3.584491102027149712e-01 1.035855245469943453e+00 4.286738006967975856e-02
-3.584491102027149712e-01 1.035855245469943453e+00 4.286738006967975856e-02
-1.593391195677251737e-04 6.323945873654046590e-01 3.832053573271444746e-02
1.063569481006504946e-01 4.737875643988542773e-01 2.215919416795739810e-02
6.904599780172507306e-03 1.115860329975037812e+00 3.579169650058621616e-02
4.016788319066216806e-01 6.883416567662086205e-01 1.028481976824993094e-01
3.770724788908870750e-01 7.085381126475145397e-01 1.006286360279882025e-01
-2.788945178848734052e-02 4.711988301127026935e-01 1.041309490123835946e-02
4.271558382131501741e-01 4.738256334472030207e-01 7.502614670219170945e-02
7.624214833824892734e-01 4.597874809550891451e-01 1.206745352813035077e-01
7.624214833824892734e-01 4.597874809550891451e-01 1.206745352813035077e-01
5.964632840152470639e-01 3.826080335775387531e-01 8.069503724827625790e-02
5.964632840152470639e-01 3.826080335775387531e-01 8.069503724827625790e-02
