2.489132485845457765e-01 1.481402749648903505e-01 3.803068744300201059e-02
2.489132485845457765e-01 1.481402749648903505e-01 3.803068744300201059e-02
1.919203677863379753e-01 2.549016289044188088e-01 5.429724964754298333e-02
1.919203677863379753e-01 2.549016289044188088e-01 5.429724964754298333e-02
1.919203677863379753e-01 2.549016289044188088e-01 5.429724964754298333e-02
4.410101586284108088e-01 5.795381833375659042e-01 1.567119397932932867e-01
4.410101586284108088e-01 5.795381833375659042e-01 1.567119397932932867e-01
3.476548215595813840e-01 7.954810434009240705e-01 5.642949482468676697e-02
3.476548215595813840e-01 7.954810434009240705e-01 5.642949482468676697e-02
3.476548215595813840e-01 7.954810434009240705e-01 5.642949482468676697e-02
4.928629268308614142e-01 5.785563608487527265e-01 1.007653736858446919e-01
8.520166254473586775e-01 1.129555392373261524e-01 1.363781420123401089e-01
7.455294590251225761e-01 2.870790677079348985e-01 9.901984870581535814e-02
1.016988248444463672e+00 2.926379751212404567e-02 4.337757896623723602e-02
9.069470098202977448e-01 1.737722607128476815e-01 4.236355243706459162e-02
9.069470098202977448e-01 1.737722607128476815e-01 4.236355243706459162e-02
9.069470098202977448e-01 1.737722607128476815e-01 4.236355243706459162e-02
1.200504779334094385e+00 -1.602075610755026025e-01 2.369757767850195346e-02
1.106829027598304149e+00 -4.468624625466306732e-02 2.691404984022741781e-02
1.106829027598304149e+00 -4.468624625466306732e-02 2.691404984022741781e-02
1.106829027598304149e+00 -4.468624625466306732e-02 2.691404984022741781e-02
1.106829027598304149e+00 -4.468624625466306732e-02 2.691404984022741781e-02
1.106829027598304149e+00 -4.468624625466306732e-02 2.691404984022741781e-02
1.106829027598304149e+00 -4.468624625466306732e-02 2.691404984022741781e-02
7.814767840022109890e-01 -8.540561330413531937e-03 3.540709731642220914e-01
7.621387524285435644e-01 5.583607298613348091e-02 3.285360571842986244e-01
7.621387524285435644e-01 5.583607298613348091e-02 3.285360571842986244e-01
6.708853590340588813e-01 -9.818950219200657525e-02 2.780137152557116131e-01
6.708853590340588813e-01 -9.818950219200657525e-02 2.780137152557116131e-01
5.191829840520620909e-01 -5.101162687798686118e-02 1.297649605017517915e-01
5.191829840520620909e-01 -5.101162687798686118e-02 1.297649605017517915e-01
1.172923051377845471e+00 -3.317743002606527991e-01 1.236594222613488087e-01
1.225956243299057835e+00 -5.103975687813119277e-01 1.595205003134013422e-01
1.225956243299057835e+00 -5.103975687813119277e-01 1.595205003134013422e-01
1.225956243299057835e+00 -5.103975687813119277e-01 1.595205003134013422e-01
1.452119436101760419e+00 -8.371056933052820614e-01 8.207456815876798539e-02
1.452119436101760419e+00 -8.371056933052820614e-01 8.207456815876798539e-02
1.452119436101760419e+00 -8.371056933052820614e-01 8.207456815876798539e-02
1.452119436101760419e+00 -8.371056933052820614e-01 8.207456815876798539e-02
1.452119436101760419e+00 -8.371056933052820614e-01 8.207456815876798539e-02
1.452119436101760419e+00 -8.371056933052820614e-01 8.207456815876798539e-02
1.365008723139888636e+00 -9.735590837674656939e-01 4.762351385961446915e-02
1.466605256983317895e+00 -9.331609925980058895e-01 6.964433919811756357e-02
1.466605256983317895e+00 -9.331609925980058895e-01 6.964433919811756357e-02
1.466605256983317895e+00 -9.331609925980058895e-01 6.964433919811756357e-02
1.154541363716802493e+00 -6.624080081697731881e-01 1.315478443315344637e-01
1.154541363716802493e+00 -6.624080081697731881e-01 1.315478443315344637e-01
1.154541363716802493e+00 -6.624080081697731881e-01 1.315478443315344637e-01
1.086187553688294782e+00 -6.072866839022718066e-01 1.365248500156892031e-01
1.086187553688294782e+00 -6.072866839022718066e-01 1.365248500156892031e-01
1.086187553688294782e+00 -6.072866839022718066e-01 1.365248500156892031e-01
1.262424459067851057e+00 -5.557082042603799232e-01 1.451278414257919647e-01
1.614569280544045249e+00 -5.552330254431986356e-01 2.361936558068435024e-03
1.614569280544045249e+00 -5.552330254431986356e-01 2.361936558068435024e-03
1.027227101158332712e+00 -6.293962345637612588e-01 8.419426933065089769e-02
1.230482202819026982e+00 -6.818658495267385655e-01 1.409683476765314358e-01
1.387436338918204504e+00 -7.434095208752043993e-01 1.027925183598840941e-01
1.146822204604279749e+00 -6.244429539080460501e-01 1.525996994755453862e-01
1.146822204604279749e+00 -6.244429539080460501e-01 1.525996994755453862e-01
1.146822204604279749e+00 -6.244429539080460501e-01 1.525996994755453862e-01
1.187556073397420864e+00 -5.136920233576857120e-01 1.847918577990159128e-01
1.187556073397420864e+00 -5.136920233576857120e-01 1.847918577990159128e-01
1.187556073397420864e+00 -5.136920233576857120e-01 1.847918577990159128e-01
1.276590820537078619e+00 -5.721113461010465251e-01 1.394193016938018448e-01
9.802353315784815280e-01 -4.897952017765364596e-01 1.642484963292834554e-01
1.119623258818355227e+00 -5.114371434752731371e-01 2.061833719197501968e-01
1.119623258818355227e+00 -5.114371434752731371e-01 2.061833719197501968e-01
8.053252036410027959e-01 -3.869077775967911803e-01 1.066129275063950332e-01
8.053252036410027959e-01 -3.869077775967911803e-01 1.066129275063950332e-01
9.842712791056023036e-01 -3.324891208222491290e-02 1.094734240978792600e-01
6.587573031986896366e-01 -2.660874470212947207e-01 7.822750242871610860e-02
6.587573031986896366e-01 -2.660874470212947207e-01 7.822750242871610860e-02
6.587573031986896366e-01 -2.660874470212947207e-01 7.822750242871610860e-02
6.587573031986896366e-01 -2.660874470212947207e-01 7.822750242871610860e-02
6.587573031986896366e-01 -2.660874470212947207e-01 7.822750242871610860e-02
8.022511915072700894e-01 -6.064789025672279177e-01 8.443469586151431533e-03
1.018046023335556605e+00 -7.193885564589874715e-01 3.334510323845513158e-02
1.055435597875503451e+00 -5.545925995574997325e-01 1.596076835410607242e-01
1.048306239496136660e+00 -5.075900545614588921e-01 1.925169904923900721e-01
1.112437439641814407e+00 -4.201963473856145104e-01 2.201139405687403128e-01
9.369023393325845994e-01 -3.687903077172731692e-01 2.444263297080492003e-01
1.069886162475336855e+00 -2.824633486405256355e-01 2.049599620685735868e-01
1.069886162475336855e+00 -2.824633486405256355e-01 2.049599620685735868e-01
1.069886162475336855e+00 -2.824633486405256355e-01 2.049599620685735868e-01
1.443053348748405851e+00 -6.650521132644517941e-01 6.163864018176112153e-02
1.398514281268927073e+00 -7.535579575536933694e-01 9.895300585195072884e-02
1.398514281268927073e+00 -7.535579575536933694e-01 9.895300585195072884e-02
1.398514281268927073e+00 -7.535579575536933694e-01 9.895300585195072884e-02
1.382167011669607870e+00 -8.630236462888700721e-01 8.685229465347213407e-02
1.382167011669607870e+00 -8.630236462888700721e-01 8.685229465347213407e-02
1.179572005686568392e+00 -6.149901281425269595e-01 1.651358109411914799e-01
5.898306220480925566e-01 -1.117144715003850486e-01 1.514714465692391931e-01
8.552823554489186186e-01 1.866166915505497181e-01 7.162158859450727666e-02
1.090531177608297986e+00 -2.120135380908069189e-01 1.301150757416400794e-01
1.072297423046494558e+00 -2.117588479650002742e-01 1.510101115274611328e-01
1.072297423046494558e+00 -2.117588479650002742e-01 1.510101115274611328e-01
9.290132939510844512e-01 -2.475626292136329232e-01 3.097848073405949365e-01
9.290132939510844512e-01 -2.475626292136329232e-01 3.097848073405949365e-01
9.290132939510844512e-01 -2.475626292136329232e-01 3.097848073405949365e-01
9.290132939510844512e-01 -2.475626292136329232e-01 3.097848073405949365e-01
