2.489132485845457765e-01 1.481402749648903505e-01 3.826078395167117202e-02
2.956490783174028913e-01 3.909734838615521180e-01 4.320124450002275629e-01
4.892650442285374490e-01 4.227908591233676128e-01 5.142603134267076381e-01
4.892650442285374490e-01 4.227908591233676128e-01 5.142603134267076381e-01
4.892650442285374490e-01 4.227908591233676128e-01 5.142603134267076381e-01
4.892650442285374490e-01 4.227908591233676128e-01 5.142603134267076381e-01
4.892650442285374490e-01 4.227908591233676128e-01 5.142603134267076381e-01
4.892650442285374490e-01 4.227908591233676128e-01 5.142603134267076381e-01
4.892650442285374490e-01 4.227908591233676128e-01 5.142603134267076381e-01
2.673566018199630134e-01 5.816546825630366513e-01 4.405990792948425994e-01
2.673566018199630134e-01 5.816546825630366513e-01 4.405990792948425994e-01
1.229971726014734701e-01 5.604592003075585804e-01 3.198238383842850197e-01
1.229971726014734701e-01 5.604592003075585804e-01 3.198238383842850197e-01
-1.668495519037893615e-01 7.086559316743787917e-01 7.761389327750262135e-02
-1.668495519037893615e-01 7.086559316743787917e-01 7.761389327750262135e-02
-1.668495519037893615e-01 7.086559316743787917e-01 7.761389327750262135e-02
-1.668495519037893615e-01 7.086559316743787917e-01 7.761389327750262135e-02
-1.668495519037893615e-01 7.086559316743787917e-01 7.761389327750262135e-02
8.074102468942448430e-02 1.007226353584844025e+00 4.540435647769207328e-02
-2.711154906270483167e-01 7.602138312907434914e-01 3.765068036338080348e-02
-2.688935295212325771e-01 6.158927160725764516e-01 8.884019142752715842e-03
-3.197412403394293556e-01 1.053094911350303642e+00 6.956826180270518634e-02
-3.197412403394293556e-01 1.053094911350303642e+00 6.956826180270518634e-02
-3.197412403394293556e-01 1.053094911350303642e+00 6.956826180270518634e-02
-2.783155812007628294e-01 1.040400282012923228e+00 8.163814422785112268e-02
-2.783155812007628294e-01 1.040400282012923228e+00 8.163814422785112268e-02
2.800149464364487528e-01 7.780365644358554489e-01 1.267062706100165748e-01
6.669674883261597631e-02 7.033232989619258024e-01 3.033082243341342354e-01
6.669674883261597631e-02 7.033232989619258024e-01 3.033082243341342354e-01
8.709562807095908021e-03 7.956579143821598255e-01 2.419347668786404892e-01
8.709562807095908021e-03 7.956579143821598255e-01 2.419347668786404892e-01
2.536593481991123444e-01 5.482162845632966297e-01 4.643466591094904672e-01
2.536593481991123444e-01 5.482162845632966297e-01 4.643466591094904672e-01
2.536593481991123444e-01 5.482162845632966297e-01 4.643466591094904672e-01
2.536593481991123444e-01 5.482162845632966297e-01 4.643466591094904672e-01
4.824684947016932290e-01 1.931230731266440626e-01 4.670392068622241655e-01
4.824684947016932290e-01 1.931230731266440626e-01 4.670392068622241655e-01
4.850775919004381431e-01 2.530282052023914430e-01 5.786470132608551031e-01
4.850775919004381431e-01 2.530282052023914430e-01 5.786470132608551031e-01
4.850775919004381431e-01 2.530282052023914430e-01 5.786470132608551031e-01
4.850775919004381431e-01 2.530282052023914430e-01 5.786470132608551031e-01
3.930052415076444872e-01 4.739941085982728453e-01 5.248392103118020291e-01
3.930052415076444872e-01 4.739941085982728453e-01 5.248392103118020291e-01
3.930052415076444872e-01 4.739941085982728453e-01 5.248392103118020291e-01
3.930052415076444872e-01 4.739941085982728453e-01 5.248392103118020291e-01
1.207987613581599784e-01 8.884206845367954575e-01 1.183544044475834250e-01
1.207987613581599784e-01 8.884206845367954575e-01 1.183544044475834250e-01
1.207987613581599784e-01 8.884206845367954575e-01 1.183544044475834250e-01
1.207987613581599784e-01 8.884206845367954575e-01 1.183544044475834250e-01
2.812389830299678040e-01 6.982829023468986041e-01 2.451395396558741502e-01
4.925566005208154574e-01 3.529028339043387419e-01 6.114611085755036202e-01
4.925566005208154574e-01 3.529028339043387419e-01 6.114611085755036202e-01
4.925566005208154574e-01 3.529028339043387419e-01 6.114611085755036202e-01
7.211926516159674616e-01 7.029369889636494229e-02 6.108078714948680377e-01
7.211926516159674616e-01 7.029369889636494229e-02 6.108078714948680377e-01
8.800274117131237084e-01 1.752761352891415714e-01 2.665921476756586972e-01
6.177271283570635596e-01 1.873954204337863749e-01 6.480035473437317783e-01
6.177271283570635596e-01 1.873954204337863749e-01 6.480035473437317783e-01
6.177271283570635596e-01 1.873954204337863749e-01 6.480035473437317783e-01
8.919012238511961899e-01 -3.952897260951918068e-02 5.307677402634902730e-01
7.796990414053636131e-01 -1.069946773398161161e-01 3.671993926890988469e-01
7.796990414053636131e-01 -1.069946773398161161e-01 3.671993926890988469e-01
1.012905923040630540e+00 5.386149354427162417e-02 2.195514061735326650e-01
1.012905923040630540e+00 5.386149354427162417e-02 2.195514061735326650e-01
1.146432739594325900e+00 -1.612704621136046290e-02 1.111039410653797688e-01
1.146432739594325900e+00 -1.612704621136046290e-02 1.111039410653797688e-01
1.146432739594325900e+00 -1.612704621136046290e-02 1.111039410653797688e-01
8.529959923601697636e-01 -1.133619117437389828e-01 4.507342197507131498e-01
8.529959923601697636e-01 -1.133619117437389828e-01 4.507342197507131498e-01
8.529959923601697636e-01 -1.133619117437389828e-01 4.507342197507131498e-01
8.529959923601697636e-01 -1.133619117437389828e-01 4.507342197507131498e-01
8.529959923601697636e-01 -1.133619117437389828e-01 4.507342197507131498e-01
7.409756461025231999e-01 1.134685150739873499e-01 6.197221694047098106e-01
7.409756461025231999e-01 1.134685150739873499e-01 6.197221694047098106e-01
7.409756461025231999e-01 1.134685150739873499e-01 6.197221694047098106e-01
7.409756461025231999e-01 1.134685150739873499e-01 6.197221694047098106e-01
7.806396944600952903e-01 -7.365014661711501154e-02 4.398221618546406253e-01
7.806396944600952903e-01 -7.365014661711501154e-02 4.398221618546406253e-01
7.806396944600952903e-01 -7.365014661711501154e-02 4.398221618546406253e-01
7.806396944600952903e-01 -7.365014661711501154e-02 4.398221618546406253e-01
7.806396944600952903e-01 -7.365014661711501154e-02 4.398221618546406253e-01
7.806396944600952903e-01 -7.365014661711501154e-02 4.398221618546406253e-01
7.247875875069532681e-01 1.397001159569869477e-01 6.198975408896904016e-01
7.247875875069532681e-01 1.397001159569869477e-01 6.198975408896904016e-01
6.979042259436336604e-01 2.854728315398095129e-01 4.267330508292571101e-01
6.979042259436336604e-01 2.854728315398095129e-01 4.267330508292571101e-01
6.979042259436336604e-01 2.854728315398095129e-01 4.267330508292571101e-01
4.186858706677919484e-01 5.320443932480545257e-01 3.914579320626241921e-01
4.186858706677919484e-01 5.320443932480545257e-01 3.914579320626241921e-01
4.186858706677919484e-01 5.320443932480545257e-01 3.914579320626241921e-01
4.186858706677919484e-01 5.320443932480545257e-01 3.914579320626241921e-01
5.093777416881412057e-01 3.144383651681876279e-01 6.316207658091664845e-01
5.093777416881412057e-01 3.144383651681876279e-01 6.316207658091664845e-01
5.093777416881412057e-01 3.144383651681876279e-01 6.316207658091664845e-01
5.093777416881412057e-01 3.144383651681876279e-01 6.316207658091664845e-01
5.093777416881412057e-01 3.144383651681876279e-01 6.316207658091664845e-01
2.907787510500499661e-01 4.590496987522844075e-01 4.928672713625814605e-01
2.907787510500499661e-01 4.590496987522844075e-01 4.928672713625814605e-01
2.907787510500499661e-01 4.590496987522844075e-01 4.928672713625814605e-01
2.907787510500499661e-01 4.590496987522844075e-01 4.928672713625814605e-01
