2.489132485845457765e-01 1.481402749648903505e-01 2.213467819732901996e-03
4.496002665185540037e-01 2.304747513395686842e-01 2.150846342390198493e-02
5.737288201003030164e-01 6.772055188501002743e-01 1.467749781100831374e-01
5.737288201003030164e-01 6.772055188501002743e-01 1.467749781100831374e-01
6.245739326719002005e-01 8.574008729181114008e-01 5.337951576049634883e-02
1.771020494863136951e-01 7.136919616230188446e-01 1.408549091181627022e-01
1.907810071463131307e-01 4.266873957072260248e-01 3.625647885838339385e-02
6.540376335499081817e-01 8.731088755247706779e-01 4.211474481755782956e-02
3.065114093527687156e-01 9.277724087296311817e-01 8.763711719279741741e-02
9.826076867252286906e-02 6.228722527730395919e-01 9.056417302050147333e-02
9.826076867252286906e-02 6.228722527730395919e-01 9.056417302050147333e-02
9.826076867252286906e-02 6.228722527730395919e-01 9.056417302050147333e-02
9.826076867252286906e-02 6.228722527730395919e-01 9.056417302050147333e-02
4.970104022557640944e-01 7.738683793240033193e-01 1.210729297201929983e-01
4.970104022557640944e-01 7.738683793240033193e-01 1.210729297201929983e-01
4.970104022557640944e-01 7.738683793240033193e-01 1.210729297201929983e-01
4.970104022557640944e-01 7.738683793240033193e-01 1.210729297201929983e-01
1.371597457744401227e-01 7.024767765357777805e-01 1.300698288035436467e-01
6.890402068971911431e-01 4.314640361874598207e-01 1.505671365060228806e-01
6.890402068971911431e-01 4.314640361874598207e-01 1.505671365060228806e-01
6.890402068971911431e-01 4.314640361874598207e-01 1.505671365060228806e-01
3.872699692958017081e-01 6.907393413005491478e-01 1.596748138162636110e-01
3.872699692958017081e-01 6.907393413005491478e-01 1.596748138162636110e-01
3.872699692958017081e-01 6.907393413005491478e-01 1.596748138162636110e-01
-4.137349054026789874e-02 7.513298126009977373e-01 1.031608636081940145e-01
-1.552879228918163657e-01 8.893964152474489460e-01 1.116389705217164657e-01
-1.552879228918163657e-01 8.893964152474489460e-01 1.116389705217164657e-01
-1.552879228918163657e-01 8.893964152474489460e-01 1.116389705217164657e-01
-1.552879228918163657e-01 8.893964152474489460e-01 1.116389705217164657e-01
-8.176623123713309960e-02 8.654699553289830760e-01 1.208518095392203395e-01
-8.176623123713309960e-02 8.654699553289830760e-01 1.208518095392203395e-01
-2.344991716876812515e-01 1.310078984716477768e+00 2.782427024359744594e-02
-1.055909645571115052e-01 1.168459911416687147e+00 5.479997427092774681e-02
-1.055909645571115052e-01 1.168459911416687147e+00 5.479997427092774681e-02
-5.078403581625845487e-01 1.396904998412554555e+00 2.881419714493771780e-02
-5.078403581625845487e-01 1.396904998412554555e+00 2.881419714493771780e-02
-2.915624543012218517e-02 1.306357068590841219e+00 1.352619737987642394e-02
-2.915624543012218517e-02 1.306357068590841219e+00 1.352619737987642394e-02
3.057403961798514647e-02 1.298949791635511719e+00 1.114841489335197111e-02
3.319533072144263408e-01 1.116005050527265396e+00 1.867207004981330173e-02
4.487377699188154212e-01 1.211762298933564796e+00 3.026120758088232578e-03
4.487377699188154212e-01 1.211762298933564796e+00 3.026120758088232578e-03
4.487377699188154212e-01 1.211762298933564796e+00 3.026120758088232578e-03
7.711979331396987547e-01 1.026843962238647379e+00 4.272098943883772572e-03
7.711979331396987547e-01 1.026843962238647379e+00 4.272098943883772572e-03
7.711979331396987547e-01 1.026843962238647379e+00 4.272098943883772572e-03
7.711979331396987547e-01 1.026843962238647379e+00 4.272098943883772572e-03
-6.671377033690251146e-03 1.376654385378083933e+00 5.417090367988845398e-03
-6.671377033690251146e-03 1.376654385378083933e+00 5.417090367988845398e-03
-6.671377033690251146e-03 1.376654385378083933e+00 5.417090367988845398e-03
-3.218373190227178694e-03 1.348900341288366223e+00 7.447530846575631594e-03
-3.218373190227178694e-03 1.348900341288366223e+00 7.447530846575631594e-03
-3.218373190227178694e-03 1.348900341288366223e+00 7.447530846575631594e-03
-2.911558711224948026e-01 1.033346799609862643e+00 9.911917096439507024e-02
-2.911558711224948026e-01 1.033346799609862643e+00 9.911917096439507024e-02
-2.911558711224948026e-01 1.033346799609862643e+00 9.911917096439507024e-02
-2.911558711224948026e-01 1.033346799609862643e+00 9.911917096439507024e-02
-2.911558711224948026e-01 1.033346799609862643e+00 9.911917096439507024e-02
-9.165312594686578218e-02 8.669016949728631793e-01 1.194379507904586579e-01
-9.165312594686578218e-02 8.669016949728631793e-01 1.194379507904586579e-01
-9.621502224251379798e-02 8.972290226270709379e-01 1.211135491006391923e-01
-5.277079633786180973e-02 8.626705380386917588e-01 1.249087704851999658e-01
-6.498668045460713749e-01 1.077681998601149438e+00 5.414129881727203220e-02
-5.236084071808735363e-01 1.242738044332400316e+00 6.253726459653256853e-02
-5.236084071808735363e-01 1.242738044332400316e+00 6.253726459653256853e-02
-8.287519371000209301e-01 1.403706276457753033e+00 3.752859362247065039e-02
-8.287519371000209301e-01 1.403706276457753033e+00 3.752859362247065039e-02
-8.287519371000209301e-01 1.403706276457753033e+00 3.752859362247065039e-02
-8.287519371000209301e-01 1.403706276457753033e+00 3.752859362247065039e-02
-8.287519371000209301e-01 1.403706276457753033e+00 3.752859362247065039e-02
-9.940374154844185961e-01 1.288753631337428374e+00 3.221586817927402091e-02
-8.026866817069410187e-01 1.332852422865996811e+00 4.533928757953496758e-02
-8.026866817069410187e-01 1.332852422865996811e+00 4.533928757953496758e-02
-8.026866817069410187e-01 1.332852422865996811e+00 4.533928757953496758e-02
-8.406991682483336836e-01 1.229750155578157811e+00 4.395020453329161886e-02
-8.406991682483336836e-01 1.229750155578157811e+00 4.395020453329161886e-02
-8.406991682483336836e-01 1.229750155578157811e+00 4.395020453329161886e-02
-8.406991682483336836e-01 1.229750155578157811e+00 4.395020453329161886e-02
-8.406991682483336836e-01 1.229750155578157811e+00 4.395020453329161886e-02
-8.406991682483336836e-01 1.229750155578157811e+00 4.395020453329161886e-02
-6.201862008478497001e-01 1.142872556029786546e+00 6.445743071946832825e-02
-6.201862008478497001e-01 1.142872556029786546e+00 6.445743071946832825e-02
-6.201862008478497001e-01 1.142872556029786546e+00 6.445743071946832825e-02
-6.201862008478497001e-01 1.142872556029786546e+00 6.445743071946832825e-02
-5.777803054481593925e-01 1.056785734985506320e+00 6.252617990088202293e-02
-2.566228207934044270e-01 1.060148733118253084e+00 9.764948027926542706e-02
-2.566228207934044270e-01 1.060148733118253084e+00 9.764948027926542706e-02
-4.233599059311208279e-01 9.436051295984355658e-01 7.000170075487666121e-02
-4.233599059311208279e-01 9.436051295984355658e-01 7.000170075487666121e-02
-1.552532901246680974e-01 6.929070235324439331e-01 5.516734674468054545e-02
-1.255434266243841690e-01 9.882139348415237556e-01 1.124222986521675738e-01
-1.255434266243841690e-01 9.882139348415237556e-01 1.124222986521675738e-01
2.218341999331502334e-01 3.586813549538749868e-01 2.304320960763522885e-02
9.285833269722967298e-01 4.358924743084853781e-01 1.545522821742517372e-01
9.285833269722967298e-01 4.358924743084853781e-01 1.545522821742517372e-01
9.285833269722967298e-01 4.358924743084853781e-01 1.545522821742517372e-01
1.114639151878509260e+00 2.397310259497894003e-01 1.352525183613867976e-01
1.309758104593125694e+00 6.491846144681914788e-02 9.581695507387817667e-02
1.309758104593125694e+00 6.491846144681914788e-02 9.581695507387817667e-02
1.309758104593125694e+00 6.491846144681914788e-02 9.581695507387817667e-02
