2.489132485845457765e-01 1.481402749648903505e-01 7.201757572502473503e-02
2.489132485845457765e-01 1.481402749648903505e-01 7.201757572502473503e-02
2.684297300833431987e-01 1.630293293927143339e-01 1.108861322248388820e-01
2.684297300833431987e-01 1.630293293927143339e-01 1.108861322248388820e-01
2.684297300833431987e-01 1.630293293927143339e-01 1.108861322248388820e-01
2.684297300833431987e-01 1.630293293927143339e-01 1.108861322248388820e-01
1.473168231615370749e-01 5.700770824443903706e-01 1.548542994951687124e-01
1.473168231615370749e-01 5.700770824443903706e-01 1.548542994951687124e-01
1.473168231615370749e-01 5.700770824443903706e-01 1.548542994951687124e-01
4.120996780779307977e-01 3.346336823907969382e-01 7.723832544153946822e-01
5.136567809583161281e-01 2.508261238133415727e-01 8.193449474993917958e-01
4.795428811770605093e-01 -4.769476981481995947e-02 2.981799182892269640e-01
4.795428811770605093e-01 -4.769476981481995947e-02 2.981799182892269640e-01
4.795428811770605093e-01 -4.769476981481995947e-02 2.981799182892269640e-01
3.559982442154043802e-01 2.150644865923668769e-01 4.314839272357759992e-01
3.559982442154043802e-01 2.150644865923668769e-01 4.314839272357759992e-01
3.559982442154043802e-01 2.150644865923668769e-01 4.314839272357759992e-01
3.559982442154043802e-01 2.150644865923668769e-01 4.314839272357759992e-01
3.559982442154043802e-01 2.150644865923668769e-01 4.314839272357759992e-01
6.273762771275120942e-01 9.909134064413592513e-02 6.334428306576266321e-01
6.203593613072689861e-01 4.263741269718513416e-01 2.028698762352565133e-01
6.203593613072689861e-01 4.263741269718513416e-01 2.028698762352565133e-01
5.850983064698456193e-01 3.582472365004899517e-01 4.346115416513551821e-01
5.850983064698456193e-01 3.582472365004899517e-01 4.346115416513551821e-01
5.850983064698456193e-01 3.582472365004899517e-01 4.346115416513551821e-01
5.850983064698456193e-01 3.582472365004899517e-01 4.346115416513551821e-01
5.850983064698456193e-01 3.582472365004899517e-01 4.346115416513551821e-01
5.850983064698456193e-01 3.582472365004899517e-01 4.346115416513551821e-01
5.939835096584041851e-01 1.879815544577790598e-01 6.826383945843977896e-01
5.939835096584041851e-01 1.879815544577790598e-01 6.826383945843977896e-01
5.939835096584041851e-01 1.879815544577790598e-01 6.826383945843977896e-01
5.939835096584041851e-01 1.879815544577790598e-01 6.826383945843977896e-01
6.773773215249949686e-01 -1.791063753673475534e-01 3.295504024625545703e-01
6.773773215249949686e-01 -1.791063753673475534e-01 3.295504024625545703e-01
6.773773215249949686e-01 -1.791063753673475534e-01 3.295504024625545703e-01
5.706462371138605327e-01 -3.115558555267198271e-01 7.809350187297207924e-02
5.706462371138605327e-01 -3.115558555267198271e-01 7.809350187297207924e-02
5.489873124357717016e-01 -2.531334944316550595e-01 1.101775564315267131e-01
6.950437256338782843e-01 -1.099614842580175778e-01 4.031120083365223317e-01
5.583205861014237659e-01 3.978130144893343711e-01 4.482244856029217184e-01
5.583205861014237659e-01 3.978130144893343711e-01 4.482244856029217184e-01
3.111218048176638273e-01 4.700589963447324160e-01 5.481347486695575810e-01
3.111218048176638273e-01 4.700589963447324160e-01 5.481347486695575810e-01
2.989157790920992652e-01 2.807351876071465524e-01 3.304562186280913805e-01
2.989157790920992652e-01 2.807351876071465524e-01 3.304562186280913805e-01
2.989157790920992652e-01 2.807351876071465524e-01 3.304562186280913805e-01
2.989157790920992652e-01 2.807351876071465524e-01 3.304562186280913805e-01
2.989157790920992652e-01 2.807351876071465524e-01 3.304562186280913805e-01
2.989157790920992652e-01 2.807351876071465524e-01 3.304562186280913805e-01
3.825039961515031006e-01 2.727534847171712018e-01 6.318384806016728028e-01
3.825039961515031006e-01 2.727534847171712018e-01 6.318384806016728028e-01
3.825039961515031006e-01 2.727534847171712018e-01 6.318384806016728028e-01
3.825039961515031006e-01 2.727534847171712018e-01 6.318384806016728028e-01
6.472483312938017708e-01 -2.144490103013005355e-01 2.656166163131883917e-01
6.472483312938017708e-01 -2.144490103013005355e-01 2.656166163131883917e-01
6.472483312938017708e-01 -2.144490103013005355e-01 2.656166163131883917e-01
6.472483312938017708e-01 -2.144490103013005355e-01 2.656166163131883917e-01
6.047297107163417396e-01 -2.257063626304078585e-01 2.081218213229031055e-01
6.009090462051858150e-01 -2.012181297434090799e-01 2.414160960665506506e-01
6.009090462051858150e-01 -2.012181297434090799e-01 2.414160960665506506e-01
7.023122709039757439e-01 -2.932297298154356580e-01 1.870139096571763193e-01
7.023122709039757439e-01 -2.932297298154356580e-01 1.870139096571763193e-01
7.023122709039757439e-01 -2.932297298154356580e-01 1.870139096571763193e-01
7.023122709039757439e-01 -2.932297298154356580e-01 1.870139096571763193e-01
7.023122709039757439e-01 -2.932297298154356580e-01 1.870139096571763193e-01
7.023122709039757439e-01 -2.932297298154356580e-01 1.870139096571763193e-01
7.023122709039757439e-01 -2.932297298154356580e-01 1.870139096571763193e-01
7.023122709039757439e-01 -2.932297298154356580e-01 1.870139096571763193e-01
7.023122709039757439e-01 -2.932297298154356580e-01 1.870139096571763193e-01
5.134492168224549236e-01 -4.581860893655662070e-02 3.851665500707937562e-01
4.619919393730996804e-01 1.992174904789967282e-01 7.635096419721907335e-01
4.619919393730996804e-01 1.992174904789967282e-01 7.635096419721907335e-01
4.619919393730996804e-01 1.992174904789967282e-01 7.635096419721907335e-01
4.361701094701300740e-01 5.132812628403670141e-01 5.416149422266437474e-01
3.452711891609429595e-01 5.957041431969899437e-01 4.764350401787728062e-01
5.412890888222263719e-01 3.230318628603250364e-01 6.641854520238547055e-01
4.618566393893459576e-01 2.163166243718037118e-01 7.852339580991765100e-01
4.618566393893459576e-01 2.163166243718037118e-01 7.852339580991765100e-01
4.618566393893459576e-01 2.163166243718037118e-01 7.852339580991765100e-01
5.976213649365280656e-01 -5.396687572515596054e-02 5.111264332871031657e-01
5.976213649365280656e-01 -5.396687572515596054e-02 5.111264332871031657e-01
5.976213649365280656e-01 -5.396687572515596054e-02 5.111264332871031657e-01
5.976213649365280656e-01 -5.396687572515596054e-02 5.111264332871031657e-01
6.271942647133579296e-01 1.089320600702080033e-01 6.313716106684621465e-01
6.271942647133579296e-01 1.089320600702080033e-01 6.313716106684621465e-01
6.271942647133579296e-01 1.089320600702080033e-01 6.313716106684621465e-01
6.271942647133579296e-01 1.089320600702080033e-01 6.313716106684621465e-01
6.271942647133579296e-01 1.089320600702080033e-01 6.313716106684621465e-01
5.784392082250829903e-01 2.732259090595560991e-02 6.434282969988884826e-01
5.784392082250829903e-01 2.732259090595560991e-02 6.434282969988884826e-01
5.784392082250829903e-01 2.732259090595560991e-02 6.434282969988884826e-01
4.036011432320140147e-01 3.035356725454413374e-01 7.361631151173103627e-01
4.036011432320140147e-01 3.035356725454413374e-01 7.361631151173103627e-01
4.036011432320140147e-01 3.035356725454413374e-01 7.361631151173103627e-01
4.837933954776655332e-01 9.386363625639715380e-03 4.312571131405958380e-01
4.837933954776655332e-01 9.386363625639715380e-03 4.312571131405958380e-01
7.190061026846631398e-01 -2.396144191226832476e-01 2.483246824078042536e-01
4.727548385477576831e-01 1.385092138108658666e-01 6.870291198191252890e-01
4.727548385477576831e-01 1.385092138108658666e-01 6.870291198191252890e-01
4.010793455547538855e-01 9.450164114389983383e-02 3.574780102490781597e-01
