2.489132485845457765e-01 1.481402749648903505e-01 1.025374370335752766e-01
2.489132485845457765e-01 1.481402749648903505e-01 1.025374370335752766e-01
2.489132485845457765e-01 1.481402749648903505e-01 1.025374370335752766e-01
2.489132485845457765e-01 1.481402749648903505e-01 1.025374370335752766e-01
2.489132485845457765e-01 1.481402749648903505e-01 1.025374370335752766e-01
2.489132485845457765e-01 1.481402749648903505e-01 1.025374370335752766e-01
5.979586587709392331e-01 -5.546764121523345414e-02 2.050301489842837610e-01
5.979586587709392331e-01 -5.546764121523345414e-02 2.050301489842837610e-01
5.979586587709392331e-01 -5.546764121523345414e-02 2.050301489842837610e-01
4.532076157226240243e-01 1.873864457080641199e-01 5.714083356726221696e-01
4.532076157226240243e-01 1.873864457080641199e-01 5.714083356726221696e-01
4.532076157226240243e-01 1.873864457080641199e-01 5.714083356726221696e-01
4.532076157226240243e-01 1.873864457080641199e-01 5.714083356726221696e-01
4.532076157226240243e-01 1.873864457080641199e-01 5.714083356726221696e-01
4.532076157226240243e-01 1.873864457080641199e-01 5.714083356726221696e-01
4.532076157226240243e-01 1.873864457080641199e-01 5.714083356726221696e-01
4.532076157226240243e-01 1.873864457080641199e-01 5.714083356726221696e-01
4.532076157226240243e-01 1.873864457080641199e-01 5.714083356726221696e-01
4.532076157226240243e-01 1.873864457080641199e-01 5.714083356726221696e-01
4.532076157226240243e-01 1.873864457080641199e-01 5.714083356726221696e-01
4.532076157226240243e-01 1.873864457080641199e-01 5.714083356726221696e-01
4.532076157226240243e-01 1.873864457080641199e-01 5.714083356726221696e-01
4.532076157226240243e-01 1.873864457080641199e-01 5.714083356726221696e-01
4.532076157226240243e-01 1.873864457080641199e-01 5.714083356726221696e-01
3.680484549940810646e-01 5.192291790436942556e-02 2.250107841548830978e-01
3.680484549940810646e-01 5.192291790436942556e-02 2.250107841548830978e-01
3.536899064438819851e-01 2.364539070008016830e-01 5.182480803622953047e-01
3.536899064438819851e-01 2.364539070008016830e-01 5.182480803622953047e-01
5.091930951572429809e-01 2.431043607034906462e-01 4.685286567390231083e-01
3.203833447961428882e-01 8.462231202513675887e-02 1.706273698678823503e-01
3.203833447961428882e-01 8.462231202513675887e-02 1.706273698678823503e-01
3.203833447961428882e-01 8.462231202513675887e-02 1.706273698678823503e-01
6.045310356299475885e-01 6.014886125738359846e-02 2.337145589554635583e-01
6.045310356299475885e-01 6.014886125738359846e-02 2.337145589554635583e-01
4.031255369917479126e-01 2.184405458039177794e-02 2.467252101433449751e-01
4.031255369917479126e-01 2.184405458039177794e-02 2.467252101433449751e-01
2.342235311354755878e-01 2.370049752942784416e-01 1.569050799217979741e-01
2.151455024007438155e-01 2.546114980446176346e-01 1.321519629931811601e-01
3.698258719233643577e-01 4.592967794413150839e-01 6.366761073371627333e-01
3.698258719233643577e-01 4.592967794413150839e-01 6.366761073371627333e-01
3.698258719233643577e-01 4.592967794413150839e-01 6.366761073371627333e-01
4.891034505497139917e-01 3.892142475607393570e-01 3.953761895319551356e-01
4.891034505497139917e-01 3.892142475607393570e-01 3.953761895319551356e-01
4.891034505497139917e-01 3.892142475607393570e-01 3.953761895319551356e-01
4.891034505497139917e-01 3.892142475607393570e-01 3.953761895319551356e-01
4.891034505497139917e-01 3.892142475607393570e-01 3.953761895319551356e-01
4.147463090992695167e-01 4.669523522610432020e-01 5.286203467544463575e-01
4.147463090992695167e-01 4.669523522610432020e-01 5.286203467544463575e-01
5.368466354838954402e-01 1.989567045571810078e-01 3.988951928872007113e-01
5.368466354838954402e-01 1.989567045571810078e-01 3.988951928872007113e-01
5.368466354838954402e-01 1.989567045571810078e-01 3.988951928872007113e-01
5.368466354838954402e-01 1.989567045571810078e-01 3.988951928872007113e-01
4.977641091050633571e-01 -1.806370907603837006e-01 1.027482773417741774e-01
4.977641091050633571e-01 -1.806370907603837006e-01 1.027482773417741774e-01
6.354953390224773457e-01 5.932197381082249255e-03 1.694202365824092893e-01
6.354953390224773457e-01 5.932197381082249255e-03 1.694202365824092893e-01
6.354953390224773457e-01 5.932197381082249255e-03 1.694202365824092893e-01
2.870113778040658814e-01 1.453536625712846253e-01 1.742765045944393854e-01
4.284135315811018474e-01 -2.127772617199891192e-02 2.213602752454693345e-01
4.284135315811018474e-01 -2.127772617199891192e-02 2.213602752454693345e-01
4.284135315811018474e-01 -2.127772617199891192e-02 2.213602752454693345e-01
4.284135315811018474e-01 -2.127772617199891192e-02 2.213602752454693345e-01
1.979001926207258621e-01 4.389117211716428990e-01 2.630546808059563979e-01
1.979001926207258621e-01 4.389117211716428990e-01 2.630546808059563979e-01
1.979001926207258621e-01 4.389117211716428990e-01 2.630546808059563979e-01
1.979001926207258621e-01 4.389117211716428990e-01 2.630546808059563979e-01
3.073577715800442922e-01 4.849339845496892787e-01 6.104138815437548660e-01
3.073577715800442922e-01 4.849339845496892787e-01 6.104138815437548660e-01
1.477979625972137001e-01 1.052652349293276224e+00 4.467841603059434508e-02
1.477979625972137001e-01 1.052652349293276224e+00 4.467841603059434508e-02
1.477979625972137001e-01 1.052652349293276224e+00 4.467841603059434508e-02
1.477979625972137001e-01 1.052652349293276224e+00 4.467841603059434508e-02
1.308453797079070779e-01 1.164452558584685660e+00 1.654573711651333504e-02
1.308453797079070779e-01 1.164452558584685660e+00 1.654573711651333504e-02
1.549066528740465354e-01 9.284143679841767582e-01 1.068717412695488755e-01
1.549066528740465354e-01 9.284143679841767582e-01 1.068717412695488755e-01
4.770801317263066443e-01 5.656117890524094971e-01 1.802824600893763451e-01
5.102945686399662506e-01 6.190922590382594848e-01 7.158137885507952214e-02
1.684922240526808834e-01 6.718935333031493817e-01 2.646084582273984798e-01
1.684922240526808834e-01 6.718935333031493817e-01 2.646084582273984798e-01
3.763845722371027547e-01 2.800642432077624644e-01 6.344033975481094823e-01
3.763845722371027547e-01 2.800642432077624644e-01 6.344033975481094823e-01
3.763845722371027547e-01 2.800642432077624644e-01 6.344033975481094823e-01
3.763845722371027547e-01 2.800642432077624644e-01 6.344033975481094823e-01
3.763845722371027547e-01 2.800642432077624644e-01 6.344033975481094823e-01
4.263724361675685359e-01 5.050254587362199565e-01 4.256538687333727422e-01
4.263724361675685359e-01 5.050254587362199565e-01 4.256538687333727422e-01
4.263724361675685359e-01 5.050254587362199565e-01 4.256538687333727422e-01
4.263724361675685359e-01 5.050254587362199565e-01 4.256538687333727422e-01
4.263724361675685359e-01 5.050254587362199565e-01 4.256538687333727422e-01
2.463904633010612633e-01 5.207109590192037230e-01 4.718444096255414721e-01
2.463904633010612633e-01 5.207109590192037230e-01 4.718444096255414721e-01
2.463904633010612633e-01 5.207109590192037230e-01 4.718444096255414721e-01
2.463904633010612633e-01 5.207109590192037230e-01 4.718444096255414721e-01
2.463904633010612633e-01 5.207109590192037230e-01 4.718444096255414721e-01
2.463904633010612633e-01 5.207109590192037230e-01 4.718444096255414721e-01
1.096810302780809321e-01 6.653028860118466170e-01 1.442647428083780603e-01
2.404834007088109682e-01 8.543244036662958063e-01 1.648008071399752472e-01
2.404834007088109682e-01 8.543244036662958063e-01 1.648008071399752472e-01
2.404834007088109682e-01 8.543244036662958063e-01 1.648008071399752472e-01
