2.489132485845457765e-01 1.481402749648903505e-01 2.249918142478352090e-03
3.889908063309964747e-01 2.170736395445127531e-01 1.364134981963689187e-02
4.488204152418619475e-01 1.857316105036104503e-01 1.246687772556352020e-02
4.073364195381832809e-01 6.269367039185316237e-01 2.133063309094571369e-01
-4.692158607887231270e-02 9.133656813339852132e-01 1.943732300064219820e-01
-4.692158607887231270e-02 9.133656813339852132e-01 1.943732300064219820e-01
-4.692158607887231270e-02 9.133656813339852132e-01 1.943732300064219820e-01
-4.692158607887231270e-02 9.133656813339852132e-01 1.943732300064219820e-01
-4.692158607887231270e-02 9.133656813339852132e-01 1.943732300064219820e-01
-4.692158607887231270e-02 9.133656813339852132e-01 1.943732300064219820e-01
-1.948415345661009754e-02 7.313537866291024425e-01 1.816539175825965247e-01
-1.948415345661009754e-02 7.313537866291024425e-01 1.816539175825965247e-01
-1.962650112046488982e-01 6.137126277030903188e-01 5.887933495019083419e-02
-1.106612612366211085e-01 5.434494176816710986e-01 4.540458571608474436e-02
-6.057620603863149711e-01 8.425087817748757590e-01 6.679507729386000014e-02
-6.057620603863149711e-01 8.425087817748757590e-01 6.679507729386000014e-02
-9.483643781658032124e-01 9.472364941976754160e-01 3.424227201371334711e-02
-9.105712028322069385e-01 1.073172672172869380e+00 8.053462303968209057e-02
-6.490112217942134443e-01 1.007329094350765786e+00 1.244905158998903111e-01
-6.490112217942134443e-01 1.007329094350765786e+00 1.244905158998903111e-01
-5.674183141558368781e-01 6.922284873547994710e-01 2.224216665757976219e-02
-4.544503158290964517e-01 7.395356719398781253e-01 5.742693571764904276e-02
-4.544503158290964517e-01 7.395356719398781253e-01 5.742693571764904276e-02
-3.229572591175437490e-01 6.963841394921578276e-01 6.897637640312800911e-02
-1.200266663844674897e-01 1.029194245746440473e+00 1.448909541991771077e-01
-3.461484615753890326e-01 1.096425100185443036e+00 1.428284980014742078e-01
-3.461484615753890326e-01 1.096425100185443036e+00 1.428284980014742078e-01
-3.461484615753890326e-01 1.096425100185443036e+00 1.428284980014742078e-01
2.596654735038587125e-01 8.378468313521640898e-01 1.773823662814208446e-01
4.511559276690472187e-01 6.829963470817566051e-01 2.070590902163481628e-01
4.511559276690472187e-01 6.829963470817566051e-01 2.070590902163481628e-01
4.511559276690472187e-01 6.829963470817566051e-01 2.070590902163481628e-01
4.511559276690472187e-01 6.829963470817566051e-01 2.070590902163481628e-01
4.511559276690472187e-01 6.829963470817566051e-01 2.070590902163481628e-01
4.511559276690472187e-01 6.829963470817566051e-01 2.070590902163481628e-01
5.147858119025130463e-01 4.504522340576576633e-01 1.478782405979323644e-01
1.910767255782873653e-01 8.404426036889063312e-01 1.916805235579210620e-01
3.309750737262656672e-02 8.121740906539659521e-01 2.126849964941359694e-01
3.309750737262656672e-02 8.121740906539659521e-01 2.126849964941359694e-01
3.309750737262656672e-02 8.121740906539659521e-01 2.126849964941359694e-01
3.309750737262656672e-02 8.121740906539659521e-01 2.126849964941359694e-01
3.309750737262656672e-02 8.121740906539659521e-01 2.126849964941359694e-01
-4.610040137249795666e-01 8.407739025615293960e-01 1.064077187384335627e-01
-4.610040137249795666e-01 8.407739025615293960e-01 1.064077187384335627e-01
-4.610040137249795666e-01 8.407739025615293960e-01 1.064077187384335627e-01
-3.401789783870945438e-02 8.856294165336184854e-01 2.023983628421727465e-01
-3.401789783870945438e-02 8.856294165336184854e-01 2.023983628421727465e-01
-2.823966503727326494e-01 1.174003734239185581e+00 8.820137752738615999e-02
-5.545407758211781113e-01 1.039030257517754796e+00 1.514040073747018600e-01
-5.545407758211781113e-01 1.039030257517754796e+00 1.514040073747018600e-01
-5.447003384870190423e-01 1.173343474317671165e+00 1.250602515547621918e-01
-5.447003384870190423e-01 1.173343474317671165e+00 1.250602515547621918e-01
-4.078482928640925209e-01 1.069254887823451572e+00 1.587586323504193153e-01
-3.219235444445976424e-01 1.011891967316573604e+00 1.749224001347063906e-01
-3.219235444445976424e-01 1.011891967316573604e+00 1.749224001347063906e-01
1.448881513366058194e-01 9.894347633811669818e-01 1.065801128963704408e-01
1.448881513366058194e-01 9.894347633811669818e-01 1.065801128963704408e-01
-1.016003119697431456e-01 1.020192935611607732e+00 1.467852807890560329e-01
-4.679791448847242519e-01 1.248160848217862773e+00 7.924170505602913528e-02
-3.246341569566413288e-01 9.693581748927400099e-01 1.813170824180990459e-01
-3.910705535569836133e-01 8.552820948331941731e-01 1.355689591512045100e-01
-2.325480507981980693e-02 8.445865813884952944e-01 2.091068244902124784e-01
-2.325480507981980693e-02 8.445865813884952944e-01 2.091068244902124784e-01
3.045571252139889218e-01 4.275329344048447999e-01 7.903317753798333456e-02
5.406521891164346449e-01 3.975941675705529921e-01 1.187963328137357222e-01
9.239913005624786901e-01 2.017200799788702592e-01 7.792724323716393453e-02
9.239913005624786901e-01 2.017200799788702592e-01 7.792724323716393453e-02
7.169596164225408019e-01 3.925291740438561217e-01 1.518196613504471382e-01
7.169596164225408019e-01 3.925291740438561217e-01 1.518196613504471382e-01
7.169596164225408019e-01 3.925291740438561217e-01 1.518196613504471382e-01
1.058403649443059313e+00 5.596519448024617205e-01 9.755340151243346858e-02
8.909267283447919183e-01 7.576981945411874753e-01 4.696689743316877913e-02
7.867834864489026137e-01 6.136762314012761399e-01 1.530506735945167673e-01
7.478605625599572537e-01 6.687536236001536682e-01 1.347828859298839110e-01
7.478605625599572537e-01 6.687536236001536682e-01 1.347828859298839110e-01
7.404521849832020886e-01 5.545302255899787758e-01 1.869929307206122937e-01
7.404521849832020886e-01 5.545302255899787758e-01 1.869929307206122937e-01
7.404521849832020886e-01 5.545302255899787758e-01 1.869929307206122937e-01
7.404521849832020886e-01 5.545302255899787758e-01 1.869929307206122937e-01
5.535460049402542992e-01 5.649631047213758972e-01 2.053785494825022817e-01
2.949473649464446345e-01 7.488891053032320499e-01 2.113348609803749611e-01
2.949473649464446345e-01 7.488891053032320499e-01 2.113348609803749611e-01
2.949473649464446345e-01 7.488891053032320499e-01 2.113348609803749611e-01
8.689839661827125639e-03 7.165771841361634475e-01 1.815623543124863792e-01
2.135353550474006212e-01 4.758341098785099921e-01 8.528909555841739099e-02
5.635677530424487713e-04 8.234625822473493617e-01 2.108865862273987812e-01
5.635677530424487713e-04 8.234625822473493617e-01 2.108865862273987812e-01
5.635677530424487713e-04 8.234625822473493617e-01 2.108865862273987812e-01
-5.246994211664788299e-01 1.061322946124639843e+00 1.554645954210431003e-01
-5.246994211664788299e-01 1.061322946124639843e+00 1.554645954210431003e-01
-5.246994211664788299e-01 1.061322946124639843e+00 1.554645954210431003e-01
-9.097800490481691149e-01 1.134878889060224827e+00 9.611320918917132250e-02
-1.120413940044052925e+00 1.179310353055859295e+00 6.377932192461076288e-02
-1.211278346152996122e+00 1.216943904095669104e+00 5.518089869918739454e-02
-1.211278346152996122e+00 1.216943904095669104e+00 5.518089869918739454e-02
-9.123920686002074953e-01 1.526881312008412150e+00 2.441872010419613923e-02
-8.783445728921545070e-01 1.633951404916029082e+00 7.001765198167934391e-03
-7.561868253218870795e-01 1.798877106068134557e+00 2.925456477127613675e-04
-7.561868253218870795e-01 1.798877106068134557e+00 2.925456477127613675e-04
-7.561868253218870795e-01 1.798877106068134557e+00 2.925456477127613675e-04
