2.489132485845457765e-01 1.481402749648903505e-01 1.779980786442550856e-03
2.812434236578000291e-01 2.847288877874845081e-01 1.068049183550789233e-02
5.418386098407238505e-01 5.166363342092064048e-01 1.024533820147425778e-01
6.312328160600649829e-01 6.452056783881110480e-01 1.016575564240654733e-01
6.312328160600649829e-01 6.452056783881110480e-01 1.016575564240654733e-01
6.312328160600649829e-01 6.452056783881110480e-01 1.016575564240654733e-01
6.465610003275473749e-01 5.800372625443475094e-01 1.116716571982363099e-01
7.204091964423751104e-01 2.407046248430413926e-01 5.433983452392703029e-02
1.071700810249280877e+00 5.972602413555261336e-01 5.028007498462778307e-02
1.124842960972772810e+00 6.509733049750432432e-01 2.813826961858757400e-02
7.012029178340416502e-01 5.524549450913525117e-01 1.134096602710757129e-01
3.153945304357452795e-01 4.737188058533484680e-01 5.183662424899426052e-02
2.358533370237098081e-02 9.722396955029698473e-01 6.326771033020475721e-02
2.358533370237098081e-02 9.722396955029698473e-01 6.326771033020475721e-02
2.358533370237098081e-02 9.722396955029698473e-01 6.326771033020475721e-02
2.358533370237098081e-02 9.722396955029698473e-01 6.326771033020475721e-02
-2.108736812075332478e-01 1.136491028512830237e+00 4.132689775103534635e-02
-2.108736812075332478e-01 1.136491028512830237e+00 4.132689775103534635e-02
3.806513186265747528e-02 1.023339486700362011e+00 5.320810290283255889e-02
3.806513186265747528e-02 1.023339486700362011e+00 5.320810290283255889e-02
-1.217329804881253641e-01 1.095380330253398871e+00 4.576004023568059492e-02
2.702314480536111008e-01 9.811604707789104429e-01 4.600883527683843205e-02
1.149720164491248031e-01 7.236641936045524748e-01 7.418606354562262695e-02
1.450499102859486300e-01 1.030609347876788373e+00 4.465800082587930570e-02
2.621141229233568404e-01 6.648170696583555195e-01 8.690471104690394855e-02
2.281999564674208891e-01 8.339463749067022036e-01 8.297048583724742077e-02
2.281999564674208891e-01 8.339463749067022036e-01 8.297048583724742077e-02
3.372177910142307722e-01 8.793700329758866729e-01 6.701240966770176388e-02
9.428548937501626814e-02 9.279177666750498821e-01 6.952150071143654853e-02
9.428548937501626814e-02 9.279177666750498821e-01 6.952150071143654853e-02
-3.859808051001090146e-01 1.055841727755636006e+00 4.240597935906691152e-02
-6.556672411849533422e-01 1.126611440577790280e+00 2.478104846831202107e-02
-6.556672411849533422e-01 1.126611440577790280e+00 2.478104846831202107e-02
-6.556672411849533422e-01 1.126611440577790280e+00 2.478104846831202107e-02
-1.653056328290096744e-01 1.424108600195819196e+00 4.924793741543176048e-03
-5.945953405161007455e-01 1.275922118103217207e+00 2.629850369127870180e-02
-6.893260453404592702e-01 1.217276965653649734e+00 2.477456196848290548e-02
-6.893260453404592702e-01 1.217276965653649734e+00 2.477456196848290548e-02
-6.893260453404592702e-01 1.217276965653649734e+00 2.477456196848290548e-02
-6.893260453404592702e-01 1.217276965653649734e+00 2.477456196848290548e-02
-6.893260453404592702e-01 1.217276965653649734e+00 2.477456196848290548e-02
-5.348473292407183166e-01 1.053026437190218267e+00 3.029603887659855499e-02
-1.751764334390393252e-03 9.908477816612851763e-01 6.060931304810045217e-02
-1.751764334390393252e-03 9.908477816612851763e-01 6.060931304810045217e-02
1.430760736647671838e-01 8.154845492972868648e-01 8.249334953881497234e-02
3.757520645142524707e-01 7.286588418526037669e-01 9.681515121908591814e-02
3.757520645142524707e-01 7.286588418526037669e-01 9.681515121908591814e-02
3.155954224307561673e-01 8.206664114419256473e-01 8.301335773363030524e-02
3.155954224307561673e-01 8.206664114419256473e-01 8.301335773363030524e-02
3.155954224307561673e-01 8.206664114419256473e-01 8.301335773363030524e-02
2.147753187771106465e-02 4.138816166769608840e-01 8.125156433686296642e-03
3.170629017145575324e-01 5.667315025928399974e-01 7.683870593814277894e-02
4.935163929787663717e-01 8.603574468465078340e-01 5.522701238259387913e-02
2.285089438666489947e-01 9.531464315823756639e-01 5.699477328965578404e-02
2.285089438666489947e-01 9.531464315823756639e-01 5.699477328965578404e-02
2.285089438666489947e-01 9.531464315823756639e-01 5.699477328965578404e-02
2.285089438666489947e-01 9.531464315823756639e-01 5.699477328965578404e-02
4.422654090206047939e-01 7.960692388654171392e-01 8.007180270889251161e-02
4.422654090206047939e-01 7.960692388654171392e-01 8.007180270889251161e-02
6.079765953693285763e-01 8.716907856145205136e-01 3.769738221592262156e-02
6.079765953693285763e-01 8.716907856145205136e-01 3.769738221592262156e-02
4.680253366261776793e-01 9.347651671331071999e-01 3.744798200788984621e-02
6.783925502036550759e-01 5.869850017003187537e-01 1.097350495903510470e-01
6.783925502036550759e-01 5.869850017003187537e-01 1.097350495903510470e-01
3.345768375393677885e-01 7.460112020236021602e-01 9.452684278442358146e-02
3.345768375393677885e-01 7.460112020236021602e-01 9.452684278442358146e-02
3.345768375393677885e-01 7.460112020236021602e-01 9.452684278442358146e-02
3.335822494287041251e-01 1.163666527477396961e+00 8.696693218583675597e-03
5.206063605299010577e-01 8.823703554975859120e-01 4.543110963669466651e-02
4.036319616527586085e-01 1.042203882313183616e+00 2.042286289971303320e-02
6.396682733987910652e-01 6.942800920564347056e-01 8.786351702599765057e-02
5.107748480034662864e-01 1.022789483196525406e+00 1.586935260765750394e-02
5.107748480034662864e-01 1.022789483196525406e+00 1.586935260765750394e-02
3.052396824640521977e-01 8.841009914076691789e-01 6.854167028626662050e-02
3.052396824640521977e-01 8.841009914076691789e-01 6.854167028626662050e-02
3.052396824640521977e-01 8.841009914076691789e-01 6.854167028626662050e-02
4.024605133453138528e-01 3.499774729816330643e-01 3.384077416118448645e-02
4.487723270087908833e-01 5.333567716293898808e-01 9.180583051279185558e-02
6.875943825641107621e-01 6.151437097737375570e-01 1.037198356306655161e-01
6.875943825641107621e-01 6.151437097737375570e-01 1.037198356306655161e-01
4.338961453994977790e-01 7.975817168475514141e-01 8.043039689194163289e-02
5.202708808011434760e-01 4.771802764079537962e-01 9.051578503116772256e-02
4.404869661611545695e-01 8.569674420849127117e-01 6.264046345903910573e-02
4.404869661611545695e-01 8.569674420849127117e-01 6.264046345903910573e-02
4.404869661611545695e-01 8.569674420849127117e-01 6.264046345903910573e-02
3.517202879420825434e-01 5.054597748664390044e-01 6.723938845896944294e-02
4.891038571815765068e-01 5.862885408339696403e-01 1.052251112687684620e-01
4.891038571815765068e-01 5.862885408339696403e-01 1.052251112687684620e-01
1.103130447082229848e+00 4.232825569237166352e-01 9.952986110915570950e-02
9.754858057982654929e-01 6.391836501670749016e-01 5.321706854374413931e-02
6.484090782571902967e-01 6.261526043781369122e-01 1.044413629171308949e-01
6.484090782571902967e-01 6.261526043781369122e-01 1.044413629171308949e-01
6.484090782571902967e-01 6.261526043781369122e-01 1.044413629171308949e-01
6.484090782571902967e-01 6.261526043781369122e-01 1.044413629171308949e-01
6.484090782571902967e-01 6.261526043781369122e-01 1.044413629171308949e-01
9.192990012502855190e-01 7.693914811244906282e-01 2.593780215384395432e-02
9.192990012502855190e-01 7.693914811244906282e-01 2.593780215384395432e-02
9.192990012502855190e-01 7.693914811244906282e-01 2.593780215384395432e-02
1.390790158463117709e+00 6.095379925697925749e-01 1.077678859111854716e-02
1.390790158463117709e+00 6.095379925697925749e-01 1.077678859111854716e-02
