2.489132485845457765e-01 1.481402749648903505e-01 1.717724099624077551e-03
1.025478047238309320e-01 4.426685842015654071e-01 1.571200695404759845e-02
2.341423452704252395e-01 4.403018973337747832e-01 2.593990223066490811e-02
2.229535435264420884e-01 8.111956947829639386e-01 6.111043688923227524e-02
2.229535435264420884e-01 8.111956947829639386e-01 6.111043688923227524e-02
3.530104958269612014e-01 6.630107210417276464e-01 6.079064342237138624e-02
3.530104958269612014e-01 6.630107210417276464e-01 6.079064342237138624e-02
3.530104958269612014e-01 6.630107210417276464e-01 6.079064342237138624e-02
3.530104958269612014e-01 6.630107210417276464e-01 6.079064342237138624e-02
3.530104958269612014e-01 6.630107210417276464e-01 6.079064342237138624e-02
2.077350671923463288e-01 6.559521081480643723e-01 6.045635178625826528e-02
1.527626975607621063e-01 6.269946808813240402e-01 5.262138463609268568e-02
1.527626975607621063e-01 6.269946808813240402e-01 5.262138463609268568e-02
1.868904899586128487e-01 6.087727256100321505e-01 5.223015703481474759e-02
8.155893813223355493e-02 6.083372304256511320e-01 4.227423181409486336e-02
5.182838951472079625e-01 5.014880005329354073e-01 5.277805570060919993e-02
5.182838951472079625e-01 5.014880005329354073e-01 5.277805570060919993e-02
5.182838951472079625e-01 5.014880005329354073e-01 5.277805570060919993e-02
7.050652255468485841e-01 1.142366295055222136e-01 1.412649870575380037e-02
7.050652255468485841e-01 1.142366295055222136e-01 1.412649870575380037e-02
6.449391797517252112e-01 3.636432340288497933e-01 4.261024426572346258e-02
6.449391797517252112e-01 3.636432340288497933e-01 4.261024426572346258e-02
5.209093228631735961e-01 3.967193211581534484e-01 4.133232192381813830e-02
5.209093228631735961e-01 3.967193211581534484e-01 4.133232192381813830e-02
4.567984173968693273e-01 5.379354756880000421e-01 5.506682126826395463e-02
1.002819089004613473e-01 5.033864680584856366e-01 2.448601636400374315e-02
1.002819089004613473e-01 5.033864680584856366e-01 2.448601636400374315e-02
1.002819089004613473e-01 5.033864680584856366e-01 2.448601636400374315e-02
-1.395095036354124240e-01 9.323928806849711703e-01 7.385083246764299891e-02
2.398280151582562469e-01 7.364556898347895952e-01 6.464955921780318748e-02
2.398280151582562469e-01 7.364556898347895952e-01 6.464955921780318748e-02
2.398280151582562469e-01 7.364556898347895952e-01 6.464955921780318748e-02
2.265668803763836170e-01 7.051373745388721526e-01 6.468762746433498467e-02
6.494673990074777414e-01 7.175887221177789099e-01 2.564346021321033467e-02
5.654649388079490135e-01 1.002085172580691852e+00 4.231386226528389104e-03
2.905626646228418597e-01 9.912757030496404109e-01 2.337789378732811271e-02
2.458702491004998159e-01 8.157105783363786111e-01 5.830402940246656729e-02
-9.561861556266476603e-02 6.769896186649297931e-01 3.665826499504805380e-02
-9.561861556266476603e-02 6.769896186649297931e-01 3.665826499504805380e-02
-9.561861556266476603e-02 6.769896186649297931e-01 3.665826499504805380e-02
-9.561861556266476603e-02 6.769896186649297931e-01 3.665826499504805380e-02
-1.069958531586715639e-01 7.209257166366829228e-01 4.449703010403503051e-02
1.239287786393117180e-01 6.951209107568728784e-01 6.129828110889348064e-02
1.239287786393117180e-01 6.951209107568728784e-01 6.129828110889348064e-02
1.940960015015054663e-01 6.558546840817739421e-01 5.982520406543060526e-02
1.528118743039759697e-01 8.165182276683716767e-01 6.629408907610678803e-02
-1.097731940094456293e-01 1.013665818704448940e+00 6.883470400945534973e-02
-1.097731940094456293e-01 1.013665818704448940e+00 6.883470400945534973e-02
-1.097731940094456293e-01 1.013665818704448940e+00 6.883470400945534973e-02
-1.097731940094456293e-01 1.013665818704448940e+00 6.883470400945534973e-02
2.589400907723520828e-01 8.215426265416417850e-01 5.611873738593727706e-02
2.589400907723520828e-01 8.215426265416417850e-01 5.611873738593727706e-02
2.691091095279811163e-01 8.880640852500956139e-01 4.407355959753603281e-02
4.398603830197210796e-01 8.995866211726311068e-01 2.154288296540470340e-02
4.398603830197210796e-01 8.995866211726311068e-01 2.154288296540470340e-02
6.055606251608891544e-02 9.611113574039714669e-01 5.820067694640485012e-02
5.978137026814218657e-01 3.967028000457615278e-01 4.478001801147848959e-02
5.978137026814218657e-01 3.967028000457615278e-01 4.478001801147848959e-02
2.073249195009430612e-01 5.464540040954941613e-01 4.270489524189333835e-02
1.138460298792664110e-01 5.301699263142781726e-01 3.047339315919913097e-02
-1.864061196205226700e-01 7.553026212599869282e-01 4.229346153955626519e-02
1.326821714770192173e-01 8.042773051877317725e-01 6.789883399536790487e-02
1.326821714770192173e-01 8.042773051877317725e-01 6.789883399536790487e-02
9.069082525928054417e-02 8.676922763395072957e-01 6.706592311873547929e-02
-1.433163171430804905e-01 9.682520480033445232e-01 7.413334597341339482e-02
-1.468096582777685677e-01 1.254210000438003902e+00 2.786301550602131305e-02
-1.468096582777685677e-01 1.254210000438003902e+00 2.786301550602131305e-02
-1.468096582777685677e-01 1.254210000438003902e+00 2.786301550602131305e-02
-6.808198978063687012e-02 9.121438829884498389e-01 7.296040795495552234e-02
3.575576660711856647e-01 7.720553199519476495e-01 5.172540017448308547e-02
3.575576660711856647e-01 7.720553199519476495e-01 5.172540017448308547e-02
3.575576660711856647e-01 7.720553199519476495e-01 5.172540017448308547e-02
7.792881274605560904e-01 9.595105678419219020e-01 1.291907030182975384e-03
7.792881274605560904e-01 9.595105678419219020e-01 1.291907030182975384e-03
1.036148504492248490e+00 5.805605201436448981e-01 9.351820194462576522e-03
1.064078355450743141e+00 2.760760972619298870e-01 3.160129263039741093e-02
1.064078355450743141e+00 2.760760972619298870e-01 3.160129263039741093e-02
6.177699707156922848e-01 4.070315354532241248e-01 4.631137088807214808e-02
6.177699707156922848e-01 4.070315354532241248e-01 4.631137088807214808e-02
6.177699707156922848e-01 4.070315354532241248e-01 4.631137088807214808e-02
6.177699707156922848e-01 4.070315354532241248e-01 4.631137088807214808e-02
6.177699707156922848e-01 4.070315354532241248e-01 4.631137088807214808e-02
6.177699707156922848e-01 4.070315354532241248e-01 4.631137088807214808e-02
6.177699707156922848e-01 4.070315354532241248e-01 4.631137088807214808e-02
6.177699707156922848e-01 4.070315354532241248e-01 4.631137088807214808e-02
9.222634346514825276e-01 4.215773371079468701e-01 3.319145707743785534e-02
9.340943436965778446e-01 6.598244503112957737e-01 9.133695020016307023e-03
8.041473604356176308e-01 9.426739320152501822e-01 1.290594474634783459e-03
8.041473604356176308e-01 9.426739320152501822e-01 1.290594474634783459e-03
8.041473604356176308e-01 9.426739320152501822e-01 1.290594474634783459e-03
1.840432521945271072e-01 9.936246928488984276e-01 3.572736127158273461e-02
-1.289668136681909605e-01 9.400045263772609516e-01 7.400413374998965343e-02
-3.876387414939413412e-01 9.568730483092542372e-01 6.003885816816282445e-02
-1.069874078172961540e-01 1.124923878399230359e+00 4.896686567564267206e-02
-1.487311958662644318e-01 1.293056775151595339e+00 2.138147721229351206e-02
-3.660877941090956988e-01 1.396318915671202365e+00 2.682164259302249193e-02
-1.741261977916473414e-01 1.293184668627185063e+00 2.400831338455609171e-02
-1.741261977916473414e-01 1.293184668627185063e+00 2.400831338455609171e-02
-1.741261977916473414e-01 1.293184668627185063e+00 2.400831338455609171e-02
-1.741261977916473414e-01 1.293184668627185063e+00 2.400831338455609171e-02
