2.489132485845457765e-01 1.481402749648903505e-01 2.124595705984504319e-03
5.151840869583090843e-01 2.468506534328085977e-01 2.848897755567225687e-02
5.151840869583090843e-01 2.468506534328085977e-01 2.848897755567225687e-02
4.749830265598015133e-01 2.685405440011042200e-01 2.784829203851262383e-02
4.749830265598015133e-01 2.685405440011042200e-01 2.784829203851262383e-02
1.704382107758205533e-01 6.267586897028837312e-01 6.180260121750996705e-02
-4.465886266720284214e-02 6.324618853011108044e-01 3.225779075080587033e-02
3.294093412678952282e-01 6.735063622875229195e-01 7.959436694610236285e-02
3.294093412678952282e-01 6.735063622875229195e-01 7.959436694610236285e-02
5.543358557261179875e-01 4.115349316078210640e-01 6.984672169588035384e-02
5.543358557261179875e-01 4.115349316078210640e-01 6.984672169588035384e-02
5.543358557261179875e-01 4.115349316078210640e-01 6.984672169588035384e-02
1.055282178909304758e+00 -3.716290366176250304e-02 3.517949070317148014e-02
1.004178321978774990e+00 1.781882323815198177e-01 7.161407977380222778e-02
1.274692979509735924e+00 3.354404475993333357e-02 6.587330875055485979e-02
1.274692979509735924e+00 3.354404475993333357e-02 6.587330875055485979e-02
1.375605637032368822e+00 1.191122497912108780e-02 6.426068456199972301e-02
1.375605637032368822e+00 1.191122497912108780e-02 6.426068456199972301e-02
1.458071149311676695e+00 2.674642789686343045e-02 5.952629606149126978e-02
9.503618666150072114e-01 7.464436094867885063e-02 4.680133919893155608e-02
7.691930260232667793e-01 6.899632194860910728e-01 3.131361472758105446e-02
7.691930260232667793e-01 6.899632194860910728e-01 3.131361472758105446e-02
7.691930260232667793e-01 6.899632194860910728e-01 3.131361472758105446e-02
7.838393391291487156e-01 4.043502229607324749e-01 8.033882844865071482e-02
1.017669486293457659e+00 3.778482217989844738e-01 6.286530492364493516e-02
1.304451835281135175e-01 9.080549002817995818e-01 6.436895592378946707e-02
1.304451835281135175e-01 9.080549002817995818e-01 6.436895592378946707e-02
1.304451835281135175e-01 9.080549002817995818e-01 6.436895592378946707e-02
1.304451835281135175e-01 9.080549002817995818e-01 6.436895592378946707e-02
4.706138197333158413e-01 8.282158032017381544e-01 4.113804015694106503e-02
5.431750505951034036e-01 5.164327102819639137e-01 8.127077070370813949e-02
5.431750505951034036e-01 5.164327102819639137e-01 8.127077070370813949e-02
5.431750505951034036e-01 5.164327102819639137e-01 8.127077070370813949e-02
4.716547181772297592e-01 4.238457175086682849e-01 6.181656620970060051e-02
4.716547181772297592e-01 4.238457175086682849e-01 6.181656620970060051e-02
7.896344429220223393e-01 6.837768159165134030e-01 2.995271717949296933e-02
7.896344429220223393e-01 6.837768159165134030e-01 2.995271717949296933e-02
7.896344429220223393e-01 6.837768159165134030e-01 2.995271717949296933e-02
6.658115134471191965e-01 7.313054584031494221e-01 3.626812602053532120e-02
6.688286346476249866e-01 2.228963408011506164e-01 4.354552633168355669e-02
6.688286346476249866e-01 2.228963408011506164e-01 4.354552633168355669e-02
7.607048771450427571e-01 5.944512624357729536e-01 5.386912913039840906e-02
6.933424404580000866e-01 5.624958767729923981e-01 6.975880989904331697e-02
6.933424404580000866e-01 5.624958767729923981e-01 6.975880989904331697e-02
6.740254158098760717e-01 5.987855404639212953e-01 6.507818287982587713e-02
6.187221100134719931e-01 5.868884861031721245e-01 7.366162509190586627e-02
6.187221100134719931e-01 5.868884861031721245e-01 7.366162509190586627e-02
-3.972123124793225379e-03 7.397365081001524567e-01 5.887238901320932666e-02
-3.972123124793225379e-03 7.397365081001524567e-01 5.887238901320932666e-02
-3.972123124793225379e-03 7.397365081001524567e-01 5.887238901320932666e-02
1.247841396741324882e-01 7.029747578979943512e-01 6.878841851322477219e-02
1.810296406358222476e-01 9.390782127571379867e-01 5.320986941960342831e-02
1.810296406358222476e-01 9.390782127571379867e-01 5.320986941960342831e-02
1.244730850641121017e-01 9.231988111558171450e-01 6.221136618557999987e-02
1.244730850641121017e-01 9.231988111558171450e-01 6.221136618557999987e-02
1.244730850641121017e-01 9.231988111558171450e-01 6.221136618557999987e-02
-7.197617427788390032e-02 8.863474277484733044e-01 6.856240510870641180e-02
-6.446235081538247147e-02 7.084735794366142647e-01 4.444724327610905662e-02
-6.446235081538247147e-02 7.084735794366142647e-01 4.444724327610905662e-02
-6.446235081538247147e-02 7.084735794366142647e-01 4.444724327610905662e-02
-1.444268338536209423e-02 3.104927726849397995e-01 1.965179245436100754e-03
1.829903219076528809e-01 4.595579416928792238e-01 2.859930075229652133e-02
-1.850362526292798071e-02 6.360112817600123147e-01 3.648394343125331563e-02
3.183628483854487601e-01 5.746766931869212724e-01 7.113632115520938937e-02
9.682690902250978837e-02 7.754877781960801686e-01 7.349752893842620427e-02
9.682690902250978837e-02 7.754877781960801686e-01 7.349752893842620427e-02
-2.418940012845254284e-01 9.765947643452487226e-01 6.158144673169442529e-02
-2.418940012845254284e-01 9.765947643452487226e-01 6.158144673169442529e-02
-2.418940012845254284e-01 9.765947643452487226e-01 6.158144673169442529e-02
3.463063747147360205e-03 6.871605798137301324e-01 5.000339161871113908e-02
3.463063747147360205e-03 6.871605798137301324e-01 5.000339161871113908e-02
-1.287830041314030338e-01 7.781500660152840254e-01 4.868929023171749554e-02
-3.272551844990160275e-01 1.481101955824135619e+00 8.894871689289008190e-03
-3.272551844990160275e-01 1.481101955824135619e+00 8.894871689289008190e-03
-4.014642023694150463e-01 1.602958710971368772e+00 3.905675907606546721e-03
-1.456150547052410538e-01 1.285774416832130118e+00 2.001543943023303268e-02
-1.456150547052410538e-01 1.285774416832130118e+00 2.001543943023303268e-02
-6.766648373325023780e-01 1.229425896624208869e+00 4.282646883776789620e-02
-1.058858714293296144e+00 1.769266066536933968e+00 1.409963178266003883e-02
-1.334676079099944346e+00 1.919422140291537016e+00 1.068171516593558953e-02
-1.537712152497309193e+00 1.897369968669839535e+00 1.319881644623960293e-02
-1.204446186331754376e+00 1.587240211956335800e+00 2.369904896181360826e-02
-1.183878716838387080e+00 1.491352210553654078e+00 2.182436636976010924e-02
-1.359118716966877471e+00 1.904869261954850179e+00 1.190519895459740164e-02
-1.359118716966877471e+00 1.904869261954850179e+00 1.190519895459740164e-02
-2.064060537405064899e+00 2.241744472184952208e+00 4.779429683863513530e-03
-2.064060537405064899e+00 2.241744472184952208e+00 4.779429683863513530e-03
-2.064060537405064899e+00 2.241744472184952208e+00 4.779429683863513530e-03
-2.042430337150916930e+00 2.099613853505725825e+00 5.712592294432733246e-03
-2.014472036474487471e+00 2.341937945816483069e+00 3.159961063753898621e-03
-2.014472036474487471e+00 2.341937945816483069e+00 3.159961063753898621e-03
-2.014472036474487471e+00 2.341937945816483069e+00 3.159961063753898621e-03
-2.014472036474487471e+00 2.341937945816483069e+00 3.159961063753898621e-03
-2.014472036474487471e+00 2.341937945816483069e+00 3.159961063753898621e-03
-2.014472036474487471e+00 2.341937945816483069e+00 3.159961063753898621e-03
-1.993227541570330441e+00 2.282070185726113642e+00 4.141790870328580267e-03
-1.993227541570330441e+00 2.282070185726113642e+00 4.141790870328580267e-03
-1.993227541570330441e+00 2.282070185726113642e+00 4.141790870328580267e-03
-1.993227541570330441e+00 2.282070185726113642e+00 4.141790870328580267e-03
-1.993227541570330441e+00 2.282070185726113642e+00 4.141790870328580267e-03
