2.489132485845457765e-01 1.481402749648903505e-01 1.764022742095976539e-03
9.572680196673045705e-01 -1.073172998007800860e-01 1.580324261988167583e-02
9.572680196673045705e-01 -1.073172998007800860e-01 1.580324261988167583e-02
9.572680196673045705e-01 -1.073172998007800860e-01 1.580324261988167583e-02
9.572680196673045705e-01 -1.073172998007800860e-01 1.580324261988167583e-02
9.572680196673045705e-01 -1.073172998007800860e-01 1.580324261988167583e-02
1.318850093359185127e+00 -4.340836460761816895e-02 6.092940697525321692e-02
1.511219750805121942e+00 -3.398088355627497670e-01 3.277309419750985137e-02
1.651920957685593550e+00 4.349945457592829801e-02 3.529423137133744226e-02
1.651920957685593550e+00 4.349945457592829801e-02 3.529423137133744226e-02
1.651920957685593550e+00 4.349945457592829801e-02 3.529423137133744226e-02
1.651920957685593550e+00 4.349945457592829801e-02 3.529423137133744226e-02
1.862002227852248115e+00 -1.019699387146191238e-01 3.411935886391306849e-02
1.789128624217002583e+00 -3.591599758503512263e-02 3.225805273263511463e-02
1.731420940661396068e+00 -3.571680749669287058e-02 3.888720457173648615e-02
1.634284204469175883e+00 -5.524183543528520257e-01 1.287455088052142163e-02
1.392429100260928143e+00 -3.375373126878709051e-01 2.184324465590655948e-02
1.489010993682607031e+00 -4.061846028873108416e-01 2.029433966230634323e-02
1.489010993682607031e+00 -4.061846028873108416e-01 2.029433966230634323e-02
1.604907322182041129e+00 -1.514266761179183240e-01 6.067497427187310000e-02
1.627072519397513517e+00 -6.684310694872321046e-02 5.446091469163645560e-02
1.627072519397513517e+00 -6.684310694872321046e-02 5.446091469163645560e-02
1.492692500085389451e+00 -1.774495057954086352e-01 5.674881844181350193e-02
1.492692500085389451e+00 -1.774495057954086352e-01 5.674881844181350193e-02
1.492692500085389451e+00 -1.774495057954086352e-01 5.674881844181350193e-02
1.202465151810343968e+00 -9.601863966191087618e-02 4.291319647217119171e-02
1.202465151810343968e+00 -9.601863966191087618e-02 4.291319647217119171e-02
1.492084856703151052e+00 -3.554172627887028924e-01 2.830183426893827237e-02
1.492084856703151052e+00 -3.554172627887028924e-01 2.830183426893827237e-02
1.492084856703151052e+00 -3.554172627887028924e-01 2.830183426893827237e-02
1.412255815088145017e+00 -2.417796782311383563e-01 3.978511635494436094e-02
1.478794719353199616e+00 -3.118098080151968099e-02 6.171698076092384244e-02
1.545721493208194186e+00 -1.090045479899627023e-01 6.175863590320952029e-02
1.545721493208194186e+00 -1.090045479899627023e-01 6.175863590320952029e-02
1.545721493208194186e+00 -1.090045479899627023e-01 6.175863590320952029e-02
1.545721493208194186e+00 -1.090045479899627023e-01 6.175863590320952029e-02
1.798252108469374999e+00 -2.660674709041233044e-01 5.597010962619342056e-02
1.798252108469374999e+00 -2.660674709041233044e-01 5.597010962619342056e-02
1.798252108469374999e+00 -2.660674709041233044e-01 5.597010962619342056e-02
1.922963596943214171e+00 -3.795588096487392815e-01 5.174879155102471429e-02
1.627441560623344996e+00 5.226344757879158864e-02 3.670278924518223518e-02
1.627441560623344996e+00 5.226344757879158864e-02 3.670278924518223518e-02
1.675202431070892173e+00 2.364422016709653296e-01 8.405095631611660123e-03
1.675202431070892173e+00 2.364422016709653296e-01 8.405095631611660123e-03
1.704721947344652655e+00 2.515453221411857454e-01 6.057323199228173763e-03
1.372686821851012873e+00 4.841238750198237906e-01 5.166968012570279101e-03
9.336062405413483312e-01 2.463500366519529583e-01 6.159559641020817544e-02
9.336062405413483312e-01 2.463500366519529583e-01 6.159559641020817544e-02
8.415402772961346756e-01 1.581645709689574741e-02 2.183542685633643385e-02
8.953751280799238099e-01 1.143382209351383877e-01 4.382130252145056276e-02
1.578484029587793991e+00 -1.926638974469918608e-01 5.904157707592579130e-02
1.578484029587793991e+00 -1.926638974469918608e-01 5.904157707592579130e-02
1.578484029587793991e+00 -1.926638974469918608e-01 5.904157707592579130e-02
1.216660609272814941e+00 -2.130063173437752311e-01 2.429389354037077633e-02
9.409147045316457181e-01 -2.479428176773462722e-02 2.578340531943531036e-02
7.798882484486435729e-01 1.699201414433380297e-01 3.940224476072432674e-02
1.144262263177490135e+00 2.154296705111056198e-01 6.026953451577714282e-02
1.474010449695603908e+00 -5.754215824538339019e-02 6.278201072271004379e-02
1.474010449695603908e+00 -5.754215824538339019e-02 6.278201072271004379e-02
1.443989552838845336e+00 4.908727790329592278e-02 5.703306885477726212e-02
1.443989552838845336e+00 4.908727790329592278e-02 5.703306885477726212e-02
1.931887091589769900e+00 -8.922652994499769008e-02 2.469800242854890832e-02
1.931887091589769900e+00 -8.922652994499769008e-02 2.469800242854890832e-02
1.805316677448443929e+00 -3.165224800307899766e-01 5.484901928395055637e-02
1.805316677448443929e+00 -3.165224800307899766e-01 5.484901928395055637e-02
1.836139684523009574e+00 -2.243233866621633377e-01 5.205595424038929331e-02
2.083606056677906437e+00 -1.743266288798894781e-01 2.103981544108136231e-02
2.083606056677906437e+00 -1.743266288798894781e-01 2.103981544108136231e-02
1.650554478264290026e+00 -1.026267251340350489e-01 5.613107382661083194e-02
1.406723423979464371e+00 2.274805009670938238e-01 3.228607474544949174e-02
1.399805625335738490e+00 1.763194254782648462e-01 4.207694088322812970e-02
1.399805625335738490e+00 1.763194254782648462e-01 4.207694088322812970e-02
1.503817306477382765e+00 -3.619331692638720899e-01 2.835856359845029956e-02
1.614394615086014451e+00 -2.837013977472261361e-01 5.108230703095377467e-02
1.614394615086014451e+00 -2.837013977472261361e-01 5.108230703095377467e-02
1.614394615086014451e+00 -2.837013977472261361e-01 5.108230703095377467e-02
1.614394615086014451e+00 -2.837013977472261361e-01 5.108230703095377467e-02
1.685848075783730415e+00 -6.215606778126651077e-01 9.252984692074233547e-03
1.685848075783730415e+00 -6.215606778126651077e-01 9.252984692074233547e-03
1.685848075783730415e+00 -6.215606778126651077e-01 9.252984692074233547e-03
2.004036295621590913e+00 -7.011800931177371021e-01 1.920329943946540857e-02
2.201985396917121918e+00 -3.742854193265316431e-01 3.356611841699622123e-02
2.201985396917121918e+00 -3.742854193265316431e-01 3.356611841699622123e-02
2.528567227488747182e+00 -6.605271259356424451e-01 2.914578656119614156e-02
2.528567227488747182e+00 -6.605271259356424451e-01 2.914578656119614156e-02
2.400771904689916969e+00 -5.107039104125018492e-01 2.882100159181968935e-02
2.400771904689916969e+00 -5.107039104125018492e-01 2.882100159181968935e-02
2.169363027212800610e+00 -5.443078064635127333e-01 4.297242660736727560e-02
2.489491071692108815e+00 -4.363079969494051413e-01 1.506099862797303547e-02
2.517369049690443283e+00 -3.512055350319721603e-01 7.342981217638634706e-03
2.409184128072364484e+00 -3.605548456011959946e-01 1.413601640813612510e-02
1.986328104299642128e+00 -2.352252329764202288e-01 3.907049597927254175e-02
1.976284478789103405e+00 -4.048705727243555597e-01 5.023894322923846967e-02
1.976284478789103405e+00 -4.048705727243555597e-01 5.023894322923846967e-02
1.976284478789103405e+00 -4.048705727243555597e-01 5.023894322923846967e-02
1.716435442066221340e+00 -2.938767491212701533e-01 5.498042726060462654e-02
1.716435442066221340e+00 -2.938767491212701533e-01 5.498042726060462654e-02
1.840484148505580286e+00 -8.774355076085027516e-02 3.440872144196203269e-02
1.450671306228787039e+00 1.998638154186925808e-01 3.206293757134327793e-02
1.587987029133133055e+00 1.192510642647304220e-01 3.009543543430503315e-02
