2.489132485845457765e-01 1.481402749648903505e-01 1.983857780575927574e-03
3.950395848166584623e-01 5.622031091286623372e-01 1.306363230680564758e-01
9.282376241589165300e-01 4.516238314466910486e-01 1.406276790728552828e-01
9.282376241589165300e-01 4.516238314466910486e-01 1.406276790728552828e-01
9.509678502180008985e-01 3.824380241863911678e-01 1.399119725908093970e-01
1.029830199156955395e+00 8.823341408564250310e-02 5.144107870326405235e-02
1.029830199156955395e+00 8.823341408564250310e-02 5.144107870326405235e-02
8.410196322104336319e-01 -2.191732458549108808e-02 8.629170202193517381e-03
8.410196322104336319e-01 -2.191732458549108808e-02 8.629170202193517381e-03
7.621753882070444464e-01 2.734479543208626767e-02 1.009379849559904202e-02
6.530346340526762550e-01 1.745510378069690671e-01 2.740746045775464476e-02
6.530346340526762550e-01 1.745510378069690671e-01 2.740746045775464476e-02
3.880457452888494418e-01 7.637183862645862131e-01 1.383715575630582173e-01
6.708373262867490805e-01 4.991847660184584035e-01 1.491350796012362867e-01
6.874533201807584426e-01 5.573039002055044655e-01 1.511645336252925298e-01
6.874533201807584426e-01 5.573039002055044655e-01 1.511645336252925298e-01
6.874533201807584426e-01 5.573039002055044655e-01 1.511645336252925298e-01
9.401178254589146466e-01 1.630105220166311875e-01 6.599650708651523534e-02
9.401178254589146466e-01 1.630105220166311875e-01 6.599650708651523534e-02
1.244375994329204538e+00 1.030042887229561388e-01 8.518706943745847637e-02
1.244375994329204538e+00 1.030042887229561388e-01 8.518706943745847637e-02
1.313833954409421301e+00 2.500421091880445923e-01 1.124778434479217631e-01
1.313833954409421301e+00 2.500421091880445923e-01 1.124778434479217631e-01
1.313833954409421301e+00 2.500421091880445923e-01 1.124778434479217631e-01
1.308721673615326431e+00 -9.546890177022687718e-02 2.927210471163424477e-02
1.345324208296006185e+00 -4.424694683956777175e-02 4.680916714553897545e-02
1.345324208296006185e+00 -4.424694683956777175e-02 4.680916714553897545e-02
1.363973702977191449e+00 5.786101672910118898e-01 2.106568697267787241e-02
1.097910646085429542e+00 1.350720058531034162e-01 7.919816849454833219e-02
1.298353842001718661e+00 2.251890134647380193e-01 1.137246423645802418e-01
1.298353842001718661e+00 2.251890134647380193e-01 1.137246423645802418e-01
1.298353842001718661e+00 2.251890134647380193e-01 1.137246423645802418e-01
1.298353842001718661e+00 2.251890134647380193e-01 1.137246423645802418e-01
1.441158472994076289e+00 4.038787489530548669e-01 5.335384814771140100e-02
1.441158472994076289e+00 4.038787489530548669e-01 5.335384814771140100e-02
1.678199679403865829e+00 3.014922985925192478e-01 3.899842390122882502e-02
1.299237652409039656e+00 3.713969417030463793e-01 9.326209529874872339e-02
1.272501675197604376e+00 4.242553729734903634e-01 8.235952236900770385e-02
1.191133085692455351e+00 5.666094914747490385e-01 5.010595073840360542e-02
1.191133085692455351e+00 5.666094914747490385e-01 5.010595073840360542e-02
1.191133085692455351e+00 5.666094914747490385e-01 5.010595073840360542e-02
1.161603229411190652e+00 3.084231395931498199e-01 1.259883295700539030e-01
1.161603229411190652e+00 3.084231395931498199e-01 1.259883295700539030e-01
1.001666472352555459e+00 3.425827291264899044e-01 1.349751441936091201e-01
5.836560774518717576e-01 1.793742550752517595e-01 2.107742921950779905e-02
5.836560774518717576e-01 1.793742550752517595e-01 2.107742921950779905e-02
1.068739801023034897e+00 2.648016434537380226e-01 1.213188258962919902e-01
1.068739801023034897e+00 2.648016434537380226e-01 1.213188258962919902e-01
1.068739801023034897e+00 2.648016434537380226e-01 1.213188258962919902e-01
7.438024038832866669e-01 5.111495483161245801e-01 1.506129582929514321e-01
7.268528199024325565e-01 5.176699411093350633e-01 1.511373882696777637e-01
7.750450964817314770e-01 7.538145411758869763e-01 6.518347013840355975e-02
7.750450964817314770e-01 7.538145411758869763e-01 6.518347013840355975e-02
5.414608871461281669e-01 9.913407810110962393e-01 2.474343665870329737e-02
9.507860016349434229e-02 1.120142184663580398e+00 4.495013261099609081e-02
-3.141849587956121459e-01 1.039732170176079773e+00 1.028585183052817820e-01
-2.418143891066569795e-01 1.020492562464276665e+00 1.081070271763165253e-01
1.848580657205403655e-01 6.439746987643072407e-01 1.169111252780554444e-01
1.848580657205403655e-01 6.439746987643072407e-01 1.169111252780554444e-01
-8.787152769735062652e-02 8.506671067422588717e-01 1.200586253748400917e-01
-8.787152769735062652e-02 8.506671067422588717e-01 1.200586253748400917e-01
-1.852946128449299568e-01 8.475892280153547453e-01 1.019155790176047433e-01
-1.852946128449299568e-01 8.475892280153547453e-01 1.019155790176047433e-01
-1.852946128449299568e-01 8.475892280153547453e-01 1.019155790176047433e-01
-8.616407370163119139e-02 9.042982158394532455e-01 1.243525710040413457e-01
1.579921516072094190e-01 9.388067718676421647e-01 1.069951825789476896e-01
3.764894249493939693e-01 7.163147608421642776e-01 1.492612062339509493e-01
4.068988856954015021e-01 6.444265108639379847e-01 1.511248575841689645e-01
3.754660995457749784e-01 6.418280996760845625e-01 1.482888659760442929e-01
3.754660995457749784e-01 6.418280996760845625e-01 1.482888659760442929e-01
4.544752221438692619e-01 5.528476504122376012e-01 1.379732836987928868e-01
4.544752221438692619e-01 5.528476504122376012e-01 1.379732836987928868e-01
3.207947347548355532e-01 9.958696501405404078e-01 5.495974832438633995e-02
3.207947347548355532e-01 9.958696501405404078e-01 5.495974832438633995e-02
4.945237179658667492e-01 8.882914626932858493e-01 6.654323502287148862e-02
4.945237179658667492e-01 8.882914626932858493e-01 6.654323502287148862e-02
4.945237179658667492e-01 8.882914626932858493e-01 6.654323502287148862e-02
4.034278709632355686e-01 1.108765642588387168e+00 1.456111993220023278e-02
4.034278709632355686e-01 1.108765642588387168e+00 1.456111993220023278e-02
4.034278709632355686e-01 1.108765642588387168e+00 1.456111993220023278e-02
4.034278709632355686e-01 1.108765642588387168e+00 1.456111993220023278e-02
4.034278709632355686e-01 1.108765642588387168e+00 1.456111993220023278e-02
4.034278709632355686e-01 1.108765642588387168e+00 1.456111993220023278e-02
3.400831920092267646e-02 7.676196794471636942e-01 1.242400508059228054e-01
3.400831920092267646e-02 7.676196794471636942e-01 1.242400508059228054e-01
1.844517479444769334e-02 4.847460459678123446e-01 2.552377704489141100e-02
6.322956019538202854e-01 3.316852899975379909e-01 8.107653076852679164e-02
5.539721112082831578e-01 4.811151276509612607e-01 1.303000546584780761e-01
5.691721665785492990e-01 5.685617891003014179e-01 1.527981402958222823e-01
5.669578294263407647e-01 7.094181881654822996e-01 1.298197036038852004e-01
5.669578294263407647e-01 7.094181881654822996e-01 1.298197036038852004e-01
5.669578294263407647e-01 7.094181881654822996e-01 1.298197036038852004e-01
4.799139183023302668e-01 3.794319357734152187e-01 7.017469485072531932e-02
4.799139183023302668e-01 3.794319357734152187e-01 7.017469485072531932e-02
4.799139183023302668e-01 3.794319357734152187e-01 7.017469485072531932e-02
2.532403399065519256e-01 7.097369140868873272e-01 1.451189170897965175e-01
7.465914968081339698e-01 6.091471295309274225e-01 1.322751964152555082e-01
1.095463264530784464e+00 5.705885956176627305e-01 6.864052466259505658e-02
1.095463264530784464e+00 5.705885956176627305e-01 6.864052466259505658e-02
1.051233136103754129e+00 1.927551956560615287e-01 9.539279959429888822e-02
