2.489132485845457765e-01 1.481402749648903505e-01 3.869621503464639074e-03
3.313917786027034684e-01 5.937749819624575931e-01 8.324232857831961874e-02
2.884581678224228396e-01 6.190523303379830145e-01 8.198527075087286287e-02
-3.560401258148058190e-01 9.460320624300432302e-01 3.240760780172880634e-02
-3.845965887058674926e-01 1.146249862146524467e+00 4.998093782730438778e-02
-5.123428465967448941e-01 1.349269537701518695e+00 4.067504491804841554e-02
-5.123428465967448941e-01 1.349269537701518695e+00 4.067504491804841554e-02
-2.265554981815973146e-01 1.336553025893546742e+00 2.370981149655649114e-02
-5.752708616507222761e-01 1.168923553827597495e+00 2.999446545875626702e-02
-5.752708616507222761e-01 1.168923553827597495e+00 2.999446545875626702e-02
-5.752708616507222761e-01 1.168923553827597495e+00 2.999446545875626702e-02
-5.752708616507222761e-01 1.168923553827597495e+00 2.999446545875626702e-02
-5.752708616507222761e-01 1.168923553827597495e+00 2.999446545875626702e-02
-4.413552096969441951e-01 1.253092882783598760e+00 4.660823385776357436e-02
-4.413552096969441951e-01 1.253092882783598760e+00 4.660823385776357436e-02
-4.413552096969441951e-01 1.253092882783598760e+00 4.660823385776357436e-02
-2.805616774774031263e-01 1.469990600900090927e+00 1.149478311141966663e-02
-7.594417204004728639e-01 1.696133493739706788e+00 1.730260399215622150e-02
-7.594417204004728639e-01 1.696133493739706788e+00 1.730260399215622150e-02
-7.594417204004728639e-01 1.696133493739706788e+00 1.730260399215622150e-02
-7.594417204004728639e-01 1.696133493739706788e+00 1.730260399215622150e-02
-7.594417204004728639e-01 1.696133493739706788e+00 1.730260399215622150e-02
-7.594417204004728639e-01 1.696133493739706788e+00 1.730260399215622150e-02
-7.738267941532120942e-01 1.778415151202649147e+00 1.124504421322651722e-02
-7.738267941532120942e-01 1.778415151202649147e+00 1.124504421322651722e-02
-6.477947766272482699e-01 1.252498774140349269e+00 2.939634773504410173e-02
-6.477947766272482699e-01 1.252498774140349269e+00 2.939634773504410173e-02
-6.477947766272482699e-01 1.252498774140349269e+00 2.939634773504410173e-02
-1.634187388837681221e-01 7.169731667877016212e-01 2.597999893494834511e-02
-9.801540589991213082e-02 9.321444006442239916e-01 6.643173828742759968e-02
-9.801540589991213082e-02 9.321444006442239916e-01 6.643173828742759968e-02
-8.360325781562269465e-02 7.752289188441051637e-01 5.058822045911023912e-02
-8.360325781562269465e-02 7.752289188441051637e-01 5.058822045911023912e-02
-8.360325781562269465e-02 7.752289188441051637e-01 5.058822045911023912e-02
-8.360325781562269465e-02 7.752289188441051637e-01 5.058822045911023912e-02
3.050540334750402593e-02 5.957024965597109700e-01 3.657273840577891788e-02
3.050540334750402593e-02 5.957024965597109700e-01 3.657273840577891788e-02
3.050540334750402593e-02 5.957024965597109700e-01 3.657273840577891788e-02
2.370756791496755334e-01 8.312615349228927863e-01 6.270148720230438177e-02
2.370756791496755334e-01 8.312615349228927863e-01 6.270148720230438177e-02
5.537363387307325802e-01 3.257704928793467847e-01 7.616453927614744157e-02
5.162115198892960333e-01 7.754422108550423909e-01 2.774955213022210765e-02
3.927916766381102098e-01 7.102197265160505868e-01 6.479746500118158115e-02
3.927916766381102098e-01 7.102197265160505868e-01 6.479746500118158115e-02
3.673371072940503912e-01 6.531912046213836920e-01 7.869343465291915585e-02
3.673371072940503912e-01 6.531912046213836920e-01 7.869343465291915585e-02
1.005588716076264988e-01 5.792030862273133129e-01 4.658408029320586924e-02
1.005588716076264988e-01 5.792030862273133129e-01 4.658408029320586924e-02
5.998553986953644168e-01 5.487132596414239227e-01 6.470472439794340558e-02
8.938743528112381709e-01 4.891092591806168177e-01 2.309008169043559253e-02
7.292182792390728974e-01 1.423756650020257530e-01 6.597409959922691247e-02
7.292182792390728974e-01 1.423756650020257530e-01 6.597409959922691247e-02
7.292182792390728974e-01 1.423756650020257530e-01 6.597409959922691247e-02
8.708701865912349405e-01 3.166269667799806453e-02 6.340130420499830166e-02
7.353425720459143555e-01 7.853832713603628446e-02 5.231597906861516073e-02
5.510429125514204607e-01 2.103560615048488958e-01 4.995237861470542412e-02
5.510429125514204607e-01 2.103560615048488958e-01 4.995237861470542412e-02
1.197110514984212282e+00 2.611471879038277932e-01 1.719987440569648030e-02
1.197110514984212282e+00 2.611471879038277932e-01 1.719987440569648030e-02
1.197110514984212282e+00 2.611471879038277932e-01 1.719987440569648030e-02
1.246991276891065148e+00 1.396772268127093319e-01 2.873381745481698099e-02
1.246991276891065148e+00 1.396772268127093319e-01 2.873381745481698099e-02
1.246991276891065148e+00 1.396772268127093319e-01 2.873381745481698099e-02
1.246991276891065148e+00 1.396772268127093319e-01 2.873381745481698099e-02
8.761154989824564421e-01 -1.791038208148955646e-01 2.027121866851396698e-02
1.010110252727843383e+00 -1.315503916339062773e-01 4.847974880624034144e-02
1.359220559008115892e+00 -3.362204651458208793e-01 4.745793161439886693e-02
1.359220559008115892e+00 -3.362204651458208793e-01 4.745793161439886693e-02
1.772406567803771260e+00 -1.818370887529200119e-01 7.735788905591471989e-03
1.772406567803771260e+00 -1.818370887529200119e-01 7.735788905591471989e-03
1.421565088626074003e+00 -2.168381896604314463e-01 5.127858110270563929e-02
1.440392746479526309e+00 -1.837232599765156182e-01 4.655750341178275381e-02
1.486215413700354704e+00 -1.861169562191100357e-01 4.056587583280386877e-02
1.305513680900102669e+00 1.024973897276368062e-01 2.573022789966204066e-02
1.305513680900102669e+00 1.024973897276368062e-01 2.573022789966204066e-02
7.416871979264497705e-01 2.753009998326112484e-01 8.334490430693509977e-02
7.416871979264497705e-01 2.753009998326112484e-01 8.334490430693509977e-02
7.416871979264497705e-01 2.753009998326112484e-01 8.334490430693509977e-02
7.416871979264497705e-01 2.753009998326112484e-01 8.334490430693509977e-02
8.848451763600351239e-01 2.240144479814979439e-01 7.623134437109130301e-02
1.068105821598527294e+00 -6.263821979966827103e-02 6.670379315503191520e-02
7.445837218044937256e-01 4.670606502668795401e-01 5.540319655103264490e-02
5.170588465186228833e-01 3.344288588526416195e-01 7.233735527302610768e-02
7.663466970539881684e-01 4.549474490091984791e-01 5.384675405234554124e-02
7.663466970539881684e-01 4.549474490091984791e-01 5.384675405234554124e-02
9.558579421367683349e-01 6.358615459813643511e-03 6.839753988628291537e-02
9.486580508670847678e-01 4.903310827973709346e-02 7.350136795016548596e-02
9.486580508670847678e-01 4.903310827973709346e-02 7.350136795016548596e-02
9.486580508670847678e-01 4.903310827973709346e-02 7.350136795016548596e-02
9.750237346822558937e-01 7.775512680930339593e-02 7.572518822341778311e-02
1.278776927921903228e+00 -2.258298010433540948e-01 5.688809587881072521e-02
1.278776927921903228e+00 -2.258298010433540948e-01 5.688809587881072521e-02
1.499830645738244650e+00 -3.399015259564135416e-01 4.788767017400161891e-02
1.362392244215787862e+00 -2.698621714289158313e-01 5.416950856918736207e-02
1.252966863456290270e+00 -1.611278871344359598e-01 6.143358146863717867e-02
1.749512306046141941e+00 -4.349818012130518552e-01 3.129572668460832430e-02
1.556551012456732552e+00 -3.380022629442568927e-01 4.421785002643500995e-02
1.556551012456732552e+00 -3.380022629442568927e-01 4.421785002643500995e-02
1.654633540833380989e+00 -2.920463455418539356e-01 2.985166997987768328e-02
2.138403307804157105e+00 -5.194938101938415542e-01 5.736562647347096672e-03
