2.489132485845457765e-01 1.481402749648903505e-01 2.798300346749681144e-03
4.392665464398315400e-04 4.893642037828447866e-01 1.439653573732340916e-02
4.392665464398315400e-04 4.893642037828447866e-01 1.439653573732340916e-02
4.392665464398315400e-04 4.893642037828447866e-01 1.439653573732340916e-02
4.392665464398315400e-04 4.893642037828447866e-01 1.439653573732340916e-02
5.296398046198496079e-01 2.792553310245759479e-01 5.944987254840249091e-02
3.121814942996031239e-01 8.705345417636081162e-01 6.558230462601408184e-02
7.363005710718855124e-01 4.759134114213102729e-01 1.289957952529800500e-01
5.602569319448404972e-01 3.237408757413746674e-01 8.326392457183422191e-02
8.550450554387236668e-01 5.013876439964436438e-01 1.018851374631934009e-01
6.656938914266492535e-01 3.122608489759822747e-01 1.081855238698971045e-01
6.367374141933539455e-01 1.912794349817657225e-01 5.641444856002272162e-02
5.160632326272108772e-01 4.292626095390595364e-01 1.050135958470295866e-01
5.160632326272108772e-01 4.292626095390595364e-01 1.050135958470295866e-01
7.609129682792931115e-02 8.550960306040437109e-01 7.785963900074399646e-02
7.609129682792931115e-02 8.550960306040437109e-01 7.785963900074399646e-02
7.609129682792931115e-02 8.550960306040437109e-01 7.785963900074399646e-02
7.609129682792931115e-02 8.550960306040437109e-01 7.785963900074399646e-02
7.609129682792931115e-02 8.550960306040437109e-01 7.785963900074399646e-02
7.609129682792931115e-02 8.550960306040437109e-01 7.785963900074399646e-02
2.586583500615045050e-01 1.115162264790069413e+00 1.484401511556452877e-02
2.586583500615045050e-01 1.115162264790069413e+00 1.484401511556452877e-02
2.586583500615045050e-01 1.115162264790069413e+00 1.484401511556452877e-02
3.559497998526994222e-01 8.303157868871431369e-01 7.206950024726960224e-02
3.559497998526994222e-01 8.303157868871431369e-01 7.206950024726960224e-02
3.559497998526994222e-01 8.303157868871431369e-01 7.206950024726960224e-02
3.559497998526994222e-01 8.303157868871431369e-01 7.206950024726960224e-02
2.827118793763748750e-01 7.592527939321194186e-01 9.412748640608005479e-02
2.827118793763748750e-01 7.592527939321194186e-01 9.412748640608005479e-02
2.827118793763748750e-01 7.592527939321194186e-01 9.412748640608005479e-02
2.827118793763748750e-01 7.592527939321194186e-01 9.412748640608005479e-02
2.827118793763748750e-01 7.592527939321194186e-01 9.412748640608005479e-02
2.827118793763748750e-01 7.592527939321194186e-01 9.412748640608005479e-02
2.827118793763748750e-01 7.592527939321194186e-01 9.412748640608005479e-02
2.827118793763748750e-01 7.592527939321194186e-01 9.412748640608005479e-02
5.483522778616353177e-01 4.415648170378675963e-01 1.151707791849648083e-01
9.746990095093983619e-01 2.534638524257106784e-01 1.465703222696193297e-01
9.746990095093983619e-01 2.534638524257106784e-01 1.465703222696193297e-01
9.746990095093983619e-01 2.534638524257106784e-01 1.465703222696193297e-01
1.156219816679435963e+00 1.718428455331098281e-01 1.451812492604058757e-01
1.587089189055248761e+00 2.139704021115523824e-01 3.212255651181040311e-02
1.587089189055248761e+00 2.139704021115523824e-01 3.212255651181040311e-02
1.332713387872034749e+00 -3.499769821485029797e-02 1.367158648766720608e-01
1.332713387872034749e+00 -3.499769821485029797e-02 1.367158648766720608e-01
1.332713387872034749e+00 -3.499769821485029797e-02 1.367158648766720608e-01
1.332713387872034749e+00 -3.499769821485029797e-02 1.367158648766720608e-01
1.510382372092508918e+00 1.408792120968536954e-01 7.367976905019729683e-02
1.510382372092508918e+00 1.408792120968536954e-01 7.367976905019729683e-02
1.510382372092508918e+00 1.408792120968536954e-01 7.367976905019729683e-02
1.746532463036609695e+00 -2.894682433389490495e-01 1.095226499167543804e-01
1.746532463036609695e+00 -2.894682433389490495e-01 1.095226499167543804e-01
2.161311518828538336e+00 -4.891112247168477589e-01 7.234189419767170226e-02
2.161311518828538336e+00 -4.891112247168477589e-01 7.234189419767170226e-02
2.161311518828538336e+00 -4.891112247168477589e-01 7.234189419767170226e-02
2.161311518828538336e+00 -4.891112247168477589e-01 7.234189419767170226e-02
2.161311518828538336e+00 -4.891112247168477589e-01 7.234189419767170226e-02
2.230547636498585451e+00 -3.495769805420760878e-01 4.319311194686675098e-02
2.230547636498585451e+00 -3.495769805420760878e-01 4.319311194686675098e-02
2.439137148830711421e+00 -3.355393735050902215e-01 1.309121228702014861e-02
2.252364803004516691e+00 2.408467823791232698e-02 1.458740559223421947e-03
2.023228247570581839e+00 -2.422188905487951405e-01 6.212183573767678796e-02
1.618835551408218443e+00 -2.817653990712103984e-01 1.041183075919697304e-01
1.368652920628001590e+00 2.444932403916339481e-01 7.287484267833850560e-02
1.368652920628001590e+00 2.444932403916339481e-01 7.287484267833850560e-02
1.207452069663174754e+00 1.625170431499821100e-01 1.408414620537797590e-01
1.297176135434815025e+00 8.883485016398277867e-02 1.409017213794063750e-01
1.026271412172127917e+00 2.803880304451046301e-01 1.412437766479685830e-01
8.145258242078765587e-01 2.397792187417026044e-01 1.224111765256012674e-01
8.183538360586987137e-01 3.678770749332069823e-01 1.408644054741308160e-01
8.183538360586987137e-01 3.678770749332069823e-01 1.408644054741308160e-01
1.171852571960367850e+00 2.531305137383705883e-01 1.229222447105566274e-01
1.208043393894828066e+00 1.301239722006323207e-01 1.451792259786149897e-01
9.743089608056954010e-01 5.874253607956524403e-01 4.166261867616190967e-02
6.925295400405814261e-01 8.416027552040747928e-01 2.031601850940347939e-02
6.925295400405814261e-01 8.416027552040747928e-01 2.031601850940347939e-02
6.925295400405814261e-01 8.416027552040747928e-01 2.031601850940347939e-02
8.698004329996709139e-01 3.609515940968889836e-01 1.405731851516030806e-01
1.209863752953121985e+00 1.192876319847491484e-01 1.458223209496415651e-01
1.126562535286822264e+00 9.428186231088253599e-02 1.415602337829975632e-01
1.161211185304419802e+00 2.666077520741150231e-01 1.206717474192141593e-01
1.161211185304419802e+00 2.666077520741150231e-01 1.206717474192141593e-01
1.161211185304419802e+00 2.666077520741150231e-01 1.206717474192141593e-01
1.096481004204246990e+00 -1.307368957562184963e-01 5.233915998670568559e-02
1.096481004204246990e+00 -1.307368957562184963e-01 5.233915998670568559e-02
1.096481004204246990e+00 -1.307368957562184963e-01 5.233915998670568559e-02
1.096481004204246990e+00 -1.307368957562184963e-01 5.233915998670568559e-02
1.695144083000381885e+00 -1.634069060840280252e-01 1.152402829135900364e-01
1.695144083000381885e+00 -1.634069060840280252e-01 1.152402829135900364e-01
1.433941293759380287e+00 2.257502927283623895e-01 6.250271303720364435e-02
1.831668064102291993e+00 3.589446134247328835e-02 3.171289487400853757e-02
1.831668064102291993e+00 3.589446134247328835e-02 3.171289487400853757e-02
1.550066552718915691e+00 -2.295835035356242060e-01 1.111610134086955248e-01
1.456123436904948942e+00 -1.111028121946195518e-01 1.308016756050272011e-01
1.560310900108141441e+00 5.496867183621785558e-02 9.150171531473959285e-02
1.192754765148271723e+00 3.560465196536415355e-01 7.597019837302955436e-02
1.224226268514883031e+00 -1.532612815665697070e-01 7.408543272004801394e-02
1.224226268514883031e+00 -1.532612815665697070e-01 7.408543272004801394e-02
1.224226268514883031e+00 -1.532612815665697070e-01 7.408543272004801394e-02
1.224226268514883031e+00 -1.532612815665697070e-01 7.408543272004801394e-02
1.585883562768452215e+00 -1.339029594369340603e-01 1.265889245394992146e-01
