2.489132485845457765e-01 1.481402749648903505e-01 2.656611647877213378e-03
2.489132485845457765e-01 1.481402749648903505e-01 2.656611647877213378e-03
2.489132485845457765e-01 1.481402749648903505e-01 2.656611647877213378e-03
2.737480311394869803e-01 1.555548908839408107e-01 3.558319229481863959e-03
2.737480311394869803e-01 1.555548908839408107e-01 3.558319229481863959e-03
2.737480311394869803e-01 1.555548908839408107e-01 3.558319229481863959e-03
2.737480311394869803e-01 1.555548908839408107e-01 3.558319229481863959e-03
2.737480311394869803e-01 1.555548908839408107e-01 3.558319229481863959e-03
-3.301189640167767614e-02 6.207225455684355353e-01 1.063315777426069170e-01
-1.744567225376393027e-01 9.280873698231236757e-01 1.880855619199950368e-01
-1.744567225376393027e-01 9.280873698231236757e-01 1.880855619199950368e-01
-1.744567225376393027e-01 9.280873698231236757e-01 1.880855619199950368e-01
3.814441875952960803e-01 7.031563816606980488e-01 2.251615838507632639e-01
-3.688166471606807439e-02 9.606300622226641162e-01 1.693636066406503937e-01
-3.688166471606807439e-02 9.606300622226641162e-01 1.693636066406503937e-01
-4.138938946307043065e-01 9.294930677697325061e-01 1.412438909387632724e-01
-3.314116924201346848e-01 9.981702352367139985e-01 1.657472216724157621e-01
-5.110786035042175213e-01 1.291106171102954558e+00 6.327455956408903348e-02
-1.590294669895204183e-01 1.356679748563186960e+00 9.844720791405114566e-03
-9.564278002567305759e-02 1.294333193631846068e+00 1.563843718322231041e-02
-9.564278002567305759e-02 1.294333193631846068e+00 1.563843718322231041e-02
9.031588019031394632e-02 9.757731702519014672e-01 1.312601555933900210e-01
1.635557746204591711e-01 1.011931799601891724e+00 8.701300313268983677e-02
1.635557746204591711e-01 1.011931799601891724e+00 8.701300313268983677e-02
-1.585366455769562921e-01 9.876678348676908303e-01 1.704359073187192708e-01
-6.198757438035085165e-01 1.097331295183170408e+00 1.224323046761200268e-01
-6.041377917536996378e-01 9.094934228996091052e-01 7.719071757266847411e-02
4.619202320073234613e-02 7.767642138621204673e-01 2.132691668935378371e-01
-1.450275665724147234e-01 1.190786562981674512e+00 5.444296835670368873e-02
6.166820040764425803e-02 1.103166980422193078e+00 5.845280273514490144e-02
7.349684656195833998e-01 5.239149712290086525e-01 2.154522776448126731e-01
1.161193425296849435e+00 3.347108300089172706e-01 1.618559921343027674e-01
1.161193425296849435e+00 3.347108300089172706e-01 1.618559921343027674e-01
1.161193425296849435e+00 3.347108300089172706e-01 1.618559921343027674e-01
1.161193425296849435e+00 3.347108300089172706e-01 1.618559921343027674e-01
1.161193425296849435e+00 3.347108300089172706e-01 1.618559921343027674e-01
1.161193425296849435e+00 3.347108300089172706e-01 1.618559921343027674e-01
1.161193425296849435e+00 3.347108300089172706e-01 1.618559921343027674e-01
9.970332085276071288e-01 2.708455120459228871e-01 1.599978070421603227e-01
9.970332085276071288e-01 2.708455120459228871e-01 1.599978070421603227e-01
9.970332085276071288e-01 2.708455120459228871e-01 1.599978070421603227e-01
8.088969633752329802e-01 1.493782988383189902e-01 5.367089876058726144e-02
9.452952053806886745e-01 4.055593910687616543e-01 1.946667722033455228e-01
9.452952053806886745e-01 4.055593910687616543e-01 1.946667722033455228e-01
9.452952053806886745e-01 4.055593910687616543e-01 1.946667722033455228e-01
9.452952053806886745e-01 4.055593910687616543e-01 1.946667722033455228e-01
9.317942564854395648e-01 4.995647652529140448e-01 1.743650423307708808e-01
9.317942564854395648e-01 4.995647652529140448e-01 1.743650423307708808e-01
9.265095104637117718e-01 1.800530647227619463e-01 9.441481970164121440e-02
4.847074077408413117e-01 4.621084968836247087e-01 1.728269629059062118e-01
4.847074077408413117e-01 4.621084968836247087e-01 1.728269629059062118e-01
4.847074077408413117e-01 4.621084968836247087e-01 1.728269629059062118e-01
4.847074077408413117e-01 4.621084968836247087e-01 1.728269629059062118e-01
4.847074077408413117e-01 4.621084968836247087e-01 1.728269629059062118e-01
4.847074077408413117e-01 4.621084968836247087e-01 1.728269629059062118e-01
4.847074077408413117e-01 4.621084968836247087e-01 1.728269629059062118e-01
5.639662472552033901e-01 9.190712797011845181e-01 4.257749988106810518e-02
-5.103624797301309357e-03 8.067771285727997066e-01 2.091464486714740278e-01
-5.103624797301309357e-03 8.067771285727997066e-01 2.091464486714740278e-01
-5.103624797301309357e-03 8.067771285727997066e-01 2.091464486714740278e-01
1.251358469855312350e-01 8.428179817023578879e-01 2.056805153162021005e-01
1.251358469855312350e-01 8.428179817023578879e-01 2.056805153162021005e-01
1.251358469855312350e-01 8.428179817023578879e-01 2.056805153162021005e-01
-2.775615403621105592e-01 1.033265633134902606e+00 1.586171478709203220e-01
-5.780501312572210448e-01 9.705003021884054393e-01 1.079133508132045227e-01
-6.231628756976516081e-01 1.159127838124585308e+00 1.168161236698030958e-01
-7.089094427123933118e-01 1.141716004370423754e+00 1.089730747946684730e-01
-9.272211339994356205e-01 1.230474077838531022e+00 7.844405184202872527e-02
-9.272211339994356205e-01 1.230474077838531022e+00 7.844405184202872527e-02
-1.020160167385850913e+00 1.200382525735053107e+00 6.123632387809403027e-02
-1.020160167385850913e+00 1.200382525735053107e+00 6.123632387809403027e-02
-1.020160167385850913e+00 1.200382525735053107e+00 6.123632387809403027e-02
-1.020160167385850913e+00 1.200382525735053107e+00 6.123632387809403027e-02
-1.020160167385850913e+00 1.200382525735053107e+00 6.123632387809403027e-02
-1.084339490928367233e+00 1.326784372317173277e+00 5.960763887056169663e-02
-6.960992330923714277e-01 1.034891043830873825e+00 9.605822055117539671e-02
-6.960992330923714277e-01 1.034891043830873825e+00 9.605822055117539671e-02
-6.960992330923714277e-01 1.034891043830873825e+00 9.605822055117539671e-02
-6.960992330923714277e-01 1.034891043830873825e+00 9.605822055117539671e-02
-1.099665226645057947e+00 1.232686339881149840e+00 5.267988831694205704e-02
-7.693462966607138576e-01 1.193144891160416998e+00 9.930232826160209636e-02
-6.374490369323589922e-01 9.581564879628522435e-01 8.678933631251435632e-02
-6.374490369323589922e-01 9.581564879628522435e-01 8.678933631251435632e-02
-4.301469644103859125e-01 1.039838988669991693e+00 1.509652374581364476e-01
-4.301469644103859125e-01 1.039838988669991693e+00 1.509652374581364476e-01
-4.301469644103859125e-01 1.039838988669991693e+00 1.509652374581364476e-01
-4.301469644103859125e-01 1.039838988669991693e+00 1.509652374581364476e-01
-4.301469644103859125e-01 1.039838988669991693e+00 1.509652374581364476e-01
-4.301469644103859125e-01 1.039838988669991693e+00 1.509652374581364476e-01
-4.301469644103859125e-01 1.039838988669991693e+00 1.509652374581364476e-01
-3.639875653955595980e-01 1.134769592004713390e+00 1.198453386612610833e-01
-5.207512758840950884e-01 9.102377364054869968e-01 1.017474917157727560e-01
-5.207512758840950884e-01 9.102377364054869968e-01 1.017474917157727560e-01
-5.207512758840950884e-01 9.102377364054869968e-01 1.017474917157727560e-01
-4.979397257691737799e-01 1.213417417935976461e+00 9.627692894843228877e-02
-3.214162970085699955e-01 1.026309174281121228e+00 1.610204848859804472e-01
-3.214162970085699955e-01 1.026309174281121228e+00 1.610204848859804472e-01
-6.742957402797311595e-02 6.264425456732494180e-01 9.818328322815891851e-02
-6.742957402797311595e-02 6.264425456732494180e-01 9.818328322815891851e-02
-6.742957402797311595e-02 6.264425456732494180e-01 9.818328322815891851e-02
