2.489132485845457765e-01 1.481402749648903505e-01 1.721328470688850360e-03
3.076436924670756246e-01 5.049951836431405550e-01 5.746575582735791166e-02
1.313529198821578314e-01 5.648799057782685207e-01 4.326236038132254269e-02
1.313529198821578314e-01 5.648799057782685207e-01 4.326236038132254269e-02
1.313529198821578314e-01 5.648799057782685207e-01 4.326236038132254269e-02
1.177812162995384715e-01 7.244357047614963241e-01 7.405437497267755576e-02
1.177812162995384715e-01 7.244357047614963241e-01 7.405437497267755576e-02
4.409996864122516236e-01 8.891960784933851114e-01 5.256176550440303658e-02
2.121514335743481805e-01 4.841671316144792181e-01 3.681372698650230146e-02
2.121514335743481805e-01 4.841671316144792181e-01 3.681372698650230146e-02
2.260576710197681471e-01 9.995483273306744465e-01 4.512425883506437918e-02
2.260576710197681471e-01 9.995483273306744465e-01 4.512425883506437918e-02
2.260576710197681471e-01 9.995483273306744465e-01 4.512425883506437918e-02
-2.077260987552591587e-01 1.009956088928406936e+00 5.528145406724845057e-02
-2.077260987552591587e-01 1.009956088928406936e+00 5.528145406724845057e-02
-2.077260987552591587e-01 1.009956088928406936e+00 5.528145406724845057e-02
-2.077260987552591587e-01 1.009956088928406936e+00 5.528145406724845057e-02
-2.077260987552591587e-01 1.009956088928406936e+00 5.528145406724845057e-02
-2.077260987552591587e-01 1.009956088928406936e+00 5.528145406724845057e-02
8.375639929254052873e-03 1.025167855110462822e+00 5.412119575665424315e-02
-3.787179929274797074e-01 9.491326435715305987e-01 3.859819983786937775e-02
-3.787179929274797074e-01 9.491326435715305987e-01 3.859819983786937775e-02
-3.787179929274797074e-01 9.491326435715305987e-01 3.859819983786937775e-02
-3.787179929274797074e-01 9.491326435715305987e-01 3.859819983786937775e-02
-5.168348087919141243e-01 1.412325809561243428e+00 1.457652786741521662e-02
-4.915601788384268978e-01 1.309068512222895109e+00 2.455286431136522937e-02
-1.285289275157960875e-01 9.850905752442165042e-01 6.011103020137395503e-02
-2.346205740728502520e-01 9.250948654128574589e-01 5.189757205972754528e-02
-4.052282340690176454e-01 1.292303930229950382e+00 2.486824186496339184e-02
-6.578862239930712841e-01 8.701360695856341643e-01 8.260639629224327332e-03
-7.282019555887605522e-01 9.700657079351512335e-01 1.113122989181581854e-02
-6.112625678344476565e-01 9.376957806501289294e-01 1.601170053116807851e-02
-7.076578871218379696e-01 1.070456021333811902e+00 1.945988451948978820e-02
-7.076578871218379696e-01 1.070456021333811902e+00 1.945988451948978820e-02
-7.076578871218379696e-01 1.070456021333811902e+00 1.945988451948978820e-02
-7.076578871218379696e-01 1.070456021333811902e+00 1.945988451948978820e-02
-5.563344710878505017e-01 1.344692167742528088e+00 2.176933908447219526e-02
-6.673411762206198361e-01 1.570600172704664121e+00 6.182543722860733490e-03
-6.673411762206198361e-01 1.570600172704664121e+00 6.182543722860733490e-03
-6.673411762206198361e-01 1.570600172704664121e+00 6.182543722860733490e-03
-1.194039185599274244e+00 1.671041021483400613e+00 5.695553959377800193e-03
-1.194039185599274244e+00 1.671041021483400613e+00 5.695553959377800193e-03
-9.559801687665012704e-01 1.360957750042767200e+00 1.539804368265628928e-02
-8.695083122569015055e-01 1.406131144537954958e+00 1.658776979359071965e-02
-8.695083122569015055e-01 1.406131144537954958e+00 1.658776979359071965e-02
-8.695083122569015055e-01 1.406131144537954958e+00 1.658776979359071965e-02
-8.695083122569015055e-01 1.406131144537954958e+00 1.658776979359071965e-02
-5.844511445251197035e-01 1.357261408153647597e+00 2.089054389485894836e-02
-5.844511445251197035e-01 1.357261408153647597e+00 2.089054389485894836e-02
-4.444693527291678214e-01 1.342130875257951050e+00 2.000543251353992594e-02
-6.601660482119564577e-01 1.005305341360966276e+00 1.807446033980385919e-02
-6.601660482119564577e-01 1.005305341360966276e+00 1.807446033980385919e-02
-5.753508855280908829e-01 1.088168171959901676e+00 3.052262842743770632e-02
-3.703045486421047139e-01 9.479695366645065624e-01 3.937704331871208496e-02
-3.703045486421047139e-01 9.479695366645065624e-01 3.937704331871208496e-02
5.407156736334300939e-02 9.054117568216655254e-01 7.220918786250013488e-02
5.407156736334300939e-02 9.054117568216655254e-01 7.220918786250013488e-02
5.407156736334300939e-02 9.054117568216655254e-01 7.220918786250013488e-02
9.976276553287241611e-03 5.231023128529688204e-01 1.980310043164460257e-02
-5.472391476648489350e-01 8.717168517479640943e-01 1.474778122394357349e-02
-5.472391476648489350e-01 8.717168517479640943e-01 1.474778122394357349e-02
-4.906303167674807564e-01 8.634387676788255472e-01 1.823650267592573371e-02
-4.685564045074621098e-01 1.066064108111731912e+00 3.787009249434618308e-02
-2.265612649484122221e-01 1.015742593570492680e+00 5.409763104873740319e-02
-2.265612649484122221e-01 1.015742593570492680e+00 5.409763104873740319e-02
2.810308581382727766e-01 6.370529014774624077e-01 8.375951880394584548e-02
1.816091984210492227e-01 6.379734649173190997e-01 6.835425097880655498e-02
-1.524858704699030842e-02 7.506005514494797914e-01 5.897747141581032027e-02
3.697255453057214369e-01 7.441357220105696557e-01 9.325901519794593808e-02
8.178123672958790280e-01 3.414177041599124607e-01 9.840605659322666787e-02
1.243404410971274965e+00 1.423953964238041381e-01 9.565152058317560879e-02
1.040498076412911477e+00 4.203394134891386136e-01 1.061392267681807861e-01
1.202082235107104324e+00 -6.648064316629748172e-02 3.236114776994829245e-02
1.463961083056504631e+00 -1.380318796896941036e-01 4.242367975054268242e-02
1.463961083056504631e+00 -1.380318796896941036e-01 4.242367975054268242e-02
1.184060641946024228e+00 1.109951618376717464e-01 8.179700894672432832e-02
1.276158063097928785e+00 1.591528781733775877e-01 1.003387370302264575e-01
1.276158063097928785e+00 1.591528781733775877e-01 1.003387370302264575e-01
1.276158063097928785e+00 1.591528781733775877e-01 1.003387370302264575e-01
8.922343204669309635e-01 1.405799637952153125e-01 4.821475974915839791e-02
8.922343204669309635e-01 1.405799637952153125e-01 4.821475974915839791e-02
8.922343204669309635e-01 1.405799637952153125e-01 4.821475974915839791e-02
8.922343204669309635e-01 1.405799637952153125e-01 4.821475974915839791e-02
8.358365392909887781e-01 2.426847548493881734e-01 7.156532006331813023e-02
1.272642994615618584e+00 -9.630465978717067665e-02 3.281566352228595940e-02
1.817144947820259704e+00 -1.714805601572341742e-02 6.933037704517470978e-02
1.414305836283758389e+00 2.767554593000216556e-01 8.334543235512202608e-02
1.539895598921112496e+00 5.046103222372805286e-02 8.834317831401777843e-02
1.679387048559241702e+00 8.733730863549210577e-02 7.657410036252350338e-02
1.679387048559241702e+00 8.733730863549210577e-02 7.657410036252350338e-02
1.821584843969153100e+00 3.616949414441297111e-02 6.423555658048707429e-02
2.201701656255291795e+00 -1.543511515465259276e-01 3.913757084869771280e-02
2.201701656255291795e+00 -1.543511515465259276e-01 3.913757084869771280e-02
2.270528614659363953e+00 -4.376228748924818612e-01 2.852208535532495953e-02
2.270528614659363953e+00 -4.376228748924818612e-01 2.852208535532495953e-02
2.028149226632248059e+00 -3.710107125558950170e-01 3.210521405150387753e-02
2.220139896737161500e+00 -6.612259064100539652e-02 2.834337788420029577e-02
2.220139896737161500e+00 -6.612259064100539652e-02 2.834337788420029577e-02
2.666820392505624859e+00 -3.712275334154789830e-01 1.639098303242296495e-02
2.666820392505624859e+00 -3.712275334154789830e-01 1.639098303242296495e-02
