2.489132485845457765e-01 1.481402749648903505e-01 3.095542845437990621e-03
2.489132485845457765e-01 1.481402749648903505e-01 3.095542845437990621e-03
2.489132485845457765e-01 1.481402749648903505e-01 3.095542845437990621e-03
2.489132485845457765e-01 1.481402749648903505e-01 3.095542845437990621e-03
2.489132485845457765e-01 1.481402749648903505e-01 3.095542845437990621e-03
2.489132485845457765e-01 1.481402749648903505e-01 3.095542845437990621e-03
4.394865733659810703e-01 3.771833326659815855e-01 1.291006654680005028e-01
5.953510341066519107e-01 7.031907583290861741e-01 1.606310151240650519e-01
5.953510341066519107e-01 7.031907583290861741e-01 1.606310151240650519e-01
5.953510341066519107e-01 7.031907583290861741e-01 1.606310151240650519e-01
5.953510341066519107e-01 7.031907583290861741e-01 1.606310151240650519e-01
5.953510341066519107e-01 7.031907583290861741e-01 1.606310151240650519e-01
2.441791332559813399e-01 6.268186749180890693e-01 2.707360822710135340e-01
2.441791332559813399e-01 6.268186749180890693e-01 2.707360822710135340e-01
2.441791332559813399e-01 6.268186749180890693e-01 2.707360822710135340e-01
4.740774324080046509e-01 7.109896500729278035e-01 2.001407194960806990e-01
4.740774324080046509e-01 7.109896500729278035e-01 2.001407194960806990e-01
5.415255478589396931e-01 6.662287692733255273e-01 2.163809658119668078e-01
3.178896666589137165e-02 6.955017981588935694e-01 2.484623059193332428e-01
3.178896666589137165e-02 6.955017981588935694e-01 2.484623059193332428e-01
2.229066569582644486e-01 6.761176948414153731e-01 2.730867623719187010e-01
3.467655610365849572e-01 7.904022793532003988e-01 1.679150659480165564e-01
3.467655610365849572e-01 7.904022793532003988e-01 1.679150659480165564e-01
2.429865625292375320e-01 7.278279852218372259e-01 2.520521340742548633e-01
2.429865625292375320e-01 7.278279852218372259e-01 2.520521340742548633e-01
3.803409149134050482e-01 7.662550887528869481e-01 1.801640709331117918e-01
3.803409149134050482e-01 7.662550887528869481e-01 1.801640709331117918e-01
3.803409149134050482e-01 7.662550887528869481e-01 1.801640709331117918e-01
4.835899938755575667e-01 4.816555184751766805e-01 2.406581066480290299e-01
4.835899938755575667e-01 4.816555184751766805e-01 2.406581066480290299e-01
1.062043307032238371e+00 4.270659031783894388e-01 1.839172079564166951e-01
1.065787368114428313e+00 3.342418035616198657e-01 1.937020439458220777e-01
7.115183578245369844e-01 5.058189475900178866e-01 2.558299044870666061e-01
4.714871000278150204e-01 5.372258966269979341e-01 2.702308206351621833e-01
4.714871000278150204e-01 5.372258966269979341e-01 2.702308206351621833e-01
4.714871000278150204e-01 5.372258966269979341e-01 2.702308206351621833e-01
3.484336854907490455e-01 7.105428007785004052e-01 2.411162260049701245e-01
3.484336854907490455e-01 7.105428007785004052e-01 2.411162260049701245e-01
3.382912492736598886e-01 5.851839973212229484e-01 2.716109425295654134e-01
1.947735386090178600e-01 6.577079736369422225e-01 2.704257970347427875e-01
-1.550766848862072944e-03 9.025120605782660510e-01 1.619566499037114748e-01
-1.550766848862072944e-03 9.025120605782660510e-01 1.619566499037114748e-01
-2.040105363000852823e-01 8.410554314135346710e-01 2.138355454630486152e-01
-2.040105363000852823e-01 8.410554314135346710e-01 2.138355454630486152e-01
-1.199958800560760180e-01 1.013211605752772027e+00 9.479693616801469769e-02
-1.199958800560760180e-01 1.013211605752772027e+00 9.479693616801469769e-02
-4.015450699577173821e-01 8.220021480536918723e-01 1.635049480728028859e-01
-4.015450699577173821e-01 8.220021480536918723e-01 1.635049480728028859e-01
-4.015450699577173821e-01 8.220021480536918723e-01 1.635049480728028859e-01
-4.015450699577173821e-01 8.220021480536918723e-01 1.635049480728028859e-01
-4.680811836726614938e-01 1.095007907658768875e+00 9.061668484250283429e-02
-3.797668642905283609e-01 8.715029521352787301e-01 1.807061642343357200e-01
-2.905675043629316612e-01 6.254458685403079254e-01 8.361886280025856988e-02
-1.834845984956044174e-01 7.143448456212735387e-01 1.873435415583745156e-01
-1.834845984956044174e-01 7.143448456212735387e-01 1.873435415583745156e-01
-5.375188292810063606e-01 8.416493196166274782e-01 1.267433678922009754e-01
-3.748669100859233216e-01 7.049340730703429481e-01 1.075106348125679512e-01
9.014422946639810696e-02 6.764506088217564495e-01 2.560994044413270054e-01
9.014422946639810696e-02 6.764506088217564495e-01 2.560994044413270054e-01
4.120768022514189610e-01 5.477417479782132892e-01 2.672815722767207247e-01
4.120768022514189610e-01 5.477417479782132892e-01 2.672815722767207247e-01
4.120768022514189610e-01 5.477417479782132892e-01 2.672815722767207247e-01
4.120768022514189610e-01 5.477417479782132892e-01 2.672815722767207247e-01
4.120768022514189610e-01 5.477417479782132892e-01 2.672815722767207247e-01
-3.551285136637827300e-02 8.288917638339561300e-01 2.238356637701627294e-01
-3.551285136637827300e-02 8.288917638339561300e-01 2.238356637701627294e-01
-3.551285136637827300e-02 8.288917638339561300e-01 2.238356637701627294e-01
-3.551285136637827300e-02 8.288917638339561300e-01 2.238356637701627294e-01
-3.551285136637827300e-02 8.288917638339561300e-01 2.238356637701627294e-01
-3.551285136637827300e-02 8.288917638339561300e-01 2.238356637701627294e-01
-1.018698123865524330e-01 5.772113614749503352e-01 1.136546330783249764e-01
-1.473790750587870291e-01 5.347419652286432568e-01 6.808368332896569397e-02
-1.639237196965831200e-01 8.850097156015044320e-01 1.986226220550597887e-01
-1.639237196965831200e-01 8.850097156015044320e-01 1.986226220550597887e-01
-1.639237196965831200e-01 8.850097156015044320e-01 1.986226220550597887e-01
4.455691338129577628e-02 8.341216825909913979e-01 2.107712038046407887e-01
4.455691338129577628e-02 8.341216825909913979e-01 2.107712038046407887e-01
6.355871455453895869e-03 8.877894594481240409e-01 1.732629541899108339e-01
6.355871455453895869e-03 8.877894594481240409e-01 1.732629541899108339e-01
-2.829247815289136492e-01 8.571476109520975717e-01 2.001418915536764820e-01
-1.355005613393771569e-01 7.843045009379059351e-01 2.281896002008008129e-01
3.283002272153232037e-02 8.283899098726537069e-01 2.169670461436054298e-01
3.283002272153232037e-02 8.283899098726537069e-01 2.169670461436054298e-01
3.283002272153232037e-02 8.283899098726537069e-01 2.169670461436054298e-01
5.523501782254774950e-02 8.215409498358746676e-01 2.185627611315690833e-01
5.523501782254774950e-02 8.215409498358746676e-01 2.185627611315690833e-01
3.857280643443082302e-01 6.144494619813531955e-01 2.785583088071873492e-01
3.857280643443082302e-01 6.144494619813531955e-01 2.785583088071873492e-01
5.223490113549994485e-01 5.866413526125907607e-01 2.706371018293989295e-01
7.335023757731387040e-01 5.137241057478925121e-01 2.496146227594869538e-01
6.651349503713825939e-01 3.884032938739517271e-01 2.061954538235229173e-01
6.651349503713825939e-01 3.884032938739517271e-01 2.061954538235229173e-01
9.791899549221210197e-01 2.890355882015056554e-01 1.763652304166338780e-01
9.791899549221210197e-01 2.890355882015056554e-01 1.763652304166338780e-01
9.791899549221210197e-01 2.890355882015056554e-01 1.763652304166338780e-01
1.261721163769373266e+00 3.610432564222943452e-01 1.438448333141913449e-01
1.493761036867369274e+00 4.699614757042523960e-01 3.374319051941848668e-02
1.066702719746685846e+00 4.968771418531747197e-01 1.430008375004050980e-01
1.066702719746685846e+00 4.968771418531747197e-01 1.430008375004050980e-01
1.066702719746685846e+00 4.968771418531747197e-01 1.430008375004050980e-01
