2.489132485845457765e-01 1.481402749648903505e-01 1.511307231789408775e-03
3.241905897772811573e-01 4.791240049081691987e-01 3.478732094045614703e-02
7.096828203628173792e-01 3.949822277344724464e-01 7.426863813589831831e-02
4.549687652644346936e-01 7.806877329827561773e-01 4.791499170795216617e-02
4.549687652644346936e-01 7.806877329827561773e-01 4.791499170795216617e-02
1.877809702590588214e-02 9.785282323669126647e-01 2.791471381292172024e-02
1.877809702590588214e-02 9.785282323669126647e-01 2.791471381292172024e-02
-1.232325382936143021e-01 1.102808915507589749e+00 1.805646732328389931e-02
-1.232325382936143021e-01 1.102808915507589749e+00 1.805646732328389931e-02
-5.513251838431211249e-01 1.263723282592936759e+00 8.263173562839979877e-03
-5.513251838431211249e-01 1.263723282592936759e+00 8.263173562839979877e-03
-2.545806964584455545e-01 9.533306761548785424e-01 1.951110798119127382e-02
-2.545806964584455545e-01 9.533306761548785424e-01 1.951110798119127382e-02
3.109876276479517365e-03 8.313354793930907150e-01 3.273299104553146349e-02
-2.326910413583997972e-01 6.911174588554677145e-01 8.919441396825026139e-03
1.948602695679525487e-01 6.387086201424649889e-01 3.944565900204522607e-02
5.613884038673542243e-01 6.909306768368581597e-01 5.955883998641332833e-02
5.613884038673542243e-01 6.909306768368581597e-01 5.955883998641332833e-02
7.734884436787564654e-02 7.848176036629723740e-01 3.709021582519045346e-02
4.493857298118354437e-01 5.658410181335137290e-01 6.128302712982035966e-02
4.493857298118354437e-01 5.658410181335137290e-01 6.128302712982035966e-02
2.849330101691441852e-01 7.893001778320954953e-01 4.768789518748719342e-02
-1.519762447576211706e-02 7.962251994122756527e-01 3.043096700465370077e-02
-1.519762447576211706e-02 7.962251994122756527e-01 3.043096700465370077e-02
-1.519762447576211706e-02 7.962251994122756527e-01 3.043096700465370077e-02
-1.519762447576211706e-02 7.962251994122756527e-01 3.043096700465370077e-02
-2.019330114261335199e-02 1.326334856464414180e+00 3.337949109153042718e-03
-2.019330114261335199e-02 1.326334856464414180e+00 3.337949109153042718e-03
-1.816089022401771169e-01 1.085370607039457980e+00 1.887002200406638283e-02
-2.067090498188598469e-01 1.132407853863989677e+00 1.603861464347288227e-02
-2.067090498188598469e-01 1.132407853863989677e+00 1.603861464347288227e-02
-1.722795634914097707e-01 1.238124372557981800e+00 9.401278638988333491e-03
-1.722795634914097707e-01 1.238124372557981800e+00 9.401278638988333491e-03
-4.426943435136257987e-01 1.000299823819210232e+00 1.187809022426782740e-02
3.170995007668947485e-02 6.249259102245077191e-01 2.160208596864238509e-02
7.607896495035921802e-01 3.485365179251820322e-01 7.390983281954235928e-02
8.898222480159083680e-01 2.211373679847881135e-01 6.680230040135397285e-02
1.038935255332760210e+00 5.282738069760686273e-01 5.863209877091978689e-02
6.367100387441696485e-01 4.600006217490189564e-01 7.310577574818066804e-02
6.367100387441696485e-01 4.600006217490189564e-01 7.310577574818066804e-02
8.036288766994119648e-01 6.364808444248241104e-01 5.626485670834326103e-02
1.487497847562483599e+00 2.234895941655901663e-01 7.454445163210879355e-02
1.554223489914254408e+00 1.082367673656295659e-01 8.622086817887204824e-02
1.582650426947108224e+00 -1.190214304157739544e-01 7.020137132832693361e-02
1.582650426947108224e+00 -1.190214304157739544e-01 7.020137132832693361e-02
1.569661000916244609e+00 -9.237957415773746794e-02 7.490739209827512735e-02
1.569661000916244609e+00 -9.237957415773746794e-02 7.490739209827512735e-02
1.364502355092124031e+00 -9.022198900297623281e-02 5.423516908954176263e-02
1.306131681973336178e+00 -1.981524055538008422e-01 2.275076161845273823e-02
1.306131681973336178e+00 -1.981524055538008422e-01 2.275076161845273823e-02
1.306131681973336178e+00 -1.981524055538008422e-01 2.275076161845273823e-02
9.886624333253021257e-01 4.763753499618588183e-01 7.708958551081898647e-02
9.886624333253021257e-01 4.763753499618588183e-01 7.708958551081898647e-02
1.303257139612335358e+00 -4.545750911517032478e-02 5.828098700181175845e-02
8.597443228588335096e-01 2.894812757601454845e-01 7.705289931731230946e-02
8.159139251155836936e-01 4.909425194148177574e-01 8.325622520389631964e-02
8.159139251155836936e-01 4.909425194148177574e-01 8.325622520389631964e-02
8.180792528377941464e-01 5.072529374908720801e-01 8.123077661981190078e-02
8.180792528377941464e-01 5.072529374908720801e-01 8.123077661981190078e-02
8.180792528377941464e-01 5.072529374908720801e-01 8.123077661981190078e-02
1.166883068006761448e+00 1.893513046147825563e-01 9.425823321445211955e-02
1.166883068006761448e+00 1.893513046147825563e-01 9.425823321445211955e-02
1.286134308882201482e+00 1.164132251075892938e-01 9.279540944198451380e-02
1.254716641398122556e+00 2.653581988038741235e-01 9.341849397918859654e-02
1.254716641398122556e+00 2.653581988038741235e-01 9.341849397918859654e-02
1.473655617773276028e+00 -2.020444767228277705e-01 3.883667398008872756e-02
1.473655617773276028e+00 -2.020444767228277705e-01 3.883667398008872756e-02
1.774061402197031345e+00 -3.177822084173773098e-01 4.078054944437715934e-02
1.774061402197031345e+00 -3.177822084173773098e-01 4.078054944437715934e-02
2.150012029290957472e+00 -5.409726393909016773e-01 2.320214828109345290e-02
1.925268842834697125e+00 -2.893155714299155412e-01 5.487983994251099951e-02
1.925268842834697125e+00 -2.893155714299155412e-01 5.487983994251099951e-02
1.925268842834697125e+00 -2.893155714299155412e-01 5.487983994251099951e-02
1.811221696144360571e+00 -1.343419972686547836e-01 7.381955755961837340e-02
1.811221696144360571e+00 -1.343419972686547836e-01 7.381955755961837340e-02
1.933797115365938568e+00 6.031571978267055711e-02 4.166368999699359560e-02
1.913170516163554824e+00 -3.207337939122703041e-01 4.896187993052422693e-02
1.913170516163554824e+00 -3.207337939122703041e-01 4.896187993052422693e-02
1.913170516163554824e+00 -3.207337939122703041e-01 4.896187993052422693e-02
1.748241221534535983e+00 -2.962682839656509692e-01 4.339188976001465137e-02
1.728717653931913123e+00 -1.595761672836354672e-01 7.044969048878736706e-02
1.618455350811457860e+00 -3.005812597686209897e-01 3.128530090738207425e-02
1.867413204810362659e+00 -3.373130606033791223e-01 4.328071900853610460e-02
1.867413204810362659e+00 -3.373130606033791223e-01 4.328071900853610460e-02
1.867413204810362659e+00 -3.373130606033791223e-01 4.328071900853610460e-02
1.679654380963010230e+00 -7.479494536664643700e-02 8.100091105919747514e-02
1.825257500391401111e+00 -3.917205409012061712e-01 2.979854079971230169e-02
2.065313344977889543e+00 -4.508355146005901259e-01 3.310626382070382123e-02
2.065313344977889543e+00 -4.508355146005901259e-01 3.310626382070382123e-02
2.065313344977889543e+00 -4.508355146005901259e-01 3.310626382070382123e-02
2.065313344977889543e+00 -4.508355146005901259e-01 3.310626382070382123e-02
2.065313344977889543e+00 -4.508355146005901259e-01 3.310626382070382123e-02
2.180196211535447404e+00 -5.727260768534546687e-01 2.021649803854583607e-02
2.180196211535447404e+00 -5.727260768534546687e-01 2.021649803854583607e-02
2.180196211535447404e+00 -5.727260768534546687e-01 2.021649803854583607e-02
2.705748144683773670e+00 -3.218043387305148384e-01 1.087167432894433489e-02
2.621236318158037371e+00 -2.343450861421287335e-01 1.032184177759661731e-02
2.768611985678660847e+00 -7.156244568723792998e-01 1.397845959859005290e-02
2.624512587109706363e+00 -8.626003420715978587e-01 6.265044587214515723e-03
2.833584121480342333e+00 -8.611425196401016890e-01 7.791740512606888484e-03
