2.489132485845457765e-01 1.481402749648903505e-01 2.060390421247257613e-03
2.384890184840683380e-01 4.620414755163440024e-01 7.667888920644812256e-02
2.384890184840683380e-01 4.620414755163440024e-01 7.667888920644812256e-02
2.384890184840683380e-01 4.620414755163440024e-01 7.667888920644812256e-02
6.060492444847740412e-01 7.161360164651933147e-01 1.245858312866257450e-01
5.192746322337242759e-01 7.928919162581666846e-01 1.093967303071074620e-01
5.192746322337242759e-01 7.928919162581666846e-01 1.093967303071074620e-01
3.175248345250161197e-01 5.027307730549850362e-01 1.187278585596172747e-01
1.103632107916178162e-01 7.974115369435670342e-01 2.068870709157648313e-01
1.103632107916178162e-01 7.974115369435670342e-01 2.068870709157648313e-01
5.386861735564059117e-01 8.910654678061646905e-01 5.322731310739644423e-02
5.386861735564059117e-01 8.910654678061646905e-01 5.322731310739644423e-02
3.861932642147642425e-01 1.065011363708445735e+00 1.988808435608629618e-02
3.861932642147642425e-01 1.065011363708445735e+00 1.988808435608629618e-02
-1.844846221131496433e-02 8.671254829603177727e-01 2.075163690225048374e-01
-7.943800860611624493e-02 3.402515486547997847e-01 5.010897740231418096e-03
-7.943800860611624493e-02 3.402515486547997847e-01 5.010897740231418096e-03
-7.943800860611624493e-02 3.402515486547997847e-01 5.010897740231418096e-03
-2.184249200319464401e-01 4.849731969090503303e-01 1.561284836208844812e-02
-3.297349934023220408e-01 8.964603578725405253e-01 1.918546152115270798e-01
-2.312504742090437659e-03 9.651232239977403093e-01 1.605639264271503108e-01
-1.851430551436277216e-01 1.077011334971964329e+00 1.366048263140290653e-01
5.411949706141075400e-02 7.747899619516183112e-01 2.076100811914821098e-01
5.411949706141075400e-02 7.747899619516183112e-01 2.076100811914821098e-01
5.411949706141075400e-02 7.747899619516183112e-01 2.076100811914821098e-01
1.109849642059805158e-01 8.355593233557554456e-01 1.985462354442556199e-01
1.109849642059805158e-01 8.355593233557554456e-01 1.985462354442556199e-01
-3.870340189688001864e-01 9.930931244526233215e-01 2.001421540051173953e-01
-6.591270025903559482e-01 1.220590138012027204e+00 1.434678651681738082e-01
-6.591270025903559482e-01 1.220590138012027204e+00 1.434678651681738082e-01
-6.591270025903559482e-01 1.220590138012027204e+00 1.434678651681738082e-01
-6.591270025903559482e-01 1.220590138012027204e+00 1.434678651681738082e-01
-6.591270025903559482e-01 1.220590138012027204e+00 1.434678651681738082e-01
-6.591270025903559482e-01 1.220590138012027204e+00 1.434678651681738082e-01
-6.591270025903559482e-01 1.220590138012027204e+00 1.434678651681738082e-01
-7.262811118092461493e-01 1.049347013492969882e+00 1.544694460104673872e-01
-7.405017428897885390e-01 8.769713255923231587e-01 6.631445342926248210e-02
-4.107199910674120824e-01 9.823381826572793463e-01 1.981162652314052697e-01
-4.107199910674120824e-01 9.823381826572793463e-01 1.981162652314052697e-01
-4.107199910674120824e-01 9.823381826572793463e-01 1.981162652314052697e-01
-4.107199910674120824e-01 9.823381826572793463e-01 1.981162652314052697e-01
-5.711186745359912997e-01 1.098841860418658278e+00 1.817256147036660219e-01
-5.711186745359912997e-01 1.098841860418658278e+00 1.817256147036660219e-01
-5.711186745359912997e-01 1.098841860418658278e+00 1.817256147036660219e-01
-5.970293980511481857e-01 1.331770714258279087e+00 7.200836275831459798e-02
-1.043044157727056831e+00 8.536737429801837251e-01 1.276111330084988942e-02
-1.043044157727056831e+00 8.536737429801837251e-01 1.276111330084988942e-02
-1.043044157727056831e+00 8.536737429801837251e-01 1.276111330084988942e-02
-1.043044157727056831e+00 8.536737429801837251e-01 1.276111330084988942e-02
-1.043044157727056831e+00 8.536737429801837251e-01 1.276111330084988942e-02
-1.043044157727056831e+00 8.536737429801837251e-01 1.276111330084988942e-02
-6.782158094469838971e-01 1.057905554480591981e+00 1.678820832329391277e-01
-6.844505415799713166e-01 1.244748954699114618e+00 1.345159116151260492e-01
-6.844505415799713166e-01 1.244748954699114618e+00 1.345159116151260492e-01
-6.844505415799713166e-01 1.244748954699114618e+00 1.345159116151260492e-01
-3.763005700631514294e-01 1.000992119752508458e+00 1.999396221093292236e-01
-3.763005700631514294e-01 1.000992119752508458e+00 1.999396221093292236e-01
-1.375800668557231043e-02 7.475192294156024486e-01 1.917885072007293468e-01
-1.375800668557231043e-02 7.475192294156024486e-01 1.917885072007293468e-01
1.805465663282188049e-01 8.317552462274557801e-01 1.860876744885818501e-01
1.805465663282188049e-01 8.317552462274557801e-01 1.860876744885818501e-01
1.805465663282188049e-01 8.317552462274557801e-01 1.860876744885818501e-01
2.602802916878141914e-01 6.578330998562129661e-01 1.907628464038919891e-01
5.215160679884988104e-01 7.768668283418324050e-01 1.177522291989267361e-01
5.215160679884988104e-01 7.768668283418324050e-01 1.177522291989267361e-01
5.215160679884988104e-01 7.768668283418324050e-01 1.177522291989267361e-01
7.981020134708229907e-01 3.569523330853193177e-01 1.113391677208827035e-01
7.981020134708229907e-01 3.569523330853193177e-01 1.113391677208827035e-01
4.674878617757711741e-01 3.677559844857668514e-01 7.007728012218036873e-02
4.674878617757711741e-01 3.677559844857668514e-01 7.007728012218036873e-02
-3.351398131685434656e-02 8.543390190857891309e-01 2.104776785221392776e-01
8.320205403244923525e-02 5.311945180432542379e-01 8.207363614269823360e-02
8.320205403244923525e-02 5.311945180432542379e-01 8.207363614269823360e-02
2.604237268532127308e-02 5.637621823353144990e-01 8.793228835707873892e-02
-1.675459047125167356e-01 8.354559508747907426e-01 2.002134673462253878e-01
-1.639466188610674002e-01 9.354564866932214562e-01 2.050403542025156234e-01
-5.858107370229960198e-01 1.036303012090445508e+00 1.808111401106244076e-01
-5.858107370229960198e-01 1.036303012090445508e+00 1.808111401106244076e-01
-8.612025829718926717e-01 1.196196386728138439e+00 1.516753928040324717e-01
-8.612025829718926717e-01 1.196196386728138439e+00 1.516753928040324717e-01
-8.612025829718926717e-01 1.196196386728138439e+00 1.516753928040324717e-01
-8.094155898408335048e-01 1.307924637175499782e+00 1.179234243096474039e-01
-4.906671442406710937e-01 9.292212006452471584e-01 1.671749502522937580e-01
-4.016329070993626127e-01 9.985927516873600585e-01 1.991664073370621735e-01
-1.947738257163253162e-01 8.650609401634521411e-01 2.046998300836690710e-01
-1.947738257163253162e-01 8.650609401634521411e-01 2.046998300836690710e-01
-1.484924472299730125e-01 1.037291638611339328e+00 1.532631897842776370e-01
-1.484924472299730125e-01 1.037291638611339328e+00 1.532631897842776370e-01
-1.484924472299730125e-01 1.037291638611339328e+00 1.532631897842776370e-01
2.931752053827570981e-01 9.269976101947909886e-01 9.740361848380874044e-02
4.968827329592866437e-01 9.246677798644389323e-01 4.769455327960109292e-02
4.568123762550555522e-01 5.369444397603467811e-01 1.608004821824464969e-01
4.568123762550555522e-01 5.369444397603467811e-01 1.608004821824464969e-01
8.729046511757795335e-01 3.736163800496760112e-01 1.202859872768107935e-01
1.034127612693545251e+00 1.079767956311797339e-01 3.626157711246721232e-02
1.227379521547041108e+00 4.175117474999595624e-02 3.187983814061014221e-02
1.142182097896906390e+00 2.369195294875381108e-01 8.325049786635424498e-02
5.719573241696728205e-01 5.541152462712466420e-01 1.685839673126662830e-01
1.112211674718132981e+00 3.863756219350958920e-01 1.014914230425099650e-01
6.987775610453066388e-01 5.135444753184356115e-01 1.550042812750692112e-01
