2.489132485845457765e-01 1.481402749648903505e-01 3.536187375713225819e-03
-1.420244972261672789e-01 5.393256861152219139e-01 1.469727775697314553e-02
6.596890030179020092e-02 5.729137480893041756e-01 6.592857757477738057e-02
6.596890030179020092e-02 5.729137480893041756e-01 6.592857757477738057e-02
6.596890030179020092e-02 5.729137480893041756e-01 6.592857757477738057e-02
-3.858838610789752654e-02 6.159138068645939601e-01 5.224679100838627160e-02
-6.776240880241864162e-02 9.617854594977925942e-01 1.177441882223557168e-01
-6.776240880241864162e-02 9.617854594977925942e-01 1.177441882223557168e-01
-6.776240880241864162e-02 9.617854594977925942e-01 1.177441882223557168e-01
-6.776240880241864162e-02 9.617854594977925942e-01 1.177441882223557168e-01
-6.776240880241864162e-02 9.617854594977925942e-01 1.177441882223557168e-01
5.503869495936259959e-01 7.449368291084736970e-01 1.017024364429363892e-01
3.564246780465999409e-01 6.412673201416732027e-01 1.709899560023990517e-01
2.821807633800985093e-01 7.370006756359588351e-01 1.590472656291887499e-01
2.821807633800985093e-01 7.370006756359588351e-01 1.590472656291887499e-01
-1.964462849779752274e-02 7.843235763572092845e-01 1.168230488097243697e-01
-1.964462849779752274e-02 7.843235763572092845e-01 1.168230488097243697e-01
-1.964462849779752274e-02 7.843235763572092845e-01 1.168230488097243697e-01
-1.964462849779752274e-02 7.843235763572092845e-01 1.168230488097243697e-01
-1.964462849779752274e-02 7.843235763572092845e-01 1.168230488097243697e-01
3.177875193251736285e-01 6.599448123402720245e-01 1.672732944933642274e-01
3.177875193251736285e-01 6.599448123402720245e-01 1.672732944933642274e-01
3.132576173176726542e-02 6.522938444339091424e-01 8.707415721335511061e-02
5.725811783406650757e-02 7.970458617519154965e-01 1.368504867112564360e-01
4.086443474125656117e-02 7.793540336922621936e-01 1.309760131808172523e-01
4.086443474125656117e-02 7.793540336922621936e-01 1.309760131808172523e-01
-2.826776211292998664e-02 7.527362378784437924e-01 1.051500819074068227e-01
-2.826776211292998664e-02 7.527362378784437924e-01 1.051500819074068227e-01
-2.826776211292998664e-02 7.527362378784437924e-01 1.051500819074068227e-01
-2.826776211292998664e-02 7.527362378784437924e-01 1.051500819074068227e-01
-2.826776211292998664e-02 7.527362378784437924e-01 1.051500819074068227e-01
-2.826776211292998664e-02 7.527362378784437924e-01 1.051500819074068227e-01
-1.590779872029823849e-02 7.408329103417494732e-01 1.050098597836112979e-01
1.399694504968483910e-01 8.461010339336301200e-01 1.394562725160572725e-01
5.976572414704671710e-01 4.869765377990573074e-01 1.880099232996339798e-01
5.976572414704671710e-01 4.869765377990573074e-01 1.880099232996339798e-01
6.042911577245781984e-01 3.752052578680752370e-01 1.608584015087029806e-01
6.042911577245781984e-01 3.752052578680752370e-01 1.608584015087029806e-01
1.205656107729397242e+00 6.024230105172007077e-02 1.700126044195502950e-01
1.279323318601349957e+00 -1.835889950771749102e-02 1.543068127447216609e-01
1.322983519505076977e+00 -5.513787989472375417e-02 1.471165226505659063e-01
1.322983519505076977e+00 -5.513787989472375417e-02 1.471165226505659063e-01
1.448926532684945201e+00 -2.257029646490623653e-01 9.690473844694415251e-02
1.448926532684945201e+00 -2.257029646490623653e-01 9.690473844694415251e-02
1.448926532684945201e+00 -2.257029646490623653e-01 9.690473844694415251e-02
1.448926532684945201e+00 -2.257029646490623653e-01 9.690473844694415251e-02
1.448926532684945201e+00 -2.257029646490623653e-01 9.690473844694415251e-02
1.954018785741290731e+00 -5.053339472586082515e-01 6.615985477348278188e-02
2.124426003388644180e+00 -4.665517824731296170e-01 7.134426607043910240e-02
2.124426003388644180e+00 -4.665517824731296170e-01 7.134426607043910240e-02
2.124426003388644180e+00 -4.665517824731296170e-01 7.134426607043910240e-02
1.893299542636800892e+00 3.332524637209233198e-03 3.102527917298738766e-02
1.893299542636800892e+00 3.332524637209233198e-03 3.102527917298738766e-02
1.815056597362471935e+00 -8.435663380744502782e-02 7.549566745532430845e-02
1.815056597362471935e+00 -8.435663380744502782e-02 7.549566745532430845e-02
1.474644397997696199e+00 -3.486803186906985846e-02 1.501975027811664476e-01
1.474644397997696199e+00 -3.486803186906985846e-02 1.501975027811664476e-01
1.590855254710516586e+00 -8.446755883540116305e-02 1.346678905693426409e-01
1.606130703995232611e+00 2.665820611596798895e-02 1.006558870374425624e-01
1.606130703995232611e+00 2.665820611596798895e-02 1.006558870374425624e-01
1.548504094735804859e+00 -2.387630107960349024e-01 1.093768909704543185e-01
1.491745531702587391e+00 -3.344109988464535888e-01 5.854618813528826571e-02
1.599193424298220867e+00 1.247060056772869574e-01 6.394819498357803833e-02
1.599193424298220867e+00 1.247060056772869574e-01 6.394819498357803833e-02
1.599193424298220867e+00 1.247060056772869574e-01 6.394819498357803833e-02
1.599193424298220867e+00 1.247060056772869574e-01 6.394819498357803833e-02
1.143169020551928705e+00 3.310335828200405839e-01 1.259144970226651339e-01
1.143169020551928705e+00 3.310335828200405839e-01 1.259144970226651339e-01
1.143169020551928705e+00 3.310335828200405839e-01 1.259144970226651339e-01
1.143169020551928705e+00 3.310335828200405839e-01 1.259144970226651339e-01
6.103624911909961703e-01 5.248525186038174306e-01 1.851796117017424914e-01
6.103624911909961703e-01 5.248525186038174306e-01 1.851796117017424914e-01
4.364104670889704662e-01 3.707020031718953890e-01 9.765819479439577511e-02
6.090300803551650377e-01 3.295449842120719564e-01 1.399051271800791363e-01
2.282258475351759963e-01 9.197649624842367810e-01 9.783924714214292662e-02
2.282258475351759963e-01 9.197649624842367810e-01 9.783924714214292662e-02
-1.880805312291943809e-01 9.332869033589501484e-01 1.049819091472644628e-01
-3.240584841142690742e-01 6.803641306797789667e-01 1.553046714888908775e-02
-1.289479467984512850e-01 3.828285443719497416e-01 2.598548333223566799e-03
-1.289479467984512850e-01 3.828285443719497416e-01 2.598548333223566799e-03
2.846483260455778819e-04 3.028626349284204711e-01 2.953773451266366971e-03
2.102053736134092687e-01 6.872654717788824197e-01 1.523818522493694261e-01
5.620195058596894055e-01 5.946290618385621229e-01 1.725483289668407194e-01
5.620195058596894055e-01 5.946290618385621229e-01 1.725483289668407194e-01
6.655251423085408735e-01 8.620660747591724071e-01 2.459823401490043859e-02
5.151295510237285935e-01 8.371532623255618644e-01 6.463616671288674453e-02
5.151295510237285935e-01 8.371532623255618644e-01 6.463616671288674453e-02
-1.876152890125992734e-02 1.111534511101931688e+00 6.463321135925521876e-02
-1.876152890125992734e-02 1.111534511101931688e+00 6.463321135925521876e-02
1.531009748886903998e-01 6.820603111813841046e-01 1.370410042133708983e-01
1.531009748886903998e-01 6.820603111813841046e-01 1.370410042133708983e-01
1.531009748886903998e-01 6.820603111813841046e-01 1.370410042133708983e-01
1.531009748886903998e-01 6.820603111813841046e-01 1.370410042133708983e-01
-4.472043233363742765e-02 7.137763420653300273e-01 8.639052403760182075e-02
1.515958514169691018e-01 8.726116101092404875e-01 1.309976403799532896e-01
4.171603776981526179e-01 5.729081328614444857e-01 1.741282026408095818e-01
3.389413860914438636e-01 5.406870523930839001e-01 1.453679207786854055e-01
2.572554988379948671e-01 7.728363870063663654e-01 1.519797340030545063e-01
2.572554988379948671e-01 7.728363870063663654e-01 1.519797340030545063e-01
1.687131004854965088e-01 8.416627556941451704e-01 1.390651011932809156e-01
