2.489132485845457765e-01 1.481402749648903505e-01 1.367175655590222071e-03
6.751358476482383075e-01 4.726165382161236217e-02 5.050753787507239814e-03
5.812006039249503209e-01 -9.866498125961455090e-02 3.970814693583762500e-04
5.812006039249503209e-01 -9.866498125961455090e-02 3.970814693583762500e-04
5.812006039249503209e-01 -9.866498125961455090e-02 3.970814693583762500e-04
3.712300254347626893e-01 8.993125201565078941e-02 1.404304503941392187e-03
6.928031956915463585e-01 5.092709342799318639e-01 8.404092421404374402e-02
6.928031956915463585e-01 5.092709342799318639e-01 8.404092421404374402e-02
4.530878949651004350e-01 4.580854330845745004e-01 5.403355392971053578e-02
1.735527330911112442e-01 7.768741625289746766e-01 7.708785810098016389e-02
4.574276148630491701e-01 6.842045823273497085e-01 8.248375020313584993e-02
4.574276148630491701e-01 6.842045823273497085e-01 8.248375020313584993e-02
3.414303714186517347e-02 6.559134933572898785e-01 4.721662303742857336e-02
3.414303714186517347e-02 6.559134933572898785e-01 4.721662303742857336e-02
7.746515619077690706e-01 7.606817585781643354e-01 4.056303364428555380e-02
4.055279769791039768e-01 9.598784440100246451e-01 3.393931127884342730e-02
4.768531446360481652e-01 9.868674380053523709e-01 2.252593200479285560e-02
4.768531446360481652e-01 9.868674380053523709e-01 2.252593200479285560e-02
4.768531446360481652e-01 9.868674380053523709e-01 2.252593200479285560e-02
4.768531446360481652e-01 9.868674380053523709e-01 2.252593200479285560e-02
4.888093291714947219e-01 5.182690383158121694e-01 7.135959520986179250e-02
4.888093291714947219e-01 5.182690383158121694e-01 7.135959520986179250e-02
1.365691884638434717e+00 4.870352511512968663e-01 3.349738981377795022e-02
1.365691884638434717e+00 4.870352511512968663e-01 3.349738981377795022e-02
1.296623768943327981e+00 4.167233688471124742e-01 5.611724076206617978e-02
1.370112984814802815e+00 8.197590374730223672e-02 5.775598369926589898e-02
1.370112984814802815e+00 8.197590374730223672e-02 5.775598369926589898e-02
1.279362192250779628e+00 3.902209009510213544e-01 6.310015522446228708e-02
1.053684188087550044e+00 2.835505335221349954e-01 7.436263266678316830e-02
8.371112643133957754e-01 7.137997806979170523e-01 4.444706407737147869e-02
9.794837775950833159e-01 6.622520480467712911e-01 3.987857987364410578e-02
1.473329380375232756e+00 3.345215944931217433e-01 5.114958294513445580e-02
1.473329380375232756e+00 3.345215944931217433e-01 5.114958294513445580e-02
1.473329380375232756e+00 3.345215944931217433e-01 5.114958294513445580e-02
1.580474702325970426e+00 1.441223357160398844e-01 6.361450713207454644e-02
1.710600841790851590e+00 7.088014797177245863e-02 5.837899460987507755e-02
2.217026709090887060e+00 -8.219828682762496397e-02 3.317727727792259274e-02
2.217026709090887060e+00 -8.219828682762496397e-02 3.317727727792259274e-02
2.526372793564775510e+00 -1.471996117624391198e-01 1.785157524663670559e-02
2.383838925820087606e+00 -1.051299527922919808e-01 2.346204852771789640e-02
2.491129774049786416e+00 -5.787435094326277563e-01 1.150511763068377824e-02
2.824816977480237856e+00 -9.421265590192329231e-01 1.273356235420030052e-03
2.824816977480237856e+00 -9.421265590192329231e-01 1.273356235420030052e-03
3.131640251899611371e+00 -1.043096033217580709e+00 1.196902224480508089e-03
3.801867498579635463e+00 -1.024384639555848020e+00 2.297983711519362062e-03
3.588247689610853719e+00 -1.029402867863643101e+00 2.547934468509379258e-03
3.588247689610853719e+00 -1.029402867863643101e+00 2.547934468509379258e-03
3.354421219016879618e+00 -5.758340558892620642e-01 5.300196811575855205e-03
3.354421219016879618e+00 -5.758340558892620642e-01 5.300196811575855205e-03
3.354421219016879618e+00 -5.758340558892620642e-01 5.300196811575855205e-03
3.353752803160431117e+00 -5.767292269903012691e-01 5.326667146665843740e-03
3.353752803160431117e+00 -5.767292269903012691e-01 5.326667146665843740e-03
3.353752803160431117e+00 -5.767292269903012691e-01 5.326667146665843740e-03
3.353752803160431117e+00 -5.767292269903012691e-01 5.326667146665843740e-03
3.227492669209815368e+00 -4.871817391704722500e-01 6.104199094978022232e-03
3.227492669209815368e+00 -4.871817391704722500e-01 6.104199094978022232e-03
3.281463975865575478e+00 -5.099037003774135046e-01 5.466712876755371736e-03
3.001659019208319457e+00 -4.097082390381300843e-01 1.000568268688992526e-02
2.654798816125432559e+00 -3.947629071711888926e-01 2.106797736828064024e-02
2.654798816125432559e+00 -3.947629071711888926e-01 2.106797736828064024e-02
2.520006894698110678e+00 -1.479134345656316074e-01 1.826385381414541084e-02
2.597246536297361352e+00 -5.002257326813716043e-01 1.814130546761891574e-02
2.597246536297361352e+00 -5.002257326813716043e-01 1.814130546761891574e-02
2.370417187087893396e+00 -2.329876396598527521e-01 3.059981146963818358e-02
2.370417187087893396e+00 -2.329876396598527521e-01 3.059981146963818358e-02
2.439834421316701363e+00 -2.877797600544313994e-01 2.814759832040005655e-02
2.439834421316701363e+00 -2.877797600544313994e-01 2.814759832040005655e-02
2.439834421316701363e+00 -2.877797600544313994e-01 2.814759832040005655e-02
2.439834421316701363e+00 -2.877797600544313994e-01 2.814759832040005655e-02
2.496981743401964771e+00 -1.724167916634378739e-01 2.125874511163557828e-02
2.558674315291594503e+00 -2.012810254124226261e-01 1.957198782076381705e-02
2.558674315291594503e+00 -2.012810254124226261e-01 1.957198782076381705e-02
2.386484916135592993e+00 -8.107538789504427357e-02 2.133037375003147412e-02
1.953018608942056922e+00 4.643487379907663970e-02 4.291136427087528793e-02
1.568248847867056428e+00 -3.262109500955601149e-01 6.374487485036999142e-03
1.433394387152686411e+00 4.590394240896171763e-01 3.161393165817657364e-02
1.433394387152686411e+00 4.590394240896171763e-01 3.161393165817657364e-02
1.587431359741072745e+00 1.768669146542350412e-01 6.138888431990736222e-02
1.587431359741072745e+00 1.768669146542350412e-01 6.138888431990736222e-02
1.587431359741072745e+00 1.768669146542350412e-01 6.138888431990736222e-02
1.718453248290412239e+00 -6.027941882492010572e-02 4.965432035543062422e-02
1.718453248290412239e+00 -6.027941882492010572e-02 4.965432035543062422e-02
1.100649066610398075e+00 1.306313545181959634e-01 4.687519107326127560e-02
1.100649066610398075e+00 1.306313545181959634e-01 4.687519107326127560e-02
1.163293818212097319e+00 3.135325961574416676e-01 7.844621397117110262e-02
1.163293818212097319e+00 3.135325961574416676e-01 7.844621397117110262e-02
1.163293818212097319e+00 3.135325961574416676e-01 7.844621397117110262e-02
1.121508508806819515e+00 5.090889110247316385e-01 5.780895755782042983e-02
7.495954017249032431e-01 5.134644770980214545e-01 8.494983372106897079e-02
6.084874437216838405e-01 5.681150081482648773e-01 8.466347744339305925e-02
6.084874437216838405e-01 5.681150081482648773e-01 8.466347744339305925e-02
6.084874437216838405e-01 5.681150081482648773e-01 8.466347744339305925e-02
6.084874437216838405e-01 5.681150081482648773e-01 8.466347744339305925e-02
6.084874437216838405e-01 5.681150081482648773e-01 8.466347744339305925e-02
7.004226296526923079e-01 6.575881185983173394e-01 7.260380210159690650e-02
7.004226296526923079e-01 6.575881185983173394e-01 7.260380210159690650e-02
8.990150159885893499e-01 4.740696385255837031e-01 8.294962193476308754e-02
8.990150159885893499e-01 4.740696385255837031e-01 8.294962193476308754e-02
8.990150159885893499e-01 4.740696385255837031e-01 8.294962193476308754e-02
8.990150159885893499e-01 4.740696385255837031e-01 8.294962193476308754e-02
