2.489132485845457765e-01 1.481402749648903505e-01 3.183919225361672798e-03
5.382347469133147433e-01 1.951899424808921646e-01 4.226978804906052212e-02
9.172979046742681941e-01 2.542005486210867082e-01 1.489533340920985161e-01
1.244567882279336901e+00 1.236074248228486716e-01 1.336334682110264238e-01
1.244567882279336901e+00 1.236074248228486716e-01 1.336334682110264238e-01
1.328053840454836765e+00 -1.352368118604855562e-01 1.208344322979593988e-01
1.308119446832892718e+00 2.022792881565108336e-01 8.790151249738367700e-02
1.402605749303638571e+00 -4.283949701086378625e-02 1.348390868374909068e-01
1.402605749303638571e+00 -4.283949701086378625e-02 1.348390868374909068e-01
1.402605749303638571e+00 -4.283949701086378625e-02 1.348390868374909068e-01
1.402605749303638571e+00 -4.283949701086378625e-02 1.348390868374909068e-01
1.417802559111568828e+00 -4.019014912058296307e-01 4.185954014819896762e-02
1.417802559111568828e+00 -4.019014912058296307e-01 4.185954014819896762e-02
1.417802559111568828e+00 -4.019014912058296307e-01 4.185954014819896762e-02
1.417802559111568828e+00 -4.019014912058296307e-01 4.185954014819896762e-02
1.417802559111568828e+00 -4.019014912058296307e-01 4.185954014819896762e-02
1.417802559111568828e+00 -4.019014912058296307e-01 4.185954014819896762e-02
1.417802559111568828e+00 -4.019014912058296307e-01 4.185954014819896762e-02
1.417802559111568828e+00 -4.019014912058296307e-01 4.185954014819896762e-02
1.417802559111568828e+00 -4.019014912058296307e-01 4.185954014819896762e-02
1.417802559111568828e+00 -4.019014912058296307e-01 4.185954014819896762e-02
1.243868743421331136e+00 -3.231440725892740229e-01 3.390583388217885408e-02
1.424103650723132608e+00 -3.199308798140265697e-02 1.304535134162414789e-01
1.424103650723132608e+00 -3.199308798140265697e-02 1.304535134162414789e-01
1.424103650723132608e+00 -3.199308798140265697e-02 1.304535134162414789e-01
1.336549181237173478e+00 -1.920983958380576562e-01 1.023041424138093347e-01
1.336549181237173478e+00 -1.920983958380576562e-01 1.023041424138093347e-01
1.462124806238660035e+00 -3.902732282734964198e-01 5.389955654046024031e-02
1.462124806238660035e+00 -3.902732282734964198e-01 5.389955654046024031e-02
1.570516401213490676e+00 6.915682250959398480e-03 8.235846817191037894e-02
1.719413507102130811e+00 -6.844961801905358190e-02 6.495324524971994584e-02
1.719413507102130811e+00 -6.844961801905358190e-02 6.495324524971994584e-02
1.719413507102130811e+00 -6.844961801905358190e-02 6.495324524971994584e-02
1.719413507102130811e+00 -6.844961801905358190e-02 6.495324524971994584e-02
1.719413507102130811e+00 -6.844961801905358190e-02 6.495324524971994584e-02
1.474705181561759781e+00 -1.669016307852095593e-01 1.265238597632222239e-01
1.474705181561759781e+00 -1.669016307852095593e-01 1.265238597632222239e-01
1.474705181561759781e+00 -1.669016307852095593e-01 1.265238597632222239e-01
1.195563754200246409e+00 -1.287839387767372723e-02 1.362222459149525222e-01
1.195563754200246409e+00 -1.287839387767372723e-02 1.362222459149525222e-01
1.659250814922622608e+00 -5.858260103028295473e-01 2.966567758157535525e-02
1.597144305609302650e+00 -3.453002310980269329e-01 9.357556209183034990e-02
1.597144305609302650e+00 -3.453002310980269329e-01 9.357556209183034990e-02
1.597144305609302650e+00 -3.453002310980269329e-01 9.357556209183034990e-02
1.597144305609302650e+00 -3.453002310980269329e-01 9.357556209183034990e-02
1.597144305609302650e+00 -3.453002310980269329e-01 9.357556209183034990e-02
1.489431105815755441e+00 4.804100506294872730e-05 1.080022048989281447e-01
1.518463955213851690e+00 -5.516144990103509782e-01 2.008410692486135157e-02
1.518463955213851690e+00 -5.516144990103509782e-01 2.008410692486135157e-02
1.518463955213851690e+00 -5.516144990103509782e-01 2.008410692486135157e-02
1.518463955213851690e+00 -5.516144990103509782e-01 2.008410692486135157e-02
1.518463955213851690e+00 -5.516144990103509782e-01 2.008410692486135157e-02
1.780922244994963544e+00 -4.191496051936996481e-01 9.005808889181204924e-02
1.780922244994963544e+00 -4.191496051936996481e-01 9.005808889181204924e-02
1.805410773791475743e+00 -2.548406421721262083e-01 9.058644784540295647e-02
1.805410773791475743e+00 -2.548406421721262083e-01 9.058644784540295647e-02
1.783803595588522084e+00 -3.424641728162186594e-01 9.958016848908717022e-02
1.819649812705060876e+00 -2.182866920210417838e-01 8.001668580525733709e-02
1.819649812705060876e+00 -2.182866920210417838e-01 8.001668580525733709e-02
1.750979087689220837e+00 -3.923309142599510912e-01 9.427616613097013210e-02
1.750979087689220837e+00 -3.923309142599510912e-01 9.427616613097013210e-02
1.750979087689220837e+00 -3.923309142599510912e-01 9.427616613097013210e-02
1.750979087689220837e+00 -3.923309142599510912e-01 9.427616613097013210e-02
1.750979087689220837e+00 -3.923309142599510912e-01 9.427616613097013210e-02
1.751910214797478549e+00 -2.476610364349982052e-01 1.001401542889142487e-01
1.652570891726104385e+00 -2.584588941636424830e-01 1.130309770126403102e-01
1.699130322339579946e+00 -1.794082636045288559e-01 1.001912886480295223e-01
1.293135359314554478e+00 -1.502300502914891978e-01 1.090871655140498719e-01
1.144540737491822835e+00 -2.619903553930691409e-02 1.229524914080473846e-01
1.112143236124250478e+00 2.346079725615347056e-01 1.309475617543825743e-01
9.694827835067499899e-01 8.046405751214988356e-02 1.201378381042307181e-01
9.694827835067499899e-01 8.046405751214988356e-02 1.201378381042307181e-01
1.067860614658449725e+00 2.614264664888349965e-01 1.323525653287555282e-01
1.067860614658449725e+00 2.614264664888349965e-01 1.323525653287555282e-01
1.067860614658449725e+00 2.614264664888349965e-01 1.323525653287555282e-01
5.562110367039841963e-01 3.942755581284990707e-01 1.142442855480685221e-01
3.460649535104425301e-01 7.577624200704289326e-01 9.234368519056028457e-02
3.460649535104425301e-01 7.577624200704289326e-01 9.234368519056028457e-02
3.460649535104425301e-01 7.577624200704289326e-01 9.234368519056028457e-02
3.460649535104425301e-01 7.577624200704289326e-01 9.234368519056028457e-02
5.929604856314314443e-01 2.388821635985814984e-01 7.152540607635367309e-02
5.929604856314314443e-01 2.388821635985814984e-01 7.152540607635367309e-02
3.278714109339285754e-01 3.875639545178014012e-01 4.948272834983206969e-02
9.247931416970665008e-01 -9.016254694263009517e-02 4.068407163230303158e-02
9.247931416970665008e-01 -9.016254694263009517e-02 4.068407163230303158e-02
9.247931416970665008e-01 -9.016254694263009517e-02 4.068407163230303158e-02
9.570902367417577494e-01 -1.660042494472471208e-01 2.614575626152431179e-02
9.570902367417577494e-01 -1.660042494472471208e-01 2.614575626152431179e-02
9.813358566184490206e-01 9.731530303034302554e-02 1.290772752388907318e-01
1.023864256577076581e+00 9.741907944068989300e-02 1.378922783015837650e-01
6.040487912490402067e-01 1.993813293296558542e-01 6.020797655468788923e-02
8.469362148010082247e-01 6.534830867549652478e-01 3.733966890687789864e-02
8.469362148010082247e-01 6.534830867549652478e-01 3.733966890687789864e-02
8.469362148010082247e-01 6.534830867549652478e-01 3.733966890687789864e-02
1.061895187352567271e+00 6.971669654021650508e-01 5.968541200161088175e-03
1.374693715570222796e+00 3.781496054280549246e-01 1.792646436582432529e-02
1.115332147106859573e+00 1.532176767190229771e-02 1.309483693976302432e-01
1.139370997061419200e+00 -1.252816171213036733e-01 8.119581205497264365e-02
1.152427734652982982e+00 -2.208755866487799313e-02 1.260588605441470555e-01
9.604635838448130070e-01 1.642319111971809742e-01 1.432523352471716527e-01
