2.489132485845457765e-01 1.481402749648903505e-01 1.545830020832962299e-03
2.489132485845457765e-01 1.481402749648903505e-01 1.545830020832962299e-03
3.750683688312982933e-01 4.216283406610608631e-01 3.289657922415140795e-02
3.750683688312982933e-01 4.216283406610608631e-01 3.289657922415140795e-02
4.082514120527747092e-01 1.617589168192422600e-01 5.595127478277973736e-03
4.082514120527747092e-01 1.617589168192422600e-01 5.595127478277973736e-03
2.723811280006059321e-01 5.903430860154055271e-01 4.393130922633075447e-02
5.827937619999112862e-01 7.786152233332510608e-01 4.239180213404465658e-02
3.995079275795574425e-01 3.922416685754902543e-01 3.116829572306279231e-02
4.260327312474105899e-01 8.129467114822456209e-01 4.404893439912839492e-02
4.260327312474105899e-01 8.129467114822456209e-01 4.404893439912839492e-02
4.260327312474105899e-01 8.129467114822456209e-01 4.404893439912839492e-02
4.260327312474105899e-01 8.129467114822456209e-01 4.404893439912839492e-02
6.786479728041053816e-01 7.383351617913939124e-01 4.393280876516329758e-02
6.786479728041053816e-01 7.383351617913939124e-01 4.393280876516329758e-02
8.146948860253153679e-01 6.454170126232332549e-01 5.369401232050838996e-02
5.539833144473165216e-01 5.050477119689698036e-01 6.953087004510154212e-02
5.539833144473165216e-01 5.050477119689698036e-01 6.953087004510154212e-02
7.240987716166153998e-01 4.892051539631847579e-01 8.333896659771872217e-02
7.240987716166153998e-01 4.892051539631847579e-01 8.333896659771872217e-02
7.240987716166153998e-01 4.892051539631847579e-01 8.333896659771872217e-02
4.947895654569484103e-01 3.472260082308521456e-01 3.573270528255413636e-02
7.854682503175112185e-01 6.104830352805368232e-01 6.467437367047661201e-02
7.854682503175112185e-01 6.104830352805368232e-01 6.467437367047661201e-02
4.219024562153748659e-01 8.169889638804357368e-01 4.351448430409559504e-02
4.393066439668192880e-01 6.328642013370068264e-01 6.349933381838913926e-02
4.412025580136502700e-01 6.316964769456808737e-01 6.364334688571146592e-02
4.412025580136502700e-01 6.316964769456808737e-01 6.364334688571146592e-02
4.412025580136502700e-01 6.316964769456808737e-01 6.364334688571146592e-02
6.201249201933491939e-01 6.831293715250660314e-01 5.966182260659583236e-02
6.833978140531414835e-01 4.253889632569328172e-01 7.691882481884068645e-02
6.833978140531414835e-01 4.253889632569328172e-01 7.691882481884068645e-02
6.833978140531414835e-01 4.253889632569328172e-01 7.691882481884068645e-02
3.532359639831545439e-01 3.940757126905541918e-02 9.027287870643375262e-04
3.532359639831545439e-01 3.940757126905541918e-02 9.027287870643375262e-04
5.299576505026724060e-01 -1.634254438105590679e-01 2.283367020884796835e-04
5.299576505026724060e-01 -1.634254438105590679e-01 2.283367020884796835e-04
8.371174021694387513e-01 -3.269947067154592713e-01 2.804352601518802840e-04
7.700404125749055195e-01 -3.532929753651815052e-01 9.939581327217914019e-05
1.205956139688469264e+00 -3.912100001385177550e-01 1.948859132156676279e-03
1.205956139688469264e+00 -3.912100001385177550e-01 1.948859132156676279e-03
1.289568577932449944e+00 -1.910193661473729154e-01 2.390948332677624716e-02
1.289568577932449944e+00 -1.910193661473729154e-01 2.390948332677624716e-02
1.289568577932449944e+00 -1.910193661473729154e-01 2.390948332677624716e-02
1.573901305039314025e+00 1.026312367828677297e-02 9.001894862648621154e-02
1.244504510413461329e+00 3.938858379257105247e-01 6.771235552532872681e-02
1.244504510413461329e+00 3.938858379257105247e-01 6.771235552532872681e-02
1.244504510413461329e+00 3.938858379257105247e-01 6.771235552532872681e-02
1.259972093903208190e+00 3.730710724002585521e-01 7.108826674898241493e-02
1.566639112749196983e+00 -1.019968521458950450e-01 7.501695050751851224e-02
1.566639112749196983e+00 -1.019968521458950450e-01 7.501695050751851224e-02
1.566639112749196983e+00 -1.019968521458950450e-01 7.501695050751851224e-02
1.327673056236578830e+00 2.912586458047015658e-01 8.206761334815480813e-02
1.327673056236578830e+00 2.912586458047015658e-01 8.206761334815480813e-02
1.327673056236578830e+00 2.912586458047015658e-01 8.206761334815480813e-02
1.206632998244555388e+00 4.135021377130027043e-01 6.783749242420084036e-02
1.115156271885783701e+00 5.206680922681975465e-01 5.113176387556887109e-02
7.761125689631043212e-01 6.294934389040796052e-01 6.101968743135484374e-02
1.393895270533227926e+00 3.241881079323894466e-01 6.373778545538914819e-02
1.047941585081413995e+00 2.927395222868989233e-01 9.791105884340398080e-02
1.295896741808946206e+00 7.443210854682094646e-02 8.955084875360101726e-02
1.295896741808946206e+00 7.443210854682094646e-02 8.955084875360101726e-02
1.295896741808946206e+00 7.443210854682094646e-02 8.955084875360101726e-02
1.295896741808946206e+00 7.443210854682094646e-02 8.955084875360101726e-02
1.683867120907323711e+00 -9.288306839171348028e-02 8.064115523367103300e-02
1.683867120907323711e+00 -9.288306839171348028e-02 8.064115523367103300e-02
2.026139003707736030e+00 -6.493732834436095891e-02 4.841080507018027251e-02
1.985720466470669132e+00 1.376588787120013313e-01 2.087479926343269870e-02
2.058857075165247519e+00 2.812917971833468478e-01 3.900213394236952576e-03
2.058857075165247519e+00 2.812917971833468478e-01 3.900213394236952576e-03
2.058857075165247519e+00 2.812917971833468478e-01 3.900213394236952576e-03
1.814144739104264659e+00 5.825814024222461529e-02 5.868711259595810886e-02
1.558126218376230998e+00 -8.502649830615935378e-02 7.794379477352099406e-02
1.558126218376230998e+00 -8.502649830615935378e-02 7.794379477352099406e-02
1.426907817298998182e+00 -7.319560074245659576e-02 6.893641503716378682e-02
1.072511602715346068e+00 3.547075208061861717e-01 9.453697964621061989e-02
1.079188131065671463e+00 -1.188456245321578564e-01 1.740781271842389497e-02
1.512109020187326403e+00 -3.225874403570535565e-01 1.989944870830329463e-02
1.553678858988081002e+00 -2.117308290956665118e-01 4.714876910723187625e-02
1.885696365443939593e+00 -1.729760114918319491e-01 6.939746171554611598e-02
2.145250238268917808e+00 -1.921450059152201295e-01 4.797668843521278592e-02
1.748298267623270563e+00 2.548174329810567462e-01 2.782720262636793895e-02
2.265133978604012555e+00 2.089158483097176555e-01 1.949986931879228421e-03
2.265133978604012555e+00 2.089158483097176555e-01 1.949986931879228421e-03
2.164551316917404655e+00 2.817948850466988620e-01 1.801390268620814764e-03
2.117832041267512899e+00 3.848850466209767784e-01 7.136074988729244157e-04
2.117832041267512899e+00 3.848850466209767784e-01 7.136074988729244157e-04
2.142692422880917658e+00 1.729449793535264013e-01 6.605894089498577128e-03
1.913957795381741267e+00 1.825566318971660884e-02 5.093841267874318901e-02
1.871392881383541873e+00 4.098798323484474648e-02 5.317478955083992237e-02
1.871392881383541873e+00 4.098798323484474648e-02 5.317478955083992237e-02
1.871392881383541873e+00 4.098798323484474648e-02 5.317478955083992237e-02
1.871392881383541873e+00 4.098798323484474648e-02 5.317478955083992237e-02
1.872559389346544201e+00 -2.791734218137532086e-01 5.615369891290443449e-02
2.192860229761305124e+00 -3.568836971339530706e-01 4.586770912736961442e-02
2.192860229761305124e+00 -3.568836971339530706e-01 4.586770912736961442e-02
2.345312270636984664e+00 -4.067235242236898474e-01 3.688546514380385694e-02
2.345312270636984664e+00 -4.067235242236898474e-01 3.688546514380385694e-02
2.229954737395735798e+00 -1.152085858795803830e-01 2.966661359676856999e-02
1.649373869859378949e+00 2.575323012868885320e-01 4.052217809618129107e-02
