2.489132485845457765e-01 1.481402749648903505e-01 1.277595105285082161e-02
1.857204836385387137e-01 3.522644182097574017e-01 3.184513013080737115e-02
4.327726548642742976e-01 5.147197635752347455e-01 2.652568595063885537e-01
4.327726548642742976e-01 5.147197635752347455e-01 2.652568595063885537e-01
4.327726548642742976e-01 5.147197635752347455e-01 2.652568595063885537e-01
6.072191446051563579e-01 6.126999495884790647e-01 1.411799509013605403e-01
5.908488517247499905e-01 3.277101102835808799e-01 4.079296187723890355e-01
5.908488517247499905e-01 3.277101102835808799e-01 4.079296187723890355e-01
5.908488517247499905e-01 3.277101102835808799e-01 4.079296187723890355e-01
5.908488517247499905e-01 3.277101102835808799e-01 4.079296187723890355e-01
5.908488517247499905e-01 3.277101102835808799e-01 4.079296187723890355e-01
6.213783490042241731e-01 5.114965096662462685e-01 2.420280900927065382e-01
6.213783490042241731e-01 5.114965096662462685e-01 2.420280900927065382e-01
4.838586185910198068e-01 3.663212252625505649e-01 3.166030585513830431e-01
4.838586185910198068e-01 3.663212252625505649e-01 3.166030585513830431e-01
9.297587470534873777e-01 -1.502796298142470843e-01 3.869367064389516164e-01
9.297587470534873777e-01 -1.502796298142470843e-01 3.869367064389516164e-01
9.297587470534873777e-01 -1.502796298142470843e-01 3.869367064389516164e-01
9.355315692142622819e-01 -2.649670753909972309e-01 2.459478167055874076e-01
7.885265259442034713e-01 -1.001423972495453230e-01 3.002247542584077222e-01
7.885265259442034713e-01 -1.001423972495453230e-01 3.002247542584077222e-01
7.885265259442034713e-01 -1.001423972495453230e-01 3.002247542584077222e-01
6.359477366135373178e-01 2.536706212401790284e-02 2.445560234626131257e-01
6.332159145439448800e-01 2.210946636114413943e-01 4.311816717073543304e-01
8.515897895767665648e-01 6.821059761598222138e-02 5.000720682276820206e-01
8.515897895767665648e-01 6.821059761598222138e-02 5.000720682276820206e-01
6.428292268296178502e-01 1.889714257397376307e-01 4.254921323007530565e-01
8.311079110490637856e-01 4.351590036199508016e-01 1.355318326030214848e-01
8.929868902552240417e-01 1.035273300471726832e-01 4.589568468451143968e-01
8.929868902552240417e-01 1.035273300471726832e-01 4.589568468451143968e-01
8.929868902552240417e-01 1.035273300471726832e-01 4.589568468451143968e-01
8.929868902552240417e-01 1.035273300471726832e-01 4.589568468451143968e-01
1.041051999817361517e+00 9.666041134973851756e-02 2.558798552772233448e-01
1.356514580118098001e+00 -2.321769393979836726e-01 1.082241833755399757e-01
1.356514580118098001e+00 -2.321769393979836726e-01 1.082241833755399757e-01
1.356514580118098001e+00 -2.321769393979836726e-01 1.082241833755399757e-01
1.356514580118098001e+00 -2.321769393979836726e-01 1.082241833755399757e-01
1.147718026817306836e+00 -2.955218047469623244e-01 2.947055699363125836e-01
1.278886524994156115e+00 -3.511031401382905814e-01 2.047783930978969713e-01
1.278886524994156115e+00 -3.511031401382905814e-01 2.047783930978969713e-01
1.278886524994156115e+00 -3.511031401382905814e-01 2.047783930978969713e-01
1.516169917299173608e+00 -3.241560248259742205e-01 3.747057656686416521e-02
1.516169917299173608e+00 -3.241560248259742205e-01 3.747057656686416521e-02
1.185325288778739772e+00 -2.619876420494845481e-01 2.833400299571260383e-01
9.741505614546842606e-01 -3.484378126892336835e-01 1.788626687873698939e-01
9.272105517251877371e-01 5.096359929523042176e-02 4.601765175232122584e-01
9.272105517251877371e-01 5.096359929523042176e-02 4.601765175232122584e-01
8.930292529631941312e-01 2.306975685639990337e-01 3.134367215026169773e-01
8.930292529631941312e-01 2.306975685639990337e-01 3.134367215026169773e-01
8.930292529631941312e-01 2.306975685639990337e-01 3.134367215026169773e-01
7.253844817016799063e-01 3.294596261310011598e-01 3.854342422609098318e-01
6.186917249089957105e-01 3.735893424419177711e-01 3.917158534328847863e-01
9.206517982828509306e-01 2.387468192706889425e-01 2.620064429347607193e-01
7.826958196084925490e-01 -9.996481844715318643e-02 2.925384592980237453e-01
7.798066422136176179e-01 -1.471610831075365611e-01 2.246611483991615976e-01
8.511118048345769349e-01 7.226575466022783223e-02 4.998695687852006131e-01
8.511118048345769349e-01 7.226575466022783223e-02 4.998695687852006131e-01
8.185751406610405345e-01 1.991726478567600878e-01 4.474249227761545322e-01
9.258799144653472313e-01 1.367949186393049854e-01 3.852880188527093575e-01
5.723734199206454987e-01 2.795765477618014638e-01 3.885715407666202603e-01
7.283517844374801653e-01 2.339539850000970922e-01 4.721999038658491465e-01
7.283517844374801653e-01 2.339539850000970922e-01 4.721999038658491465e-01
8.289616173148094402e-01 1.575700973881912770e-01 4.747863475679398593e-01
8.289616173148094402e-01 1.575700973881912770e-01 4.747863475679398593e-01
8.289616173148094402e-01 1.575700973881912770e-01 4.747863475679398593e-01
8.289616173148094402e-01 1.575700973881912770e-01 4.747863475679398593e-01
8.289616173148094402e-01 1.575700973881912770e-01 4.747863475679398593e-01
6.345006085674542717e-01 -7.096963547030432640e-03 2.037441686189976064e-01
6.979930653689775388e-01 2.621991525658431965e-01 4.604491921647416164e-01
4.590032089080954281e-01 7.882253519262107933e-01 7.628000336603635301e-02
5.632270884993140214e-01 5.336376189349678612e-01 2.519541168938648212e-01
5.632270884993140214e-01 5.336376189349678612e-01 2.519541168938648212e-01
5.632270884993140214e-01 5.336376189349678612e-01 2.519541168938648212e-01
6.731392417113082338e-01 3.829283437212769314e-01 3.611397558092271365e-01
6.731392417113082338e-01 3.829283437212769314e-01 3.611397558092271365e-01
6.731392417113082338e-01 3.829283437212769314e-01 3.611397558092271365e-01
6.731392417113082338e-01 3.829283437212769314e-01 3.611397558092271365e-01
6.731392417113082338e-01 3.829283437212769314e-01 3.611397558092271365e-01
6.731392417113082338e-01 3.829283437212769314e-01 3.611397558092271365e-01
6.731392417113082338e-01 3.829283437212769314e-01 3.611397558092271365e-01
6.731392417113082338e-01 3.829283437212769314e-01 3.611397558092271365e-01
6.731392417113082338e-01 3.829283437212769314e-01 3.611397558092271365e-01
6.731392417113082338e-01 3.829283437212769314e-01 3.611397558092271365e-01
6.731392417113082338e-01 3.829283437212769314e-01 3.611397558092271365e-01
6.731392417113082338e-01 3.829283437212769314e-01 3.611397558092271365e-01
6.731392417113082338e-01 3.829283437212769314e-01 3.611397558092271365e-01
3.597063041093496727e-01 5.649997288889038183e-01 2.103645388959478890e-01
3.597063041093496727e-01 5.649997288889038183e-01 2.103645388959478890e-01
2.411582265433150352e-01 7.648163986660203584e-01 1.072977284148370625e-01
2.061907153551956751e-01 9.280452971221121450e-01 5.214780465981599250e-02
2.061907153551956751e-01 9.280452971221121450e-01 5.214780465981599250e-02
2.061907153551956751e-01 9.280452971221121450e-01 5.214780465981599250e-02
2.061907153551956751e-01 9.280452971221121450e-01 5.214780465981599250e-02
2.061907153551956751e-01 9.280452971221121450e-01 5.214780465981599250e-02
2.869030771707289929e-01 9.019328458437899654e-01 5.651922341131452449e-02
3.557956751780213533e-01 6.969056860280899990e-01 1.542377238299047493e-01
3.557956751780213533e-01 6.969056860280899990e-01 1.542377238299047493e-01
6.917581071527121317e-01 4.871950312355275980e-01 2.127616240175599083e-01
6.917581071527121317e-01 4.871950312355275980e-01 2.127616240175599083e-01
6.917581071527121317e-01 4.871950312355275980e-01 2.127616240175599083e-01
