2.489132485845457765e-01 1.481402749648903505e-01 1.675531877221473915e-03
1.692623782011555278e-01 5.958274519917943213e-01 8.772542464721223843e-02
1.692623782011555278e-01 5.958274519917943213e-01 8.772542464721223843e-02
-6.202142343931293933e-03 7.011288193019022952e-01 9.469543737368363301e-02
-2.062100962303622248e-02 6.857323482140921245e-01 8.593773205595699183e-02
-2.062100962303622248e-02 6.857323482140921245e-01 8.593773205595699183e-02
-2.062100962303622248e-02 6.857323482140921245e-01 8.593773205595699183e-02
2.018880702226539536e-01 7.617852692179543084e-01 1.364023838439679670e-01
2.947069667648002933e-02 7.855860523591770006e-01 1.260908295109586796e-01
1.620935999292451579e-01 1.134479599608839484e+00 3.184642755189212582e-02
9.830619502777684926e-02 9.180535434888521529e-01 1.189162865741846126e-01
2.231483704334770168e-01 9.976741908785560220e-01 6.949231136367602091e-02
2.231483704334770168e-01 9.976741908785560220e-01 6.949231136367602091e-02
2.231483704334770168e-01 9.976741908785560220e-01 6.949231136367602091e-02
2.231483704334770168e-01 9.976741908785560220e-01 6.949231136367602091e-02
2.231483704334770168e-01 9.976741908785560220e-01 6.949231136367602091e-02
9.746497788646890648e-03 9.570680585348371183e-01 1.166025160029620228e-01
9.746497788646890648e-03 9.570680585348371183e-01 1.166025160029620228e-01
6.337989703157172194e-02 1.004948815607569212e+00 9.324679849303692258e-02
-1.665114390941441203e-04 9.418328226321391883e-01 1.213810324841850669e-01
-1.665114390941441203e-04 9.418328226321391883e-01 1.213810324841850669e-01
-3.485252778017415842e-01 1.097056561956883947e+00 1.037322408487772324e-01
-3.485252778017415842e-01 1.097056561956883947e+00 1.037322408487772324e-01
-2.844513929043758771e-01 1.239149084002105550e+00 5.441663213483759892e-02
-2.844513929043758771e-01 1.239149084002105550e+00 5.441663213483759892e-02
-2.309327917339102643e-01 7.669685260885186207e-01 7.415389956131068772e-02
-2.309327917339102643e-01 7.669685260885186207e-01 7.415389956131068772e-02
-6.779933788438021747e-01 1.100209606167499965e+00 8.223796170278677153e-02
-6.779933788438021747e-01 1.100209606167499965e+00 8.223796170278677153e-02
-6.574754353810112750e-01 8.362066926028858260e-01 2.535422397166996189e-02
-6.574754353810112750e-01 8.362066926028858260e-01 2.535422397166996189e-02
-3.217455308210053211e-01 1.101832420526379641e+00 1.017404370367624711e-01
-2.948887423686707976e-03 5.007322124693288634e-01 2.658704194003422977e-02
2.381783633963779900e-01 6.484376793029216213e-01 1.193475828814977019e-01
2.157797703866571326e-01 4.814196067660407863e-01 5.146872538321010243e-02
4.339361854766714544e-01 5.392957462418507264e-01 1.117707735680467523e-01
5.174935015492266865e-01 4.894581377232068986e-01 1.059668297120040376e-01
5.174935015492266865e-01 4.894581377232068986e-01 1.059668297120040376e-01
4.597849318037542377e-01 4.362691990211340354e-01 7.575090218535009134e-02
3.588297790621658434e-01 6.411084372573081502e-01 1.313402901141926538e-01
3.588297790621658434e-01 6.411084372573081502e-01 1.313402901141926538e-01
3.588297790621658434e-01 6.411084372573081502e-01 1.313402901141926538e-01
1.849706594472402266e-01 7.954406723178302219e-01 1.358329167743939359e-01
1.849706594472402266e-01 7.954406723178302219e-01 1.358329167743939359e-01
1.849706594472402266e-01 7.954406723178302219e-01 1.358329167743939359e-01
1.849706594472402266e-01 7.954406723178302219e-01 1.358329167743939359e-01
1.849706594472402266e-01 7.954406723178302219e-01 1.358329167743939359e-01
5.395384986557758555e-01 7.059201383714406308e-01 1.223545386876503382e-01
2.314924922168004606e-02 6.490598722205866977e-01 8.032650697153490005e-02
-2.013664990913748287e-01 1.042785711792311609e+00 1.098119110947407134e-01
-5.385742097026126052e-01 1.162714657996681611e+00 9.366440052064202437e-02
-2.985323134992015071e-01 1.155592114606957654e+00 8.447458836909303714e-02
7.387206222441061731e-02 1.170694481990206093e+00 3.223351236944090037e-02
-1.075003700815122254e-01 1.175361639513815781e+00 5.370448795077207432e-02
1.258615681303848211e-01 1.283013072786111763e+00 8.426837502531906235e-03
7.696177320584959847e-03 1.082531438370224919e+00 7.135210159742005898e-02
7.696177320584959847e-03 1.082531438370224919e+00 7.135210159742005898e-02
7.696177320584959847e-03 1.082531438370224919e+00 7.135210159742005898e-02
2.585153575739477794e-01 1.074516761964792844e+00 3.685445738704992702e-02
2.585153575739477794e-01 1.074516761964792844e+00 3.685445738704992702e-02
2.585153575739477794e-01 1.074516761964792844e+00 3.685445738704992702e-02
4.735774529982185177e-01 9.185823029201549694e-01 5.614571214067913540e-02
4.735774529982185177e-01 9.185823029201549694e-01 5.614571214067913540e-02
3.138150123491328936e-01 9.377163689570867655e-01 7.755171997381662963e-02
5.308337971372555364e-01 7.202183730354149160e-01 1.197818344047572314e-01
5.308337971372555364e-01 7.202183730354149160e-01 1.197818344047572314e-01
4.583625371375417701e-01 5.075498953567878502e-01 1.039045211586900608e-01
5.931015585927339462e-01 4.410242260155207150e-01 9.884812062301510938e-02
2.244271300871341634e-01 6.756977630295532000e-01 1.252351724127137578e-01
3.452611847836004055e-01 8.206686677668246777e-01 1.172226420444275330e-01
3.846073929436593097e-01 8.975795665719413785e-01 8.077341339507487783e-02
1.854447904402398706e-01 9.684486998873392816e-01 8.791571490746631634e-02
4.335271092495579515e-02 7.022262392508951123e-01 1.046167935100355273e-01
2.116189465707706274e-01 1.008790655907428890e+00 6.706485316069439595e-02
2.452362029909613272e-01 8.572083342606285905e-01 1.196886794417552635e-01
6.206064992994524410e-01 8.204417342745936592e-01 6.623605754708304649e-02
6.206064992994524410e-01 8.204417342745936592e-01 6.623605754708304649e-02
1.261397137963517490e-01 8.929028550808278952e-01 1.230499543447371724e-01
4.777795242126203212e-01 8.545609422056517079e-01 8.041371815937112255e-02
4.777795242126203212e-01 8.545609422056517079e-01 8.041371815937112255e-02
-9.658511618555770673e-02 9.983078908347015057e-01 1.142604255153779336e-01
-9.658511618555770673e-02 9.983078908347015057e-01 1.142604255153779336e-01
-5.065979093578288905e-01 8.181169859366088648e-01 4.110947222346755109e-02
-7.395397214275138964e-01 1.244779827861610011e+00 7.909995083279666717e-02
-1.192728764755438542e+00 1.467962738866010808e+00 4.450296232417092629e-02
-1.192728764755438542e+00 1.467962738866010808e+00 4.450296232417092629e-02
-1.192728764755438542e+00 1.467962738866010808e+00 4.450296232417092629e-02
-8.923810525687072559e-01 1.285933637537818974e+00 6.895771182017892964e-02
-8.923810525687072559e-01 1.285933637537818974e+00 6.895771182017892964e-02
-7.036590092176460143e-01 1.348481565467616550e+00 5.923758327992009742e-02
-7.036590092176460143e-01 1.348481565467616550e+00 5.923758327992009742e-02
-7.036590092176460143e-01 1.348481565467616550e+00 5.923758327992009742e-02
-8.765322608240244673e-01 1.029068685012733075e+00 3.803813853601913791e-02
-1.097675853966183723e+00 1.264380994104018496e+00 4.891295578614961864e-02
-1.097675853966183723e+00 1.264380994104018496e+00 4.891295578614961864e-02
-9.627320866326400939e-01 1.691435074039501441e+00 9.333241395905366583e-03
-9.627320866326400939e-01 1.691435074039501441e+00 9.333241395905366583e-03
-9.627320866326400939e-01 1.691435074039501441e+00 9.333241395905366583e-03
-9.627320866326400939e-01 1.691435074039501441e+00 9.333241395905366583e-03
-1.324494775497053523e+00 1.781318123418536681e+00 1.074173862412408295e-02
