2.489132485845457765e-01 1.481402749648903505e-01 1.273415440946440132e-03
2.489132485845457765e-01 1.481402749648903505e-01 1.273415440946440132e-03
3.295860024809219579e-01 1.543757639498009593e-01 2.380439433449108889e-03
3.295860024809219579e-01 1.543757639498009593e-01 2.380439433449108889e-03
5.382526070737377877e-01 2.119630440971287666e-01 1.330920444504857768e-02
5.382526070737377877e-01 2.119630440971287666e-01 1.330920444504857768e-02
5.382526070737377877e-01 2.119630440971287666e-01 1.330920444504857768e-02
9.375129773838652980e-01 4.667536146113829276e-02 2.102489172594718819e-02
9.590449735055015523e-01 3.381586314803872728e-01 7.148646636922434405e-02
9.590449735055015523e-01 3.381586314803872728e-01 7.148646636922434405e-02
9.590449735055015523e-01 3.381586314803872728e-01 7.148646636922434405e-02
1.107335191897849569e+00 6.592420757584880331e-01 2.022845413780914592e-02
1.107335191897849569e+00 6.592420757584880331e-01 2.022845413780914592e-02
1.107335191897849569e+00 6.592420757584880331e-01 2.022845413780914592e-02
1.003559557491102927e+00 8.898658682492678329e-01 3.749318439826425028e-03
1.003559557491102927e+00 8.898658682492678329e-01 3.749318439826425028e-03
5.927818215297429028e-01 7.073533110345706643e-01 4.832887937304423259e-02
5.927818215297429028e-01 7.073533110345706643e-01 4.832887937304423259e-02
5.927818215297429028e-01 7.073533110345706643e-01 4.832887937304423259e-02
6.203560770466898244e-01 7.677830959260164567e-01 3.699664984808463675e-02
6.203560770466898244e-01 7.677830959260164567e-01 3.699664984808463675e-02
1.042498940858576084e-01 8.833818089859817313e-01 3.498027354103591668e-02
1.042498940858576084e-01 8.833818089859817313e-01 3.498027354103591668e-02
1.042498940858576084e-01 8.833818089859817313e-01 3.498027354103591668e-02
-2.280951658104706237e-01 7.788437880235459243e-01 1.604405996524416872e-02
7.050567149257391808e-02 9.033581479105708967e-01 3.330810085456970687e-02
7.050567149257391808e-02 9.033581479105708967e-01 3.330810085456970687e-02
1.908299547858562095e-01 6.166600625252760537e-01 3.370322727264984941e-02
-1.157394320377472252e-02 7.105150713494443604e-01 2.553323783452523740e-02
-1.157394320377472252e-02 7.105150713494443604e-01 2.553323783452523740e-02
-1.157394320377472252e-02 7.105150713494443604e-01 2.553323783452523740e-02
-1.811480286852791832e-01 9.653178950436762662e-01 2.485449929993454460e-02
-1.246632176667718250e-01 8.728518520146156812e-01 2.678107210149732048e-02
1.742135554835217148e-01 7.881376243084202704e-01 4.067636155683823640e-02
6.904063863861964467e-01 5.745462763154957075e-01 6.202365773173495328e-02
7.772802636043191216e-01 6.240855572041874577e-01 5.264634681208198164e-02
7.772802636043191216e-01 6.240855572041874577e-01 5.264634681208198164e-02
8.377584017509058789e-01 6.015115125704145749e-01 5.282938742212290456e-02
1.095863468378942551e+00 5.328123917460116932e-01 4.479446778300870402e-02
1.038306582868991024e+00 5.701472938829403869e-01 4.254283310347647257e-02
1.038306582868991024e+00 5.701472938829403869e-01 4.254283310347647257e-02
1.038306582868991024e+00 5.701472938829403869e-01 4.254283310347647257e-02
4.998256911625217347e-01 5.918720500703200660e-01 5.640874244938555437e-02
4.998256911625217347e-01 5.918720500703200660e-01 5.640874244938555437e-02
7.588884518235375909e-01 4.095981764295598127e-01 6.390904457446636155e-02
1.026616231968781268e+00 4.771797838883785614e-01 6.172797691813571713e-02
1.598958246252509152e+00 1.637675160698780497e-01 6.226232298614358535e-02
1.598958246252509152e+00 1.637675160698780497e-01 6.226232298614358535e-02
1.596544246452138216e+00 1.567607087898352791e-01 6.337565636904088362e-02
1.596544246452138216e+00 1.567607087898352791e-01 6.337565636904088362e-02
1.596544246452138216e+00 1.567607087898352791e-01 6.337565636904088362e-02
1.596544246452138216e+00 1.567607087898352791e-01 6.337565636904088362e-02
1.596544246452138216e+00 1.567607087898352791e-01 6.337565636904088362e-02
1.241741932840991769e+00 2.210568432078133250e-01 7.515233328704734594e-02
1.430115274218084487e+00 -3.074908542531912259e-02 5.286222036576122829e-02
1.519913056860421330e+00 -5.607026204282876403e-02 5.502526771422808216e-02
1.519913056860421330e+00 -5.607026204282876403e-02 5.502526771422808216e-02
1.735789329205388309e+00 -1.662844204985806096e-01 4.909722865932829305e-02
1.774936104027604156e+00 8.035561226810236657e-02 5.617367712259567492e-02
1.237694811475422707e+00 3.471492956633727145e-01 6.707754544951113895e-02
9.690591323100596899e-01 5.431964254993215668e-01 5.407105985713868412e-02
2.942823712656431612e-01 8.439986517687307899e-01 3.844480741816019842e-02
2.942823712656431612e-01 8.439986517687307899e-01 3.844480741816019842e-02
5.319037688909562522e-01 9.602568897283684235e-01 1.379387773140263937e-02
5.319037688909562522e-01 9.602568897283684235e-01 1.379387773140263937e-02
5.319037688909562522e-01 9.602568897283684235e-01 1.379387773140263937e-02
5.184292294376715571e-01 9.785801491698603582e-01 1.245009229622038964e-02
5.184292294376715571e-01 9.785801491698603582e-01 1.245009229622038964e-02
5.859441153267936908e-01 5.447110942150621415e-01 6.013864300132241297e-02
5.326193153617357900e-01 4.176353342111032707e-01 4.249314156816160620e-02
5.326193153617357900e-01 4.176353342111032707e-01 4.249314156816160620e-02
4.521550683600961129e-01 5.514430545116756344e-01 5.093518452559569337e-02
4.521550683600961129e-01 5.514430545116756344e-01 5.093518452559569337e-02
1.492872412850335673e-01 4.182443011560768031e-01 1.009526036622250891e-02
4.190051050293579493e-01 5.506348053997117686e-02 1.351298689481395931e-03
5.898039043751474031e-01 1.596167834774498973e-01 1.110580054493122588e-02
1.612271611336288490e+00 5.527987473682624553e-02 6.887452323868484272e-02
1.686176406263452776e+00 1.988795289281740652e-01 4.740393398704115246e-02
1.917707721873273430e+00 3.147678295279811023e-01 9.783014507996465672e-03
1.446912482467906935e+00 6.103867312158868241e-01 7.035266877132414533e-03
5.961375144558013206e-01 3.822636038814635207e-01 4.388884428727592157e-02
1.134983844152320565e+00 4.416846129247956609e-01 5.948101943170989309e-02
8.488163953577961829e-01 3.669055266973726415e-01 6.680352359404077844e-02
1.236443332216520030e+00 4.785186748645395283e-01 4.194803097091438088e-02
1.236443332216520030e+00 4.785186748645395283e-01 4.194803097091438088e-02
1.209788358144423093e+00 5.206555169130646643e-01 3.602688069462170461e-02
1.066743761505196009e+00 5.557609035016416454e-01 4.283111895538822822e-02
1.066743761505196009e+00 5.557609035016416454e-01 4.283111895538822822e-02
2.420263675683541615e-01 6.166932252139786241e-01 3.826430834408187098e-02
-7.702523824625234772e-02 7.941116510321524213e-01 2.653206751747324774e-02
-7.702523824625234772e-02 7.941116510321524213e-01 2.653206751747324774e-02
-7.702523824625234772e-02 7.941116510321524213e-01 2.653206751747324774e-02
-7.702523824625234772e-02 7.941116510321524213e-01 2.653206751747324774e-02
-7.702523824625234772e-02 7.941116510321524213e-01 2.653206751747324774e-02
1.128204373208198663e-01 4.619993630005440610e-01 1.164869666678394929e-02
1.880582749748493376e-01 6.407791721254182393e-01 3.575954200971950825e-02
6.104148501655087822e-01 2.509476210215533243e-01 2.380869517229391649e-02
1.158947843973342273e+00 -6.143252448424724177e-02 2.212495107651185622e-02
1.938460572328260412e+00 -7.968118949753903724e-03 5.061318834449883564e-02
1.622136056903745294e+00 1.894390994553662999e-01 5.613352460016728107e-02
