2.489132485845457765e-01 1.481402749648903505e-01 1.688552074018795281e-03
2.489132485845457765e-01 1.481402749648903505e-01 1.688552074018795281e-03
8.080170264965177984e-02 3.824027653226548806e-01 8.172598764476948427e-03
1.433202853258685738e-01 5.582514019639353009e-01 3.834461368800694964e-02
1.433202853258685738e-01 5.582514019639353009e-01 3.834461368800694964e-02
1.628346678950870485e-01 7.959159399065784957e-01 6.585611899297079408e-02
4.348898780090643679e-01 4.758032959138651652e-01 4.625349247429704630e-02
5.692355843626267786e-01 4.991515504245047641e-01 4.973745685190308907e-02
9.648137304814369264e-01 3.188607035682455848e-01 3.306184669563139861e-02
9.648137304814369264e-01 3.188607035682455848e-01 3.306184669563139861e-02
9.648137304814369264e-01 3.188607035682455848e-01 3.306184669563139861e-02
9.648137304814369264e-01 3.188607035682455848e-01 3.306184669563139861e-02
1.080745224767769130e+00 -1.649211595466920643e-01 5.855783085219500549e-03
1.121830961147778360e+00 -9.559277318339624852e-02 1.115883100722014562e-02
1.228622849498557601e+00 -2.411866773652888707e-01 5.373370205144814907e-03
9.254009756185950231e-01 2.461009357194932079e-01 3.359427879886680429e-02
9.254009756185950231e-01 2.461009357194932079e-01 3.359427879886680429e-02
9.254009756185950231e-01 2.461009357194932079e-01 3.359427879886680429e-02
1.000532994644333540e+00 2.212588980744013278e-01 3.150008492684713141e-02
1.097450330302736976e+00 1.275037312134781331e-01 2.666418532157298002e-02
1.097450330302736976e+00 1.275037312134781331e-01 2.666418532157298002e-02
1.097450330302736976e+00 1.275037312134781331e-01 2.666418532157298002e-02
1.097450330302736976e+00 1.275037312134781331e-01 2.666418532157298002e-02
1.097450330302736976e+00 1.275037312134781331e-01 2.666418532157298002e-02
1.347738417787726739e+00 -1.988724691702523084e-02 1.898868214117548081e-02
1.347738417787726739e+00 -1.988724691702523084e-02 1.898868214117548081e-02
1.185607301433547978e+00 -4.151676422146348411e-02 1.678825024120422435e-02
1.309054070614540377e+00 -1.641032869156187901e-01 1.121172006393898399e-02
1.309054070614540377e+00 -1.641032869156187901e-01 1.121172006393898399e-02
1.297854384405133343e+00 -2.577168990056473707e-01 5.950289144468668898e-03
1.297854384405133343e+00 -2.577168990056473707e-01 5.950289144468668898e-03
1.638871365561639371e+00 -7.838912484131696501e-02 1.233109162858033771e-02
1.638871365561639371e+00 -7.838912484131696501e-02 1.233109162858033771e-02
1.411138058594327616e+00 -1.029178540208918469e-01 1.570366646311644951e-02
1.275893879628416272e+00 1.964841671036730297e-01 1.996246035278664149e-02
1.275893879628416272e+00 1.964841671036730297e-01 1.996246035278664149e-02
1.275893879628416272e+00 1.964841671036730297e-01 1.996246035278664149e-02
1.382150995210849720e+00 5.215162005517212096e-01 1.313135830098271801e-03
1.382150995210849720e+00 5.215162005517212096e-01 1.313135830098271801e-03
1.382150995210849720e+00 5.215162005517212096e-01 1.313135830098271801e-03
1.382150995210849720e+00 5.215162005517212096e-01 1.313135830098271801e-03
1.191683476916397755e+00 6.345115856328592541e-01 1.771891113808336717e-03
1.191683476916397755e+00 6.345115856328592541e-01 1.771891113808336717e-03
1.191683476916397755e+00 6.345115856328592541e-01 1.771891113808336717e-03
1.227127001849837917e+00 5.477885404845238559e-01 3.272823919577057521e-03
1.227127001849837917e+00 5.477885404845238559e-01 3.272823919577057521e-03
1.227127001849837917e+00 5.477885404845238559e-01 3.272823919577057521e-03
1.227127001849837917e+00 5.477885404845238559e-01 3.272823919577057521e-03
1.341856778485389423e+00 1.368160767225738983e-01 1.887480631314516349e-02
1.304681371461105410e+00 2.528230033773520291e-01 1.527393898990481169e-02
1.304681371461105410e+00 2.528230033773520291e-01 1.527393898990481169e-02
1.484193525771223765e+00 1.081604601915744923e-02 1.600640115736806299e-02
1.693597095854413537e+00 -1.864503642069416378e-02 9.262380376977659771e-03
1.398417364567209553e+00 2.681759948979263730e-01 9.468351406732319550e-03
1.398417364567209553e+00 2.681759948979263730e-01 9.468351406732319550e-03
1.301583208905981781e+00 -6.392267399584333765e-02 1.707611352855861048e-02
1.117913461374325568e+00 2.347498627167246554e-01 2.714995919107289837e-02
1.128586787254437285e+00 9.946482116673979745e-02 2.518821692754421790e-02
1.139729782018268800e+00 1.024076008497640938e-01 2.526000565778950893e-02
6.633596780174677576e-01 3.517429129398693677e-01 3.970144971617046992e-02
6.633596780174677576e-01 3.517429129398693677e-01 3.970144971617046992e-02
3.345882791469275697e-01 8.777416989382837986e-01 3.633584992189676371e-02
2.026578800896967625e-01 5.539703471952659442e-01 4.302065615488041145e-02
2.009517450085936685e-01 7.611118387722137779e-01 6.484275401458296229e-02
2.009517450085936685e-01 7.611118387722137779e-01 6.484275401458296229e-02
2.009517450085936685e-01 7.611118387722137779e-01 6.484275401458296229e-02
2.101793979143610491e-01 6.272816986627369751e-01 5.589499492943349884e-02
-3.296690364152242703e-01 9.031951781394436107e-01 5.750327491715950118e-02
1.830621868242755523e-01 7.063038940556474188e-01 6.370773970813273235e-02
1.830621868242755523e-01 7.063038940556474188e-01 6.370773970813273235e-02
1.754949408715880121e-01 4.810061360730958913e-01 2.722800244772422690e-02
1.754949408715880121e-01 4.810061360730958913e-01 2.722800244772422690e-02
3.437430729148074904e-01 5.985922819219486879e-01 5.701427418729355934e-02
3.437430729148074904e-01 5.985922819219486879e-01 5.701427418729355934e-02
3.437430729148074904e-01 5.985922819219486879e-01 5.701427418729355934e-02
-4.169962737994170610e-02 8.314265477903161061e-01 6.955468345454121626e-02
-1.398487991140789921e-01 1.256902363247514476e+00 2.687099319357238308e-02
-1.382174292289682638e-01 7.623741619851269746e-01 5.008414076207269583e-02
-1.382174292289682638e-01 7.623741619851269746e-01 5.008414076207269583e-02
-1.382174292289682638e-01 7.623741619851269746e-01 5.008414076207269583e-02
-1.382174292289682638e-01 7.623741619851269746e-01 5.008414076207269583e-02
-1.382174292289682638e-01 7.623741619851269746e-01 5.008414076207269583e-02
-8.775484478114022047e-02 1.027064315545736628e+00 6.527150271029200090e-02
-8.775484478114022047e-02 1.027064315545736628e+00 6.527150271029200090e-02
4.919641186626956542e-02 1.023794323056225641e+00 4.788364485431238077e-02
4.919641186626956542e-02 1.023794323056225641e+00 4.788364485431238077e-02
4.919641186626956542e-02 1.023794323056225641e+00 4.788364485431238077e-02
4.919641186626956542e-02 1.023794323056225641e+00 4.788364485431238077e-02
4.919641186626956542e-02 1.023794323056225641e+00 4.788364485431238077e-02
4.919641186626956542e-02 1.023794323056225641e+00 4.788364485431238077e-02
4.919641186626956542e-02 1.023794323056225641e+00 4.788364485431238077e-02
3.755345064548535478e-02 8.190886174608595915e-01 6.986168908862395999e-02
-3.653497853898402675e-02 9.124248257868871059e-01 7.215891514516378780e-02
-3.653497853898402675e-02 9.124248257868871059e-01 7.215891514516378780e-02
-3.653497853898402675e-02 9.124248257868871059e-01 7.215891514516378780e-02
-3.558147244275591259e-01 8.612076172219961245e-01 4.489714185503200505e-02
-3.558147244275591259e-01 8.612076172219961245e-01 4.489714185503200505e-02
-9.182113539077447761e-01 1.097001487385732776e+00 2.203376240737996844e-02
-1.093613091271669946e+00 1.319022674917470050e+00 4.114787986390817942e-02
-1.314585835518791379e+00 1.728729144141491592e+00 5.724276788338419908e-02
