2.489132485845457765e-01 1.481402749648903505e-01 2.763649130780148396e-03
3.751152177704589197e-01 3.096771521297375651e-01 3.730144337059686233e-02
1.686226690421802621e-01 9.140098353207427584e-01 1.069985865916066453e-01
5.491324770778264197e-01 7.696279663323093434e-01 8.002730204061557495e-02
2.202890681660628069e-01 6.041745410025323171e-01 1.158882468081317008e-01
2.202890681660628069e-01 6.041745410025323171e-01 1.158882468081317008e-01
4.789609584664784592e-01 5.275646572535511725e-01 1.419528225982611136e-01
4.789609584664784592e-01 5.275646572535511725e-01 1.419528225982611136e-01
4.789609584664784592e-01 5.275646572535511725e-01 1.419528225982611136e-01
4.789609584664784592e-01 5.275646572535511725e-01 1.419528225982611136e-01
9.557332880431909095e-01 4.073663733129664344e-01 1.189642536943860546e-01
9.557332880431909095e-01 4.073663733129664344e-01 1.189642536943860546e-01
9.557332880431909095e-01 4.073663733129664344e-01 1.189642536943860546e-01
6.789290238067910987e-01 4.827543265272405959e-01 1.451806291382055358e-01
6.789290238067910987e-01 4.827543265272405959e-01 1.451806291382055358e-01
6.789290238067910987e-01 4.827543265272405959e-01 1.451806291382055358e-01
6.680941231877282060e-01 5.081139425073862848e-01 1.439763017491781094e-01
1.045399354090202459e+00 1.286280318973553882e-01 1.036732968089035256e-01
1.045399354090202459e+00 1.286280318973553882e-01 1.036732968089035256e-01
1.223526455045456318e+00 3.881715473200958444e-02 9.639601921476380342e-02
9.485742541059898336e-01 -2.993940019262339436e-02 3.151506004638765512e-02
9.485742541059898336e-01 -2.993940019262339436e-02 3.151506004638765512e-02
9.318119701795162246e-01 2.055127379943979815e-01 1.133812237688339303e-01
9.318119701795162246e-01 2.055127379943979815e-01 1.133812237688339303e-01
9.318119701795162246e-01 2.055127379943979815e-01 1.133812237688339303e-01
8.584920617355114025e-01 1.392787945532236171e-01 7.388315509639274692e-02
1.026241247585116811e+00 1.542407833724883937e-01 1.093991387838308960e-01
1.026241247585116811e+00 1.542407833724883937e-01 1.093991387838308960e-01
8.013353141822998627e-01 2.818779440414489468e-01 1.192930088141905542e-01
8.013353141822998627e-01 2.818779440414489468e-01 1.192930088141905542e-01
8.013353141822998627e-01 2.818779440414489468e-01 1.192930088141905542e-01
8.013353141822998627e-01 2.818779440414489468e-01 1.192930088141905542e-01
8.013353141822998627e-01 2.818779440414489468e-01 1.192930088141905542e-01
8.013353141822998627e-01 2.818779440414489468e-01 1.192930088141905542e-01
9.948508068804619020e-01 5.866989908799398190e-01 4.428177630075007254e-02
5.537835049366980344e-01 7.248247460607797343e-01 9.853892176151413107e-02
5.537835049366980344e-01 7.248247460607797343e-01 9.853892176151413107e-02
4.250384940630935748e-01 7.518317439667046020e-01 1.181647764768689463e-01
5.911867857298332973e-01 6.207741671795745653e-01 1.304045377176315523e-01
7.251185414468075408e-01 4.602349540588946963e-01 1.436159272947435395e-01
3.676971909485894363e-01 5.405144669687382830e-01 1.269359856959992872e-01
4.376624126005090321e-01 5.108917567224529055e-01 1.312381923806937856e-01
4.083155807048928221e-01 6.522617376756332241e-01 1.461612731247859676e-01
3.191264442922513433e-01 4.952643426456401765e-01 9.720089625689774804e-02
3.214874075729944325e-01 6.430738294591827886e-01 1.437994694626951730e-01
1.863932565715065715e-01 8.767834526604530998e-01 1.176320585626606380e-01
6.628810515223391153e-01 1.090273936058887116e+00 1.565970521544232360e-03
6.628810515223391153e-01 1.090273936058887116e+00 1.565970521544232360e-03
6.628810515223391153e-01 1.090273936058887116e+00 1.565970521544232360e-03
6.628810515223391153e-01 1.090273936058887116e+00 1.565970521544232360e-03
6.628810515223391153e-01 1.090273936058887116e+00 1.565970521544232360e-03
4.187649358899961927e-01 1.171048217206152930e+00 3.692092014279589347e-03
1.181147790847477119e-01 6.525379520029188640e-01 1.083427557866654123e-01
-4.010028461100062502e-02 9.732554043739559679e-01 1.169360352312710655e-01
-4.010028461100062502e-02 9.732554043739559679e-01 1.169360352312710655e-01
-1.311487023827633269e-01 1.064580212322689734e+00 1.002934914134410160e-01
-4.149984857080987188e-01 1.109829141882205050e+00 9.857375110372167126e-02
-2.963020952887906456e-01 1.499532728060654962e+00 7.684763168718656938e-03
-2.963020952887906456e-01 1.499532728060654962e+00 7.684763168718656938e-03
-2.963020952887906456e-01 1.499532728060654962e+00 7.684763168718656938e-03
-6.748486705628963245e-01 1.161496723969055900e+00 6.875537625917260698e-02
-6.748486705628963245e-01 1.161496723969055900e+00 6.875537625917260698e-02
-1.315681477689722101e+00 1.632107587494274759e+00 2.970308022529295419e-02
-1.186980737039707412e+00 1.790705830878275062e+00 1.790311984346227778e-02
-1.097849545821751427e+00 1.595270810485760693e+00 3.780895459981165746e-02
-1.037935540470485085e+00 1.286909309514252531e+00 3.255056013527284076e-02
-1.220964288492644600e+00 1.144828816290880624e+00 4.072292117299839906e-03
-1.220964288492644600e+00 1.144828816290880624e+00 4.072292117299839906e-03
-1.220964288492644600e+00 1.144828816290880624e+00 4.072292117299839906e-03
-1.220964288492644600e+00 1.144828816290880624e+00 4.072292117299839906e-03
-1.220964288492644600e+00 1.144828816290880624e+00 4.072292117299839906e-03
-9.985399078261989469e-01 1.868343838979646732e+00 5.195022300921617146e-03
-9.985399078261989469e-01 1.868343838979646732e+00 5.195022300921617146e-03
-9.985399078261989469e-01 1.868343838979646732e+00 5.195022300921617146e-03
-9.985399078261989469e-01 1.868343838979646732e+00 5.195022300921617146e-03
-9.484753688999827403e-01 1.535497304615831782e+00 4.388353031885999789e-02
-9.484753688999827403e-01 1.535497304615831782e+00 4.388353031885999789e-02
-6.349894880092608052e-01 1.471422163797739158e+00 3.849813220412745540e-02
-6.349894880092608052e-01 1.471422163797739158e+00 3.849813220412745540e-02
-5.453914747776790195e-01 1.236330936962596105e+00 8.337128762859537245e-02
-5.453914747776790195e-01 1.236330936962596105e+00 8.337128762859537245e-02
-7.696959466912794978e-01 1.426106667239772863e+00 5.668074352041622271e-02
-1.060742042486801928e+00 1.499219356605230313e+00 4.490952027503087446e-02
-1.135913154069859710e+00 1.346109885053497157e+00 2.828929367578016107e-02
-1.135913154069859710e+00 1.346109885053497157e+00 2.828929367578016107e-02
-1.135913154069859710e+00 1.346109885053497157e+00 2.828929367578016107e-02
-1.135913154069859710e+00 1.346109885053497157e+00 2.828929367578016107e-02
-1.135913154069859710e+00 1.346109885053497157e+00 2.828929367578016107e-02
-1.081224942975059333e+00 1.580256530915944202e+00 3.930104852958680312e-02
-9.679033315224001566e-01 1.496539434447592853e+00 4.833710468942035293e-02
-9.679033315224001566e-01 1.496539434447592853e+00 4.833710468942035293e-02
-9.679033315224001566e-01 1.496539434447592853e+00 4.833710468942035293e-02
-9.679033315224001566e-01 1.496539434447592853e+00 4.833710468942035293e-02
-9.679033315224001566e-01 1.496539434447592853e+00 4.833710468942035293e-02
-8.785804840587796427e-01 1.522778750162831152e+00 4.396863372757670724e-02
-8.785804840587796427e-01 1.522778750162831152e+00 4.396863372757670724e-02
-8.228407275273647015e-01 1.430194761013503291e+00 5.680462902562739835e-02
-8.228407275273647015e-01 1.430194761013503291e+00 5.680462902562739835e-02
-6.488188697033798746e-01 1.501380754341128609e+00 3.308612782020951132e-02
-9.211933878106155493e-01 1.409369892125309942e+00 5.528006292037079827e-02
