2.489132485845457765e-01 1.481402749648903505e-01 1.500476676544892961e-03
5.880792555032779423e-02 1.760764083270081326e-01 4.507195703114213309e-04
6.054264286304941733e-03 6.295470734930401768e-01 1.984022685481247675e-02
2.449725421540311365e-01 7.707815073410937412e-01 4.738428498269990630e-02
2.592158552351906953e-01 6.269435173813547868e-01 4.520007628162155122e-02
3.359624302030760346e-01 6.506609575562809500e-01 5.428911839290279095e-02
3.359624302030760346e-01 6.506609575562809500e-01 5.428911839290279095e-02
3.359624302030760346e-01 6.506609575562809500e-01 5.428911839290279095e-02
3.359624302030760346e-01 6.506609575562809500e-01 5.428911839290279095e-02
3.359624302030760346e-01 6.506609575562809500e-01 5.428911839290279095e-02
3.359624302030760346e-01 6.506609575562809500e-01 5.428911839290279095e-02
3.359624302030760346e-01 6.506609575562809500e-01 5.428911839290279095e-02
3.359624302030760346e-01 6.506609575562809500e-01 5.428911839290279095e-02
3.359624302030760346e-01 6.506609575562809500e-01 5.428911839290279095e-02
6.049320739897082744e-01 2.138776890371032469e-01 2.419867382286084931e-02
4.208160521231139595e-01 3.875599050833220538e-01 3.199472613218752592e-02
3.682518792733180391e-01 6.687668440348746302e-01 5.700152024366331865e-02
2.544515070782328303e-01 8.334896211393049148e-01 4.296076192430855339e-02
1.908261067848128212e-01 9.034249668028424551e-01 3.538952836508909433e-02
1.908261067848128212e-01 9.034249668028424551e-01 3.538952836508909433e-02
1.908261067848128212e-01 9.034249668028424551e-01 3.538952836508909433e-02
1.359314068321555991e-01 7.764754682187107182e-01 4.106280961979801719e-02
2.134493352718195847e-01 6.618497693024569806e-01 4.318901883706360162e-02
-5.669155050562468823e-02 8.952168928357174815e-01 2.943654928108798904e-02
1.770871714087542681e-01 7.861435007718631240e-01 4.350488378644758874e-02
1.770871714087542681e-01 7.861435007718631240e-01 4.350488378644758874e-02
1.770871714087542681e-01 7.861435007718631240e-01 4.350488378644758874e-02
5.174393473125011855e-01 9.803265071848402679e-01 1.307150437738354223e-02
3.195936413621065508e-01 7.741317953097870408e-01 4.951752048962031888e-02
2.774850470501995514e-01 4.896282357508355276e-01 3.053883945066186018e-02
2.953631160645842635e-01 1.022645960505764284e+00 1.739980614060599243e-02
2.953631160645842635e-01 1.022645960505764284e+00 1.739980614060599243e-02
1.120810029926745943e-01 1.055963374265205035e+00 1.935926134276940228e-02
5.234877405744186030e-01 7.107116672654938405e-01 5.704451864624299900e-02
5.234877405744186030e-01 7.107116672654938405e-01 5.704451864624299900e-02
4.543442250507810920e-01 5.618015412954050491e-01 6.111213327605259649e-02
4.543442250507810920e-01 5.618015412954050491e-01 6.111213327605259649e-02
5.568594146390585253e-01 7.036049371459722757e-01 5.729261620183648263e-02
5.568594146390585253e-01 7.036049371459722757e-01 5.729261620183648263e-02
7.633642360411616590e-01 7.110272628993979938e-01 4.226984237328506450e-02
7.633642360411616590e-01 7.110272628993979938e-01 4.226984237328506450e-02
7.633642360411616590e-01 7.110272628993979938e-01 4.226984237328506450e-02
7.633642360411616590e-01 7.110272628993979938e-01 4.226984237328506450e-02
7.304642865621640002e-01 5.027790615340250735e-01 8.060197678275995981e-02
2.994874120536175077e-01 8.393379608892748145e-01 4.228416066102024667e-02
2.314876089515643109e-01 9.179467103626762770e-01 3.316125341183588648e-02
2.314876089515643109e-01 9.179467103626762770e-01 3.316125341183588648e-02
2.314876089515643109e-01 9.179467103626762770e-01 3.316125341183588648e-02
2.314876089515643109e-01 9.179467103626762770e-01 3.316125341183588648e-02
8.652998559965938141e-02 9.380477626089875898e-01 3.178550642232933626e-02
8.652998559965938141e-02 9.380477626089875898e-01 3.178550642232933626e-02
4.873108578042331107e-01 7.248878857660425723e-01 5.560892304483639609e-02
6.511347575743932081e-01 2.846784914986391635e-01 4.377327877429813829e-02
6.511347575743932081e-01 2.846784914986391635e-01 4.377327877429813829e-02
5.751265383592919500e-01 3.597382118505862980e-01 4.797399779322602392e-02
1.926558763486616033e-01 5.595797258498743654e-01 3.024995555944862830e-02
5.134729408083151814e-01 8.960238578275463439e-01 2.465650287083832534e-02
6.648486879089634538e-01 8.093726662727126486e-01 2.985218929595943524e-02
6.648486879089634538e-01 8.093726662727126486e-01 2.985218929595943524e-02
9.988419973908770899e-01 8.650242759040800422e-01 4.896370045163961696e-03
8.784397389400198097e-01 7.426580520764222149e-01 2.545250081362279357e-02
8.478368059628783593e-01 5.780625635345628677e-01 6.581681005815211150e-02
8.223213860884908133e-01 3.184318555705700771e-01 7.635203247805150140e-02
8.223213860884908133e-01 3.184318555705700771e-01 7.635203247805150140e-02
8.223213860884908133e-01 3.184318555705700771e-01 7.635203247805150140e-02
8.223213860884908133e-01 3.184318555705700771e-01 7.635203247805150140e-02
8.223213860884908133e-01 3.184318555705700771e-01 7.635203247805150140e-02
5.143599996920927842e-01 7.994705189861844863e-01 4.179122529207481701e-02
4.592580251045774720e-02 8.849261997255669643e-01 3.429191854312815119e-02
4.592580251045774720e-02 8.849261997255669643e-01 3.429191854312815119e-02
2.370573938281904935e-01 8.991978919303134088e-01 3.545505745094657685e-02
8.430252633427279263e-02 6.658796142489753489e-01 3.043741279268176794e-02
5.918904363003042457e-01 1.539644417281237354e-01 1.447763062198824217e-02
3.852644176063647619e-01 2.243039761434794110e-01 8.450461462892931708e-03
8.818354095656507630e-01 2.093815528603257814e-01 6.194104941613468029e-02
8.818354095656507630e-01 2.093815528603257814e-01 6.194104941613468029e-02
1.450688327309084480e+00 1.347778474138077720e-01 9.210884103353179919e-02
1.450688327309084480e+00 1.347778474138077720e-01 9.210884103353179919e-02
1.610721739579524581e+00 3.407577158386855265e-01 2.894557520221628308e-02
1.610721739579524581e+00 3.407577158386855265e-01 2.894557520221628308e-02
1.610721739579524581e+00 3.407577158386855265e-01 2.894557520221628308e-02
1.610721739579524581e+00 3.407577158386855265e-01 2.894557520221628308e-02
1.302937936206826741e+00 4.610779112953863335e-01 4.135589627994572942e-02
1.302937936206826741e+00 4.610779112953863335e-01 4.135589627994572942e-02
1.302937936206826741e+00 4.610779112953863335e-01 4.135589627994572942e-02
1.256247170459352080e+00 5.956834150315464260e-01 1.892519295858759165e-02
1.256247170459352080e+00 5.956834150315464260e-01 1.892519295858759165e-02
1.256247170459352080e+00 5.956834150315464260e-01 1.892519295858759165e-02
1.256247170459352080e+00 5.956834150315464260e-01 1.892519295858759165e-02
1.764762665943603981e+00 3.418331114165475970e-01 1.404087029502176787e-02
1.764762665943603981e+00 3.418331114165475970e-01 1.404087029502176787e-02
1.524925854829320304e+00 -5.206720691008137614e-03 8.645001557339281051e-02
1.846141129368299882e+00 1.300521088603786568e-01 4.086202965608540932e-02
1.702186915170420090e+00 -7.743220815312895633e-03 8.145733155267892434e-02
1.702186915170420090e+00 -7.743220815312895633e-03 8.145733155267892434e-02
1.812140178660152756e+00 -1.487808049597433013e-01 7.223372611264644583e-02
1.769891141413847846e+00 -5.484051137453835878e-01 6.732032893240588907e-03
1.734613345618657210e+00 -4.529430843832128462e-01 1.420553784436791138e-02
1.734613345618657210e+00 -4.529430843832128462e-01 1.420553784436791138e-02
1.734613345618657210e+00 -4.529430843832128462e-01 1.420553784436791138e-02
