2.489132485845457765e-01 1.481402749648903505e-01 2.957046476569500509e-03
7.474015652868404302e-01 1.923539655957662298e-02 5.888395162635993475e-03
7.474015652868404302e-01 1.923539655957662298e-02 5.888395162635993475e-03
8.501259426043422662e-01 4.122508732771868467e-01 2.302571045459586019e-01
8.537576742028789578e-01 4.703982913381044018e-01 2.318849676749946687e-01
8.537576742028789578e-01 4.703982913381044018e-01 2.318849676749946687e-01
8.537576742028789578e-01 4.703982913381044018e-01 2.318849676749946687e-01
8.537576742028789578e-01 4.703982913381044018e-01 2.318849676749946687e-01
8.929201928070586991e-01 2.546020915403295337e-01 1.321238761380759130e-01
8.929201928070586991e-01 2.546020915403295337e-01 1.321238761380759130e-01
8.929201928070586991e-01 2.546020915403295337e-01 1.321238761380759130e-01
9.593936093507104967e-01 5.351309676023356943e-01 1.637643151987809853e-01
9.593936093507104967e-01 5.351309676023356943e-01 1.637643151987809853e-01
9.593936093507104967e-01 5.351309676023356943e-01 1.637643151987809853e-01
8.194242528276952653e-01 7.735933174601890006e-01 4.176811732415439821e-02
9.579643897185424750e-01 6.384402925542290719e-01 8.644288815523482050e-02
8.400033273559897040e-01 7.593845895645477961e-01 4.450679043413907632e-02
8.400033273559897040e-01 7.593845895645477961e-01 4.450679043413907632e-02
8.905124091089243743e-01 7.256369474389997576e-01 5.092130819180815809e-02
8.905124091089243743e-01 7.256369474389997576e-01 5.092130819180815809e-02
9.291414968110558448e-01 5.062996453515837825e-01 1.943810994026176631e-01
9.291414968110558448e-01 5.062996453515837825e-01 1.943810994026176631e-01
9.291414968110558448e-01 5.062996453515837825e-01 1.943810994026176631e-01
7.723833100389497774e-01 4.639913429364075914e-01 2.459308377887049757e-01
7.723833100389497774e-01 4.639913429364075914e-01 2.459308377887049757e-01
9.736054965148182028e-01 3.882266994029690554e-01 2.135732534502156610e-01
9.736054965148182028e-01 3.882266994029690554e-01 2.135732534502156610e-01
9.736054965148182028e-01 3.882266994029690554e-01 2.135732534502156610e-01
9.740201939842474399e-01 5.478774315456798050e-01 1.486655696560741646e-01
9.740201939842474399e-01 5.478774315456798050e-01 1.486655696560741646e-01
9.740201939842474399e-01 5.478774315456798050e-01 1.486655696560741646e-01
1.371118996341753604e-01 7.621343615348025180e-01 2.455915195452159083e-01
1.371118996341753604e-01 7.621343615348025180e-01 2.455915195452159083e-01
1.318628940392198023e-01 1.064199138676186873e+00 2.546820881633167152e-02
4.552421857307629716e-01 1.018105787045368027e+00 1.032456935709575446e-02
1.594628151175592201e-01 7.609398087059302540e-01 2.433494303600181319e-01
1.594628151175592201e-01 7.609398087059302540e-01 2.433494303600181319e-01
1.594628151175592201e-01 7.609398087059302540e-01 2.433494303600181319e-01
1.594628151175592201e-01 7.609398087059302540e-01 2.433494303600181319e-01
1.594628151175592201e-01 7.609398087059302540e-01 2.433494303600181319e-01
1.594628151175592201e-01 7.609398087059302540e-01 2.433494303600181319e-01
-2.030587140337464236e-02 7.033614489916001355e-01 2.377972746498210055e-01
-2.144849332844312173e-01 6.859617158678336102e-01 1.592155298712499834e-01
-2.144849332844312173e-01 6.859617158678336102e-01 1.592155298712499834e-01
1.021035088314278527e-01 5.103703802849728355e-01 1.318749634900166501e-01
-6.021153024159342504e-03 4.850472246112572661e-01 7.570035966884940126e-02
-2.544353616949374119e-01 7.564058456776631134e-01 1.894963458657350774e-01
-2.544353616949374119e-01 7.564058456776631134e-01 1.894963458657350774e-01
-3.364564637139133563e-02 9.190455319246562116e-01 1.545547846859960661e-01
-3.364564637139133563e-02 9.190455319246562116e-01 1.545547846859960661e-01
-2.978943384913926296e-01 8.805365348083648014e-01 1.986112240506529847e-01
-3.983335848242820498e-01 1.080499995974761429e+00 9.314374294758111239e-02
-3.983335848242820498e-01 1.080499995974761429e+00 9.314374294758111239e-02
-6.835462886836767282e-01 1.164763375745677898e+00 7.219653064320880054e-02
-6.835462886836767282e-01 1.164763375745677898e+00 7.219653064320880054e-02
-6.835462886836767282e-01 1.164763375745677898e+00 7.219653064320880054e-02
-6.835462886836767282e-01 1.164763375745677898e+00 7.219653064320880054e-02
-5.530372632336564287e-01 1.044478826201482802e+00 1.253956354062071565e-01
-5.530372632336564287e-01 1.044478826201482802e+00 1.253956354062071565e-01
-5.530372632336564287e-01 1.044478826201482802e+00 1.253956354062071565e-01
-6.811082895758723277e-01 1.058867905971392132e+00 1.161022317786595121e-01
-6.811082895758723277e-01 1.058867905971392132e+00 1.161022317786595121e-01
-3.309882264801612961e-01 9.882526615695537142e-01 1.471776732718939884e-01
-3.309882264801612961e-01 9.882526615695537142e-01 1.471776732718939884e-01
-5.086934257006894278e-01 9.603010557803156599e-01 1.575152727117105078e-01
-5.086934257006894278e-01 9.603010557803156599e-01 1.575152727117105078e-01
-5.086934257006894278e-01 9.603010557803156599e-01 1.575152727117105078e-01
-5.086934257006894278e-01 9.603010557803156599e-01 1.575152727117105078e-01
-2.565310198641312378e-01 1.125518173073289940e+00 4.763161637781876401e-02
-4.653878650363477143e-01 9.851930747557230417e-01 1.528832613282389841e-01
-4.653878650363477143e-01 9.851930747557230417e-01 1.528832613282389841e-01
-4.653878650363477143e-01 9.851930747557230417e-01 1.528832613282389841e-01
-4.653878650363477143e-01 9.851930747557230417e-01 1.528832613282389841e-01
-3.142355888740336889e-01 6.868564586704097863e-01 1.220182168941492395e-01
-3.142355888740336889e-01 6.868564586704097863e-01 1.220182168941492395e-01
-5.450446360931555656e-01 8.203723052345707201e-01 1.226706196663873150e-01
-7.484219074471148980e-01 8.068153045071480012e-01 5.793148999735944077e-02
-2.125427531922402524e-01 1.062340184304074286e+00 7.720056693284797766e-02
-2.125427531922402524e-01 1.062340184304074286e+00 7.720056693284797766e-02
-6.176553792979371238e-01 7.767585126724005917e-01 7.781308051849876450e-02
-6.176553792979371238e-01 7.767585126724005917e-01 7.781308051849876450e-02
-6.176553792979371238e-01 7.767585126724005917e-01 7.781308051849876450e-02
-7.310431376469961329e-01 9.344258931122999545e-01 1.105632193503109095e-01
-7.310431376469961329e-01 9.344258931122999545e-01 1.105632193503109095e-01
-3.053667240282887385e-01 8.875009845446844015e-01 1.962238510543167225e-01
-1.862036478055292821e-01 8.256015551167570354e-01 2.211517327976868508e-01
-2.149919130625377595e-01 7.702309731459444642e-01 2.081415920969141575e-01
-2.149919130625377595e-01 7.702309731459444642e-01 2.081415920969141575e-01
-2.149919130625377595e-01 7.702309731459444642e-01 2.081415920969141575e-01
-2.149919130625377595e-01 7.702309731459444642e-01 2.081415920969141575e-01
-2.873114969726355272e-01 7.376945586917544873e-01 1.670206409137425518e-01
-2.873114969726355272e-01 7.376945586917544873e-01 1.670206409137425518e-01
1.025045592144148143e-01 4.386825533630724916e-01 7.352145757999739573e-02
1.025045592144148143e-01 4.386825533630724916e-01 7.352145757999739573e-02
4.837896264255941436e-01 4.342796933471322895e-01 1.931894889161830109e-01
3.035754743061573335e-01 8.354160926385694186e-01 1.388228258795310976e-01
1.501228981452267242e-01 8.130384370452571341e-01 2.057040536058567792e-01
1.501228981452267242e-01 8.130384370452571341e-01 2.057040536058567792e-01
-3.457220955831504239e-01 6.147037193792688203e-01 6.448990657593321740e-02
-3.457220955831504239e-01 6.147037193792688203e-01 6.448990657593321740e-02
