2.489132485845457765e-01 1.481402749648903505e-01 9.574562806620059985e-02
4.365084065913867328e-01 1.572756450132708483e-01 6.360005029538836618e-01
2.717602763494377793e-01 6.077947935560154002e-01 4.801566328333903844e-01
2.717602763494377793e-01 6.077947935560154002e-01 4.801566328333903844e-01
3.379342839032561385e-01 1.845385714353851014e-01 3.843884063790524719e-01
2.505368171516972331e-01 4.265333995654760901e-01 4.174894264723144621e-01
4.698133643819000227e-01 1.056440487214497237e-01 5.927881861515166273e-01
4.698133643819000227e-01 1.056440487214497237e-01 5.927881861515166273e-01
4.698133643819000227e-01 1.056440487214497237e-01 5.927881861515166273e-01
6.908169545727630423e-01 1.228377964570725178e-01 1.633748648272815018e-01
6.908169545727630423e-01 1.228377964570725178e-01 1.633748648272815018e-01
6.908169545727630423e-01 1.228377964570725178e-01 1.633748648272815018e-01
6.908169545727630423e-01 1.228377964570725178e-01 1.633748648272815018e-01
6.908169545727630423e-01 1.228377964570725178e-01 1.633748648272815018e-01
5.802095745355297929e-01 1.020664250443575893e-02 4.363717143421504963e-01
5.110561679797412937e-01 1.995618676796862001e-01 6.751316208441034972e-01
5.110561679797412937e-01 1.995618676796862001e-01 6.751316208441034972e-01
4.900240251501176703e-01 8.689113557771359353e-02 5.789289717053611728e-01
4.900240251501176703e-01 8.689113557771359353e-02 5.789289717053611728e-01
4.900240251501176703e-01 8.689113557771359353e-02 5.789289717053611728e-01
5.279425724886850357e-01 -1.940581726067432955e-01 1.435328422009213845e-01
5.279425724886850357e-01 -1.940581726067432955e-01 1.435328422009213845e-01
5.633513213738170489e-01 1.257769157997944420e-01 5.382259265527413739e-01
5.633513213738170489e-01 1.257769157997944420e-01 5.382259265527413739e-01
5.633513213738170489e-01 1.257769157997944420e-01 5.382259265527413739e-01
5.633513213738170489e-01 1.257769157997944420e-01 5.382259265527413739e-01
5.633513213738170489e-01 1.257769157997944420e-01 5.382259265527413739e-01
4.839915421089681646e-01 -2.840838975150616896e-02 3.461549253230142842e-01
4.839915421089681646e-01 -2.840838975150616896e-02 3.461549253230142842e-01
3.710534014014400528e-01 1.624962544226305761e-01 4.572257239958228414e-01
3.710534014014400528e-01 1.624962544226305761e-01 4.572257239958228414e-01
3.710534014014400528e-01 1.624962544226305761e-01 4.572257239958228414e-01
4.063209530576001871e-01 4.738788837841296786e-01 6.461030579638861182e-01
4.063209530576001871e-01 4.738788837841296786e-01 6.461030579638861182e-01
1.191334132053503692e-01 6.871349090295334472e-01 1.543168434397914346e-01
1.191334132053503692e-01 6.871349090295334472e-01 1.543168434397914346e-01
2.645106188768679423e-01 9.302296678136368069e-01 8.552420558594994726e-02
2.645106188768679423e-01 9.302296678136368069e-01 8.552420558594994726e-02
6.634084999670050165e-01 2.203232578260855279e-01 1.670932977808466668e-01
4.065827125274326104e-01 1.795785933433201031e-01 6.074201225030759765e-01
3.473658533082958355e-01 5.617708463688957377e-01 5.681976706309452840e-01
3.473658533082958355e-01 5.617708463688957377e-01 5.681976706309452840e-01
3.473658533082958355e-01 5.617708463688957377e-01 5.681976706309452840e-01
3.473658533082958355e-01 5.617708463688957377e-01 5.681976706309452840e-01
3.473658533082958355e-01 5.617708463688957377e-01 5.681976706309452840e-01
3.473658533082958355e-01 5.617708463688957377e-01 5.681976706309452840e-01
3.473658533082958355e-01 5.617708463688957377e-01 5.681976706309452840e-01
3.473658533082958355e-01 5.617708463688957377e-01 5.681976706309452840e-01
3.473658533082958355e-01 5.617708463688957377e-01 5.681976706309452840e-01
4.275374863152534566e-01 4.115281642170787180e-01 7.068316856987474361e-01
4.275374863152534566e-01 4.115281642170787180e-01 7.068316856987474361e-01
4.275374863152534566e-01 4.115281642170787180e-01 7.068316856987474361e-01
4.275374863152534566e-01 4.115281642170787180e-01 7.068316856987474361e-01
4.275374863152534566e-01 4.115281642170787180e-01 7.068316856987474361e-01
3.101108490000757945e-01 2.868228283272163393e-01 4.664116520400369281e-01
3.027636661828727593e-01 4.594943722330383507e-01 6.176276584497513156e-01
3.027636661828727593e-01 4.594943722330383507e-01 6.176276584497513156e-01
3.027636661828727593e-01 4.594943722330383507e-01 6.176276584497513156e-01
3.027636661828727593e-01 4.594943722330383507e-01 6.176276584497513156e-01
3.027636661828727593e-01 4.594943722330383507e-01 6.176276584497513156e-01
3.027636661828727593e-01 4.594943722330383507e-01 6.176276584497513156e-01
1.272574767350233282e-01 5.390847420329671902e-01 1.322561060122286747e-01
4.537407985388254295e-01 6.692680883203775410e-01 1.530976371247871615e-01
4.537407985388254295e-01 6.692680883203775410e-01 1.530976371247871615e-01
4.537407985388254295e-01 6.692680883203775410e-01 1.530976371247871615e-01
4.537407985388254295e-01 6.692680883203775410e-01 1.530976371247871615e-01
1.942730207221387007e-01 9.432408722761169706e-01 9.613407145895036532e-02
1.942730207221387007e-01 9.432408722761169706e-01 9.613407145895036532e-02
8.393184602309529396e-02 9.533219070892795521e-01 6.584252412185823133e-02
8.393184602309529396e-02 9.533219070892795521e-01 6.584252412185823133e-02
1.222380502930752316e-01 1.134782374045670617e+00 2.159596365340842386e-02
1.295582550110518649e-01 8.568336712507169661e-01 1.284814069395386893e-01
1.295582550110518649e-01 8.568336712507169661e-01 1.284814069395386893e-01
1.295582550110518649e-01 8.568336712507169661e-01 1.284814069395386893e-01
1.295582550110518649e-01 8.568336712507169661e-01 1.284814069395386893e-01
1.295582550110518649e-01 8.568336712507169661e-01 1.284814069395386893e-01
5.722025819067359798e-02 6.918061859644468736e-01 6.772228738147109683e-02
5.722025819067359798e-02 6.918061859644468736e-01 6.772228738147109683e-02
8.039919114100552155e-02 6.690678610029691109e-01 9.202261794776370185e-02
1.403760479774433800e-01 5.044563312511785025e-01 1.425462764885416511e-01
1.403760479774433800e-01 5.044563312511785025e-01 1.425462764885416511e-01
1.403760479774433800e-01 5.044563312511785025e-01 1.425462764885416511e-01
1.403760479774433800e-01 5.044563312511785025e-01 1.425462764885416511e-01
1.403760479774433800e-01 5.044563312511785025e-01 1.425462764885416511e-01
3.095545967567064349e-01 4.584364387658967921e-01 6.355294169081118216e-01
3.095545967567064349e-01 4.584364387658967921e-01 6.355294169081118216e-01
3.095545967567064349e-01 4.584364387658967921e-01 6.355294169081118216e-01
3.095545967567064349e-01 4.584364387658967921e-01 6.355294169081118216e-01
3.095545967567064349e-01 4.584364387658967921e-01 6.355294169081118216e-01
3.095545967567064349e-01 4.584364387658967921e-01 6.355294169081118216e-01
3.095545967567064349e-01 4.584364387658967921e-01 6.355294169081118216e-01
3.095545967567064349e-01 4.584364387658967921e-01 6.355294169081118216e-01
3.095545967567064349e-01 4.584364387658967921e-01 6.355294169081118216e-01
3.095545967567064349e-01 4.584364387658967921e-01 6.355294169081118216e-01
3.095545967567064349e-01 4.584364387658967921e-01 6.355294169081118216e-01
3.095545967567064349e-01 4.584364387658967921e-01 6.355294169081118216e-01
3.095545967567064349e-01 4.584364387658967921e-01 6.355294169081118216e-01
3.095545967567064349e-01 4.584364387658967921e-01 6.355294169081118216e-01
3.095545967567064349e-01 4.584364387658967921e-01 6.355294169081118216e-01
3.095545967567064349e-01 4.584364387658967921e-01 6.355294169081118216e-01
