2.489132485845457765e-01 1.481402749648903505e-01 1.467820136474184490e-03
2.489132485845457765e-01 1.481402749648903505e-01 1.467820136474184490e-03
1.969670178249176284e-01 2.460727801177223784e-01 3.059609929852289811e-03
1.969670178249176284e-01 2.460727801177223784e-01 3.059609929852289811e-03
9.708009028884261038e-02 5.558566895902252725e-01 2.021750499511767996e-02
4.065029042969227069e-01 7.499606267299834261e-01 5.217631958861865954e-02
4.065029042969227069e-01 7.499606267299834261e-01 5.217631958861865954e-02
4.067473223790357140e-01 7.765616037880721523e-01 4.880427689098031790e-02
6.060240326141315137e-01 7.418992136587833075e-01 4.707046279749736023e-02
5.312940660905889345e-01 9.105940237249139368e-01 2.122955332954298835e-02
-5.567805764205369101e-02 5.492037473454129959e-01 9.276938846425358820e-03
-5.567805764205369101e-02 5.492037473454129959e-01 9.276938846425358820e-03
-5.567805764205369101e-02 5.492037473454129959e-01 9.276938846425358820e-03
1.781857035970868808e-01 2.784094042465110053e-01 3.765004616529492136e-03
-5.519746861935492799e-02 6.010798348646537725e-01 1.298436302740087200e-02
-5.519746861935492799e-02 6.010798348646537725e-01 1.298436302740087200e-02
-5.519746861935492799e-02 6.010798348646537725e-01 1.298436302740087200e-02
-1.568618161784197662e-01 7.391520438026971673e-01 1.644954385857735207e-02
-1.568618161784197662e-01 7.391520438026971673e-01 1.644954385857735207e-02
-8.294907332507761577e-03 6.642676105899578687e-01 2.178215139176800305e-02
-5.419483084238455040e-02 4.787764549973927419e-01 5.435879565098985199e-03
4.640791107857944464e-01 3.380608880489360257e-01 2.817928962078669608e-02
4.640791107857944464e-01 3.380608880489360257e-01 2.817928962078669608e-02
5.655686722885848727e-01 4.254090057943242242e-01 5.707522954052339503e-02
5.655686722885848727e-01 4.254090057943242242e-01 5.707522954052339503e-02
6.735826382153176084e-01 4.104764266134313666e-01 6.912588895924137722e-02
6.735826382153176084e-01 4.104764266134313666e-01 6.912588895924137722e-02
6.735826382153176084e-01 4.104764266134313666e-01 6.912588895924137722e-02
4.325672322102855349e-01 5.101580930781571821e-01 5.201371806243850621e-02
3.998923192409077343e-01 7.109651335056613730e-01 5.584899837529517380e-02
3.998923192409077343e-01 7.109651335056613730e-01 5.584899837529517380e-02
3.998923192409077343e-01 7.109651335056613730e-01 5.584899837529517380e-02
3.982455577888163734e-01 4.023864143292405493e-01 3.090874851492245168e-02
5.315209216913938661e-01 5.108038342754372962e-01 6.391245776965574776e-02
5.315209216913938661e-01 5.108038342754372962e-01 6.391245776965574776e-02
4.842313067497192591e-01 7.449070532210886331e-01 5.189832467557330131e-02
5.435160601316847417e-01 5.625845130691049523e-01 6.783951187839540320e-02
5.200058933666295014e-01 5.557732288770212969e-01 6.577211751206919754e-02
5.200058933666295014e-01 5.557732288770212969e-01 6.577211751206919754e-02
3.695085455405560659e-01 6.020685266027980820e-01 5.409758578080778313e-02
3.695085455405560659e-01 6.020685266027980820e-01 5.409758578080778313e-02
3.695085455405560659e-01 6.020685266027980820e-01 5.409758578080778313e-02
5.354247719092078972e-01 7.016600444514347057e-01 5.728368575537580443e-02
5.682615886481225953e-01 6.403238418335822635e-01 6.500824596257762100e-02
6.396281262400035361e-01 5.689157712800866351e-01 7.243879385597842835e-02
6.396281262400035361e-01 5.689157712800866351e-01 7.243879385597842835e-02
5.297931313568511325e-01 8.760705286375327638e-01 2.673992868899129072e-02
5.297931313568511325e-01 8.760705286375327638e-01 2.673992868899129072e-02
5.574929164516503333e-01 9.337564491627506902e-01 1.663762553586619133e-02
1.163926743809758468e+00 6.632862836117900951e-01 1.614377291234873543e-02
6.532096767181670982e-01 5.412971734386973210e-01 7.436900131755082299e-02
6.532096767181670982e-01 5.412971734386973210e-01 7.436900131755082299e-02
1.300911494911074495e+00 4.758876211616136498e-02 7.771622251946706805e-02
1.831660088699361921e+00 -1.766808887708547215e-01 6.770222214591654908e-02
1.831660088699361921e+00 -1.766808887708547215e-01 6.770222214591654908e-02
1.831660088699361921e+00 -1.766808887708547215e-01 6.770222214591654908e-02
1.596845805895985126e+00 -1.688168829591895626e-01 5.668752745754101346e-02
1.596845805895985126e+00 -1.688168829591895626e-01 5.668752745754101346e-02
1.509359979711489830e+00 2.445062063546997178e-01 6.615180510425223981e-02
1.509359979711489830e+00 2.445062063546997178e-01 6.615180510425223981e-02
1.712112120823720884e+00 8.103577367347850058e-02 7.052131770674008315e-02
1.712112120823720884e+00 8.103577367347850058e-02 7.052131770674008315e-02
1.712736366697045653e+00 -1.191626540657642064e-01 7.363367661403698305e-02
1.388786777270137218e+00 -5.366064843216762636e-02 6.326130785249903243e-02
1.518157334853123208e+00 6.255234403751519512e-02 8.898002848509033169e-02
1.573141857441437974e+00 4.429746815819562977e-04 8.529959759418494214e-02
1.573141857441437974e+00 4.429746815819562977e-04 8.529959759418494214e-02
1.573141857441437974e+00 4.429746815819562977e-04 8.529959759418494214e-02
1.573141857441437974e+00 4.429746815819562977e-04 8.529959759418494214e-02
1.444383192059688126e+00 1.927605270873422594e-01 8.487718469200722371e-02
1.578729371208414500e+00 1.458492110865292068e-02 8.608706534163435009e-02
1.861523441715799754e+00 -3.772212397761882663e-01 3.299716034241778617e-02
1.861523441715799754e+00 -3.772212397761882663e-01 3.299716034241778617e-02
1.527457243300887724e+00 -2.383693675960522340e-01 3.358856035760379027e-02
1.527457243300887724e+00 -2.383693675960522340e-01 3.358856035760379027e-02
1.425643698618344724e+00 -2.793269478202306533e-02 7.342547781373014171e-02
1.425872100562955769e+00 -3.747078725446596759e-02 7.126194834501117792e-02
1.425872100562955769e+00 -3.747078725446596759e-02 7.126194834501117792e-02
1.309675512976616663e+00 1.386495371021970180e-01 9.249263030013345210e-02
1.246280442112613684e+00 2.403635201946016653e-01 9.357283093088759884e-02
1.262488841373474724e+00 6.415922305540310289e-01 1.248252134074977551e-02
1.262488841373474724e+00 6.415922305540310289e-01 1.248252134074977551e-02
1.020247375153142899e+00 7.431352900144461149e-01 1.493687779926100578e-02
8.534213255480942451e-01 7.820914826867797487e-01 2.054377531698366177e-02
1.351286548463929371e+00 7.011894127303457402e-01 4.167248048603346307e-03
1.608260663655125544e+00 4.460210752451965743e-01 1.320153360545091130e-02
1.212280837970369118e+00 2.544304186748221897e-01 9.376575326585519232e-02
1.212280837970369118e+00 2.544304186748221897e-01 9.376575326585519232e-02
1.212280837970369118e+00 2.544304186748221897e-01 9.376575326585519232e-02
1.212280837970369118e+00 2.544304186748221897e-01 9.376575326585519232e-02
1.212280837970369118e+00 2.544304186748221897e-01 9.376575326585519232e-02
1.131265524009917645e+00 8.266949649217364415e-02 6.490801401038802376e-02
1.131265524009917645e+00 8.266949649217364415e-02 6.490801401038802376e-02
1.543678495243508308e+00 2.015848545433030214e-01 7.084629096645929380e-02
1.398594596916918897e+00 7.927118962885366937e-02 8.986106406892331588e-02
1.398594596916918897e+00 7.927118962885366937e-02 8.986106406892331588e-02
1.398594596916918897e+00 7.927118962885366937e-02 8.986106406892331588e-02
1.398594596916918897e+00 7.927118962885366937e-02 8.986106406892331588e-02
1.398594596916918897e+00 7.927118962885366937e-02 8.986106406892331588e-02
1.398594596916918897e+00 7.927118962885366937e-02 8.986106406892331588e-02
