2.489132485845457765e-01 1.481402749648903505e-01 2.208386931387204457e-03
2.610113331628576283e-01 2.804085344818192382e-01 1.529039344211237036e-02
4.266975034070157324e-01 5.608170345714866833e-01 1.913534098988384780e-01
4.266975034070157324e-01 5.608170345714866833e-01 1.913534098988384780e-01
4.266975034070157324e-01 5.608170345714866833e-01 1.913534098988384780e-01
4.626469631446019637e-01 7.131006015500112039e-01 1.921971889136696310e-01
7.351170342747934683e-01 3.085711289818318104e-01 1.013108113574045788e-01
7.351170342747934683e-01 3.085711289818318104e-01 1.013108113574045788e-01
7.351170342747934683e-01 3.085711289818318104e-01 1.013108113574045788e-01
6.795683393485146828e-01 4.163538999235309457e-01 1.553897057193341924e-01
9.932368714296148093e-01 4.803165387896793925e-01 1.468581060970977348e-01
9.932368714296148093e-01 4.803165387896793925e-01 1.468581060970977348e-01
8.389074383805764645e-01 6.892316958557083151e-01 9.344457281618970268e-02
8.802291331809223296e-01 3.309031329662132093e-01 1.363794455284122742e-01
8.802291331809223296e-01 3.309031329662132093e-01 1.363794455284122742e-01
1.124002451250387224e+00 4.735701702683223213e-01 1.151201763343189105e-01
1.124002451250387224e+00 4.735701702683223213e-01 1.151201763343189105e-01
8.568894146541581325e-01 2.504914605542311046e-01 8.969860894840700483e-02
8.568894146541581325e-01 2.504914605542311046e-01 8.969860894840700483e-02
6.672089110737997597e-01 1.941195244204357850e-01 3.412276541126569446e-02
6.672089110737997597e-01 1.941195244204357850e-01 3.412276541126569446e-02
6.672089110737997597e-01 1.941195244204357850e-01 3.412276541126569446e-02
6.672089110737997597e-01 1.941195244204357850e-01 3.412276541126569446e-02
6.593959435424867621e-01 4.468542747581815688e-01 1.684738014074237122e-01
7.942331694903100869e-01 5.116400758166455010e-01 1.809445356742225286e-01
7.942331694903100869e-01 5.116400758166455010e-01 1.809445356742225286e-01
1.299828080767167382e+00 4.033904735390094198e-01 9.408106226647891535e-02
1.288288287376178731e+00 2.325189941941644689e-01 1.111052962495728824e-01
1.288288287376178731e+00 2.325189941941644689e-01 1.111052962495728824e-01
1.288288287376178731e+00 2.325189941941644689e-01 1.111052962495728824e-01
1.288288287376178731e+00 2.325189941941644689e-01 1.111052962495728824e-01
1.093938951868091092e+00 5.778573966923091776e-01 7.824740269126197190e-02
1.093938951868091092e+00 5.778573966923091776e-01 7.824740269126197190e-02
9.939656777611809435e-01 3.378415126336725138e-01 1.452492414771915930e-01
1.045801563467868789e+00 3.090141894192410255e-01 1.365978015185726202e-01
7.749630567807224146e-01 3.158733144817200689e-01 1.129872165235848436e-01
7.749630567807224146e-01 3.158733144817200689e-01 1.129872165235848436e-01
8.009760685818027026e-01 6.514198181117115682e-01 1.266685473514234384e-01
8.009760685818027026e-01 6.514198181117115682e-01 1.266685473514234384e-01
8.009760685818027026e-01 6.514198181117115682e-01 1.266685473514234384e-01
8.009760685818027026e-01 6.514198181117115682e-01 1.266685473514234384e-01
1.124132778486703899e+00 4.443108461312421653e-01 1.250438459459666252e-01
1.151552725799772414e+00 7.640832758671112224e-01 1.175455754218946054e-02
1.151552725799772414e+00 7.640832758671112224e-01 1.175455754218946054e-02
4.035930953681893252e-01 6.076115436049284169e-01 2.063163638863901028e-01
4.035930953681893252e-01 6.076115436049284169e-01 2.063163638863901028e-01
4.035930953681893252e-01 6.076115436049284169e-01 2.063163638863901028e-01
7.096944901932140670e-01 4.866974396512974144e-01 1.859989124654501114e-01
7.096944901932140670e-01 4.866974396512974144e-01 1.859989124654501114e-01
7.096944901932140670e-01 4.866974396512974144e-01 1.859989124654501114e-01
7.096944901932140670e-01 4.866974396512974144e-01 1.859989124654501114e-01
1.237935692894559292e+00 2.071941096554510975e-01 1.061874557401081692e-01
1.237935692894559292e+00 2.071941096554510975e-01 1.061874557401081692e-01
1.591462196228898618e+00 8.614583527582159173e-02 7.106450984283455008e-02
1.591462196228898618e+00 8.614583527582159173e-02 7.106450984283455008e-02
1.591462196228898618e+00 8.614583527582159173e-02 7.106450984283455008e-02
1.591462196228898618e+00 8.614583527582159173e-02 7.106450984283455008e-02
1.154263757252757649e+00 2.012196906977145316e-01 1.009704648362354518e-01
1.154263757252757649e+00 2.012196906977145316e-01 1.009704648362354518e-01
1.317633961326283520e+00 2.048024143790211360e-01 1.043132114956518280e-01
1.335539198289479978e+00 8.376771824038937997e-02 6.774067122317567469e-02
1.335539198289479978e+00 8.376771824038937997e-02 6.774067122317567469e-02
1.335539198289479978e+00 8.376771824038937997e-02 6.774067122317567469e-02
1.251351150646327071e+00 1.479397336304652533e-01 8.607539293538268854e-02
1.420994223356524033e+00 2.474880221197376939e-01 9.816944492366834474e-02
1.420994223356524033e+00 2.474880221197376939e-01 9.816944492366834474e-02
1.266994108110714112e+00 2.392380742366888302e-01 1.135109906520310463e-01
1.266994108110714112e+00 2.392380742366888302e-01 1.135109906520310463e-01
1.266994108110714112e+00 2.392380742366888302e-01 1.135109906520310463e-01
1.266994108110714112e+00 2.392380742366888302e-01 1.135109906520310463e-01
1.266994108110714112e+00 2.392380742366888302e-01 1.135109906520310463e-01
1.266994108110714112e+00 2.392380742366888302e-01 1.135109906520310463e-01
8.747628453910178958e-01 3.923794880980132627e-01 1.611041265508110498e-01
1.042392923308669062e+00 2.873585804619450679e-01 1.290836852791016343e-01
9.708631406623595694e-01 2.750422723521801505e-01 1.185610588988682407e-01
1.069290798166789624e+00 4.024433485019570655e-01 1.454994180699134276e-01
1.069290798166789624e+00 4.024433485019570655e-01 1.454994180699134276e-01
1.069290798166789624e+00 4.024433485019570655e-01 1.454994180699134276e-01
1.069290798166789624e+00 4.024433485019570655e-01 1.454994180699134276e-01
1.182165865717803355e+00 6.683732847086581996e-01 2.726814108638212983e-02
1.182165865717803355e+00 6.683732847086581996e-01 2.726814108638212983e-02
1.182165865717803355e+00 6.683732847086581996e-01 2.726814108638212983e-02
1.182165865717803355e+00 6.683732847086581996e-01 2.726814108638212983e-02
1.182165865717803355e+00 6.683732847086581996e-01 2.726814108638212983e-02
9.201223796460007431e-01 5.314022495616514963e-01 1.488700767759477683e-01
8.986568825117474679e-01 4.725090425009039197e-01 1.680242694252521707e-01
8.986568825117474679e-01 4.725090425009039197e-01 1.680242694252521707e-01
7.652771140133367567e-01 5.671160243014012892e-01 1.757005765023486599e-01
7.652771140133367567e-01 5.671160243014012892e-01 1.757005765023486599e-01
8.044235727103862255e-01 4.345639932634681735e-01 1.728481404532664911e-01
8.044235727103862255e-01 4.345639932634681735e-01 1.728481404532664911e-01
8.044235727103862255e-01 4.345639932634681735e-01 1.728481404532664911e-01
8.044235727103862255e-01 4.345639932634681735e-01 1.728481404532664911e-01
8.044235727103862255e-01 4.345639932634681735e-01 1.728481404532664911e-01
8.044235727103862255e-01 4.345639932634681735e-01 1.728481404532664911e-01
3.451857124688937350e-01 4.616144841022086220e-01 1.098975909551418995e-01
3.451857124688937350e-01 4.616144841022086220e-01 1.098975909551418995e-01
2.414133512243175905e-01 5.991356960104444740e-01 1.744437255794004105e-01
2.414133512243175905e-01 5.991356960104444740e-01 1.744437255794004105e-01
3.543120000115880242e-01 6.453841355462270890e-01 2.121433640659600439e-01
