2.489132485845457765e-01 1.481402749648903505e-01 2.972913439331015262e-02
2.489132485845457765e-01 1.481402749648903505e-01 2.972913439331015262e-02
5.743516674783364362e-01 4.196891228895915926e-01 5.150198379559473016e-01
5.743516674783364362e-01 4.196891228895915926e-01 5.150198379559473016e-01
8.692004973417072344e-01 1.015100422193814245e-01 4.511343766900067220e-01
6.787030609853195173e-01 2.597616424089105314e-01 6.610629638600710178e-01
8.867598111809112948e-01 1.151986512719296862e-02 5.404848634314607381e-01
8.867598111809112948e-01 1.151986512719296862e-02 5.404848634314607381e-01
8.867598111809112948e-01 1.151986512719296862e-02 5.404848634314607381e-01
7.725681955166443515e-01 -1.774691520858445448e-01 5.162307336275955283e-01
7.725681955166443515e-01 -1.774691520858445448e-01 5.162307336275955283e-01
9.392322733075095798e-01 -2.398459040309257884e-01 4.972363110134562225e-01
9.392322733075095798e-01 -2.398459040309257884e-01 4.972363110134562225e-01
9.392322733075095798e-01 -2.398459040309257884e-01 4.972363110134562225e-01
9.392322733075095798e-01 -2.398459040309257884e-01 4.972363110134562225e-01
8.191964522617320998e-01 -8.966575105756657837e-02 6.978454493356300858e-01
6.856593722849413375e-01 2.585639298007013642e-01 6.490938973259479106e-01
8.440067729591361756e-01 -4.630015340979654059e-02 6.882278130034669150e-01
8.440067729591361756e-01 -4.630015340979654059e-02 6.882278130034669150e-01
8.440067729591361756e-01 -4.630015340979654059e-02 6.882278130034669150e-01
8.440067729591361756e-01 -4.630015340979654059e-02 6.882278130034669150e-01
8.440067729591361756e-01 -4.630015340979654059e-02 6.882278130034669150e-01
8.440067729591361756e-01 -4.630015340979654059e-02 6.882278130034669150e-01
8.440067729591361756e-01 -4.630015340979654059e-02 6.882278130034669150e-01
8.237929420018090809e-01 2.068055347918476006e-01 3.856068288680382095e-01
7.996247653110981624e-01 2.435769016415814670e-01 3.796967583832618343e-01
7.996247653110981624e-01 2.435769016415814670e-01 3.796967583832618343e-01
7.772507695166352981e-01 -1.686256176854636912e-01 5.425845263041901845e-01
7.772507695166352981e-01 -1.686256176854636912e-01 5.425845263041901845e-01
7.772507695166352981e-01 -1.686256176854636912e-01 5.425845263041901845e-01
8.395317143788422198e-01 -9.163625356199237015e-02 6.850810462716070415e-01
8.395317143788422198e-01 -9.163625356199237015e-02 6.850810462716070415e-01
8.395317143788422198e-01 -9.163625356199237015e-02 6.850810462716070415e-01
8.395317143788422198e-01 -9.163625356199237015e-02 6.850810462716070415e-01
9.980480261600069847e-01 -4.914565505925585359e-02 3.075173211175341592e-01
9.179028545509955173e-01 -2.278932369912620715e-01 5.225325206074175055e-01
9.179028545509955173e-01 -2.278932369912620715e-01 5.225325206074175055e-01
9.179028545509955173e-01 -2.278932369912620715e-01 5.225325206074175055e-01
9.702161719148109098e-01 7.952869828638009508e-02 2.158932792565848302e-01
9.702161719148109098e-01 7.952869828638009508e-02 2.158932792565848302e-01
9.485778846888202054e-01 -4.106198092745918515e-01 2.815585346069081618e-01
9.485778846888202054e-01 -4.106198092745918515e-01 2.815585346069081618e-01
9.485778846888202054e-01 -4.106198092745918515e-01 2.815585346069081618e-01
9.485778846888202054e-01 -4.106198092745918515e-01 2.815585346069081618e-01
9.485778846888202054e-01 -4.106198092745918515e-01 2.815585346069081618e-01
9.485778846888202054e-01 -4.106198092745918515e-01 2.815585346069081618e-01
9.485778846888202054e-01 -4.106198092745918515e-01 2.815585346069081618e-01
9.485778846888202054e-01 -4.106198092745918515e-01 2.815585346069081618e-01
6.354810664153391908e-01 3.378595265606620934e-02 6.607178478516751996e-01
7.259295607443048137e-01 1.926445617937768209e-02 7.829423882096288034e-01
7.259295607443048137e-01 1.926445617937768209e-02 7.829423882096288034e-01
7.259295607443048137e-01 1.926445617937768209e-02 7.829423882096288034e-01
7.259295607443048137e-01 1.926445617937768209e-02 7.829423882096288034e-01
7.259295607443048137e-01 1.926445617937768209e-02 7.829423882096288034e-01
5.388253294092084644e-01 1.960152695254961941e-01 6.564425499420775134e-01
5.388253294092084644e-01 1.960152695254961941e-01 6.564425499420775134e-01
5.388253294092084644e-01 1.960152695254961941e-01 6.564425499420775134e-01
5.388253294092084644e-01 1.960152695254961941e-01 6.564425499420775134e-01
4.761738311000255353e-01 1.683523004445697246e-02 2.011018764982072660e-01
4.546745940424657961e-01 2.382529876157633841e-02 1.684018516940855581e-01
6.392303692635383783e-01 9.357514975877005009e-03 6.230581795755653074e-01
6.392303692635383783e-01 9.357514975877005009e-03 6.230581795755653074e-01
6.392303692635383783e-01 9.357514975877005009e-03 6.230581795755653074e-01
6.392303692635383783e-01 9.357514975877005009e-03 6.230581795755653074e-01
6.392303692635383783e-01 9.357514975877005009e-03 6.230581795755653074e-01
6.261864786201720712e-01 -2.922517876906668977e-01 7.842597231545077319e-02
6.261864786201720712e-01 -2.922517876906668977e-01 7.842597231545077319e-02
6.261864786201720712e-01 -2.922517876906668977e-01 7.842597231545077319e-02
5.906765998791826400e-01 -2.801835115774934382e-01 5.783244288227955970e-02
6.366279311658348261e-01 -3.092657703220309529e-01 7.469620897175882623e-02
7.894518278820085166e-01 2.472031082989815109e-01 4.004403578311760969e-01
8.651840434483581976e-01 -1.639137665829710211e-01 6.116353069448833280e-01
6.260008707136096584e-01 1.028203252306983395e-01 7.453765925602288123e-01
6.260008707136096584e-01 1.028203252306983395e-01 7.453765925602288123e-01
6.260008707136096584e-01 1.028203252306983395e-01 7.453765925602288123e-01
6.260008707136096584e-01 1.028203252306983395e-01 7.453765925602288123e-01
7.675797018484933343e-01 -2.201354948333644757e-01 4.156396003306153664e-01
8.499689618960964976e-01 -2.635499346903185658e-01 4.493933178850112453e-01
8.499689618960964976e-01 -2.635499346903185658e-01 4.493933178850112453e-01
1.029032880026411689e+00 -2.644200903045294537e-01 3.704616074479493704e-01
1.029032880026411689e+00 -2.644200903045294537e-01 3.704616074479493704e-01
1.029032880026411689e+00 -2.644200903045294537e-01 3.704616074479493704e-01
1.029032880026411689e+00 -2.644200903045294537e-01 3.704616074479493704e-01
9.569309291480261326e-01 -3.576808189717152198e-01 3.583537659459226088e-01
5.207049341179612600e-01 1.535178919406799958e-01 5.496751739090947053e-01
7.428627956063185156e-01 1.957846431575087087e-01 6.383839532514385962e-01
1.125451832389587459e+00 4.455308694237467004e-02 3.936640137466752842e-02
6.998936518633931403e-01 -3.241630274959657054e-01 1.256484774718761299e-01
6.998936518633931403e-01 -3.241630274959657054e-01 1.256484774718761299e-01
1.051154385374769795e+00 -1.736352023250862797e-01 2.949966074271579419e-01
1.051154385374769795e+00 -1.736352023250862797e-01 2.949966074271579419e-01
1.051154385374769795e+00 -1.736352023250862797e-01 2.949966074271579419e-01
8.950873732767172797e-01 2.713421567352393149e-01 1.287480609961700051e-01
6.652788457259439792e-01 -1.551025590265840970e-01 3.347378235423388304e-01
1.228619893563207999e+00 -3.003223039168712027e-01 8.239002553594870770e-02
1.228619893563207999e+00 -3.003223039168712027e-01 8.239002553594870770e-02
1.228619893563207999e+00 -3.003223039168712027e-01 8.239002553594870770e-02
1.228619893563207999e+00 -3.003223039168712027e-01 8.239002553594870770e-02
1.103407537844427244e+00 -2.664265478066598636e-01 2.400684888093411740e-01
1.103407537844427244e+00 -2.664265478066598636e-01 2.400684888093411740e-01
