2.489132485845457765e-01 1.481402749648903505e-01 1.368995170640967306e-03
-1.760599095852791174e-01 5.435163710327974851e-01 4.603141234731683573e-03
-1.760599095852791174e-01 5.435163710327974851e-01 4.603141234731683573e-03
-1.865326139785018489e-01 8.460788466659310281e-01 2.147675058310384577e-02
4.947154654463685741e-01 6.879865070671719041e-01 5.616478049091725572e-02
5.287755912431211236e-01 7.818700783641523433e-01 4.179842632876498015e-02
5.287755912431211236e-01 7.818700783641523433e-01 4.179842632876498015e-02
2.030723132033929179e-02 6.247692974654254217e-01 2.047227720160755063e-02
2.030723132033929179e-02 6.247692974654254217e-01 2.047227720160755063e-02
1.497343988282006100e-01 6.431628259572818029e-01 3.366823642576049352e-02
1.446269172368572498e-01 8.683098786454288565e-01 3.725224951099644077e-02
1.722960492619771411e-01 9.323465438740785594e-01 3.141292254539368445e-02
1.722960492619771411e-01 9.323465438740785594e-01 3.141292254539368445e-02
6.123153440497480782e-01 5.849905210985315573e-01 6.581026665253064678e-02
9.663067157325699874e-01 2.207765215922260493e-01 6.563267621717709666e-02
9.663067157325699874e-01 2.207765215922260493e-01 6.563267621717709666e-02
1.098421774016280716e+00 1.101313543020995961e-01 5.822360038966340606e-02
1.056793869901145655e+00 4.595926806269308162e-01 6.825990681979367258e-02
1.054617614032141937e+00 4.248502422999511641e-01 7.478306474698821760e-02
1.054617614032141937e+00 4.248502422999511641e-01 7.478306474698821760e-02
1.054617614032141937e+00 4.248502422999511641e-01 7.478306474698821760e-02
1.272290024988722568e+00 -8.575279709505934100e-02 3.395516090217289007e-02
1.272290024988722568e+00 -8.575279709505934100e-02 3.395516090217289007e-02
1.272290024988722568e+00 -8.575279709505934100e-02 3.395516090217289007e-02
1.272290024988722568e+00 -8.575279709505934100e-02 3.395516090217289007e-02
1.272290024988722568e+00 -8.575279709505934100e-02 3.395516090217289007e-02
1.852935675015609185e+00 -3.387059250551882617e-01 3.372623812591898224e-02
2.218674960827028642e+00 -1.833174773821778236e-01 4.316390854771337549e-02
2.116448487306735071e+00 -3.318229401784076327e-01 4.543957005280572364e-02
2.116448487306735071e+00 -3.318229401784076327e-01 4.543957005280572364e-02
2.177973898775141137e+00 -5.079225832037931321e-01 2.381978291570387152e-02
2.177973898775141137e+00 -5.079225832037931321e-01 2.381978291570387152e-02
2.177973898775141137e+00 -5.079225832037931321e-01 2.381978291570387152e-02
1.933300975550698686e+00 -6.204174518510787717e-01 4.685266049063142001e-03
1.933300975550698686e+00 -6.204174518510787717e-01 4.685266049063142001e-03
1.933300975550698686e+00 -6.204174518510787717e-01 4.685266049063142001e-03
2.023239154154649722e+00 -1.624153330304535792e-01 5.777000629501633649e-02
2.408314126391820409e+00 -4.421704852497247706e-02 1.238197231404486454e-02
2.617021714335414639e+00 -5.198752370510886234e-01 2.492675565227410808e-02
2.521014772976177820e+00 -1.244978132509441671e-01 1.208461153303916347e-02
2.521014772976177820e+00 -1.244978132509441671e-01 1.208461153303916347e-02
2.521014772976177820e+00 -1.244978132509441671e-01 1.208461153303916347e-02
2.138320528170948087e+00 -2.349378096644253455e-01 5.107463736455545439e-02
2.138320528170948087e+00 -2.349378096644253455e-01 5.107463736455545439e-02
2.138320528170948087e+00 -2.349378096644253455e-01 5.107463736455545439e-02
2.138320528170948087e+00 -2.349378096644253455e-01 5.107463736455545439e-02
2.138320528170948087e+00 -2.349378096644253455e-01 5.107463736455545439e-02
2.138320528170948087e+00 -2.349378096644253455e-01 5.107463736455545439e-02
2.104044320312445038e+00 -1.177054666504516733e-01 4.865468324320478682e-02
2.104044320312445038e+00 -1.177054666504516733e-01 4.865468324320478682e-02
1.557165030987815335e+00 2.695432635467714944e-01 5.209052640447658228e-02
1.557165030987815335e+00 2.695432635467714944e-01 5.209052640447658228e-02
1.557165030987815335e+00 2.695432635467714944e-01 5.209052640447658228e-02
1.355293366821146650e+00 1.167039635834816180e-01 8.235263783446626629e-02
1.524362952150028594e+00 -4.406891352523376049e-02 6.837470487311617107e-02
1.515342997584463891e+00 2.106742702117147814e-01 6.952166043662383332e-02
1.731096185721294534e+00 -1.784941734807125868e-01 5.640876006896670958e-02
2.230147812512740746e+00 -4.214726542290063716e-01 3.631073017382552975e-02
2.254702599655143747e+00 -5.481189138640815139e-01 2.148854117480637066e-02
2.528795281977805676e+00 -2.164555308450449855e-01 1.897370144267822301e-02
2.533653280282980091e+00 -3.875351870263251675e-01 2.906392973936545651e-02
2.533653280282980091e+00 -3.875351870263251675e-01 2.906392973936545651e-02
2.533653280282980091e+00 -3.875351870263251675e-01 2.906392973936545651e-02
2.776297640421074409e+00 -4.478119422455968945e-01 1.718511122703746466e-02
2.202876656058285754e+00 -7.126651435902567888e-01 5.467167849447360749e-03
2.678880000784992887e+00 -2.363463810613413152e-01 1.111539856495436657e-02
2.678880000784992887e+00 -2.363463810613413152e-01 1.111539856495436657e-02
2.582252941662321444e+00 -1.862125214458653644e-01 1.307850140367915193e-02
2.582252941662321444e+00 -1.862125214458653644e-01 1.307850140367915193e-02
2.031411838423977656e+00 2.345700577352058391e-01 1.008416656327587244e-02
2.031411838423977656e+00 2.345700577352058391e-01 1.008416656327587244e-02
2.426212318340452256e+00 -5.344300178168120974e-02 1.207111238358789078e-02
2.607180086708174471e+00 -1.040746006765341791e-01 6.744815335603197501e-03
2.294956593160192959e+00 -6.426956503727513370e-01 1.277157350534609097e-02
2.317158539202951673e+00 -5.504304269862039245e-01 2.303432654778175478e-02
2.184325435873821331e+00 -4.249545450303916505e-01 3.508703426488581772e-02
1.980443201733345537e+00 -3.040794350870980045e-01 4.644988970812631568e-02
1.980443201733345537e+00 -3.040794350870980045e-01 4.644988970812631568e-02
1.980443201733345537e+00 -3.040794350870980045e-01 4.644988970812631568e-02
1.980443201733345537e+00 -3.040794350870980045e-01 4.644988970812631568e-02
1.980443201733345537e+00 -3.040794350870980045e-01 4.644988970812631568e-02
1.465103160589714903e+00 -2.220398302697151882e-02 6.818148311795690919e-02
1.918066274029666562e+00 9.484375382399143350e-03 5.412791561855124362e-02
1.722335680055939511e+00 3.676224732383223670e-01 1.567479107942839830e-02
1.410474258827010052e+00 5.141383344729489879e-01 1.947891884275644581e-02
1.293923372827701757e+00 4.194736460381883192e-01 5.146555159301909738e-02
1.340796592341167770e+00 1.324338646013748511e-01 8.322559938075162200e-02
1.340796592341167770e+00 1.324338646013748511e-01 8.322559938075162200e-02
1.137385559702166704e+00 1.749851433753997210e-01 7.589708772344089249e-02
1.501143825264760201e+00 3.687715454754488809e-01 3.731968981675602703e-02
1.108126972896724016e+00 2.737277914768582177e-01 8.430555292975080994e-02
1.247009700449932978e+00 1.688589327200136214e-01 8.286705187206076795e-02
1.247009700449932978e+00 1.688589327200136214e-01 8.286705187206076795e-02
1.247009700449932978e+00 1.688589327200136214e-01 8.286705187206076795e-02
1.593799948079594575e+00 -1.769131084636267892e-01 4.626628307470053575e-02
1.284665497200113027e+00 -2.035453324571525890e-01 1.487535671278576895e-02
1.470172199263463098e+00 6.992240421372392101e-03 7.373799425240715189e-02
1.470172199263463098e+00 6.992240421372392101e-03 7.373799425240715189e-02
1.689659227236254502e+00 2.543238818020599964e-02 7.456163914383821811e-02
1.689659227236254502e+00 2.543238818020599964e-02 7.456163914383821811e-02
