2.489132485845457765e-01 1.481402749648903505e-01 1.882494025772513428e-03
6.304056007245009141e-01 -2.131892279389510647e-02 2.221160331761829181e-03
6.304056007245009141e-01 -2.131892279389510647e-02 2.221160331761829181e-03
4.238272379996756989e-01 4.719149781256873899e-01 8.067464107099778237e-02
4.262419176528939868e-01 4.744436735544672046e-01 8.187236933003592954e-02
4.262419176528939868e-01 4.744436735544672046e-01 8.187236933003592954e-02
4.262419176528939868e-01 4.744436735544672046e-01 8.187236933003592954e-02
4.262419176528939868e-01 4.744436735544672046e-01 8.187236933003592954e-02
4.262419176528939868e-01 4.744436735544672046e-01 8.187236933003592954e-02
4.465759486160103542e-01 2.425048662621166751e-01 1.775976279859784943e-02
3.126093950237023300e-01 6.835462327769071811e-01 1.216291631613625746e-01
2.794802743888727958e-01 8.571409612130362898e-01 9.830813882646131929e-02
3.581142027878333467e-01 8.207874701808119955e-01 9.448903358354278359e-02
3.581142027878333467e-01 8.207874701808119955e-01 9.448903358354278359e-02
1.492196079320484703e-01 8.629157602309122099e-01 1.191546787387955386e-01
5.130054748465298076e-01 9.429968911159236633e-01 2.720659594509002022e-02
3.360627819427191021e-01 7.709948335969553090e-01 1.121775947621680009e-01
3.360627819427191021e-01 7.709948335969553090e-01 1.121775947621680009e-01
3.360627819427191021e-01 7.709948335969553090e-01 1.121775947621680009e-01
8.304613092850717804e-01 6.101428354225499895e-01 6.490767455029278210e-02
8.304613092850717804e-01 6.101428354225499895e-01 6.490767455029278210e-02
8.304613092850717804e-01 6.101428354225499895e-01 6.490767455029278210e-02
8.304613092850717804e-01 6.101428354225499895e-01 6.490767455029278210e-02
2.965273186747535705e-01 6.982922423335310436e-01 1.226204701364086436e-01
2.965273186747535705e-01 6.982922423335310436e-01 1.226204701364086436e-01
6.156493382577795659e-01 9.460077302481075812e-01 1.570533719088070337e-02
6.677394158954610415e-01 8.988616495831758257e-01 1.849174646783091625e-02
6.677394158954610415e-01 8.988616495831758257e-01 1.849174646783091625e-02
1.503180719253629505e-01 8.714440329696064858e-01 1.170022649533082187e-01
3.196875020308588278e-01 6.615375991730606531e-01 1.197699063606351422e-01
7.819748602181987307e-01 3.437029563729672721e-01 7.969537964055130319e-02
7.819748602181987307e-01 3.437029563729672721e-01 7.969537964055130319e-02
5.962936924176528430e-01 4.911666821275510464e-01 1.014434403788975064e-01
3.950363314556077365e-01 3.968937576906843567e-01 5.059738674089519356e-02
7.294045081649713769e-01 2.391559852933939911e-01 4.549519698344125368e-02
4.450150605291249284e-01 4.801903711219414062e-01 8.627456632839827777e-02
5.394298425636009364e-01 9.939176110809027076e-01 1.496520443942606776e-02
5.394298425636009364e-01 9.939176110809027076e-01 1.496520443942606776e-02
2.672760962351359293e-01 1.035376704833909312e+00 3.880137957749158623e-02
5.555404843499969214e-01 7.857372043543153772e-01 6.562370937187922415e-02
5.555404843499969214e-01 7.857372043543153772e-01 6.562370937187922415e-02
5.555404843499969214e-01 7.857372043543153772e-01 6.562370937187922415e-02
2.753505671075314742e-01 5.635364369394699757e-01 9.115169272361436925e-02
1.042959071864014930e+00 9.417365920787751365e-02 3.862502274772182387e-02
1.283029708685164527e+00 1.787801479290205831e-01 5.993320748090703864e-02
1.407867995674951134e+00 -7.491305439887396833e-02 2.879668141139119647e-02
1.817712073290058239e+00 6.428201493299459668e-02 2.511163471324223684e-02
1.957280918080824605e+00 -1.390315171518585191e-01 2.435340988066619222e-02
1.957280918080824605e+00 -1.390315171518585191e-01 2.435340988066619222e-02
1.957280918080824605e+00 -1.390315171518585191e-01 2.435340988066619222e-02
1.957280918080824605e+00 -1.390315171518585191e-01 2.435340988066619222e-02
1.841882015655777360e+00 -4.257077865981498954e-01 6.396122195467417171e-03
1.211195366833343279e+00 -3.938180036490350755e-01 4.413000956201379942e-04
1.211195366833343279e+00 -3.938180036490350755e-01 4.413000956201379942e-04
1.211195366833343279e+00 -3.938180036490350755e-01 4.413000956201379942e-04
1.490435280409820873e+00 -2.774754302389489946e-01 7.966374438368470021e-03
1.490435280409820873e+00 -2.774754302389489946e-01 7.966374438368470021e-03
1.965023235948605729e+00 -1.661304442548305893e-03 1.941190626960167739e-02
2.221522053210584602e+00 -1.432813446417779968e-02 7.230238569348706144e-03
2.221522053210584602e+00 -1.432813446417779968e-02 7.230238569348706144e-03
2.405800197672935070e+00 -3.944432246747620052e-01 1.077221593233283238e-02
2.278520801755656855e+00 -9.982299627931962016e-02 8.838859551346859786e-03
2.077543342311257035e+00 -7.993898009258833259e-02 1.715138049399696218e-02
2.077543342311257035e+00 -7.993898009258833259e-02 1.715138049399696218e-02
2.077543342311257035e+00 -7.993898009258833259e-02 1.715138049399696218e-02
1.985268548003394029e+00 -2.102843768549604309e-01 2.211340410303379300e-02
1.992927316179680108e+00 -1.340950031592539338e-01 2.294031875248420116e-02
1.992927316179680108e+00 -1.340950031592539338e-01 2.294031875248420116e-02
1.615457179371582175e+00 -3.029396600262695971e-01 9.474512982169894931e-03
1.615457179371582175e+00 -3.029396600262695971e-01 9.474512982169894931e-03
1.641379413915236007e+00 -1.033025568836391794e-01 3.151223983401513912e-02
1.641379413915236007e+00 -1.033025568836391794e-01 3.151223983401513912e-02
1.641379413915236007e+00 -1.033025568836391794e-01 3.151223983401513912e-02
1.936513023537361544e+00 -2.438516642985675831e-01 2.092706555280519562e-02
1.995976617298891309e+00 3.021899665916694122e-02 1.539496507619591073e-02
1.968004729964000221e+00 -4.233647817812632996e-02 2.152195530851326935e-02
1.528284441684595318e+00 -9.957919683916459375e-02 2.973614075761760872e-02
1.528284441684595318e+00 -9.957919683916459375e-02 2.973614075761760872e-02
1.528284441684595318e+00 -9.957919683916459375e-02 2.973614075761760872e-02
8.499576683435147162e-01 1.904646300214685173e-02 1.155884313630671338e-02
8.499576683435147162e-01 1.904646300214685173e-02 1.155884313630671338e-02
6.107445784654165211e-01 1.704848717800471203e-01 1.814105022254815583e-02
6.107445784654165211e-01 1.704848717800471203e-01 1.814105022254815583e-02
6.107445784654165211e-01 1.704848717800471203e-01 1.814105022254815583e-02
6.107445784654165211e-01 1.704848717800471203e-01 1.814105022254815583e-02
6.107445784654165211e-01 1.704848717800471203e-01 1.814105022254815583e-02
6.107445784654165211e-01 1.704848717800471203e-01 1.814105022254815583e-02
6.107445784654165211e-01 1.704848717800471203e-01 1.814105022254815583e-02
6.107445784654165211e-01 1.704848717800471203e-01 1.814105022254815583e-02
1.155120738922364110e+00 1.579261436492353232e-01 5.856686920684550657e-02
1.128084166370950880e+00 8.692735151687816519e-02 4.322595477235511435e-02
1.399508838874285566e+00 7.328952921735988613e-02 4.929677128821371990e-02
1.399508838874285566e+00 7.328952921735988613e-02 4.929677128821371990e-02
1.399508838874285566e+00 7.328952921735988613e-02 4.929677128821371990e-02
1.592463785730318326e+00 1.045329610676851428e-01 4.044046797085260048e-02
1.912205368960870899e+00 8.150944036985177665e-02 1.693311539044307923e-02
1.935199837180411553e+00 1.123293492762648255e-01 1.313429951672024504e-02
2.243228741693911843e+00 -1.271015654322095456e-02 6.422963530890610402e-03
2.243228741693911843e+00 -1.271015654322095456e-02 6.422963530890610402e-03
2.243228741693911843e+00 -1.271015654322095456e-02 6.422963530890610402e-03
