2.489132485845457765e-01 1.481402749648903505e-01 1.971899492734471761e-03
3.692277821186846776e-01 1.059823945441882853e-01 2.517640190758130454e-03
1.127609508069820632e-01 2.077660829157274569e-01 1.738893769651147754e-03
1.127609508069820632e-01 2.077660829157274569e-01 1.738893769651147754e-03
6.139092511960675402e-01 2.709947136823979141e-01 5.156080966645045643e-02
9.608389975653424120e-01 1.720431040875157191e-01 7.224851206438490103e-02
1.199995936173881006e+00 3.862298197146770695e-01 1.093908099411302487e-01
1.199995936173881006e+00 3.862298197146770695e-01 1.093908099411302487e-01
1.066390193975893075e+00 2.738591607299681874e-01 1.224590257263331317e-01
1.066390193975893075e+00 2.738591607299681874e-01 1.224590257263331317e-01
1.066390193975893075e+00 2.738591607299681874e-01 1.224590257263331317e-01
1.255146317475966278e+00 2.769764463406467203e-01 1.171209790800946393e-01
1.255146317475966278e+00 2.769764463406467203e-01 1.171209790800946393e-01
1.377839872422828016e+00 4.007537409139556583e-01 6.719674574397896394e-02
1.256276507828176348e+00 3.771080129361575883e-01 1.004795763153510518e-01
1.388483051929946033e+00 2.838000125410150565e-01 9.692215127991954393e-02
1.388483051929946033e+00 2.838000125410150565e-01 9.692215127991954393e-02
1.388483051929946033e+00 2.838000125410150565e-01 9.692215127991954393e-02
1.413147798635162600e+00 2.293474820535870151e-01 1.009716170305246657e-01
1.494728075270153500e+00 2.138813468179298349e-01 9.072994114862757697e-02
1.494728075270153500e+00 2.138813468179298349e-01 9.072994114862757697e-02
1.494728075270153500e+00 2.138813468179298349e-01 9.072994114862757697e-02
9.708969474238068331e-01 2.989115082961175118e-01 1.227836834828106294e-01
9.708969474238068331e-01 2.989115082961175118e-01 1.227836834828106294e-01
9.708969474238068331e-01 2.989115082961175118e-01 1.227836834828106294e-01
7.743315661291029217e-01 3.885613164375399942e-01 1.301878389146512716e-01
6.785075096892788649e-01 6.802553149827774703e-01 1.190558723906191274e-01
7.550506262919196576e-01 2.317575752902470976e-01 6.123612254567036700e-02
7.550506262919196576e-01 2.317575752902470976e-01 6.123612254567036700e-02
7.550506262919196576e-01 2.317575752902470976e-01 6.123612254567036700e-02
3.194347170644845635e-01 3.822200266119188949e-01 4.045884071279338273e-02
3.194347170644845635e-01 3.822200266119188949e-01 4.045884071279338273e-02
3.194347170644845635e-01 3.822200266119188949e-01 4.045884071279338273e-02
9.018119811123166407e-01 9.545301317536974972e-02 3.581879648534120469e-02
1.183161830906955148e+00 1.669212666150524660e-01 9.979643416256775423e-02
1.183161830906955148e+00 1.669212666150524660e-01 9.979643416256775423e-02
1.183161830906955148e+00 1.669212666150524660e-01 9.979643416256775423e-02
1.183161830906955148e+00 1.669212666150524660e-01 9.979643416256775423e-02
9.997749164658048526e-01 1.776826255172055113e-01 8.079243685234184513e-02
1.279701073447324200e+00 7.346338984380057502e-02 7.769692533169067494e-02
1.279701073447324200e+00 7.346338984380057502e-02 7.769692533169067494e-02
1.075028356985052058e+00 2.961706555326165113e-01 1.272908692828745580e-01
9.331293900025486865e-01 5.413098333286582298e-01 1.175418255379049454e-01
9.331293900025486865e-01 5.413098333286582298e-01 1.175418255379049454e-01
9.331293900025486865e-01 5.413098333286582298e-01 1.175418255379049454e-01
7.173724634432409042e-01 6.579520712591087062e-01 1.198463578761895104e-01
1.035357847831471334e+00 7.140713874633014546e-01 3.184176790487939362e-02
4.677162322003282080e-01 1.131308282324827053e+00 8.055902899897859556e-03
4.730138489202612706e-01 1.020683565687786398e+00 2.547615422106891750e-02
4.730138489202612706e-01 1.020683565687786398e+00 2.547615422106891750e-02
4.730138489202612706e-01 1.020683565687786398e+00 2.547615422106891750e-02
4.730138489202612706e-01 1.020683565687786398e+00 2.547615422106891750e-02
7.852993298185435567e-01 6.973722664233297230e-01 8.731255851695197967e-02
7.852993298185435567e-01 6.973722664233297230e-01 8.731255851695197967e-02
6.266947783382627035e-01 5.877876023879260448e-01 1.514997434873621984e-01
5.595944310656277842e-01 7.093001303641304212e-01 1.308737675052350780e-01
2.238386724156415930e-01 5.199380555219018651e-01 7.404203740957439328e-02
5.698980272867408825e-01 8.974335123311237838e-01 4.880509393022361420e-02
8.569427664894768704e-01 5.203982334597532233e-01 1.378820777425123767e-01
7.536930386828193384e-01 8.268183421347375939e-01 4.195125032321549846e-02
1.003579764452176448e+00 8.619539625240896230e-01 8.585822331011908753e-03
6.771489146007232396e-01 7.527913499937324282e-01 8.738686083560699702e-02
6.771489146007232396e-01 7.527913499937324282e-01 8.738686083560699702e-02
8.137729792496734005e-01 7.253218844433871881e-01 6.872523968068047773e-02
8.137729792496734005e-01 7.253218844433871881e-01 6.872523968068047773e-02
8.137729792496734005e-01 7.253218844433871881e-01 6.872523968068047773e-02
5.402198741764796530e-01 6.389695571352097536e-01 1.509854143381289537e-01
5.402198741764796530e-01 6.389695571352097536e-01 1.509854143381289537e-01
5.402198741764796530e-01 6.389695571352097536e-01 1.509854143381289537e-01
1.725270388496321639e-01 1.138992191659322639e+00 2.966896012498926663e-02
4.556555263123206467e-01 7.041548471623558791e-01 1.461945478603186854e-01
4.556555263123206467e-01 7.041548471623558791e-01 1.461945478603186854e-01
4.556555263123206467e-01 7.041548471623558791e-01 1.461945478603186854e-01
4.556555263123206467e-01 7.041548471623558791e-01 1.461945478603186854e-01
4.556555263123206467e-01 7.041548471623558791e-01 1.461945478603186854e-01
4.556555263123206467e-01 7.041548471623558791e-01 1.461945478603186854e-01
1.185176163485176515e-01 5.457129409326687552e-01 6.140082145491268517e-02
1.185176163485176515e-01 5.457129409326687552e-01 6.140082145491268517e-02
1.185176163485176515e-01 5.457129409326687552e-01 6.140082145491268517e-02
1.185176163485176515e-01 5.457129409326687552e-01 6.140082145491268517e-02
3.072841756551520920e-01 4.549670241016217087e-01 6.512492989013109190e-02
5.051221417260167712e-01 5.528182303936860498e-01 1.444716288139308025e-01
4.004989629122167605e-01 3.603510235416162999e-01 4.676790001242176614e-02
4.004989629122167605e-01 3.603510235416162999e-01 4.676790001242176614e-02
4.128125394263884584e-01 4.651242269613874436e-01 9.318295022372015401e-02
4.128125394263884584e-01 4.651242269613874436e-01 9.318295022372015401e-02
6.484151792648835677e-01 4.396074928577506924e-01 1.300387723419873520e-01
6.484151792648835677e-01 4.396074928577506924e-01 1.300387723419873520e-01
6.484151792648835677e-01 4.396074928577506924e-01 1.300387723419873520e-01
6.484151792648835677e-01 4.396074928577506924e-01 1.300387723419873520e-01
6.003874263745977435e-01 5.877945043585933727e-01 1.526177780101652670e-01
8.680544493518277394e-01 5.521499328136967311e-01 1.272959317091962028e-01
9.435088275674927694e-01 4.064855306382487710e-01 1.406709889672941027e-01
1.129527781169995970e+00 5.637114554299531566e-01 6.384450514078782168e-02
8.924470142298265296e-01 2.101016855105509173e-01 7.660831190209967112e-02
8.924470142298265296e-01 2.101016855105509173e-01 7.660831190209967112e-02
8.924470142298265296e-01 2.101016855105509173e-01 7.660831190209967112e-02
4.484816808863884563e-01 6.675814848353327502e-01 1.517499148790516506e-01
4.875083780238331777e-02 8.409081151612509686e-01 1.347369392010292766e-01
4.875083780238331777e-02 8.409081151612509686e-01 1.347369392010292766e-01
