2.489132485845457765e-01 1.481402749648903505e-01 3.731060576231212070e-03
2.411597206088648693e-01 7.235057037031710214e-01 2.607797254106066220e-01
2.411597206088648693e-01 7.235057037031710214e-01 2.607797254106066220e-01
2.411597206088648693e-01 7.235057037031710214e-01 2.607797254106066220e-01
-2.991953019137222891e-01 7.673616681150312591e-01 1.592466618876401119e-01
-2.991953019137222891e-01 7.673616681150312591e-01 1.592466618876401119e-01
2.694351467715598303e-01 7.370175652163566404e-01 2.446589390863866953e-01
2.694351467715598303e-01 7.370175652163566404e-01 2.446589390863866953e-01
1.484313419646335896e-01 5.213268461392396302e-01 1.710730313814057546e-01
1.484313419646335896e-01 5.213268461392396302e-01 1.710730313814057546e-01
1.938140290881432692e-01 4.832366371521301662e-01 1.544036958748860044e-01
1.938140290881432692e-01 4.832366371521301662e-01 1.544036958748860044e-01
1.938140290881432692e-01 4.832366371521301662e-01 1.544036958748860044e-01
1.938140290881432692e-01 4.832366371521301662e-01 1.544036958748860044e-01
2.743571206995096268e-01 5.691522707610007226e-01 2.674935635148308899e-01
2.743571206995096268e-01 5.691522707610007226e-01 2.674935635148308899e-01
2.743571206995096268e-01 5.691522707610007226e-01 2.674935635148308899e-01
2.743571206995096268e-01 5.691522707610007226e-01 2.674935635148308899e-01
2.591392010991677708e-01 7.562556278569130264e-01 2.305091060026975280e-01
2.591392010991677708e-01 7.562556278569130264e-01 2.305091060026975280e-01
2.591392010991677708e-01 7.562556278569130264e-01 2.305091060026975280e-01
5.657975149123855019e-01 5.693901873082536369e-01 2.860310940637256771e-01
6.401926924526580853e-01 4.822803767352087378e-01 2.916609696254870432e-01
6.401926924526580853e-01 4.822803767352087378e-01 2.916609696254870432e-01
5.632978914451413077e-01 5.432170226407611047e-01 2.951686858828840854e-01
8.961702336205008557e-01 3.243494899420788502e-01 2.379414808913099533e-01
8.524403383684341362e-01 2.886997954093245000e-01 2.051239133228825451e-01
8.524403383684341362e-01 2.886997954093245000e-01 2.051239133228825451e-01
8.524403383684341362e-01 2.886997954093245000e-01 2.051239133228825451e-01
6.714340815801780327e-01 5.780964724413317768e-01 2.463185379172989908e-01
6.048215214045543631e-01 6.625845774066769778e-01 1.940451274209059329e-01
6.084009038335553843e-01 5.487459168118632435e-01 2.855456291166763028e-01
5.944258244917265399e-01 7.461253343999364462e-01 1.133297957180669502e-01
5.944258244917265399e-01 7.461253343999364462e-01 1.133297957180669502e-01
9.584146983425467781e-03 4.399697458181040521e-01 5.205339770876368094e-02
9.584146983425467781e-03 4.399697458181040521e-01 5.205339770876368094e-02
5.505177007311040649e-01 4.396203247789712831e-01 2.588372880052737246e-01
5.505177007311040649e-01 4.396203247789712831e-01 2.588372880052737246e-01
5.505177007311040649e-01 4.396203247789712831e-01 2.588372880052737246e-01
5.505177007311040649e-01 4.396203247789712831e-01 2.588372880052737246e-01
5.505177007311040649e-01 4.396203247789712831e-01 2.588372880052737246e-01
7.211333754639518423e-01 5.022481648023503498e-01 2.767220685124269219e-01
7.211333754639518423e-01 5.022481648023503498e-01 2.767220685124269219e-01
7.211333754639518423e-01 5.022481648023503498e-01 2.767220685124269219e-01
2.603489527504685430e-01 5.696034292259586351e-01 2.630008743703825536e-01
2.220990772307601668e-01 5.239553695688727863e-01 2.084457634838783324e-01
4.201533203921421489e-01 4.626587546458525435e-01 2.346742159664908234e-01
4.201533203921421489e-01 4.626587546458525435e-01 2.346742159664908234e-01
4.201533203921421489e-01 4.626587546458525435e-01 2.346742159664908234e-01
2.249722690342791653e-01 4.159928560077531534e-01 1.039123270873268251e-01
2.249722690342791653e-01 4.159928560077531534e-01 1.039123270873268251e-01
2.249722690342791653e-01 4.159928560077531534e-01 1.039123270873268251e-01
2.765819345299230236e-01 4.518280688808849477e-01 1.603104218650913404e-01
2.765819345299230236e-01 4.518280688808849477e-01 1.603104218650913404e-01
4.851763790123483355e-01 3.629799796185523286e-01 1.575417300031112799e-01
3.951897311289272463e-01 5.311004842327695652e-01 2.803210316375068234e-01
3.951897311289272463e-01 5.311004842327695652e-01 2.803210316375068234e-01
3.951897311289272463e-01 5.311004842327695652e-01 2.803210316375068234e-01
3.951897311289272463e-01 5.311004842327695652e-01 2.803210316375068234e-01
3.951897311289272463e-01 5.311004842327695652e-01 2.803210316375068234e-01
3.951897311289272463e-01 5.311004842327695652e-01 2.803210316375068234e-01
3.951897311289272463e-01 5.311004842327695652e-01 2.803210316375068234e-01
3.951897311289272463e-01 5.311004842327695652e-01 2.803210316375068234e-01
3.951897311289272463e-01 5.311004842327695652e-01 2.803210316375068234e-01
-1.637401563646180835e-01 7.958435622151269762e-01 2.158008912070966401e-01
-1.591000232305532502e-01 6.621573555435906755e-01 1.511203882370906748e-01
-1.591000232305532502e-01 6.621573555435906755e-01 1.511203882370906748e-01
-1.591000232305532502e-01 6.621573555435906755e-01 1.511203882370906748e-01
-3.673886877448802046e-01 8.013205662105304938e-01 1.492261498689830546e-01
-3.673886877448802046e-01 8.013205662105304938e-01 1.492261498689830546e-01
-2.520214499638696037e-01 4.734532335811181825e-01 1.815279057186866898e-02
-3.940247098549105043e-01 5.167194879098377935e-01 1.289977876289757734e-02
-1.533263394332037288e-01 7.942027054206555192e-01 2.182910843656388489e-01
-1.533263394332037288e-01 7.942027054206555192e-01 2.182910843656388489e-01
-1.533263394332037288e-01 7.942027054206555192e-01 2.182910843656388489e-01
-7.861326002458868256e-03 8.226979044285329667e-01 2.252513508799731667e-01
-2.351764294025835908e-02 7.622966448990597943e-01 2.453681282212787917e-01
-2.351764294025835908e-02 7.622966448990597943e-01 2.453681282212787917e-01
-2.244017274407044960e-01 7.686822502551393654e-01 1.891038070688867700e-01
-2.244017274407044960e-01 7.686822502551393654e-01 1.891038070688867700e-01
-3.802174042544631538e-01 6.899037809820729450e-01 8.138946089990804766e-02
-8.161256568025515579e-01 1.011773832075904211e+00 7.557277625830430279e-02
-7.547239947674423410e-01 1.276419294358668299e+00 3.359160318846704518e-02
-7.547239947674423410e-01 1.276419294358668299e+00 3.359160318846704518e-02
-7.547239947674423410e-01 1.276419294358668299e+00 3.359160318846704518e-02
-1.044547913245533755e+00 1.282285044969150301e+00 3.534597521383638086e-02
-9.841186489786083458e-01 1.185711682651361842e+00 5.174197717139492059e-02
-9.841186489786083458e-01 1.185711682651361842e+00 5.174197717139492059e-02
-9.841186489786083458e-01 1.185711682651361842e+00 5.174197717139492059e-02
-7.382196898389160600e-01 1.063409225658718427e+00 9.104173016165756360e-02
-7.382196898389160600e-01 1.063409225658718427e+00 9.104173016165756360e-02
-4.077516357876804221e-01 1.123374622297037106e+00 6.929264437186948011e-02
-1.313524808885090378e-01 8.707993166130059137e-01 2.024640018958282495e-01
-1.313524808885090378e-01 8.707993166130059137e-01 2.024640018958282495e-01
-1.903250712846026593e-01 8.666099561313528321e-01 2.022153474296380649e-01
-1.903250712846026593e-01 8.666099561313528321e-01 2.022153474296380649e-01
-1.903250712846026593e-01 8.666099561313528321e-01 2.022153474296380649e-01
-1.903250712846026593e-01 8.666099561313528321e-01 2.022153474296380649e-01
-2.312495956590512602e-01 5.660090373862886048e-01 5.706381441938408045e-02
3.789555987434004014e-02 6.636115080687512435e-01 2.384469528529200855e-01
