2.489132485845457765e-01 1.481402749648903505e-01 3.961677200174344368e-03
2.489132485845457765e-01 1.481402749648903505e-01 3.961677200174344368e-03
-3.569020650844245690e-02 3.926688491726226249e-01 2.342689450506538207e-02
-3.177652290635829546e-01 1.050058565017726542e+00 1.020780050850509796e-01
-3.177652290635829546e-01 1.050058565017726542e+00 1.020780050850509796e-01
-3.177652290635829546e-01 1.050058565017726542e+00 1.020780050850509796e-01
-3.177652290635829546e-01 1.050058565017726542e+00 1.020780050850509796e-01
-7.675433058572955769e-01 8.893810401757966666e-01 5.115566397808022497e-02
-7.675433058572955769e-01 8.893810401757966666e-01 5.115566397808022497e-02
6.536831476943283370e-03 1.066039500648255034e+00 4.005496030345376268e-02
1.017583158150785622e-01 8.141267485127894332e-01 2.174834430799106322e-01
2.831518790573593902e-01 5.366440525606299694e-01 2.525635164027442148e-01
2.831518790573593902e-01 5.366440525606299694e-01 2.525635164027442148e-01
3.148328728911685692e-01 7.406125844038742301e-01 2.283740379226841533e-01
3.148328728911685692e-01 7.406125844038742301e-01 2.283740379226841533e-01
3.238925015876659708e-01 6.935847354618072114e-01 2.669056217685428223e-01
3.238925015876659708e-01 6.935847354618072114e-01 2.669056217685428223e-01
3.238925015876659708e-01 6.935847354618072114e-01 2.669056217685428223e-01
-1.796140892835200176e-01 6.061848330487882297e-01 9.719548565014901609e-02
-1.796140892835200176e-01 6.061848330487882297e-01 9.719548565014901609e-02
-3.413846484198804210e-01 8.497553045081502887e-01 1.688295577415000470e-01
-1.873168609555072028e-01 6.664376162082912280e-01 1.384933577039754171e-01
-1.873168609555072028e-01 6.664376162082912280e-01 1.384933577039754171e-01
-3.352044245330657590e-01 5.379192265145631424e-01 2.271154213533921676e-02
-3.352044245330657590e-01 5.379192265145631424e-01 2.271154213533921676e-02
-3.352044245330657590e-01 5.379192265145631424e-01 2.271154213533921676e-02
-3.352044245330657590e-01 5.379192265145631424e-01 2.271154213533921676e-02
-3.352044245330657590e-01 5.379192265145631424e-01 2.271154213533921676e-02
-3.167197644538277679e-02 6.490892703225322746e-01 1.988160254273377836e-01
-3.167197644538277679e-02 6.490892703225322746e-01 1.988160254273377836e-01
-3.167197644538277679e-02 6.490892703225322746e-01 1.988160254273377836e-01
-2.242222955786105365e-01 9.827689314657434005e-01 1.361210327463888703e-01
-2.242222955786105365e-01 9.827689314657434005e-01 1.361210327463888703e-01
-2.242222955786105365e-01 9.827689314657434005e-01 1.361210327463888703e-01
-2.242222955786105365e-01 9.827689314657434005e-01 1.361210327463888703e-01
-3.248292314449248153e-01 8.191859046687749446e-01 1.665165558134231172e-01
-7.535006191477705562e-02 9.553907287947873694e-01 1.323490784578764123e-01
1.545450697117355665e-01 7.479291602186020071e-01 2.578330390816438444e-01
1.545450697117355665e-01 7.479291602186020071e-01 2.578330390816438444e-01
1.545450697117355665e-01 7.479291602186020071e-01 2.578330390816438444e-01
1.545450697117355665e-01 7.479291602186020071e-01 2.578330390816438444e-01
1.545450697117355665e-01 7.479291602186020071e-01 2.578330390816438444e-01
1.545450697117355665e-01 7.479291602186020071e-01 2.578330390816438444e-01
-8.821352664792173059e-02 6.432784114824814381e-01 1.671443313891510518e-01
-8.821352664792173059e-02 6.432784114824814381e-01 1.671443313891510518e-01
-8.821352664792173059e-02 6.432784114824814381e-01 1.671443313891510518e-01
-1.146105464804682145e-01 8.040632951287908226e-01 2.247059962574859682e-01
-1.146105464804682145e-01 8.040632951287908226e-01 2.247059962574859682e-01
-1.146105464804682145e-01 8.040632951287908226e-01 2.247059962574859682e-01
-1.792099093263216369e-01 7.845580527820248395e-01 2.068313153808762350e-01
-1.856804295373479241e-01 1.082369732291462050e+00 6.222286280306540268e-02
-1.856804295373479241e-01 1.082369732291462050e+00 6.222286280306540268e-02
-1.856804295373479241e-01 1.082369732291462050e+00 6.222286280306540268e-02
-1.856804295373479241e-01 1.082369732291462050e+00 6.222286280306540268e-02
-1.536882305579734265e-02 9.145288652923941886e-01 1.544096213981302201e-01
2.352015037318503365e-01 7.284473097873741532e-01 2.594956960363998255e-01
-2.062194901651676071e-02 9.915806686442121265e-01 9.071801132848934801e-02
-3.458108575038401078e-01 8.845886427486658876e-01 1.707794020091754350e-01
-5.144166809551735664e-01 9.347146060783528831e-01 1.311613954179602637e-01
-5.144166809551735664e-01 9.347146060783528831e-01 1.311613954179602637e-01
-5.144166809551735664e-01 9.347146060783528831e-01 1.311613954179602637e-01
-5.144166809551735664e-01 9.347146060783528831e-01 1.311613954179602637e-01
-7.772337382223201141e-01 7.920023928178420158e-01 2.349533913471660296e-02
-7.772337382223201141e-01 7.920023928178420158e-01 2.349533913471660296e-02
-7.772337382223201141e-01 7.920023928178420158e-01 2.349533913471660296e-02
-7.628657239636493781e-01 8.560270227791316744e-01 4.242056591665450960e-02
-6.072668010665037697e-01 8.866432232133950597e-01 9.339160313036908023e-02
-7.055063393703158159e-01 1.054090316109737691e+00 9.161325123311063467e-02
-8.066858327345052260e-01 1.235324753178561608e+00 4.622729200999858151e-02
-8.066858327345052260e-01 1.235324753178561608e+00 4.622729200999858151e-02
-7.817325933951219108e-01 1.341559340369540054e+00 1.958307220520244529e-02
-1.355271051204051780e+00 1.392614177956114530e+00 1.469172662606542563e-02
-1.355271051204051780e+00 1.392614177956114530e+00 1.469172662606542563e-02
-1.355271051204051780e+00 1.392614177956114530e+00 1.469172662606542563e-02
-1.355271051204051780e+00 1.392614177956114530e+00 1.469172662606542563e-02
-1.355271051204051780e+00 1.392614177956114530e+00 1.469172662606542563e-02
-1.235888924042122694e+00 1.258265192401651245e+00 2.518120924189386212e-02
-1.235888924042122694e+00 1.258265192401651245e+00 2.518120924189386212e-02
-6.746261494843619477e-01 1.275471643185129844e+00 3.030172165183312588e-02
-6.746261494843619477e-01 1.275471643185129844e+00 3.030172165183312588e-02
-6.746261494843619477e-01 1.275471643185129844e+00 3.030172165183312588e-02
-6.746261494843619477e-01 1.275471643185129844e+00 3.030172165183312588e-02
-9.167506654956550927e-01 9.636892640034216972e-01 3.964813240952482637e-02
-9.167506654956550927e-01 9.636892640034216972e-01 3.964813240952482637e-02
-1.044869530020244630e+00 1.189940003612854014e+00 4.218181557694781342e-02
-9.422831157051829720e-01 1.256131734457231808e+00 4.044681572139512821e-02
-5.933197682375046522e-01 1.098686956939544324e+00 9.085434767210226470e-02
-5.933197682375046522e-01 1.098686956939544324e+00 9.085434767210226470e-02
-5.933197682375046522e-01 1.098686956939544324e+00 9.085434767210226470e-02
-5.121286110404227321e-01 1.014569428646138860e+00 1.230664550058109125e-01
-3.765661314452941055e-01 9.101356238263532683e-01 1.628858484062589984e-01
-2.911879305877663193e-01 7.380317661859572276e-01 1.409586440455805889e-01
3.312354473432604363e-01 5.164609795726100572e-01 2.554731018277293653e-01
3.312354473432604363e-01 5.164609795726100572e-01 2.554731018277293653e-01
3.312354473432604363e-01 5.164609795726100572e-01 2.554731018277293653e-01
3.312354473432604363e-01 5.164609795726100572e-01 2.554731018277293653e-01
3.038771715701760745e-01 3.248808975843284763e-01 6.341590609351094310e-02
3.064474883710688879e-01 5.456823583407288680e-01 2.686455015873417951e-01
3.064474883710688879e-01 5.456823583407288680e-01 2.686455015873417951e-01
3.064474883710688879e-01 5.456823583407288680e-01 2.686455015873417951e-01
