2.489132485845457765e-01 1.481402749648903505e-01 1.660443340668143163e-03
1.408470185075971770e-02 3.365325206540976666e-01 3.340673623451536223e-03
1.408470185075971770e-02 3.365325206540976666e-01 3.340673623451536223e-03
3.930312112909268851e-01 6.628511375154333418e-01 9.619489595310182217e-02
4.245243816637054857e-01 7.819571552458562946e-01 8.233195514318329689e-02
-6.112181744734668243e-02 5.314505711092842866e-01 1.487117724845130745e-02
6.961176020183298951e-02 8.023891144497604655e-01 7.548942468455580035e-02
-3.981795311260194481e-03 7.648111448106206245e-01 6.285860098505795246e-02
-3.981795311260194481e-03 7.648111448106206245e-01 6.285860098505795246e-02
-2.747702829370539113e-01 7.955754608517280335e-01 3.207352688166411475e-02
-2.747702829370539113e-01 7.955754608517280335e-01 3.207352688166411475e-02
-2.747702829370539113e-01 7.955754608517280335e-01 3.207352688166411475e-02
-8.375557917377209893e-01 9.147395270053341187e-01 4.606435961607966735e-03
-4.028896329414408117e-01 1.168579491715310725e+00 3.956873655968816406e-02
-4.665897120567214507e-01 1.169630038382995174e+00 3.819024931260598527e-02
-8.448020623162368903e-01 1.106291922709866649e+00 1.453234813914140201e-02
-1.083802884014574586e+00 1.455013874202370605e+00 1.266881483948422392e-02
-9.502780717969011581e-01 1.321287734190736085e+00 1.709523320990734979e-02
-9.502780717969011581e-01 1.321287734190736085e+00 1.709523320990734979e-02
-9.502780717969011581e-01 1.321287734190736085e+00 1.709523320990734979e-02
-9.502780717969011581e-01 1.321287734190736085e+00 1.709523320990734979e-02
-9.567938215846027994e-01 1.331200673455885441e+00 1.691461190987358226e-02
-9.567938215846027994e-01 1.331200673455885441e+00 1.691461190987358226e-02
-8.225466397284038056e-01 1.391436303179990119e+00 1.913448765874457488e-02
-8.052326051933652584e-01 1.653749264484744907e+00 4.405837640986391690e-03
-8.052326051933652584e-01 1.653749264484744907e+00 4.405837640986391690e-03
-4.939747325804225153e-01 1.583878585828670582e+00 3.320325862367576927e-03
-1.165444203167176784e+00 1.368184953177375540e+00 1.005681967870093903e-02
-7.464901177122411635e-01 1.371771408653819524e+00 2.095006636432080252e-02
-7.464901177122411635e-01 1.371771408653819524e+00 2.095006636432080252e-02
-2.565625116537670336e-01 1.292800710236843065e+00 2.018833405478416554e-02
-2.925742869177168637e-01 1.119370331803503982e+00 4.537647333120913701e-02
-1.598353433838281268e-01 8.985963593806174377e-01 5.870058185091019815e-02
-1.598353433838281268e-01 8.985963593806174377e-01 5.870058185091019815e-02
-6.403330421810019546e-01 8.918488131293357268e-01 1.149558325129534236e-02
-6.108512761990561035e-01 7.753610880667345384e-01 5.492800670962452204e-03
-2.796573478878473518e-01 6.165290765184241462e-01 9.428514235922962408e-03
-2.796573478878473518e-01 6.165290765184241462e-01 9.428514235922962408e-03
8.321649360019944819e-03 7.297575558547748642e-01 5.885783261773499392e-02
3.977400104511862322e-01 7.739661091896874456e-01 8.571994757773179763e-02
3.977400104511862322e-01 7.739661091896874456e-01 8.571994757773179763e-02
8.663515794939907755e-01 6.694140154246225327e-01 6.018228877944024890e-02
8.663515794939907755e-01 6.694140154246225327e-01 6.018228877944024890e-02
1.019867240720065293e+00 5.526492436675854991e-01 7.203360388930665770e-02
1.019867240720065293e+00 5.526492436675854991e-01 7.203360388930665770e-02
1.019867240720065293e+00 5.526492436675854991e-01 7.203360388930665770e-02
1.019867240720065293e+00 5.526492436675854991e-01 7.203360388930665770e-02
1.019867240720065293e+00 5.526492436675854991e-01 7.203360388930665770e-02
1.019867240720065293e+00 5.526492436675854991e-01 7.203360388930665770e-02
5.560386843457403305e-01 7.096901171894184346e-01 8.874351813337096051e-02
5.825024109907511738e-01 7.219565018469885631e-01 8.315565460560275790e-02
5.825024109907511738e-01 7.219565018469885631e-01 8.315565460560275790e-02
5.825024109907511738e-01 7.219565018469885631e-01 8.315565460560275790e-02
5.825024109907511738e-01 7.219565018469885631e-01 8.315565460560275790e-02
1.210729588026137282e+00 1.959967281762733382e-01 9.787349530204422776e-02
1.210729588026137282e+00 1.959967281762733382e-01 9.787349530204422776e-02
1.210729588026137282e+00 1.959967281762733382e-01 9.787349530204422776e-02
7.067646054592325866e-01 2.730145689901412043e-01 5.567189379539799754e-02
8.063412431864662722e-01 7.067293215886893964e-03 1.032558370216097449e-02
8.063412431864662722e-01 7.067293215886893964e-03 1.032558370216097449e-02
8.063412431864662722e-01 7.067293215886893964e-03 1.032558370216097449e-02
8.063412431864662722e-01 7.067293215886893964e-03 1.032558370216097449e-02
1.061674915555716137e+00 3.933995598976799402e-01 1.044197046979594423e-01
1.252245790970876627e+00 7.561089625348454968e-02 7.381364089743358559e-02
9.235689871155694508e-01 4.843795217317396484e-01 1.029031681928406911e-01
6.636544217083443220e-01 6.914849865564858256e-01 8.233935145746668072e-02
6.636544217083443220e-01 6.914849865564858256e-01 8.233935145746668072e-02
1.186865407802630168e+00 5.263948923252030898e-01 5.224102963502533920e-02
1.186865407802630168e+00 5.263948923252030898e-01 5.224102963502533920e-02
1.371956548951338783e+00 1.752832965883107663e-01 9.588693859049302048e-02
1.371956548951338783e+00 1.752832965883107663e-01 9.588693859049302048e-02
1.673664332897604634e+00 -1.015493620472445180e-01 6.286319367221927801e-02
1.673664332897604634e+00 -1.015493620472445180e-01 6.286319367221927801e-02
1.778049456586470178e+00 -2.692593952494961584e-01 3.450059522202133383e-02
1.633010432186870364e+00 -1.766078495018778005e-01 4.398918395117802638e-02
1.633010432186870364e+00 -1.766078495018778005e-01 4.398918395117802638e-02
1.348949512314792987e+00 -1.192628470662248086e-01 3.187821244313748803e-02
1.805396320398575227e+00 -1.253496422479352113e-01 6.176947268445982797e-02
1.851075908516022217e+00 -2.710634851216617847e-01 3.834498722233031787e-02
1.679027026446412441e+00 -1.783123366013770195e-01 4.695203306802324394e-02
1.556636786134582007e+00 -1.409627108298414089e-02 7.487015303716797188e-02
1.298608307960470443e+00 -1.072752575456066282e-01 2.973980173817582923e-02
1.298608307960470443e+00 -1.072752575456066282e-01 2.973980173817582923e-02
1.298608307960470443e+00 -1.072752575456066282e-01 2.973980173817582923e-02
1.537882082944328266e+00 3.712401161901919822e-01 3.864418688015746478e-02
1.537882082944328266e+00 3.712401161901919822e-01 3.864418688015746478e-02
1.236456739215637146e+00 1.825696611959609639e-01 9.682568423722785755e-02
1.236456739215637146e+00 1.825696611959609639e-01 9.682568423722785755e-02
1.106268127551500946e+00 2.158464442182991827e-01 9.504562807179388340e-02
1.032979177230894496e+00 6.269679639416567141e-02 4.199092763281452728e-02
1.032979177230894496e+00 6.269679639416567141e-02 4.199092763281452728e-02
1.032979177230894496e+00 6.269679639416567141e-02 4.199092763281452728e-02
1.514357800124087383e+00 -9.244906623627213715e-02 5.448094411125750658e-02
1.860366381552373438e+00 -1.747642044242771475e-01 5.533005329713919229e-02
1.860366381552373438e+00 -1.747642044242771475e-01 5.533005329713919229e-02
1.559697646816259331e+00 -9.489800432225717342e-02 5.758382892667825159e-02
1.346158533313662975e+00 3.175558154834722258e-01 8.303313092372129056e-02
1.401186363604505658e+00 1.901323250986567681e-01 9.404128135553470325e-02
1.401186363604505658e+00 1.901323250986567681e-01 9.404128135553470325e-02
1.523877118242301654e+00 1.497540204620136928e-01 8.569112786879101717e-02
