2.489132485845457765e-01 1.481402749648903505e-01 4.360869510777016025e-03
-7.446318008805680178e-02 5.125235880752787576e-01 3.468541595166298869e-02
-7.446318008805680178e-02 5.125235880752787576e-01 3.468541595166298869e-02
3.382814967660095484e-01 4.889928510207885992e-01 1.820621045408223060e-01
5.539586176881701185e-01 5.179127554452503945e-01 2.451145105752853826e-01
5.539586176881701185e-01 5.179127554452503945e-01 2.451145105752853826e-01
5.539586176881701185e-01 5.179127554452503945e-01 2.451145105752853826e-01
5.447378390477567445e-01 5.440853052479380780e-01 2.425061693653660366e-01
5.058199703172637784e-01 3.299439730759752831e-01 1.355106217965075244e-01
5.058199703172637784e-01 3.299439730759752831e-01 1.355106217965075244e-01
2.614515832023465158e-01 5.467944951034615642e-01 1.884531201620708585e-01
4.635850471515234883e-02 7.800370908327753927e-01 2.157377130337651827e-01
-7.191785554890914312e-02 9.378569202387886383e-01 1.867888096357117333e-01
-7.191785554890914312e-02 9.378569202387886383e-01 1.867888096357117333e-01
1.792521141497747938e-02 7.160830882295591282e-01 1.862953933850606258e-01
8.087966413820152356e-02 5.654638956419845153e-01 1.171470658140482540e-01
8.087966413820152356e-02 5.654638956419845153e-01 1.171470658140482540e-01
8.087966413820152356e-02 5.654638956419845153e-01 1.171470658140482540e-01
-4.347002421528027294e-01 9.523390273509393378e-01 1.170272191066912826e-01
-4.347002421528027294e-01 9.523390273509393378e-01 1.170272191066912826e-01
-2.540012793418769954e-01 1.155185431376330341e+00 1.066140117036928486e-01
-2.540012793418769954e-01 1.155185431376330341e+00 1.066140117036928486e-01
-2.540012793418769954e-01 1.155185431376330341e+00 1.066140117036928486e-01
-5.918776259665644579e-01 1.420661451896954031e+00 4.586266379352102462e-02
-4.921122854621171605e-01 1.456948293275978523e+00 2.357018635673731322e-02
-4.921122854621171605e-01 1.456948293275978523e+00 2.357018635673731322e-02
-6.217192540234631748e-01 1.518946054763921749e+00 2.227173799050000125e-02
-9.985577781483814253e-01 1.114110545950730780e+00 2.043846843910655797e-02
-6.829315683882540844e-01 1.114265538759315444e+00 8.976260899518491432e-02
-6.829315683882540844e-01 1.114265538759315444e+00 8.976260899518491432e-02
-4.092496329137741418e-01 1.089712210127601555e+00 1.451140031785791429e-01
-4.092496329137741418e-01 1.089712210127601555e+00 1.451140031785791429e-01
-4.748116576323220817e-01 1.255033701585471562e+00 9.524878527280225549e-02
-4.748116576323220817e-01 1.255033701585471562e+00 9.524878527280225549e-02
-3.331172139943591182e-01 1.171378920881647634e+00 1.132281719291149541e-01
-3.331172139943591182e-01 1.171378920881647634e+00 1.132281719291149541e-01
-3.331172139943591182e-01 1.171378920881647634e+00 1.132281719291149541e-01
-4.778348648055597558e-01 1.260798644600455543e+00 9.317519950992836364e-02
-9.169875636083102410e-01 1.530937567834784518e+00 4.381898833601836907e-02
-1.052484108010111274e+00 1.107569599833043483e+00 1.352590248296259463e-02
-1.052484108010111274e+00 1.107569599833043483e+00 1.352590248296259463e-02
-1.190068799612670869e+00 1.181921347646015752e+00 9.875788663521539723e-03
-1.190068799612670869e+00 1.181921347646015752e+00 9.875788663521539723e-03
-1.190068799612670869e+00 1.181921347646015752e+00 9.875788663521539723e-03
-1.165146484065905819e+00 1.109501413268010106e+00 5.892356488718625100e-03
-1.122512529889979405e+00 1.057785968899470186e+00 4.761075267258524368e-03
-8.217275849849405844e-01 1.313033381766637753e+00 8.239348858195048864e-02
-9.652236590974099251e-01 1.271543654481246177e+00 5.571699265462253664e-02
-9.652236590974099251e-01 1.271543654481246177e+00 5.571699265462253664e-02
-9.652236590974099251e-01 1.271543654481246177e+00 5.571699265462253664e-02
-9.652236590974099251e-01 1.271543654481246177e+00 5.571699265462253664e-02
-9.683157845635589345e-01 1.209183248794293952e+00 4.351859081503028220e-02
-9.683157845635589345e-01 1.209183248794293952e+00 4.351859081503028220e-02
-9.683157845635589345e-01 1.209183248794293952e+00 4.351859081503028220e-02
-9.683157845635589345e-01 1.209183248794293952e+00 4.351859081503028220e-02
-9.683157845635589345e-01 1.209183248794293952e+00 4.351859081503028220e-02
-9.683157845635589345e-01 1.209183248794293952e+00 4.351859081503028220e-02
-5.259803746137035052e-01 7.864834238717084425e-01 2.601221715656670125e-02
-2.237636484441357654e-01 5.370861664835869798e-01 1.604903696937105828e-02
-4.938391993239605871e-01 8.660314670169848572e-01 5.965206136806060211e-02
-4.938391993239605871e-01 8.660314670169848572e-01 5.965206136806060211e-02
-3.158812317080436083e-01 7.569953256937731467e-01 6.920414798173241122e-02
1.137589037634286204e-01 7.334365412753162117e-01 2.223095174417906994e-01
1.137589037634286204e-01 7.334365412753162117e-01 2.223095174417906994e-01
1.137589037634286204e-01 7.334365412753162117e-01 2.223095174417906994e-01
4.543448509515785605e-01 5.558863011118335695e-01 2.453242667698879720e-01
4.649233011041218333e-01 4.720378906225043969e-01 2.207364066387155765e-01
3.972998529568115278e-01 7.254008713816988418e-01 1.949866225626401273e-01
3.957493883942312940e-01 4.548567487800916354e-01 1.827176899089821560e-01
1.548330366791638713e-01 4.985413245278431105e-01 1.037687573512302008e-01
1.548330366791638713e-01 4.985413245278431105e-01 1.037687573512302008e-01
3.503685261303869369e-01 5.217521675742723408e-01 2.091310220338398196e-01
3.503685261303869369e-01 5.217521675742723408e-01 2.091310220338398196e-01
7.225577868873668264e-01 3.506633198495794357e-01 2.254978550864447651e-01
7.225577868873668264e-01 3.506633198495794357e-01 2.254978550864447651e-01
7.225577868873668264e-01 3.506633198495794357e-01 2.254978550864447651e-01
7.225577868873668264e-01 3.506633198495794357e-01 2.254978550864447651e-01
3.596507961472835690e-01 6.137000691496294902e-01 2.429739218447043436e-01
3.596507961472835690e-01 6.137000691496294902e-01 2.429739218447043436e-01
3.596507961472835690e-01 6.137000691496294902e-01 2.429739218447043436e-01
3.596507961472835690e-01 6.137000691496294902e-01 2.429739218447043436e-01
6.269999230327094608e-02 6.349977077927160263e-01 1.571372347293231164e-01
6.269999230327094608e-02 6.349977077927160263e-01 1.571372347293231164e-01
-8.824678926244139410e-02 9.926240071803364984e-01 1.635755096726524416e-01
-8.824678926244139410e-02 9.926240071803364984e-01 1.635755096726524416e-01
-5.655758100172476599e-01 1.218169325925696267e+00 1.130360429244046949e-01
-5.655758100172476599e-01 1.218169325925696267e+00 1.130360429244046949e-01
-1.770094306279756391e-01 9.299865234242841172e-01 1.851704569832599567e-01
-1.770094306279756391e-01 9.299865234242841172e-01 1.851704569832599567e-01
-1.770094306279756391e-01 9.299865234242841172e-01 1.851704569832599567e-01
-1.770094306279756391e-01 9.299865234242841172e-01 1.851704569832599567e-01
-1.770094306279756391e-01 9.299865234242841172e-01 1.851704569832599567e-01
-1.770094306279756391e-01 9.299865234242841172e-01 1.851704569832599567e-01
-1.770094306279756391e-01 9.299865234242841172e-01 1.851704569832599567e-01
-6.443407561232523950e-02 7.571935837676453396e-01 1.737136107094185422e-01
-1.420738818443454121e-01 9.562496658229813207e-01 1.838526237300375510e-01
2.302538080528398756e-01 7.370797634365340301e-01 2.291159551416391271e-01
2.302538080528398756e-01 7.370797634365340301e-01 2.291159551416391271e-01
-9.589258160451311075e-02 5.829138917686993437e-01 5.796092481563181603e-02
-9.589258160451311075e-02 5.829138917686993437e-01 5.796092481563181603e-02
