2.489132485845457765e-01 1.481402749648903505e-01 3.424342847955168245e-03
-1.032036332561862557e-01 3.109453278663185660e-01 4.728317405675629484e-03
-1.032036332561862557e-01 3.109453278663185660e-01 4.728317405675629484e-03
-1.032036332561862557e-01 3.109453278663185660e-01 4.728317405675629484e-03
-1.032036332561862557e-01 3.109453278663185660e-01 4.728317405675629484e-03
-1.583366208650916485e-01 3.771807593183565399e-01 9.206451370512123630e-03
-1.583366208650916485e-01 3.771807593183565399e-01 9.206451370512123630e-03
-2.289476968659192035e-01 6.808475613754825240e-01 1.396032789820570996e-01
-9.495930990289253026e-02 6.630467918079332446e-01 1.836673989773678906e-01
-9.495930990289253026e-02 6.630467918079332446e-01 1.836673989773678906e-01
-9.495930990289253026e-02 6.630467918079332446e-01 1.836673989773678906e-01
-9.495930990289253026e-02 6.630467918079332446e-01 1.836673989773678906e-01
-1.957518824240177535e-01 6.994331163999767398e-01 1.668417582424730206e-01
-1.957518824240177535e-01 6.994331163999767398e-01 1.668417582424730206e-01
3.601428709992625654e-01 5.734589586362355274e-01 2.823438003819657149e-01
5.888092730808895947e-01 3.956313600934624475e-01 2.147256885583676278e-01
7.606749556509615484e-01 4.765054349331521166e-01 2.666477205477064127e-01
4.323788419479469569e-01 4.619503965397837586e-01 2.256313439428736800e-01
9.552340119959186193e-01 5.078416829313368019e-01 1.823709000184694784e-01
1.213857139050595224e+00 3.173558535551869175e-01 1.809654000296246901e-01
1.213857139050595224e+00 3.173558535551869175e-01 1.809654000296246901e-01
1.327007084424058903e+00 3.439005420019783377e-01 1.345212476026567128e-01
1.840950085764302413e+00 1.713243670587224488e-01 5.075449858551910748e-02
1.840950085764302413e+00 1.713243670587224488e-01 5.075449858551910748e-02
1.840950085764302413e+00 1.713243670587224488e-01 5.075449858551910748e-02
2.269557140328767098e+00 -6.757238352963679251e-02 2.190693718111925981e-02
2.269557140328767098e+00 -6.757238352963679251e-02 2.190693718111925981e-02
2.350457581101657922e+00 -2.012629427628885859e-01 1.671031291059553101e-02
2.350457581101657922e+00 -2.012629427628885859e-01 1.671031291059553101e-02
2.350457581101657922e+00 -2.012629427628885859e-01 1.671031291059553101e-02
2.374245088811957505e+00 -3.227674482965424696e-01 9.761814179744072659e-03
2.622814575464472497e+00 -4.564969372650993784e-01 3.393934758844300691e-03
2.516719415763501555e+00 -2.199212329892236140e-02 6.167436179188469716e-03
2.516719415763501555e+00 -2.199212329892236140e-02 6.167436179188469716e-03
2.467418269166179456e+00 -3.318898663351738665e-01 8.528973675066048657e-03
2.467418269166179456e+00 -3.318898663351738665e-01 8.528973675066048657e-03
2.467418269166179456e+00 -3.318898663351738665e-01 8.528973675066048657e-03
2.467418269166179456e+00 -3.318898663351738665e-01 8.528973675066048657e-03
2.467418269166179456e+00 -3.318898663351738665e-01 8.528973675066048657e-03
2.467418269166179456e+00 -3.318898663351738665e-01 8.528973675066048657e-03
2.487680108430560200e+00 -3.227769637480449316e-01 8.695665302162085275e-03
2.427053458240479689e+00 -6.165627490017150381e-02 1.172714114179312581e-02
2.478601553319820017e+00 -2.427417964362992842e-01 1.151490575388949139e-02
2.478601553319820017e+00 -2.427417964362992842e-01 1.151490575388949139e-02
2.478601553319820017e+00 -2.427417964362992842e-01 1.151490575388949139e-02
2.478601553319820017e+00 -2.427417964362992842e-01 1.151490575388949139e-02
2.264740356526246057e+00 4.263065914167002424e-02 1.550907056271689892e-02
2.264740356526246057e+00 4.263065914167002424e-02 1.550907056271689892e-02
2.210903079056619536e+00 5.095898639536069336e-02 1.907841615666952192e-02
1.635715578362228806e+00 3.672589245639201749e-01 3.642387605218012220e-02
1.635715578362228806e+00 3.672589245639201749e-01 3.642387605218012220e-02
1.997293058697936052e+00 -1.617980976835524665e-01 2.981342183918916228e-02
1.997293058697936052e+00 -1.617980976835524665e-01 2.981342183918916228e-02
1.997293058697936052e+00 -1.617980976835524665e-01 2.981342183918916228e-02
2.041240369529630172e+00 -1.100933333825347832e-01 3.584185800502245195e-02
2.041240369529630172e+00 -1.100933333825347832e-01 3.584185800502245195e-02
2.041240369529630172e+00 -1.100933333825347832e-01 3.584185800502245195e-02
1.764680691426678605e+00 2.795878871236172070e-01 3.830108157990629730e-02
1.764680691426678605e+00 2.795878871236172070e-01 3.830108157990629730e-02
1.896902337718251008e+00 -2.080637299763182790e-02 5.470066293700891896e-02
1.404470690819183298e+00 -1.049733798771679792e-02 5.788247146100652246e-02
1.463214057296564841e+00 -1.404249367090993350e-01 1.836021418233033803e-02
1.352623760967051947e+00 1.488098173134537738e-01 1.344192929506747569e-01
1.352623760967051947e+00 1.488098173134537738e-01 1.344192929506747569e-01
1.559048322899189820e+00 4.174835976589247322e-01 3.464055243604523965e-02
1.531046913294044076e+00 3.133164781067192539e-01 8.136968775407878163e-02
1.531046913294044076e+00 3.133164781067192539e-01 8.136968775407878163e-02
1.531046913294044076e+00 3.133164781067192539e-01 8.136968775407878163e-02
1.660075117692409563e+00 2.854557561824899725e-01 5.799472436720198854e-02
1.660075117692409563e+00 2.854557561824899725e-01 5.799472436720198854e-02
1.680047599662684688e+00 2.268050273156619612e-01 7.161912586195152974e-02
1.680047599662684688e+00 2.268050273156619612e-01 7.161912586195152974e-02
9.172623191283104660e-01 6.905008393162987979e-01 5.571117472872055137e-02
9.172623191283104660e-01 6.905008393162987979e-01 5.571117472872055137e-02
8.679714096116424304e-01 8.127272538395716728e-01 1.666682404069987078e-02
8.679714096116424304e-01 8.127272538395716728e-01 1.666682404069987078e-02
5.910961560998359010e-01 8.513230757017432593e-01 4.303271730985311350e-02
5.910961560998359010e-01 8.513230757017432593e-01 4.303271730985311350e-02
6.170750410350860360e-01 8.501799866133501471e-01 3.867396897756182617e-02
4.210185558136136930e-01 2.753111762018722875e-01 5.367102519750972800e-02
4.210185558136136930e-01 2.753111762018722875e-01 5.367102519750972800e-02
6.477959301653181123e-01 4.744643126823524515e-01 2.772223057838008042e-01
6.477959301653181123e-01 4.744643126823524515e-01 2.772223057838008042e-01
6.477959301653181123e-01 4.744643126823524515e-01 2.772223057838008042e-01
6.477959301653181123e-01 4.744643126823524515e-01 2.772223057838008042e-01
6.477959301653181123e-01 4.744643126823524515e-01 2.772223057838008042e-01
8.150419203934600176e-01 4.709249698180433819e-01 2.556778774738029392e-01
9.108604758084003494e-01 3.681722360219811807e-01 2.400043507761282779e-01
9.108604758084003494e-01 3.681722360219811807e-01 2.400043507761282779e-01
1.117143195761268526e+00 4.951635811564164547e-01 1.230500664397824462e-01
1.117143195761268526e+00 4.951635811564164547e-01 1.230500664397824462e-01
1.542773946775534588e+00 1.279635042453691196e-01 1.119705535807257318e-01
1.446585288315586748e+00 4.271404631748334513e-01 5.478302896868192384e-02
1.451325652107188668e+00 -7.371163589780194147e-02 3.621380845462316561e-02
1.605162395432997213e+00 2.534304230649686573e-02 8.135992851329328091e-02
1.605162395432997213e+00 2.534304230649686573e-02 8.135992851329328091e-02
1.151478292686325844e+00 2.234496035676672432e-01 1.719971698886615108e-01
1.163550147443610294e+00 3.592763129215710283e-01 1.855298245993146078e-01
1.163550147443610294e+00 3.592763129215710283e-01 1.855298245993146078e-01
1.163550147443610294e+00 3.592763129215710283e-01 1.855298245993146078e-01
