2.489132485845457765e-01 1.481402749648903505e-01 3.296181586719525852e-02
4.015477142417743228e-01 2.180435260720750557e-02 7.540919109705081225e-02
4.015477142417743228e-01 2.180435260720750557e-02 7.540919109705081225e-02
2.319766908192729127e-01 4.011166078913960265e-01 1.791152208539524282e-01
2.319766908192729127e-01 4.011166078913960265e-01 1.791152208539524282e-01
2.319766908192729127e-01 4.011166078913960265e-01 1.791152208539524282e-01
2.319766908192729127e-01 4.011166078913960265e-01 1.791152208539524282e-01
4.388551114855312463e-01 6.637804096501425111e-01 1.282036683666800403e-01
6.127996379293729756e-01 6.933863278509346806e-01 1.353752716182144746e-02
5.478706905520116521e-01 5.714303827909776867e-01 1.109684315333716031e-01
3.430832505254065579e-01 3.642604776366087371e-01 3.208402035114680251e-01
6.884035525729663707e-01 9.659163394532377378e-03 5.198776279922978638e-01
6.884035525729663707e-01 9.659163394532377378e-03 5.198776279922978638e-01
6.884035525729663707e-01 9.659163394532377378e-03 5.198776279922978638e-01
6.884035525729663707e-01 9.659163394532377378e-03 5.198776279922978638e-01
6.884035525729663707e-01 9.659163394532377378e-03 5.198776279922978638e-01
6.884035525729663707e-01 9.659163394532377378e-03 5.198776279922978638e-01
8.003379778367369912e-01 2.519801701996337434e-02 4.734842782942607631e-01
6.558294581019956659e-01 1.089559199757312857e-01 5.277220286083219580e-01
6.558294581019956659e-01 1.089559199757312857e-01 5.277220286083219580e-01
8.929978753047387308e-01 8.523960258805665657e-02 2.130206762873699533e-01
9.263847658015998965e-01 5.545787170443029074e-02 1.945576237498917449e-01
9.263847658015998965e-01 5.545787170443029074e-02 1.945576237498917449e-01
9.940670551729716697e-01 -3.363608342708622745e-01 4.455928043026834429e-01
9.940670551729716697e-01 -3.363608342708622745e-01 4.455928043026834429e-01
9.940670551729716697e-01 -3.363608342708622745e-01 4.455928043026834429e-01
9.940670551729716697e-01 -3.363608342708622745e-01 4.455928043026834429e-01
7.237623342190038223e-01 -4.323926230366858525e-01 4.646362088967679466e-02
1.092497505126132751e+00 -2.846383220121668223e-01 3.158769122216732450e-01
1.092497505126132751e+00 -2.846383220121668223e-01 3.158769122216732450e-01
7.773629074370588254e-01 1.766122155300662855e-01 2.929957593828032003e-01
1.061406161705195750e+00 5.870836901842581279e-02 4.032243078289670518e-02
7.688036295906088835e-01 3.488832435515080155e-01 8.846897490716228163e-02
3.251931036671434905e-01 3.113359535889315688e-01 2.431335194099923658e-01
3.251931036671434905e-01 3.113359535889315688e-01 2.431335194099923658e-01
3.251931036671434905e-01 3.113359535889315688e-01 2.431335194099923658e-01
1.740755547062723396e-01 4.339452863980071129e-01 1.280280461248152757e-01
1.740755547062723396e-01 4.339452863980071129e-01 1.280280461248152757e-01
1.740755547062723396e-01 4.339452863980071129e-01 1.280280461248152757e-01
1.740755547062723396e-01 4.339452863980071129e-01 1.280280461248152757e-01
4.349431402793368928e-01 3.479755854792027092e-01 4.242859289129035649e-01
4.349431402793368928e-01 3.479755854792027092e-01 4.242859289129035649e-01
4.334161577703907753e-01 3.326429829165951646e-01 4.207542226597670298e-01
4.334161577703907753e-01 3.326429829165951646e-01 4.207542226597670298e-01
4.334161577703907753e-01 3.326429829165951646e-01 4.207542226597670298e-01
3.638999163425242211e-01 2.712580429409384153e-01 2.686672963563160876e-01
3.445591137889089661e-01 6.824578218700046994e-01 1.968282652571744507e-01
4.396501852718550651e-01 2.652500445897341685e-01 3.932423616407085820e-01
4.396501852718550651e-01 2.652500445897341685e-01 3.932423616407085820e-01
4.396501852718550651e-01 2.652500445897341685e-01 3.932423616407085820e-01
6.611014157669399260e-01 2.956572832405572893e-01 3.162984637098234519e-01
6.611014157669399260e-01 2.956572832405572893e-01 3.162984637098234519e-01
6.611014157669399260e-01 2.956572832405572893e-01 3.162984637098234519e-01
6.611014157669399260e-01 2.956572832405572893e-01 3.162984637098234519e-01
8.280997181781891703e-01 -2.399353967754337402e-01 4.225599439948207192e-01
1.233211950424910608e+00 -4.317600271742869644e-01 2.183659994278643601e-01
1.233211950424910608e+00 -4.317600271742869644e-01 2.183659994278643601e-01
1.233211950424910608e+00 -4.317600271742869644e-01 2.183659994278643601e-01
1.251152891128777700e+00 -4.451501546302382151e-01 2.026325970842220436e-01
1.251152891128777700e+00 -4.451501546302382151e-01 2.026325970842220436e-01
1.058386244140657295e+00 -3.934873627802566998e-01 4.095447968664367999e-01
1.058386244140657295e+00 -3.934873627802566998e-01 4.095447968664367999e-01
1.058386244140657295e+00 -3.934873627802566998e-01 4.095447968664367999e-01
1.058386244140657295e+00 -3.934873627802566998e-01 4.095447968664367999e-01
1.058386244140657295e+00 -3.934873627802566998e-01 4.095447968664367999e-01
1.058386244140657295e+00 -3.934873627802566998e-01 4.095447968664367999e-01
1.058386244140657295e+00 -3.934873627802566998e-01 4.095447968664367999e-01
1.058386244140657295e+00 -3.934873627802566998e-01 4.095447968664367999e-01
1.256592659000433709e+00 -2.320578820331453684e-01 4.880130014693213197e-02
1.161339176508820570e+00 -1.211262055505573226e-01 6.181724438888842182e-02
1.294288916966124914e+00 -2.334437803574905268e-01 2.915636329769605295e-02
8.476437637324022445e-01 -6.462236890493169850e-02 4.960907786776560524e-01
8.235281443049158323e-01 -5.297872181497978450e-02 5.135544157070569549e-01
8.235281443049158323e-01 -5.297872181497978450e-02 5.135544157070569549e-01
6.283783414934560607e-01 3.824626363502748871e-01 2.371963996389453988e-01
8.934961043212645837e-01 -3.331873945993885089e-02 3.861074128606722944e-01
6.453006951422920467e-01 1.498479650755261960e-01 5.152880518502384044e-01
7.851521458815271526e-01 1.545850590513347944e-03 5.141526266524341082e-01
7.851521458815271526e-01 1.545850590513347944e-03 5.141526266524341082e-01
9.672116815121065692e-01 -2.153484671205900536e-01 4.532943528029558244e-01
7.490708181740877158e-01 -2.086507771722755367e-01 3.378984821910711034e-01
9.914542502453730366e-01 -2.430918737799097618e-01 4.393464097463032902e-01
9.154559454486247416e-01 -2.442136749415916019e-01 4.871858066863378189e-01
9.154559454486247416e-01 -2.442136749415916019e-01 4.871858066863378189e-01
9.154559454486247416e-01 -2.442136749415916019e-01 4.871858066863378189e-01
9.154559454486247416e-01 -2.442136749415916019e-01 4.871858066863378189e-01
8.835501002180524699e-01 -4.176951802820663140e-01 2.416203100738670562e-01
8.835501002180524699e-01 -4.176951802820663140e-01 2.416203100738670562e-01
8.835501002180524699e-01 -4.176951802820663140e-01 2.416203100738670562e-01
8.833896617629650727e-01 -2.400404211170205360e-01 4.793872322392764285e-01
8.833896617629650727e-01 -2.400404211170205360e-01 4.793872322392764285e-01
8.833896617629650727e-01 -2.400404211170205360e-01 4.793872322392764285e-01
8.659083356988837021e-01 -2.307885338269373976e-01 4.755568009708064925e-01
8.659083356988837021e-01 -2.307885338269373976e-01 4.755568009708064925e-01
9.807875511045428540e-01 -2.106092732133040268e-01 4.319688183464645004e-01
6.561004581706662009e-01 -4.148323173055505908e-01 2.232128044779621220e-02
7.511311262083614215e-01 -1.495529904123718001e-01 4.322374402346111921e-01
7.000074439768413370e-01 -1.699725595375578546e-01 3.069952418421251217e-01
9.583779689126682433e-01 -1.238105047782807333e-01 3.810474214223905087e-01
9.583779689126682433e-01 -1.238105047782807333e-01 3.810474214223905087e-01
