2.489132485845457765e-01 1.481402749648903505e-01 2.201605868121185930e-02
2.489132485845457765e-01 1.481402749648903505e-01 2.201605868121185930e-02
7.407841545352723545e-01 -2.062829122887413491e-01 1.957489729425380964e-01
7.407841545352723545e-01 -2.062829122887413491e-01 1.957489729425380964e-01
7.407841545352723545e-01 -2.062829122887413491e-01 1.957489729425380964e-01
6.836280441019685350e-01 -1.297671633243213662e-02 4.201228882121372243e-01
8.814249356352099607e-01 -1.890244447337567635e-01 4.052305187981407042e-01
8.814249356352099607e-01 -1.890244447337567635e-01 4.052305187981407042e-01
9.230938533376619182e-01 -4.274728177122677497e-01 1.226205791016388436e-01
9.230938533376619182e-01 -4.274728177122677497e-01 1.226205791016388436e-01
1.019505924964262178e+00 -4.020770554558996679e-01 2.202261342338502070e-01
1.019505924964262178e+00 -4.020770554558996679e-01 2.202261342338502070e-01
1.019505924964262178e+00 -4.020770554558996679e-01 2.202261342338502070e-01
1.019505924964262178e+00 -4.020770554558996679e-01 2.202261342338502070e-01
8.904035873732166761e-01 -3.948873384009286003e-01 1.291061155567434227e-01
8.904035873732166761e-01 -3.948873384009286003e-01 1.291061155567434227e-01
8.498452036537863519e-01 -9.940518849351814845e-02 5.005411612041393843e-01
8.498452036537863519e-01 -9.940518849351814845e-02 5.005411612041393843e-01
7.830132272601567633e-01 1.616208930133967991e-02 5.801205277755258072e-01
7.830132272601567633e-01 1.616208930133967991e-02 5.801205277755258072e-01
7.830132272601567633e-01 1.616208930133967991e-02 5.801205277755258072e-01
7.830132272601567633e-01 1.616208930133967991e-02 5.801205277755258072e-01
7.830132272601567633e-01 1.616208930133967991e-02 5.801205277755258072e-01
7.830132272601567633e-01 1.616208930133967991e-02 5.801205277755258072e-01
7.830132272601567633e-01 1.616208930133967991e-02 5.801205277755258072e-01
1.347474989349551677e+00 -4.643435653707257416e-01 1.003267847035557020e-01
1.347474989349551677e+00 -4.643435653707257416e-01 1.003267847035557020e-01
1.347474989349551677e+00 -4.643435653707257416e-01 1.003267847035557020e-01
1.215156402107387956e+00 -6.326419991944264298e-01 9.201322168096615073e-02
1.215156402107387956e+00 -6.326419991944264298e-01 9.201322168096615073e-02
7.944519191545200698e-01 -3.334025649915847156e-01 1.069596146942854015e-01
3.673015618611576438e-01 1.604688428717441773e-01 1.085450064891118754e-01
3.673015618611576438e-01 1.604688428717441773e-01 1.085450064891118754e-01
3.673015618611576438e-01 1.604688428717441773e-01 1.085450064891118754e-01
2.579909389610763326e-01 1.451199367850548316e-01 2.433249968357179341e-02
2.520327260456026175e-01 5.433235126313760155e-01 2.405529249081134191e-01
2.520327260456026175e-01 5.433235126313760155e-01 2.405529249081134191e-01
1.592195172364541944e-01 4.010298147952914838e-01 5.991471699374848608e-02
4.310991981401357531e-01 8.264913269674460938e-01 7.661946524068788400e-02
3.978469437061645797e-01 5.378404182123341926e-01 3.849890916551734210e-01
4.136737587214353029e-01 2.828071749246034994e-01 3.159979612164962037e-01
3.888637648384262735e-01 3.403919726191226292e-01 3.293480592363980941e-01
5.354962607060860247e-01 1.550202627705591640e-01 3.975902548222408628e-01
8.482388299490712935e-01 1.143210372848196543e-01 4.912513684108643641e-01
8.482388299490712935e-01 1.143210372848196543e-01 4.912513684108643641e-01
8.482388299490712935e-01 1.143210372848196543e-01 4.912513684108643641e-01
8.482388299490712935e-01 1.143210372848196543e-01 4.912513684108643641e-01
8.482388299490712935e-01 1.143210372848196543e-01 4.912513684108643641e-01
9.185086566023596966e-01 -1.819970918825492834e-01 4.362195367476019436e-01
7.968925907688987342e-01 1.510038046756728980e-01 5.367699113068833405e-01
7.968925907688987342e-01 1.510038046756728980e-01 5.367699113068833405e-01
6.653525639815367487e-01 -4.376148077554997684e-02 3.319345821672592400e-01
6.653525639815367487e-01 -4.376148077554997684e-02 3.319345821672592400e-01
6.653525639815367487e-01 -4.376148077554997684e-02 3.319345821672592400e-01
6.653525639815367487e-01 -4.376148077554997684e-02 3.319345821672592400e-01
6.653525639815367487e-01 -4.376148077554997684e-02 3.319345821672592400e-01
6.653525639815367487e-01 -4.376148077554997684e-02 3.319345821672592400e-01
8.502407769832615037e-01 9.711948071768800039e-02 5.073595856285850747e-01
8.502407769832615037e-01 9.711948071768800039e-02 5.073595856285850747e-01
6.864854343621431543e-01 5.204053683581104373e-02 5.282005036784681584e-01
6.864854343621431543e-01 5.204053683581104373e-02 5.282005036784681584e-01
6.230078912890424370e-01 5.482448054321376052e-02 4.190622406932934529e-01
1.015276613770832448e+00 -1.554701111740860731e-01 4.041224260164374971e-01
1.015276613770832448e+00 -1.554701111740860731e-01 4.041224260164374971e-01
1.015276613770832448e+00 -1.554701111740860731e-01 4.041224260164374971e-01
1.015276613770832448e+00 -1.554701111740860731e-01 4.041224260164374971e-01
1.015276613770832448e+00 -1.554701111740860731e-01 4.041224260164374971e-01
1.213000534437238986e+00 -4.020352823461773029e-01 1.976653835757395672e-01
8.472883951718583884e-01 -3.172180982649492331e-01 1.771671824813739471e-01
8.472883951718583884e-01 -3.172180982649492331e-01 1.771671824813739471e-01
8.472883951718583884e-01 -3.172180982649492331e-01 1.771671824813739471e-01
8.472883951718583884e-01 -3.172180982649492331e-01 1.771671824813739471e-01
9.614485279454588751e-01 2.161219679934611171e-01 1.395246460102327057e-01
9.614485279454588751e-01 2.161219679934611171e-01 1.395246460102327057e-01
8.741308004902338391e-01 7.139445046045084231e-02 4.924258091590528741e-01
6.218634407113718954e-01 -1.215706314775455432e-01 1.451212232525591894e-01
6.614743065564842039e-01 -3.315353658411421267e-02 3.430311304984610676e-01
6.614743065564842039e-01 -3.315353658411421267e-02 3.430311304984610676e-01
9.378549531529214445e-01 -7.469933761158396857e-02 4.850584615388277565e-01
9.378549531529214445e-01 -7.469933761158396857e-02 4.850584615388277565e-01
1.264301778512179730e+00 -2.452073300855474036e-01 1.120858855371982404e-01
1.138022285846696180e+00 -3.462952879603339862e-01 2.631813515033878392e-01
8.634300338252831608e-01 -1.022946355666911333e-01 5.033261457832864938e-01
8.634300338252831608e-01 -1.022946355666911333e-01 5.033261457832864938e-01
3.314873215336265888e-01 3.166248482275371146e-01 2.019701295052338808e-01
3.162042650803082444e-01 6.148161989750384748e-01 3.040283401836666455e-01
3.162042650803082444e-01 6.148161989750384748e-01 3.040283401836666455e-01
3.192515182347480662e-01 8.414040137406866293e-01 1.200900152949211375e-01
3.192515182347480662e-01 8.414040137406866293e-01 1.200900152949211375e-01
3.192515182347480662e-01 8.414040137406866293e-01 1.200900152949211375e-01
3.192515182347480662e-01 8.414040137406866293e-01 1.200900152949211375e-01
3.192515182347480662e-01 8.414040137406866293e-01 1.200900152949211375e-01
6.579861381865842462e-02 7.388497391198919351e-01 1.004325958009642389e-01
7.187016788349438745e-03 8.269699929400986527e-01 7.373725470590564157e-02
7.187016788349438745e-03 8.269699929400986527e-01 7.373725470590564157e-02
7.187016788349438745e-03 8.269699929400986527e-01 7.373725470590564157e-02
4.821990093729986437e-01 5.929334743125862506e-01 2.957436466605912195e-01
4.821990093729986437e-01 5.929334743125862506e-01 2.957436466605912195e-01
4.821990093729986437e-01 5.929334743125862506e-01 2.957436466605912195e-01
4.821990093729986437e-01 5.929334743125862506e-01 2.957436466605912195e-01
