2.489132485845457765e-01 1.481402749648903505e-01 7.301506711857191391e-03
4.814543013698894258e-01 2.043647936129177334e-01 7.595098337325580096e-02
4.814543013698894258e-01 2.043647936129177334e-01 7.595098337325580096e-02
2.529746196911877854e-01 4.422687372127261929e-01 6.850439063521111815e-02
3.889577633955348945e-02 8.792800993798148834e-01 7.423761576490588154e-02
1.216553220765182741e-01 5.947769382127396920e-01 6.485718398512589633e-02
1.216553220765182741e-01 5.947769382127396920e-01 6.485718398512589633e-02
1.630552591035863974e-01 7.261558639501068946e-01 9.072376642066537489e-02
1.630552591035863974e-01 7.261558639501068946e-01 9.072376642066537489e-02
1.127581724762097837e-01 6.236155664923395125e-01 6.854758579163976184e-02
1.127581724762097837e-01 6.236155664923395125e-01 6.854758579163976184e-02
1.127581724762097837e-01 6.236155664923395125e-01 6.854758579163976184e-02
1.127581724762097837e-01 6.236155664923395125e-01 6.854758579163976184e-02
-3.559666572717995470e-02 5.865609114504021226e-01 2.213232024901498618e-02
1.888434931361570590e-01 3.347272539873678010e-01 2.295289546899809477e-02
4.366879176726076173e-01 4.492060337717002083e-01 1.197722238763430647e-01
7.003667850934611749e-01 3.479630501271946952e-01 1.077596968097530861e-01
7.003667850934611749e-01 3.479630501271946952e-01 1.077596968097530861e-01
7.003667850934611749e-01 3.479630501271946952e-01 1.077596968097530861e-01
4.446631036290871197e-01 7.737152500089065077e-01 3.690506680412505847e-02
4.490326288315849013e-01 4.840149991605274815e-01 1.187294672346452945e-01
4.490326288315849013e-01 4.840149991605274815e-01 1.187294672346452945e-01
3.116181694725954077e-01 5.423776666130847302e-01 1.064721930803754074e-01
3.116181694725954077e-01 5.423776666130847302e-01 1.064721930803754074e-01
2.779078579671507288e-01 7.527472585773808955e-01 8.175200406164877254e-02
-2.886459417253148252e-01 1.216060084643099337e+00 3.844327739751945278e-02
-2.886459417253148252e-01 1.216060084643099337e+00 3.844327739751945278e-02
-2.886459417253148252e-01 1.216060084643099337e+00 3.844327739751945278e-02
-1.573165010338867242e-02 1.209498830993136709e+00 2.133064812061881421e-02
1.746582165591617775e-01 1.098749195000445766e+00 1.614987835089515961e-02
1.746582165591617775e-01 1.098749195000445766e+00 1.614987835089515961e-02
1.746582165591617775e-01 1.098749195000445766e+00 1.614987835089515961e-02
1.746582165591617775e-01 1.098749195000445766e+00 1.614987835089515961e-02
4.129339004411494707e-02 9.173141368818080732e-01 7.013172311381131452e-02
2.643563173087604135e-01 7.396100272138528275e-01 8.707401790740579295e-02
2.643563173087604135e-01 7.396100272138528275e-01 8.707401790740579295e-02
2.227259089534954217e-01 5.077586800186608684e-01 7.602975612417417484e-02
1.504054869763786495e-01 5.657049501022274329e-01 6.698419269374158991e-02
4.073752837975329610e-01 9.698352801538372425e-01 8.358590434032923261e-03
2.800770621575002783e-01 9.532129781774102417e-01 2.669967150606576689e-02
2.800770621575002783e-01 9.532129781774102417e-01 2.669967150606576689e-02
2.524621550769791112e-01 8.725773085499962667e-01 5.245706517106701189e-02
-5.907352164207202438e-02 1.071858991901852853e+00 5.081675921044745414e-02
-5.907352164207202438e-02 1.071858991901852853e+00 5.081675921044745414e-02
-4.359342032526546118e-02 9.756282136592169252e-01 6.335636947158627963e-02
-2.237489864692312480e-01 1.197792016647038160e+00 4.037132824747537152e-02
-6.440869785391395430e-01 1.456913788758840589e+00 1.606947623012819001e-02
-6.440869785391395430e-01 1.456913788758840589e+00 1.606947623012819001e-02
-6.440869785391395430e-01 1.456913788758840589e+00 1.606947623012819001e-02
-6.170489259775397972e-01 1.630643197110867693e+00 1.229403452261200978e-02
-7.202763185933718226e-01 1.412316691917818501e+00 1.033772201024718736e-02
-8.727868043809638987e-01 1.665873273550962930e+00 7.659042302587910044e-03
-8.727868043809638987e-01 1.665873273550962930e+00 7.659042302587910044e-03
-8.820660587125823682e-01 1.865706242160179329e+00 5.584001617226429584e-03
-8.820660587125823682e-01 1.865706242160179329e+00 5.584001617226429584e-03
-8.820660587125823682e-01 1.865706242160179329e+00 5.584001617226429584e-03
-1.159740884549116835e+00 1.665579069786780497e+00 9.578032919548541907e-04
-1.159740884549116835e+00 1.665579069786780497e+00 9.578032919548541907e-04
-1.159740884549116835e+00 1.665579069786780497e+00 9.578032919548541907e-04
-5.850567816344386385e-01 1.294803985381812961e+00 1.600004780104847049e-02
-5.850567816344386385e-01 1.294803985381812961e+00 1.600004780104847049e-02
-5.574436417106644059e-01 1.340912602431577838e+00 2.005259625994797873e-02
-7.578899089210925366e-01 1.357766906643162574e+00 6.344815549928781509e-03
-7.578899089210925366e-01 1.357766906643162574e+00 6.344815549928781509e-03
-4.533447669984101425e-01 9.181052993242153626e-01 5.498398621305973510e-03
-4.533447669984101425e-01 9.181052993242153626e-01 5.498398621305973510e-03
-8.230410293641837738e-02 1.416786395753415029e+00 5.277542618508643257e-03
-8.230410293641837738e-02 1.416786395753415029e+00 5.277542618508643257e-03
-3.909605355842714070e-01 1.262095142849321006e+00 3.194981224089519373e-02
-3.909605355842714070e-01 1.262095142849321006e+00 3.194981224089519373e-02
-3.909605355842714070e-01 1.262095142849321006e+00 3.194981224089519373e-02
-3.909605355842714070e-01 1.262095142849321006e+00 3.194981224089519373e-02
-3.909605355842714070e-01 1.262095142849321006e+00 3.194981224089519373e-02
-3.909605355842714070e-01 1.262095142849321006e+00 3.194981224089519373e-02
-2.666830115200424789e-01 1.150724172145289881e+00 4.249408053755988207e-02
-2.666830115200424789e-01 1.150724172145289881e+00 4.249408053755988207e-02
1.074257664030333070e-01 1.227630715459630650e+00 7.915287714865546984e-03
1.074257664030333070e-01 1.227630715459630650e+00 7.915287714865546984e-03
-1.337764401666229619e-01 1.260678046973395805e+00 2.572608542780929070e-02
-1.337764401666229619e-01 1.260678046973395805e+00 2.572608542780929070e-02
-1.337764401666229619e-01 1.260678046973395805e+00 2.572608542780929070e-02
4.655085899029259844e-02 1.057811338563107162e+00 4.202421605884495981e-02
1.473202442117925726e-01 7.154014412444493765e-01 8.880851584353681438e-02
1.473202442117925726e-01 7.154014412444493765e-01 8.880851584353681438e-02
-1.318343672951971524e-01 1.124109377839612955e+00 4.680582461590741122e-02
-1.318343672951971524e-01 1.124109377839612955e+00 4.680582461590741122e-02
-2.710805656186075774e-02 9.497822020495338968e-01 6.607563047820187718e-02
-2.710805656186075774e-02 9.497822020495338968e-01 6.607563047820187718e-02
-2.710805656186075774e-02 9.497822020495338968e-01 6.607563047820187718e-02
-2.710805656186075774e-02 9.497822020495338968e-01 6.607563047820187718e-02
-2.710805656186075774e-02 9.497822020495338968e-01 6.607563047820187718e-02
-2.710805656186075774e-02 9.497822020495338968e-01 6.607563047820187718e-02
-2.710805656186075774e-02 9.497822020495338968e-01 6.607563047820187718e-02
3.126449602603543210e-01 4.232053611613567634e-01 8.392501433955544543e-02
3.126449602603543210e-01 4.232053611613567634e-01 8.392501433955544543e-02
2.092409826064975387e-01 4.957645056909038561e-01 6.839488678345694017e-02
2.092409826064975387e-01 4.957645056909038561e-01 6.839488678345694017e-02
2.092409826064975387e-01 4.957645056909038561e-01 6.839488678345694017e-02
2.092409826064975387e-01 4.957645056909038561e-01 6.839488678345694017e-02
2.092409826064975387e-01 4.957645056909038561e-01 6.839488678345694017e-02
