2.489132485845457765e-01 1.481402749648903505e-01 1.702578056290253439e-03
2.489132485845457765e-01 1.481402749648903505e-01 1.702578056290253439e-03
2.489132485845457765e-01 1.481402749648903505e-01 1.702578056290253439e-03
2.489132485845457765e-01 1.481402749648903505e-01 1.702578056290253439e-03
8.599794342538557013e-01 4.762746616407577405e-02 1.427361194305863494e-02
8.599794342538557013e-01 4.762746616407577405e-02 1.427361194305863494e-02
8.599794342538557013e-01 4.762746616407577405e-02 1.427361194305863494e-02
8.599794342538557013e-01 4.762746616407577405e-02 1.427361194305863494e-02
8.599794342538557013e-01 4.762746616407577405e-02 1.427361194305863494e-02
7.457909339348285371e-01 1.564754145057458690e-01 2.052063602641118062e-02
8.781432979739592914e-01 4.512412417803032816e-02 1.481188339012752715e-02
8.781432979739592914e-01 4.512412417803032816e-02 1.481188339012752715e-02
6.379532811863162234e-01 2.880772815978721590e-01 3.171087095442791381e-02
5.323394282759972285e-01 4.032835342836786352e-01 4.197741449616214371e-02
5.323394282759972285e-01 4.032835342836786352e-01 4.197741449616214371e-02
6.745119463350779387e-01 4.865354862250271251e-01 4.648369380508445697e-02
6.745119463350779387e-01 4.865354862250271251e-01 4.648369380508445697e-02
3.049523331501206580e-01 5.754874746529748952e-01 5.415391476474016447e-02
5.550227494261594785e-01 6.760852402011773288e-01 4.123666011428807343e-02
5.550227494261594785e-01 6.760852402011773288e-01 4.123666011428807343e-02
7.564358125513351849e-01 5.640856411248362789e-01 3.340792516735791029e-02
2.679753503124805425e-01 1.059324883380843740e+00 1.576369343748245180e-02
2.679753503124805425e-01 1.059324883380843740e+00 1.576369343748245180e-02
2.679753503124805425e-01 1.059324883380843740e+00 1.576369343748245180e-02
2.679753503124805425e-01 1.059324883380843740e+00 1.576369343748245180e-02
2.679753503124805425e-01 1.059324883380843740e+00 1.576369343748245180e-02
-7.876162134368780432e-02 1.116976458150837015e+00 4.687485572234361547e-02
-7.876162134368780432e-02 1.116976458150837015e+00 4.687485572234361547e-02
4.096540019997568227e-01 4.820228813623523845e-01 4.658831218014079789e-02
4.153515364129901632e-01 5.824116891125024065e-01 5.675435238967305174e-02
4.153515364129901632e-01 5.824116891125024065e-01 5.675435238967305174e-02
4.153515364129901632e-01 5.824116891125024065e-01 5.675435238967305174e-02
4.597150635410621189e-01 4.518106723011254822e-01 4.498392874991163221e-02
4.597150635410621189e-01 4.518106723011254822e-01 4.498392874991163221e-02
4.597150635410621189e-01 4.518106723011254822e-01 4.498392874991163221e-02
6.431291202198903267e-01 7.819133941799820686e-01 1.736442270796884069e-02
6.433930833636339885e-01 8.841334545356872576e-01 7.741691176749096459e-03
9.741259108065931649e-01 4.766460976502220337e-01 2.234971799318864749e-02
9.741259108065931649e-01 4.766460976502220337e-01 2.234971799318864749e-02
5.050982020451827426e-01 3.141926977302829660e-01 2.701359791277938016e-02
5.935658002106236619e-01 4.968233338398503340e-01 5.014311652936778024e-02
8.270297283681369294e-01 6.224234339541981909e-01 1.967892015626194688e-02
4.782255202004688788e-01 3.935351678202140824e-01 3.742529962856717268e-02
6.987796129577427129e-01 5.353634665710118590e-01 4.189713643100854285e-02
9.676114571573903866e-01 3.856723785404241323e-01 3.093522251989667959e-02
9.676114571573903866e-01 3.856723785404241323e-01 3.093522251989667959e-02
1.002792551577051494e+00 6.092408353966065615e-01 8.692521510976282048e-03
6.396285573802460434e-01 7.129529401657830334e-01 2.659233707242041403e-02
4.590389046468060785e-01 8.498664915258657970e-01 2.640905802228844107e-02
1.674310782529574992e-01 1.029728837718682177e+00 3.092992112945909186e-02
1.674310782529574992e-01 1.029728837718682177e+00 3.092992112945909186e-02
4.988683514581120360e-01 9.202937327993075955e-01 1.344292679521875977e-02
4.988683514581120360e-01 9.202937327993075955e-01 1.344292679521875977e-02
4.988683514581120360e-01 9.202937327993075955e-01 1.344292679521875977e-02
4.798646969311437527e-01 9.324801629474056552e-01 1.356243390347589527e-02
4.798646969311437527e-01 9.324801629474056552e-01 1.356243390347589527e-02
4.798646969311437527e-01 9.324801629474056552e-01 1.356243390347589527e-02
5.803440719608777831e-01 7.081521024295250877e-01 3.386107032083081336e-02
5.803440719608777831e-01 7.081521024295250877e-01 3.386107032083081336e-02
4.903252599393606026e-01 9.291357975395097002e-01 1.314179011649723415e-02
4.903252599393606026e-01 9.291357975395097002e-01 1.314179011649723415e-02
4.903252599393606026e-01 9.291357975395097002e-01 1.314179011649723415e-02
4.903252599393606026e-01 9.291357975395097002e-01 1.314179011649723415e-02
7.437742323776377340e-01 3.371607405363048482e-01 4.079718194737002451e-02
7.437742323776377340e-01 3.371607405363048482e-01 4.079718194737002451e-02
8.280941669831388685e-01 3.908974278479525055e-01 4.017751699083749184e-02
6.917313986929138903e-01 7.800673648298424023e-01 1.368885628545208309e-02
9.491688584300360665e-01 6.857694141443018143e-01 6.425560710876759667e-03
1.065596775893019821e+00 5.240410576638330209e-01 1.134649167323712425e-02
1.065596775893019821e+00 5.240410576638330209e-01 1.134649167323712425e-02
1.065596775893019821e+00 5.240410576638330209e-01 1.134649167323712425e-02
9.716851642006195666e-01 3.381022576212836528e-01 3.337472076922159969e-02
9.716851642006195666e-01 3.381022576212836528e-01 3.337472076922159969e-02
9.716851642006195666e-01 3.381022576212836528e-01 3.337472076922159969e-02
9.765205606475104716e-01 5.285836814166058328e-01 1.706596159748621430e-02
9.765205606475104716e-01 5.285836814166058328e-01 1.706596159748621430e-02
9.765205606475104716e-01 5.285836814166058328e-01 1.706596159748621430e-02
8.079834052471605021e-01 5.778069463502063519e-01 2.663124831288614727e-02
5.608064160982010327e-01 4.372802459158892097e-01 4.694535825645604343e-02
6.949703431410152454e-01 3.565177825500824293e-01 4.186724122812500448e-02
4.982359434076406579e-01 2.538925335274149764e-01 1.812628522515065746e-02
4.982359434076406579e-01 2.538925335274149764e-01 1.812628522515065746e-02
8.512315922079776165e-01 1.670835980309660629e-01 2.678294793317110081e-02
8.512315922079776165e-01 1.670835980309660629e-01 2.678294793317110081e-02
4.756918730337443280e-01 4.882561567843647921e-01 5.007939113347265048e-02
5.852097755808227664e-01 5.807529811986323898e-01 4.817099885477335586e-02
7.634207962522645552e-01 5.165857429305296122e-01 3.767549305168226004e-02
5.928240870378995719e-01 4.936311237235252447e-01 5.011497045905458081e-02
7.018231837656814243e-01 1.988845834350835839e-01 2.337730393992178135e-02
7.526574499092281156e-01 2.335524815853674274e-01 3.038786140804457248e-02
6.299173307114431797e-01 6.316163530668585935e-01 3.863846900144674024e-02
6.299173307114431797e-01 6.316163530668585935e-01 3.863846900144674024e-02
6.182968755441242692e-01 5.519929844569015920e-01 4.741925443931689632e-02
6.997364647488560907e-01 5.491677946833084523e-01 4.058109573765573963e-02
6.997364647488560907e-01 5.491677946833084523e-01 4.058109573765573963e-02
6.997364647488560907e-01 5.491677946833084523e-01 4.058109573765573963e-02
3.530544845012724142e-01 5.806596214538145562e-01 5.637423994265636229e-02
3.530544845012724142e-01 5.806596214538145562e-01 5.637423994265636229e-02
3.530544845012724142e-01 5.806596214538145562e-01 5.637423994265636229e-02
1.073329312434544880e+00 2.113575074704537315e-01 3.070623026424520660e-02
