2.489132485845457765e-01 1.481402749648903505e-01 2.118269666229755273e-03
4.997015258951137961e-01 2.539114303232576919e-01 3.045490953172499612e-02
9.244581716184734343e-01 -1.535703416981729075e-01 3.446850857544360609e-03
9.244581716184734343e-01 -1.535703416981729075e-01 3.446850857544360609e-03
9.244581716184734343e-01 -1.535703416981729075e-01 3.446850857544360609e-03
1.319922537880134250e+00 5.038074005044079762e-02 7.551718827688369551e-02
8.097077166043786800e-01 3.239391785566482773e-01 1.053368465962982309e-01
8.097077166043786800e-01 3.239391785566482773e-01 1.053368465962982309e-01
6.766622897446733509e-01 4.035443001235112792e-01 1.135092909356736068e-01
5.506970155109195408e-01 3.633302865024307660e-01 7.694968220663529757e-02
6.095784687433274396e-01 4.666114676215366019e-01 1.233588721845091524e-01
6.435803676035056764e-01 5.974770129048547762e-01 1.259495693507315939e-01
1.235276755391956360e+00 4.968719269502375191e-01 4.135138925783387459e-02
6.252565076958991330e-01 3.109681897045686316e-01 7.026981082652712651e-02
2.982486714744912448e-01 4.470101447714190934e-01 5.990376187113798101e-02
2.982486714744912448e-01 4.470101447714190934e-01 5.990376187113798101e-02
-2.698318395019289051e-02 7.874562351783771508e-01 1.184742741093810087e-01
-2.698318395019289051e-02 7.874562351783771508e-01 1.184742741093810087e-01
-2.698318395019289051e-02 7.874562351783771508e-01 1.184742741093810087e-01
1.656064850463016824e-01 1.118587247186421552e+00 3.281427113103502213e-02
-8.148269842939181995e-02 9.077613133235917786e-01 1.278955107273330449e-01
-8.148269842939181995e-02 9.077613133235917786e-01 1.278955107273330449e-01
-8.148269842939181995e-02 9.077613133235917786e-01 1.278955107273330449e-01
-8.148269842939181995e-02 9.077613133235917786e-01 1.278955107273330449e-01
-6.345079834760967152e-01 1.399528284175635573e+00 5.407198846619028915e-02
-6.345079834760967152e-01 1.399528284175635573e+00 5.407198846619028915e-02
-4.798374155010144415e-01 8.506230225902446929e-01 4.669914025453648226e-02
-4.798374155010144415e-01 8.506230225902446929e-01 4.669914025453648226e-02
-4.798374155010144415e-01 8.506230225902446929e-01 4.669914025453648226e-02
-5.125312628966413042e-01 6.908848015225876882e-01 1.035627840753888980e-02
-5.125312628966413042e-01 6.908848015225876882e-01 1.035627840753888980e-02
-5.125312628966413042e-01 6.908848015225876882e-01 1.035627840753888980e-02
-1.348208125964445725e-01 8.499238377836993985e-01 1.158244771845326898e-01
-5.012227092630665293e-02 7.810021118728808220e-01 1.126339115872988794e-01
-2.883864116204405970e-01 1.059257913981531019e+00 1.136239819242888804e-01
-6.606353790985203256e-02 1.046077568501394994e+00 9.766036214095610846e-02
-5.011075309823140866e-01 1.560941414379056758e+00 9.594812628953590036e-03
-5.011075309823140866e-01 1.560941414379056758e+00 9.594812628953590036e-03
-7.715744821592712688e-01 1.663719996638810317e+00 1.122883739237482900e-02
-1.066959112917651442e+00 1.620956858734982520e+00 3.569782929427815776e-02
-1.066959112917651442e+00 1.620956858734982520e+00 3.569782929427815776e-02
-1.537184381527355370e+00 1.643227518833639822e+00 3.280829124447947470e-02
-1.537184381527355370e+00 1.643227518833639822e+00 3.280829124447947470e-02
-1.537184381527355370e+00 1.643227518833639822e+00 3.280829124447947470e-02
-1.418032511717644883e+00 1.433301438226461721e+00 2.905429256934386958e-02
-1.418032511717644883e+00 1.433301438226461721e+00 2.905429256934386958e-02
-1.418032511717644883e+00 1.433301438226461721e+00 2.905429256934386958e-02
-1.418032511717644883e+00 1.433301438226461721e+00 2.905429256934386958e-02
-1.418032511717644883e+00 1.433301438226461721e+00 2.905429256934386958e-02
-1.377406977895732298e+00 1.705133436171547112e+00 3.308879023570409500e-02
-1.377406977895732298e+00 1.705133436171547112e+00 3.308879023570409500e-02
-1.377406977895732298e+00 1.705133436171547112e+00 3.308879023570409500e-02
-1.377406977895732298e+00 1.705133436171547112e+00 3.308879023570409500e-02
-1.812976659373348509e+00 1.802898727921248723e+00 2.089134435526101077e-02
-1.812976659373348509e+00 1.802898727921248723e+00 2.089134435526101077e-02
-1.711232072531340798e+00 1.639278898697227760e+00 2.197067974324425771e-02
-1.481226235893712051e+00 1.647856427468082030e+00 3.542651943404868248e-02
-1.371625405896493177e+00 1.423546359878131939e+00 3.264441628872978562e-02
-1.371625405896493177e+00 1.423546359878131939e+00 3.264441628872978562e-02
-1.371625405896493177e+00 1.423546359878131939e+00 3.264441628872978562e-02
-1.002684419536291838e+00 1.560025049154675214e+00 4.385521649907219571e-02
-7.401840676073344616e-01 1.190824999978585153e+00 8.283145576365526230e-02
-7.401840676073344616e-01 1.190824999978585153e+00 8.283145576365526230e-02
-3.545517335034711892e-01 1.256179167658629359e+00 6.526508410068973531e-02
1.356692063338448273e-01 1.091915727692771343e+00 4.533930698631803702e-02
4.142362812940248995e-01 8.133596096633213257e-01 9.897238008898207040e-02
3.571609361381235526e-01 1.695531936265899375e-01 5.922673175441914295e-03
2.126652016526097422e-01 2.122179144189501598e-01 3.933636636596784739e-03
2.126652016526097422e-01 2.122179144189501598e-01 3.933636636596784739e-03
2.126652016526097422e-01 2.122179144189501598e-01 3.933636636596784739e-03
-7.661569702731316212e-02 5.406265315686618056e-01 2.641595682849853799e-02
-7.661569702731316212e-02 5.406265315686618056e-01 2.641595682849853799e-02
-9.797258244467281496e-02 5.316124368788762711e-01 2.190135807368463750e-02
-9.797258244467281496e-02 5.316124368788762711e-01 2.190135807368463750e-02
-1.873495396741987340e-01 6.440025619558454872e-01 3.705786059844315417e-02
-1.267941886769616000e-01 5.422560233755301384e-01 2.084722696547776366e-02
4.199723093903630078e-01 1.690611928675128106e-01 8.646894215066718362e-03
4.199723093903630078e-01 1.690611928675128106e-01 8.646894215066718362e-03
4.199723093903630078e-01 1.690611928675128106e-01 8.646894215066718362e-03
4.400801969016155946e-01 5.488327198676378194e-01 1.251848788558563297e-01
6.047820492061392050e-01 3.753320600831203668e-01 9.204143862138332299e-02
6.047820492061392050e-01 3.753320600831203668e-01 9.204143862138332299e-02
8.601893334989838547e-01 3.517827562141180864e-01 1.169188106432132307e-01
8.601893334989838547e-01 3.517827562141180864e-01 1.169188106432132307e-01
9.366711443540911564e-01 3.214721991592011108e-01 1.145666877668566619e-01
7.717648039487293721e-01 2.669320661847788267e-01 7.927054985725272285e-02
7.717648039487293721e-01 2.669320661847788267e-01 7.927054985725272285e-02
1.322502543368578865e+00 1.562980691599849814e-01 9.282251218180125052e-02
1.322502543368578865e+00 1.562980691599849814e-01 9.282251218180125052e-02
1.666392042481432911e+00 1.396912036272212054e-01 5.471804591934414236e-02
1.666392042481432911e+00 1.396912036272212054e-01 5.471804591934414236e-02
1.582975798536753187e+00 -7.859186145212873620e-02 6.084826133654269026e-02
1.506485147485477682e+00 -2.641150960230251865e-01 1.766862587321610042e-02
1.391810720022217840e+00 -2.430145900558357552e-01 1.391874091639296041e-02
1.391810720022217840e+00 -2.430145900558357552e-01 1.391874091639296041e-02
1.477991042714229541e+00 8.960689477901134792e-02 8.180367587321421552e-02
1.477991042714229541e+00 8.960689477901134792e-02 8.180367587321421552e-02
1.472873384587835233e+00 -2.520034592990784417e-02 6.694241318077726044e-02
1.309679444543885740e+00 1.759394272941860460e-01 9.435195189494037515e-02
1.197323126972476892e+00 2.047580034576537145e-01 1.004974692866076741e-01
