2.489132485845457765e-01 1.481402749648903505e-01 1.720702207270361495e-01
2.489132485845457765e-01 1.481402749648903505e-01 1.720702207270361495e-01
2.489132485845457765e-01 1.481402749648903505e-01 1.720702207270361495e-01
2.489132485845457765e-01 1.481402749648903505e-01 1.720702207270361495e-01
2.911879212540681716e-01 1.602472488090035674e-01 3.120660996065654502e-01
2.911879212540681716e-01 1.602472488090035674e-01 3.120660996065654502e-01
2.911879212540681716e-01 1.602472488090035674e-01 3.120660996065654502e-01
2.911879212540681716e-01 1.602472488090035674e-01 3.120660996065654502e-01
2.911879212540681716e-01 1.602472488090035674e-01 3.120660996065654502e-01
2.911879212540681716e-01 1.602472488090035674e-01 3.120660996065654502e-01
2.911879212540681716e-01 1.602472488090035674e-01 3.120660996065654502e-01
2.911879212540681716e-01 1.602472488090035674e-01 3.120660996065654502e-01
2.911879212540681716e-01 1.602472488090035674e-01 3.120660996065654502e-01
2.911879212540681716e-01 1.602472488090035674e-01 3.120660996065654502e-01
2.911879212540681716e-01 1.602472488090035674e-01 3.120660996065654502e-01
3.110929977853008621e-01 1.941841611876823637e-01 4.391751279890578341e-01
2.421771269632261303e-01 3.413027956530632068e-01 4.693648515632655172e-01
2.423526650505054281e-01 4.084408078473986681e-01 5.673239996647913008e-01
3.140873638587564076e-01 8.215112465467946379e-01 8.776760546905142124e-02
3.140873638587564076e-01 8.215112465467946379e-01 8.776760546905142124e-02
3.140873638587564076e-01 8.215112465467946379e-01 8.776760546905142124e-02
3.140873638587564076e-01 8.215112465467946379e-01 8.776760546905142124e-02
3.140873638587564076e-01 8.215112465467946379e-01 8.776760546905142124e-02
3.140873638587564076e-01 8.215112465467946379e-01 8.776760546905142124e-02
2.382283832674441659e-01 9.949783227989674739e-01 4.305772108254844743e-02
2.382283832674441659e-01 9.949783227989674739e-01 4.305772108254844743e-02
2.382283832674441659e-01 9.949783227989674739e-01 4.305772108254844743e-02
2.382283832674441659e-01 9.949783227989674739e-01 4.305772108254844743e-02
2.382283832674441659e-01 9.949783227989674739e-01 4.305772108254844743e-02
4.465645804386799700e-01 7.540796869676723579e-01 1.260004631002927845e-02
4.465645804386799700e-01 7.540796869676723579e-01 1.260004631002927845e-02
4.465645804386799700e-01 7.540796869676723579e-01 1.260004631002927845e-02
4.465645804386799700e-01 7.540796869676723579e-01 1.260004631002927845e-02
4.465645804386799700e-01 7.540796869676723579e-01 1.260004631002927845e-02
4.465645804386799700e-01 7.540796869676723579e-01 1.260004631002927845e-02
4.465645804386799700e-01 7.540796869676723579e-01 1.260004631002927845e-02
2.875232944274284108e-01 9.018289209116714389e-02 1.863009065727488922e-01
2.875232944274284108e-01 9.018289209116714389e-02 1.863009065727488922e-01
3.847050106068832243e-01 2.485216870850111559e-01 5.932609678174856072e-01
4.946522588345766414e-01 4.524183234960589828e-01 8.600683675194524536e-02
2.523408259333496662e-01 1.939610694131712609e-01 2.491334585350865605e-01
2.230849770918998387e-01 3.217487978167176133e-01 3.590166446944885736e-01
1.202762418038447606e-01 5.538138609819267533e-01 2.447697802417240776e-01
2.932769223597239128e-01 5.661834292411243030e-01 5.473620508921150929e-01
1.901480638505889664e-01 5.979043208163563605e-01 4.938465085781441055e-01
3.782082724760699177e-01 4.255695751286370232e-01 5.072875382278314582e-01
3.782082724760699177e-01 4.255695751286370232e-01 5.072875382278314582e-01
3.563074845324875617e-01 2.299561771602640914e-01 5.890845849972027315e-01
3.563074845324875617e-01 2.299561771602640914e-01 5.890845849972027315e-01
3.563074845324875617e-01 2.299561771602640914e-01 5.890845849972027315e-01
3.563074845324875617e-01 2.299561771602640914e-01 5.890845849972027315e-01
3.946515761349753126e-01 3.731326030040567066e-01 5.128200409128036430e-01
3.946515761349753126e-01 3.731326030040567066e-01 5.128200409128036430e-01
3.946515761349753126e-01 3.731326030040567066e-01 5.128200409128036430e-01
3.946515761349753126e-01 3.731326030040567066e-01 5.128200409128036430e-01
3.140709861801762592e-01 1.137848224330725855e-01 2.925369282609990851e-01
4.392496894916378958e-01 4.693925360580084027e-02 3.522981568810388819e-01
4.392496894916378958e-01 4.693925360580084027e-02 3.522981568810388819e-01
2.951830516083315814e-01 3.480717117914235992e-01 6.500859517217185690e-01
2.951830516083315814e-01 3.480717117914235992e-01 6.500859517217185690e-01
2.951830516083315814e-01 3.480717117914235992e-01 6.500859517217185690e-01
2.951830516083315814e-01 3.480717117914235992e-01 6.500859517217185690e-01
5.923165657161841846e-01 3.454522760539988080e-01 2.065462521861443843e-02
2.818892453550994048e-01 4.095914972251949449e-01 6.731245259592023578e-01
2.818892453550994048e-01 4.095914972251949449e-01 6.731245259592023578e-01
2.818892453550994048e-01 4.095914972251949449e-01 6.731245259592023578e-01
2.818892453550994048e-01 4.095914972251949449e-01 6.731245259592023578e-01
2.818892453550994048e-01 4.095914972251949449e-01 6.731245259592023578e-01
2.270131040008221968e-01 3.117421021683378646e-01 3.578366170056936357e-01
2.270131040008221968e-01 3.117421021683378646e-01 3.578366170056936357e-01
2.270131040008221968e-01 3.117421021683378646e-01 3.578366170056936357e-01
2.270131040008221968e-01 3.117421021683378646e-01 3.578366170056936357e-01
1.604453810861836138e-01 6.347464477520740056e-01 4.100169933731593330e-01
2.751254598262994344e-01 6.581279481153921029e-01 4.167597442976588851e-01
2.751254598262994344e-01 6.581279481153921029e-01 4.167597442976588851e-01
2.751254598262994344e-01 6.581279481153921029e-01 4.167597442976588851e-01
2.859062125019900535e-01 5.925520334624033714e-01 5.167359670291438167e-01
2.859062125019900535e-01 5.925520334624033714e-01 5.167359670291438167e-01
2.301960427916012186e-01 6.368010714978931119e-01 5.120761676465808154e-01
2.301960427916012186e-01 6.368010714978931119e-01 5.120761676465808154e-01
3.352248571877731176e-01 3.203978648414212982e-01 6.684413499316598228e-01
3.352248571877731176e-01 3.203978648414212982e-01 6.684413499316598228e-01
2.299152376777339746e-01 6.281284359986398780e-01 5.234455413276394298e-01
2.299152376777339746e-01 6.281284359986398780e-01 5.234455413276394298e-01
3.290046654776017654e-01 5.348833861132412659e-01 5.031359621532704995e-01
2.195750033755629882e-01 3.374443777436050840e-01 3.707999194838658141e-01
1.387227207975200716e-01 5.102476240177956646e-01 2.729588380605244002e-01
2.241667933968047310e-01 4.706093605956643278e-01 5.630288426280420921e-01
2.256888135388926409e-01 1.801288661463936180e-01 1.550507217603025734e-01
2.256888135388926409e-01 1.801288661463936180e-01 1.550507217603025734e-01
1.784104785199711052e-01 6.325321199945341810e-01 4.561376057679860652e-01
3.444095317969848025e-01 6.244833964330277487e-01 2.810500474921007186e-01
1.522665558700298793e-01 6.205754673249443965e-01 3.855984766728113300e-01
1.522665558700298793e-01 6.205754673249443965e-01 3.855984766728113300e-01
2.361680067583924458e-01 5.884161917459378444e-01 5.702281060260483425e-01
2.361680067583924458e-01 5.884161917459378444e-01 5.702281060260483425e-01
2.361680067583924458e-01 5.884161917459378444e-01 5.702281060260483425e-01
2.361680067583924458e-01 5.884161917459378444e-01 5.702281060260483425e-01
2.361680067583924458e-01 5.884161917459378444e-01 5.702281060260483425e-01
2.361680067583924458e-01 5.884161917459378444e-01 5.702281060260483425e-01
