2.489132485845457765e-01 1.481402749648903505e-01 2.649707860338190724e-03
6.384641857563737588e-01 2.174174399095077370e-01 3.735269171989615694e-02
6.384641857563737588e-01 2.174174399095077370e-01 3.735269171989615694e-02
3.851429667193763118e-01 6.810576810283170968e-01 1.492004090439051356e-01
3.851429667193763118e-01 6.810576810283170968e-01 1.492004090439051356e-01
3.851429667193763118e-01 6.810576810283170968e-01 1.492004090439051356e-01
3.851429667193763118e-01 6.810576810283170968e-01 1.492004090439051356e-01
3.851429667193763118e-01 6.810576810283170968e-01 1.492004090439051356e-01
3.347280344656282658e-01 6.977651734904527503e-01 1.594497456648587552e-01
3.347280344656282658e-01 6.977651734904527503e-01 1.594497456648587552e-01
3.347280344656282658e-01 6.977651734904527503e-01 1.594497456648587552e-01
3.347280344656282658e-01 6.977651734904527503e-01 1.594497456648587552e-01
5.317352473266501178e-01 4.842501202186605402e-01 1.218156177160121811e-01
9.722359116298002757e-01 1.587018385458320857e-01 4.137612667466381011e-02
9.722359116298002757e-01 1.587018385458320857e-01 4.137612667466381011e-02
9.722359116298002757e-01 1.587018385458320857e-01 4.137612667466381011e-02
9.722359116298002757e-01 1.587018385458320857e-01 4.137612667466381011e-02
5.907889149888800873e-01 2.387573543308035562e-01 3.912284100221178479e-02
5.907889149888800873e-01 2.387573543308035562e-01 3.912284100221178479e-02
9.705417648099358141e-01 2.559817146786033670e-01 5.720476590118896837e-02
8.729762788279873398e-01 4.744337815438137707e-01 6.517359458746535550e-02
8.482447167217949113e-01 6.330352286311504706e-01 3.404330954146689292e-02
8.482447167217949113e-01 6.330352286311504706e-01 3.404330954146689292e-02
8.482447167217949113e-01 6.330352286311504706e-01 3.404330954146689292e-02
6.782189543585815938e-01 7.387097585435687952e-01 4.008444623304661947e-02
3.516433882641010200e-01 9.702847365768030308e-01 3.643793752189267154e-02
1.364942139065520865e-01 1.035726551789503125e+00 6.442000753286863945e-02
6.841078890408716640e-02 8.104370066462880384e-01 2.020671545341499731e-01
-6.137770879597981288e-01 1.034484394953690822e+00 1.777638836575687886e-01
-8.998568850835904076e-01 1.376075463913764452e+00 1.486378500851071871e-01
-8.998568850835904076e-01 1.376075463913764452e+00 1.486378500851071871e-01
-5.422402766038908473e-01 1.173833524944027040e+00 1.997314684301174093e-01
-5.422402766038908473e-01 1.173833524944027040e+00 1.997314684301174093e-01
-2.921352409808252726e-01 1.031777466993167414e+00 2.157234689852948750e-01
-6.210504672005017213e-01 7.357318132224135443e-01 2.031728735378369663e-02
-6.210504672005017213e-01 7.357318132224135443e-01 2.031728735378369663e-02
-6.210504672005017213e-01 7.357318132224135443e-01 2.031728735378369663e-02
-4.134140755404150380e-01 1.052788389587285600e+00 2.222733080720928067e-01
-2.000298374840554505e-01 7.789853180944888988e-01 1.651634046424561852e-01
-2.000298374840554505e-01 7.789853180944888988e-01 1.651634046424561852e-01
-2.000298374840554505e-01 7.789853180944888988e-01 1.651634046424561852e-01
-2.000298374840554505e-01 7.789853180944888988e-01 1.651634046424561852e-01
-2.000298374840554505e-01 7.789853180944888988e-01 1.651634046424561852e-01
-2.000298374840554505e-01 7.789853180944888988e-01 1.651634046424561852e-01
-2.000298374840554505e-01 7.789853180944888988e-01 1.651634046424561852e-01
-4.034231984087159884e-01 1.005452414232288483e+00 2.214334129689232711e-01
-4.034231984087159884e-01 1.005452414232288483e+00 2.214334129689232711e-01
-3.185074252034530984e-01 9.174865323083775115e-01 2.106579940218938352e-01
-3.185074252034530984e-01 9.174865323083775115e-01 2.106579940218938352e-01
-4.242784586748171716e-02 8.267443757178722930e-01 2.136972458150269705e-01
4.817447980073695790e-01 6.831512539711069865e-01 1.185364241825047626e-01
2.591453942481183326e-01 6.221958547488892766e-01 1.649295130712948865e-01
1.274047856371496867e-01 5.630222640626177943e-01 1.143979427574951108e-01
2.741268699900095696e-01 7.198649516963407935e-01 1.708866627028625684e-01
2.741268699900095696e-01 7.198649516963407935e-01 1.708866627028625684e-01
2.741268699900095696e-01 7.198649516963407935e-01 1.708866627028625684e-01
6.351873557625409283e-01 4.154739849376026806e-01 1.016089178683280692e-01
6.351873557625409283e-01 4.154739849376026806e-01 1.016089178683280692e-01
6.351873557625409283e-01 4.154739849376026806e-01 1.016089178683280692e-01
6.351873557625409283e-01 4.154739849376026806e-01 1.016089178683280692e-01
6.707191922344742929e-01 6.843869402568700799e-01 5.924765218733511057e-02
6.707191922344742929e-01 6.843869402568700799e-01 5.924765218733511057e-02
9.506219113169862567e-01 5.458222565893138256e-01 3.471920515554244996e-02
9.506219113169862567e-01 5.458222565893138256e-01 3.471920515554244996e-02
5.950858200692147326e-01 7.286242195848819936e-01 6.438159632018217171e-02
2.685118761213951544e-01 4.452502295502459018e-01 7.740521957945005471e-02
2.685118761213951544e-01 4.452502295502459018e-01 7.740521957945005471e-02
3.313951438804429994e-01 3.818603553689057239e-01 5.823232324521324110e-02
3.642851174106080947e-01 8.368241862704476342e-01 9.132931708129715664e-02
3.642851174106080947e-01 8.368241862704476342e-01 9.132931708129715664e-02
-1.434956194767956772e-01 1.158487487170441810e+00 8.604496475523419619e-02
-4.349664740979266031e-01 1.021535946729851485e+00 2.199405923744134350e-01
-7.361138088282188630e-01 1.147258715136987295e+00 1.839649102573600314e-01
-7.361138088282188630e-01 1.147258715136987295e+00 1.839649102573600314e-01
-7.361138088282188630e-01 1.147258715136987295e+00 1.839649102573600314e-01
-1.110559389502079330e+00 1.195616560149684426e+00 7.494206327223644493e-02
-5.053099877992101030e-01 1.314766209292233645e+00 1.030957511651483527e-01
-7.330122617993276579e-01 1.472014863779609106e+00 6.860777550309457573e-02
-1.165254414983395659e+00 1.440585391353027989e+00 1.198890434683945461e-01
-1.085877501688079727e+00 1.404723271752792657e+00 1.333008846055984686e-01
-1.085877501688079727e+00 1.404723271752792657e+00 1.333008846055984686e-01
-1.539371658617502803e+00 1.419542969622234363e+00 3.697014072471427326e-02
-1.240521060670185305e+00 1.936444522849595673e+00 4.555436485005831017e-03
-1.240521060670185305e+00 1.936444522849595673e+00 4.555436485005831017e-03
-1.461146921488520878e+00 1.449606630647480632e+00 5.904433768935925947e-02
-1.461146921488520878e+00 1.449606630647480632e+00 5.904433768935925947e-02
-1.394696102512963609e+00 1.398769050998564412e+00 6.281869807998415045e-02
-1.394696102512963609e+00 1.398769050998564412e+00 6.281869807998415045e-02
-1.394696102512963609e+00 1.398769050998564412e+00 6.281869807998415045e-02
-1.761268473994410000e+00 1.655891718780390320e+00 3.555528593554699995e-02
-1.761268473994410000e+00 1.655891718780390320e+00 3.555528593554699995e-02
-1.761268473994410000e+00 1.655891718780390320e+00 3.555528593554699995e-02
-1.761268473994410000e+00 1.655891718780390320e+00 3.555528593554699995e-02
-1.636964152152118768e+00 1.253206795382758587e+00 4.811894602321870051e-03
-1.465947444337739158e+00 1.750173428959432620e+00 4.761281850796848791e-02
-1.259278910600593937e+00 1.443730990049171936e+00 1.034434986161775621e-01
-1.129928054359078837e+00 1.409676400140692287e+00 1.265440833758279260e-01
-1.129928054359078837e+00 1.409676400140692287e+00 1.265440833758279260e-01
-1.129928054359078837e+00 1.409676400140692287e+00 1.265440833758279260e-01
-1.150669538923586810e+00 1.572837198830383532e+00 8.670806562671982964e-02
