2.489132485845457765e-01 1.481402749648903505e-01 3.363171019836744963e-03
1.581256954543783233e-01 7.217150363447313310e-01 1.439349942980468755e-01
1.581256954543783233e-01 7.217150363447313310e-01 1.439349942980468755e-01
1.581256954543783233e-01 7.217150363447313310e-01 1.439349942980468755e-01
1.581256954543783233e-01 7.217150363447313310e-01 1.439349942980468755e-01
1.581256954543783233e-01 7.217150363447313310e-01 1.439349942980468755e-01
1.581256954543783233e-01 7.217150363447313310e-01 1.439349942980468755e-01
9.294824279804315970e-02 7.478482663383420048e-01 1.354319938651189492e-01
9.294824279804315970e-02 7.478482663383420048e-01 1.354319938651189492e-01
1.463837653397375427e-01 4.762323761393047472e-01 5.035678633413608052e-02
1.993451452797223578e-02 3.252293301330757003e-01 4.717746270079288019e-03
1.931316920032249140e-01 7.319578355724010166e-01 1.502584945265381944e-01
2.159594064466012764e-01 8.483977743375813452e-01 1.285752141301925444e-01
2.159594064466012764e-01 8.483977743375813452e-01 1.285752141301925444e-01
2.159594064466012764e-01 8.483977743375813452e-01 1.285752141301925444e-01
2.159594064466012764e-01 8.483977743375813452e-01 1.285752141301925444e-01
-4.269010630833153241e-03 9.009158945652355754e-01 1.286508193371581621e-01
-1.323080913152149263e-01 8.939844834750120262e-01 1.133346330696241855e-01
-1.323080913152149263e-01 8.939844834750120262e-01 1.133346330696241855e-01
-1.323080913152149263e-01 8.939844834750120262e-01 1.133346330696241855e-01
-6.949071738675791088e-02 7.823248160536478979e-01 1.032319815643688160e-01
-6.949071738675791088e-02 7.823248160536478979e-01 1.032319815643688160e-01
-6.949071738675791088e-02 7.823248160536478979e-01 1.032319815643688160e-01
-6.949071738675791088e-02 7.823248160536478979e-01 1.032319815643688160e-01
-6.949071738675791088e-02 7.823248160536478979e-01 1.032319815643688160e-01
3.221530885400705202e-01 6.490824342774471623e-01 1.606922307927769189e-01
-2.599586660169067587e-02 9.184001954668992163e-01 1.258393932174209362e-01
-2.599586660169067587e-02 9.184001954668992163e-01 1.258393932174209362e-01
-2.599586660169067587e-02 9.184001954668992163e-01 1.258393932174209362e-01
-1.906837225207492353e-02 6.973095283791472809e-01 8.862116437961629900e-02
-3.199044423863302011e-01 1.103396701595687368e+00 9.297654335472667342e-02
-3.199044423863302011e-01 1.103396701595687368e+00 9.297654335472667342e-02
-4.386725356639270546e-01 7.425869476563686788e-01 1.332969221479089056e-02
-4.386725356639270546e-01 7.425869476563686788e-01 1.332969221479089056e-02
-2.987381607316869081e-01 6.774963565586771264e-01 1.907842861474267487e-02
-6.457034670330473736e-01 8.871601213898822058e-01 1.173226133375194179e-02
-7.562127680608926594e-01 9.518583275147199929e-01 9.588658945216063309e-03
-7.562127680608926594e-01 9.518583275147199929e-01 9.588658945216063309e-03
-8.638410571276395888e-01 1.103580680194685248e+00 1.584444450170912483e-02
-5.480259555041877562e-01 1.277396794871363817e+00 6.550061682869927349e-02
-6.550549140467752940e-01 1.382382149301121022e+00 5.069716806542792081e-02
-6.550549140467752940e-01 1.382382149301121022e+00 5.069716806542792081e-02
-2.601076222119569903e-01 1.252249461659991070e+00 5.320366070359607708e-02
-2.601076222119569903e-01 1.252249461659991070e+00 5.320366070359607708e-02
-2.601076222119569903e-01 1.252249461659991070e+00 5.320366070359607708e-02
-2.601076222119569903e-01 1.252249461659991070e+00 5.320366070359607708e-02
-2.601076222119569903e-01 1.252249461659991070e+00 5.320366070359607708e-02
-2.601076222119569903e-01 1.252249461659991070e+00 5.320366070359607708e-02
-2.601076222119569903e-01 1.252249461659991070e+00 5.320366070359607708e-02
-2.601076222119569903e-01 1.252249461659991070e+00 5.320366070359607708e-02
-2.601076222119569903e-01 1.252249461659991070e+00 5.320366070359607708e-02
-4.028765529758497332e-01 1.026671724967967547e+00 7.961719762043469040e-02
-4.028765529758497332e-01 1.026671724967967547e+00 7.961719762043469040e-02
-2.347489216678633195e-02 1.112690451297210226e+00 6.514410568825805548e-02
1.324226667377371436e-01 7.517911884693556646e-01 1.433315955683908405e-01
7.565241750011728605e-01 5.251230132838849984e-01 1.462818310393271815e-01
7.565241750011728605e-01 5.251230132838849984e-01 1.462818310393271815e-01
7.565241750011728605e-01 5.251230132838849984e-01 1.462818310393271815e-01
6.196913653018440993e-01 4.378990560030072143e-01 1.715651151994679324e-01
6.196913653018440993e-01 4.378990560030072143e-01 1.715651151994679324e-01
6.196913653018440993e-01 4.378990560030072143e-01 1.715651151994679324e-01
7.170095901632904667e-01 3.618882931049320351e-01 1.691141345594575907e-01
8.533802620791806071e-01 5.395375907907612456e-01 1.085997916568591098e-01
8.699727900114939683e-01 4.623942973196911166e-01 1.418931469575726578e-01
8.699727900114939683e-01 4.623942973196911166e-01 1.418931469575726578e-01
1.167204215961139324e+00 5.471142928206573774e-02 1.434082228848670704e-01
1.167204215961139324e+00 5.471142928206573774e-02 1.434082228848670704e-01
1.167204215961139324e+00 5.471142928206573774e-02 1.434082228848670704e-01
1.190546863751363427e+00 1.961858934302213864e-01 1.507302188253173414e-01
1.058797452750826817e+00 -1.548176569551011628e-01 3.170252003406449220e-02
1.058797452750826817e+00 -1.548176569551011628e-01 3.170252003406449220e-02
1.043912284463648144e+00 -3.484530080198336988e-01 3.124596561692817142e-03
8.172311522653330496e-01 -6.435268194243165540e-02 1.926260533417017973e-02
8.172311522653330496e-01 -6.435268194243165540e-02 1.926260533417017973e-02
6.611392588475080156e-01 4.863880527214887173e-01 1.749286918205751329e-01
3.878742836227675461e-01 8.488984889127402234e-01 8.999614779963839573e-02
3.878742836227675461e-01 8.488984889127402234e-01 8.999614779963839573e-02
3.878742836227675461e-01 8.488984889127402234e-01 8.999614779963839573e-02
-1.271820779115042654e-01 1.225450718738152478e+00 4.334166484511959433e-02
3.576701495771637540e-01 1.179880497484587121e+00 4.939692205018574034e-03
3.576701495771637540e-01 1.179880497484587121e+00 4.939692205018574034e-03
2.571974932729768071e-01 6.489064468451806178e-01 1.503036805453143998e-01
2.822003838187442937e-01 9.727249509344468859e-01 5.956321968391684041e-02
1.901603828283345843e-01 9.198971961594524238e-01 1.038290203084101387e-01
1.901603828283345843e-01 9.198971961594524238e-01 1.038290203084101387e-01
1.901603828283345843e-01 9.198971961594524238e-01 1.038290203084101387e-01
5.598519370653660676e-01 7.068727263261622706e-01 1.138152262035703882e-01
5.598519370653660676e-01 7.068727263261622706e-01 1.138152262035703882e-01
5.598519370653660676e-01 7.068727263261622706e-01 1.138152262035703882e-01
5.598519370653660676e-01 7.068727263261622706e-01 1.138152262035703882e-01
5.598519370653660676e-01 7.068727263261622706e-01 1.138152262035703882e-01
5.598519370653660676e-01 7.068727263261622706e-01 1.138152262035703882e-01
6.172283410546487437e-01 7.491776673314116675e-01 7.513380970437416595e-02
6.172283410546487437e-01 7.491776673314116675e-01 7.513380970437416595e-02
1.089304480429886812e-01 7.234953025079603472e-01 1.338746411785168289e-01
1.089304480429886812e-01 7.234953025079603472e-01 1.338746411785168289e-01
1.089304480429886812e-01 7.234953025079603472e-01 1.338746411785168289e-01
1.089304480429886812e-01 7.234953025079603472e-01 1.338746411785168289e-01
2.390722045887563041e-01 8.111972655445470748e-01 1.383303078611535786e-01
1.049560386205287965e-01 7.980441019212185516e-01 1.421058694463601946e-01
