2.489132485845457765e-01 1.481402749648903505e-01 8.560814470367790474e-02
2.489132485845457765e-01 1.481402749648903505e-01 8.560814470367790474e-02
2.489132485845457765e-01 1.481402749648903505e-01 8.560814470367790474e-02
2.489132485845457765e-01 1.481402749648903505e-01 8.560814470367790474e-02
2.489132485845457765e-01 1.481402749648903505e-01 8.560814470367790474e-02
7.947315379270850078e-02 4.564785655348824189e-01 5.421366058009453870e-02
7.947315379270850078e-02 4.564785655348824189e-01 5.421366058009453870e-02
7.947315379270850078e-02 4.564785655348824189e-01 5.421366058009453870e-02
7.947315379270850078e-02 4.564785655348824189e-01 5.421366058009453870e-02
2.391086133707069072e-01 3.497398588225470450e-01 2.973410024989723288e-01
4.268166754863803591e-01 6.696185624538477654e-01 2.144808395190162253e-01
4.339279616357440417e-01 4.026262865053588658e-01 7.596960432768745664e-01
4.339279616357440417e-01 4.026262865053588658e-01 7.596960432768745664e-01
4.339279616357440417e-01 4.026262865053588658e-01 7.596960432768745664e-01
3.791301878424687688e-01 5.026081102566497538e-01 6.717998187256750686e-01
5.199185861495743133e-01 1.343485271513950585e-01 7.404293973769296988e-01
5.199185861495743133e-01 1.343485271513950585e-01 7.404293973769296988e-01
5.199185861495743133e-01 1.343485271513950585e-01 7.404293973769296988e-01
5.187261521025219313e-01 4.716922572457210028e-01 3.498311658483304054e-01
4.603161757819306255e-01 1.219008451069129584e-01 6.329174572099491858e-01
1.805601751667196275e-01 6.101024805602666135e-01 3.466299108196269074e-01
1.805601751667196275e-01 6.101024805602666135e-01 3.466299108196269074e-01
2.628954095483186926e-01 7.089284356915306340e-01 3.882261995133444721e-01
2.628954095483186926e-01 7.089284356915306340e-01 3.882261995133444721e-01
2.628954095483186926e-01 7.089284356915306340e-01 3.882261995133444721e-01
4.630428144102242127e-01 7.832608829610936407e-01 4.647830418981237915e-02
4.630428144102242127e-01 7.832608829610936407e-01 4.647830418981237915e-02
4.630428144102242127e-01 7.832608829610936407e-01 4.647830418981237915e-02
6.767253233779345623e-01 4.713647326202050070e-01 3.647836591010393537e-02
3.715641667467787790e-01 1.498337593813320878e-01 4.044797121853677679e-01
3.715641667467787790e-01 1.498337593813320878e-01 4.044797121853677679e-01
3.715641667467787790e-01 1.498337593813320878e-01 4.044797121853677679e-01
2.542668102048148970e-01 3.539392543643755662e-01 3.561124316876589924e-01
2.542668102048148970e-01 3.539392543643755662e-01 3.561124316876589924e-01
2.279700147840164337e-01 3.187699198151215940e-01 2.212287786779395249e-01
2.279700147840164337e-01 3.187699198151215940e-01 2.212287786779395249e-01
2.279700147840164337e-01 3.187699198151215940e-01 2.212287786779395249e-01
2.279700147840164337e-01 3.187699198151215940e-01 2.212287786779395249e-01
2.948829673998414336e-01 5.963621570857744469e-01 5.552825026469090375e-01
2.948829673998414336e-01 5.963621570857744469e-01 5.552825026469090375e-01
2.948829673998414336e-01 5.963621570857744469e-01 5.552825026469090375e-01
3.315713880136261782e-01 5.668558286073184238e-01 5.987349084607748173e-01
3.315713880136261782e-01 5.668558286073184238e-01 5.987349084607748173e-01
3.315713880136261782e-01 5.668558286073184238e-01 5.987349084607748173e-01
3.315713880136261782e-01 5.668558286073184238e-01 5.987349084607748173e-01
5.394723679190727150e-01 5.734388339333741369e-01 1.293826225962899923e-01
2.260191342015985816e-01 8.881884449318159236e-01 1.578760310974131054e-01
2.260191342015985816e-01 8.881884449318159236e-01 1.578760310974131054e-01
2.260191342015985816e-01 8.881884449318159236e-01 1.578760310974131054e-01
2.260191342015985816e-01 8.881884449318159236e-01 1.578760310974131054e-01
2.260191342015985816e-01 8.881884449318159236e-01 1.578760310974131054e-01
2.260191342015985816e-01 8.881884449318159236e-01 1.578760310974131054e-01
2.260191342015985816e-01 8.881884449318159236e-01 1.578760310974131054e-01
1.482912967807814564e-01 8.910438128937779867e-01 1.687837345486920271e-01
1.482912967807814564e-01 8.910438128937779867e-01 1.687837345486920271e-01
1.482912967807814564e-01 8.910438128937779867e-01 1.687837345486920271e-01
1.819307121834863317e-01 1.063203195578900306e+00 4.580643967768852076e-02
1.819307121834863317e-01 1.063203195578900306e+00 4.580643967768852076e-02
5.733526085222639956e-02 9.594535604566925002e-01 9.562474112830163242e-02
5.733526085222639956e-02 9.594535604566925002e-01 9.562474112830163242e-02
-4.998842274123385665e-02 1.234516700493553554e+00 1.449868907349314770e-02
-4.998842274123385665e-02 1.234516700493553554e+00 1.449868907349314770e-02
-4.998842274123385665e-02 1.234516700493553554e+00 1.449868907349314770e-02
-4.998842274123385665e-02 1.234516700493553554e+00 1.449868907349314770e-02
-4.998842274123385665e-02 1.234516700493553554e+00 1.449868907349314770e-02
-1.335607169780928527e-01 1.228323522312142924e+00 8.875744687948149483e-03
-1.369935978835068180e-01 1.185814830246508134e+00 1.003838590257282413e-02
-1.369935978835068180e-01 1.185814830246508134e+00 1.003838590257282413e-02
-1.375428412702457692e-02 8.647043266470024747e-01 6.100398480061738904e-02
-1.375428412702457692e-02 8.647043266470024747e-01 6.100398480061738904e-02
-1.375428412702457692e-02 8.647043266470024747e-01 6.100398480061738904e-02
-1.375428412702457692e-02 8.647043266470024747e-01 6.100398480061738904e-02
-1.375428412702457692e-02 8.647043266470024747e-01 6.100398480061738904e-02
-1.375428412702457692e-02 8.647043266470024747e-01 6.100398480061738904e-02
-1.375428412702457692e-02 8.647043266470024747e-01 6.100398480061738904e-02
-1.375428412702457692e-02 8.647043266470024747e-01 6.100398480061738904e-02
-1.375428412702457692e-02 8.647043266470024747e-01 6.100398480061738904e-02
-1.375428412702457692e-02 8.647043266470024747e-01 6.100398480061738904e-02
6.464830386436266896e-02 8.210628968697645247e-01 1.365718344059048683e-01
5.641062367311754783e-02 9.180881921441348403e-01 1.085488924796515903e-01
5.641062367311754783e-02 9.180881921441348403e-01 1.085488924796515903e-01
5.641062367311754783e-02 9.180881921441348403e-01 1.085488924796515903e-01
5.641062367311754783e-02 9.180881921441348403e-01 1.085488924796515903e-01
5.641062367311754783e-02 9.180881921441348403e-01 1.085488924796515903e-01
3.649600739116088954e-01 3.138354922458331808e-01 7.069784281088460354e-01
2.768056959017498042e-01 4.932794221488351338e-01 5.830205785590526490e-01
2.768056959017498042e-01 4.932794221488351338e-01 5.830205785590526490e-01
2.768056959017498042e-01 4.932794221488351338e-01 5.830205785590526490e-01
3.041634282311497794e-01 2.932234861402200909e-01 4.433740845574428713e-01
3.041634282311497794e-01 2.932234861402200909e-01 4.433740845574428713e-01
3.041634282311497794e-01 2.932234861402200909e-01 4.433740845574428713e-01
4.963392657234681482e-01 4.662470031994672137e-01 4.383506038996325960e-01
5.987510133054489980e-01 2.782531497005634735e-01 4.394899466205550720e-01
5.987510133054489980e-01 2.782531497005634735e-01 4.394899466205550720e-01
5.327793214833981272e-01 3.501415295638179437e-01 5.610102620536693285e-01
5.327793214833981272e-01 3.501415295638179437e-01 5.610102620536693285e-01
5.327793214833981272e-01 3.501415295638179437e-01 5.610102620536693285e-01
4.953275344294043037e-01 1.527051148799369595e-01 7.521709973279478989e-01
4.953275344294043037e-01 1.527051148799369595e-01 7.521709973279478989e-01
4.953275344294043037e-01 1.527051148799369595e-01 7.521709973279478989e-01
