2.489132485845457765e-01 1.481402749648903505e-01 8.726108179075010851e-02
2.489132485845457765e-01 1.481402749648903505e-01 8.726108179075010851e-02
9.198051191506961821e-02 4.302230814935622538e-01 5.919659396982625971e-02
1.896066337299662508e-01 5.154702871715660661e-01 3.402737625616440442e-01
1.896066337299662508e-01 5.154702871715660661e-01 3.402737625616440442e-01
1.896066337299662508e-01 5.154702871715660661e-01 3.402737625616440442e-01
1.896066337299662508e-01 5.154702871715660661e-01 3.402737625616440442e-01
1.896066337299662508e-01 5.154702871715660661e-01 3.402737625616440442e-01
1.896066337299662508e-01 5.154702871715660661e-01 3.402737625616440442e-01
3.799029302811492981e-01 3.110146546937158085e-01 6.742718735071167035e-01
3.799029302811492981e-01 3.110146546937158085e-01 6.742718735071167035e-01
5.119864865414485156e-01 3.174074795987281150e-01 5.044992566294578262e-01
5.471438551257139515e-01 2.269155574712211354e-01 4.715312034531007335e-01
5.471438551257139515e-01 2.269155574712211354e-01 4.715312034531007335e-01
2.904193376569379481e-01 4.007587711216492599e-01 5.555796638755338135e-01
2.904193376569379481e-01 4.007587711216492599e-01 5.555796638755338135e-01
2.904193376569379481e-01 4.007587711216492599e-01 5.555796638755338135e-01
2.904193376569379481e-01 4.007587711216492599e-01 5.555796638755338135e-01
2.904193376569379481e-01 4.007587711216492599e-01 5.555796638755338135e-01
2.904193376569379481e-01 4.007587711216492599e-01 5.555796638755338135e-01
2.904193376569379481e-01 4.007587711216492599e-01 5.555796638755338135e-01
2.904193376569379481e-01 4.007587711216492599e-01 5.555796638755338135e-01
2.904193376569379481e-01 4.007587711216492599e-01 5.555796638755338135e-01
2.922001667154852100e-01 4.274448954103990950e-01 5.889025540533454617e-01
2.922001667154852100e-01 4.274448954103990950e-01 5.889025540533454617e-01
2.922001667154852100e-01 4.274448954103990950e-01 5.889025540533454617e-01
2.922001667154852100e-01 4.274448954103990950e-01 5.889025540533454617e-01
2.922001667154852100e-01 4.274448954103990950e-01 5.889025540533454617e-01
2.616846191740339056e-01 6.113000047207000076e-01 5.222362017672116385e-01
2.616846191740339056e-01 6.113000047207000076e-01 5.222362017672116385e-01
2.616846191740339056e-01 6.113000047207000076e-01 5.222362017672116385e-01
3.218702693852323327e-01 1.774672178107081222e-01 2.792210988304821839e-01
3.218702693852323327e-01 1.774672178107081222e-01 2.792210988304821839e-01
3.218702693852323327e-01 1.774672178107081222e-01 2.792210988304821839e-01
3.218702693852323327e-01 1.774672178107081222e-01 2.792210988304821839e-01
3.218702693852323327e-01 1.774672178107081222e-01 2.792210988304821839e-01
3.218702693852323327e-01 1.774672178107081222e-01 2.792210988304821839e-01
6.283566816724442949e-01 -1.203088352289103935e-01 2.048494001447637158e-01
6.283566816724442949e-01 -1.203088352289103935e-01 2.048494001447637158e-01
6.283566816724442949e-01 -1.203088352289103935e-01 2.048494001447637158e-01
6.283566816724442949e-01 -1.203088352289103935e-01 2.048494001447637158e-01
6.772608444020548069e-01 -1.733130557972947239e-01 1.439259505142769513e-01
4.113234566575350026e-01 -5.487179483812711089e-02 1.219839911909931657e-01
5.141194521930811945e-01 2.825550487594641891e-01 5.329296317992695542e-01
5.141194521930811945e-01 2.825550487594641891e-01 5.329296317992695542e-01
5.141194521930811945e-01 2.825550487594641891e-01 5.329296317992695542e-01
4.855473227124086355e-01 3.624862053526366479e-01 5.359531000390231892e-01
4.855473227124086355e-01 3.624862053526366479e-01 5.359531000390231892e-01
4.855473227124086355e-01 3.624862053526366479e-01 5.359531000390231892e-01
4.855473227124086355e-01 3.624862053526366479e-01 5.359531000390231892e-01
4.855473227124086355e-01 3.624862053526366479e-01 5.359531000390231892e-01
3.974285099012617728e-01 3.718742469327416811e-01 7.131875833164211809e-01
3.974285099012617728e-01 3.718742469327416811e-01 7.131875833164211809e-01
3.974285099012617728e-01 3.718742469327416811e-01 7.131875833164211809e-01
-2.060954079043958442e-02 7.498853549521222739e-01 4.400812887839733456e-02
-2.060954079043958442e-02 7.498853549521222739e-01 4.400812887839733456e-02
-2.060954079043958442e-02 7.498853549521222739e-01 4.400812887839733456e-02
3.144228481084347937e-01 6.172569242083060237e-01 5.095117452869928343e-01
5.141629347178663378e-01 5.734293634972321696e-01 1.302207729305603912e-01
5.141629347178663378e-01 5.734293634972321696e-01 1.302207729305603912e-01
2.923093446548120644e-01 4.166019994682659267e-01 5.789393686211931067e-01
2.824708169446014105e-01 2.471503709822099326e-01 2.824998109932647106e-01
3.108414001011963745e-01 4.281712508286232843e-01 6.379288888437416594e-01
3.108414001011963745e-01 4.281712508286232843e-01 6.379288888437416594e-01
3.108414001011963745e-01 4.281712508286232843e-01 6.379288888437416594e-01
3.108414001011963745e-01 4.281712508286232843e-01 6.379288888437416594e-01
4.651334367908233069e-01 7.963264110754092462e-02 4.306177005276413672e-01
4.806103241281013960e-01 1.330832662867289795e-01 5.354302116622187135e-01
4.806103241281013960e-01 1.330832662867289795e-01 5.354302116622187135e-01
4.806103241281013960e-01 1.330832662867289795e-01 5.354302116622187135e-01
4.806103241281013960e-01 1.330832662867289795e-01 5.354302116622187135e-01
4.806103241281013960e-01 1.330832662867289795e-01 5.354302116622187135e-01
4.806103241281013960e-01 1.330832662867289795e-01 5.354302116622187135e-01
4.806103241281013960e-01 1.330832662867289795e-01 5.354302116622187135e-01
4.806103241281013960e-01 1.330832662867289795e-01 5.354302116622187135e-01
4.806103241281013960e-01 1.330832662867289795e-01 5.354302116622187135e-01
4.806103241281013960e-01 1.330832662867289795e-01 5.354302116622187135e-01
4.900805256668466781e-01 -9.683934338329985847e-02 1.706709036384762013e-01
4.268013558762143167e-01 -4.721812127975283380e-02 1.521538564480688915e-01
4.803726230002859365e-01 3.020694223219670682e-02 3.603608466421062140e-01
5.765956578460201820e-01 2.367673925919024369e-01 3.704058250045021983e-01
6.690598842336631380e-01 -4.726253105005173705e-02 2.092271479009610580e-01
6.881263800964162458e-01 -3.301202776899674063e-02 1.832503990586089315e-01
5.286687853718559094e-01 -2.880094675423255923e-01 4.060687873347935961e-02
2.572291556722660633e-01 2.712215881586195199e-01 2.455621656917347795e-01
2.572291556722660633e-01 2.712215881586195199e-01 2.455621656917347795e-01
2.572291556722660633e-01 2.712215881586195199e-01 2.455621656917347795e-01
3.808662252213056432e-01 1.733955401106561378e-01 4.407086751077693432e-01
3.283017261345436699e-01 5.619802637031240389e-01 5.855802771879313751e-01
3.283017261345436699e-01 5.619802637031240389e-01 5.855802771879313751e-01
2.704407188760694636e-01 8.650829139039537541e-01 1.560908074022640257e-01
2.704407188760694636e-01 8.650829139039537541e-01 1.560908074022640257e-01
4.079268901003680337e-01 6.920102992084046223e-01 1.882636244385805513e-01
4.079268901003680337e-01 6.920102992084046223e-01 1.882636244385805513e-01
4.079268901003680337e-01 6.920102992084046223e-01 1.882636244385805513e-01
4.079268901003680337e-01 6.920102992084046223e-01 1.882636244385805513e-01
1.855790846015854256e-01 5.284999008555486544e-01 3.382651902790757559e-01
1.855790846015854256e-01 5.284999008555486544e-01 3.382651902790757559e-01
2.870752097297978311e-01 6.905218635778540559e-01 4.094469234730990226e-01
4.009543908786654121e-01 4.879179057914048157e-01 5.871649277382786636e-01
