2.489132485845457765e-01 1.481402749648903505e-01 2.107299045163176562e-03
2.591053474318265604e-01 5.108031353626850679e-01 1.147742538274736379e-01
9.434779962155918076e-01 3.381648935423605673e-01 1.293016604973518668e-01
9.434779962155918076e-01 3.381648935423605673e-01 1.293016604973518668e-01
6.226820127098680047e-01 4.034056629127326654e-01 1.261527664037646601e-01
6.226820127098680047e-01 4.034056629127326654e-01 1.261527664037646601e-01
8.603565749372288352e-02 8.551073706598260049e-01 1.989862311712222720e-01
3.665235876004875881e-01 6.338941298953773007e-01 1.990669853228362873e-01
3.665235876004875881e-01 6.338941298953773007e-01 1.990669853228362873e-01
3.665235876004875881e-01 6.338941298953773007e-01 1.990669853228362873e-01
2.865196998410822204e-01 7.601614823577459434e-01 1.989542641730147055e-01
2.865196998410822204e-01 7.601614823577459434e-01 1.989542641730147055e-01
2.865196998410822204e-01 7.601614823577459434e-01 1.989542641730147055e-01
2.865196998410822204e-01 7.601614823577459434e-01 1.989542641730147055e-01
2.865196998410822204e-01 7.601614823577459434e-01 1.989542641730147055e-01
7.704921024345062763e-02 8.060896030845896565e-01 2.110169041379987842e-01
7.704921024345062763e-02 8.060896030845896565e-01 2.110169041379987842e-01
-1.368535670635488699e-02 4.933270257795749902e-01 4.313771001481819106e-02
-1.368535670635488699e-02 4.933270257795749902e-01 4.313771001481819106e-02
7.047865989504258355e-01 3.175343967144971247e-01 9.143843649015286068e-02
8.464396349114015061e-01 1.661817128358469287e-01 4.211182113038932501e-02
1.022386106368541547e+00 3.024976173683460723e-01 1.196147500327176677e-01
9.440392353970412653e-01 3.798277977382395476e-01 1.411427657012552794e-01
9.440392353970412653e-01 3.798277977382395476e-01 1.411427657012552794e-01
1.187279770901175979e+00 2.503585740316454644e-01 1.056472170093590152e-01
1.187279770901175979e+00 2.503585740316454644e-01 1.056472170093590152e-01
1.187279770901175979e+00 2.503585740316454644e-01 1.056472170093590152e-01
1.187279770901175979e+00 2.503585740316454644e-01 1.056472170093590152e-01
9.237116584600462144e-01 1.514316994053701571e-01 4.577365623795566496e-02
9.237116584600462144e-01 1.514316994053701571e-01 4.577365623795566496e-02
1.209088285478035374e+00 3.845341072368033686e-01 1.080486016501737839e-01
1.209088285478035374e+00 3.845341072368033686e-01 1.080486016501737839e-01
8.909951562312216078e-01 3.266555113241495500e-01 1.215527199922998569e-01
8.909951562312216078e-01 3.266555113241495500e-01 1.215527199922998569e-01
8.909951562312216078e-01 3.266555113241495500e-01 1.215527199922998569e-01
8.909951562312216078e-01 3.266555113241495500e-01 1.215527199922998569e-01
8.909951562312216078e-01 3.266555113241495500e-01 1.215527199922998569e-01
1.245898629881297737e+00 4.753325209729035716e-01 7.416674514231265392e-02
1.193651620715211248e+00 1.614559540447274566e-01 7.737296787675657095e-02
1.193651620715211248e+00 1.614559540447274566e-01 7.737296787675657095e-02
1.193651620715211248e+00 1.614559540447274566e-01 7.737296787675657095e-02
1.193651620715211248e+00 1.614559540447274566e-01 7.737296787675657095e-02
1.193651620715211248e+00 1.614559540447274566e-01 7.737296787675657095e-02
1.050520678100704375e+00 3.017023145183807542e-01 1.198703644915372762e-01
1.256617009693947962e+00 3.380992928232589012e-01 1.060547810977542499e-01
1.256617009693947962e+00 3.380992928232589012e-01 1.060547810977542499e-01
8.269420199050083742e-01 3.127734652081969879e-01 1.077995420485867994e-01
8.269420199050083742e-01 3.127734652081969879e-01 1.077995420485867994e-01
9.842331627720966036e-01 1.241519168430271491e-01 4.267690704244730265e-02
8.839539088853589632e-01 1.962230720437444509e-01 5.885797466989593080e-02
8.911598218340909261e-01 5.534539048596642807e-01 1.344770759911375069e-01
8.911598218340909261e-01 5.534539048596642807e-01 1.344770759911375069e-01
9.094399101312392597e-01 2.036102192122312693e-01 6.549439533371137490e-02
7.215925730655204928e-01 2.273806945460092599e-01 4.976470219142064416e-02
7.381134049994372281e-01 1.192891845138014800e-01 1.832067190194200390e-02
7.381134049994372281e-01 1.192891845138014800e-01 1.832067190194200390e-02
7.932327669302644546e-01 1.529513638567633893e-01 3.174670694555754846e-02
5.947958514294467980e-01 1.794562936661356911e-01 2.008699662177733727e-02
5.947958514294467980e-01 1.794562936661356911e-01 2.008699662177733727e-02
1.252174588359544982e+00 8.159997346720759825e-02 5.332504942445562279e-02
1.252174588359544982e+00 8.159997346720759825e-02 5.332504942445562279e-02
9.363232845010792671e-01 5.701095930895497960e-02 1.961329268590111807e-02
9.848196688205662630e-01 1.445309550618360805e-02 1.470543633362621054e-02
1.395927196943046233e+00 2.832838268474760501e-01 8.926287914504128784e-02
1.395927196943046233e+00 2.832838268474760501e-01 8.926287914504128784e-02
1.025181935405654832e+00 5.446061745406481913e-01 1.024372429505968907e-01
1.099908324926427872e+00 1.892151620719262350e-01 8.084374168325834942e-02
4.248145734272105178e-01 2.201336437646716493e-01 1.531181095498650169e-02
4.373481116523338375e-01 1.782533101730884306e-01 9.638691321040233906e-03
4.373481116523338375e-01 1.782533101730884306e-01 9.638691321040233906e-03
4.373481116523338375e-01 1.782533101730884306e-01 9.638691321040233906e-03
5.635338018316347064e-01 2.441594293481008648e-01 3.500082840899456510e-02
1.698336255649710580e-01 7.152897665665569615e-01 2.063360709529582226e-01
9.973271426106279647e-02 7.855705665714607377e-01 2.115073252090781952e-01
3.805610848626572174e-01 7.647340937552483675e-01 1.772841415364576900e-01
1.923683235221291254e-01 9.543110199353904699e-01 1.139651102384589137e-01
-5.414837949508362058e-01 1.119321510558017430e+00 1.629989571521893998e-01
-1.061231104506470846e+00 1.037461694617798580e+00 5.467369515401209606e-02
-1.061231104506470846e+00 1.037461694617798580e+00 5.467369515401209606e-02
-1.061231104506470846e+00 1.037461694617798580e+00 5.467369515401209606e-02
-7.261081702797282933e-01 1.283971265829694008e+00 1.078015093344082131e-01
-7.953883646615816927e-01 1.162362217388165364e+00 1.449374777501310496e-01
-7.953883646615816927e-01 1.162362217388165364e+00 1.449374777501310496e-01
-5.817760483532637972e-01 9.245143728895766078e-01 1.293517803371551922e-01
-5.817760483532637972e-01 9.245143728895766078e-01 1.293517803371551922e-01
-8.516595776658721917e-01 1.210769608304122169e+00 1.358121153739026143e-01
-8.391842906065966057e-01 1.356747624975874311e+00 8.642628164708425487e-02
-6.627425892876769309e-01 1.351390340277470958e+00 6.597649091738855276e-02
-8.384454376995230662e-01 9.700343852903769992e-01 7.935346429120068712e-02
-8.737659777654158688e-01 1.261888105066651278e+00 1.247337532375760727e-01
-1.003445924542327505e+00 1.100183276860021264e+00 9.059935914127976997e-02
-1.039530371290327215e+00 1.521812418843444759e+00 4.204441015163497275e-02
-1.039530371290327215e+00 1.521812418843444759e+00 4.204441015163497275e-02
-1.039530371290327215e+00 1.521812418843444759e+00 4.204441015163497275e-02
-4.808557866522288338e-01 8.564852895547416800e-01 1.227540560896419330e-01
-5.144249772212401428e-01 1.090585094518598419e+00 1.707822485755907949e-01
-5.144249772212401428e-01 1.090585094518598419e+00 1.707822485755907949e-01
-5.144249772212401428e-01 1.090585094518598419e+00 1.707822485755907949e-01
-5.144249772212401428e-01 1.090585094518598419e+00 1.707822485755907949e-01
-3.428773640877825768e-01 1.018064584041670440e+00 1.865169488865667247e-01
