2.489132485845457765e-01 1.481402749648903505e-01 1.580181003637363794e-03
2.489132485845457765e-01 1.481402749648903505e-01 1.580181003637363794e-03
3.746855302897796891e-01 1.135305020759904415e-01 2.724041678551656666e-03
3.807574574499893449e-01 4.535195863140916162e-01 3.178841451055624406e-02
3.807574574499893449e-01 4.535195863140916162e-01 3.178841451055624406e-02
3.807574574499893449e-01 4.535195863140916162e-01 3.178841451055624406e-02
2.916576356947141457e-01 1.071086015558257998e+00 7.898061922648113783e-03
2.916576356947141457e-01 1.071086015558257998e+00 7.898061922648113783e-03
2.916576356947141457e-01 1.071086015558257998e+00 7.898061922648113783e-03
2.916576356947141457e-01 1.071086015558257998e+00 7.898061922648113783e-03
2.916576356947141457e-01 1.071086015558257998e+00 7.898061922648113783e-03
-1.247905819327780330e-01 7.808690591915374846e-01 2.320560598200070365e-02
-1.247905819327780330e-01 7.808690591915374846e-01 2.320560598200070365e-02
6.154885688142910927e-02 1.148823636652539282e+00 1.075047751446223457e-02
6.154885688142910927e-02 1.148823636652539282e+00 1.075047751446223457e-02
6.154885688142910927e-02 1.148823636652539282e+00 1.075047751446223457e-02
-9.343514356405208110e-02 1.395000639610560533e+00 2.549604604413761681e-03
-1.845835070041497161e-01 1.378636877871602717e+00 4.592181104235716280e-03
-1.845835070041497161e-01 1.378636877871602717e+00 4.592181104235716280e-03
-1.845835070041497161e-01 1.378636877871602717e+00 4.592181104235716280e-03
-7.568509205492295056e-02 1.087238060177943666e+00 2.110011122000642753e-02
-7.568509205492295056e-02 1.087238060177943666e+00 2.110011122000642753e-02
-7.568509205492295056e-02 1.087238060177943666e+00 2.110011122000642753e-02
-7.568509205492295056e-02 1.087238060177943666e+00 2.110011122000642753e-02
-7.568509205492295056e-02 1.087238060177943666e+00 2.110011122000642753e-02
-7.568509205492295056e-02 1.087238060177943666e+00 2.110011122000642753e-02
-7.568509205492295056e-02 1.087238060177943666e+00 2.110011122000642753e-02
-7.845220236511625533e-02 1.360639482328317662e+00 3.320432862349323791e-03
7.600899221031469366e-02 1.272300627838376386e+00 3.592989905711287645e-03
2.481720972735584896e-01 9.915888420187273233e-01 1.642116592621763529e-02
6.368865779551801110e-01 6.703166545364404039e-01 3.116528921542749062e-02
6.368865779551801110e-01 6.703166545364404039e-01 3.116528921542749062e-02
8.252194365114976504e-01 4.886870470454657278e-01 4.188581671700088854e-02
8.252194365114976504e-01 4.886870470454657278e-01 4.188581671700088854e-02
1.383161108851102439e+00 4.191825047670878490e-01 9.077555604665811517e-03
8.559842430455277817e-01 4.986324306368163373e-01 3.850162926997605095e-02
8.559842430455277817e-01 4.986324306368163373e-01 3.850162926997605095e-02
8.559842430455277817e-01 4.986324306368163373e-01 3.850162926997605095e-02
6.272126744917305707e-01 5.504717567878122386e-01 4.505296935022135019e-02
7.390888295563489141e-01 3.208251583989418787e-01 4.633460956881371717e-02
7.390888295563489141e-01 3.208251583989418787e-01 4.633460956881371717e-02
7.390888295563489141e-01 3.208251583989418787e-01 4.633460956881371717e-02
8.245658705275068501e-01 7.103449638605304761e-01 1.328550059682731890e-02
8.245658705275068501e-01 7.103449638605304761e-01 1.328550059682731890e-02
8.245658705275068501e-01 7.103449638605304761e-01 1.328550059682731890e-02
8.245658705275068501e-01 7.103449638605304761e-01 1.328550059682731890e-02
7.105980147464381336e-01 7.243138260546972962e-01 1.890224929898324732e-02
7.105980147464381336e-01 7.243138260546972962e-01 1.890224929898324732e-02
4.023367593436859013e-01 6.572499922257274418e-01 4.226977279836231088e-02
5.776733269645394353e-01 4.536087336446603668e-01 4.595427593493396634e-02
5.776733269645394353e-01 4.536087336446603668e-01 4.595427593493396634e-02
9.365544482683360039e-01 2.386128431994080090e-01 5.085306219406962591e-02
9.365544482683360039e-01 2.386128431994080090e-01 5.085306219406962591e-02
9.365544482683360039e-01 2.386128431994080090e-01 5.085306219406962591e-02
6.643225980238230965e-01 3.456786194847287774e-01 4.345769922867913360e-02
6.643225980238230965e-01 3.456786194847287774e-01 4.345769922867913360e-02
1.103603838361267853e-01 7.194390665091681125e-01 3.412212647919885683e-02
1.103603838361267853e-01 7.194390665091681125e-01 3.412212647919885683e-02
1.103603838361267853e-01 7.194390665091681125e-01 3.412212647919885683e-02
1.259884332381824568e-01 7.174287508857580820e-01 3.487480924714431163e-02
1.259884332381824568e-01 7.174287508857580820e-01 3.487480924714431163e-02
4.035745626678981235e-02 9.313646678500852039e-01 3.027634167778051055e-02
4.035745626678981235e-02 9.313646678500852039e-01 3.027634167778051055e-02
4.035745626678981235e-02 9.313646678500852039e-01 3.027634167778051055e-02
9.921679987421880287e-02 9.920550419298705958e-01 2.338682178967484496e-02
9.921679987421880287e-02 9.920550419298705958e-01 2.338682178967484496e-02
9.921679987421880287e-02 9.920550419298705958e-01 2.338682178967484496e-02
9.921679987421880287e-02 9.920550419298705958e-01 2.338682178967484496e-02
4.108468424870233004e-01 8.469797207174100118e-01 2.338880053612295978e-02
2.514559512869889990e-01 6.931858027925978938e-01 3.952922661713612756e-02
2.514559512869889990e-01 6.931858027925978938e-01 3.952922661713612756e-02
4.606881255707476752e-01 4.084786682751908038e-01 3.357757567570001517e-02
5.242463255388405408e-01 6.958660506483620445e-01 3.506977869347417676e-02
5.242463255388405408e-01 6.958660506483620445e-01 3.506977869347417676e-02
2.489758108774720036e-03 1.044397469975718584e+00 2.219091187408503071e-02
2.018688356445089704e-01 8.503647365944420056e-01 3.289749628884763161e-02
2.011125035558771201e-01 5.871073002910398575e-01 3.075189075269771713e-02
2.011125035558771201e-01 5.871073002910398575e-01 3.075189075269771713e-02
6.546283739663548706e-01 4.245435406060130701e-01 4.803063639355620307e-02
2.342563053221956570e-01 6.173160718165995320e-01 3.566535593429699669e-02
-1.793314201193022539e-01 1.020624166046845138e+00 2.672977363351898214e-02
-1.793314201193022539e-01 1.020624166046845138e+00 2.672977363351898214e-02
-1.390701083764825097e-01 1.091497464477415580e+00 2.248261538350831285e-02
-1.390701083764825097e-01 1.091497464477415580e+00 2.248261538350831285e-02
-1.390701083764825097e-01 1.091497464477415580e+00 2.248261538350831285e-02
5.274294208943225426e-02 9.163875893465321942e-01 3.106167727014438537e-02
5.274294208943225426e-02 9.163875893465321942e-01 3.106167727014438537e-02
5.274294208943225426e-02 9.163875893465321942e-01 3.106167727014438537e-02
5.274294208943225426e-02 9.163875893465321942e-01 3.106167727014438537e-02
5.274294208943225426e-02 9.163875893465321942e-01 3.106167727014438537e-02
3.498497157656766943e-01 7.548398388823590599e-01 3.668392475849787532e-02
3.498497157656766943e-01 7.548398388823590599e-01 3.668392475849787532e-02
3.498497157656766943e-01 7.548398388823590599e-01 3.668392475849787532e-02
3.498497157656766943e-01 7.548398388823590599e-01 3.668392475849787532e-02
2.822044702884207723e-01 7.840309889448660030e-01 3.615976116091414172e-02
2.822044702884207723e-01 7.840309889448660030e-01 3.615976116091414172e-02
2.822044702884207723e-01 7.840309889448660030e-01 3.615976116091414172e-02
2.822044702884207723e-01 7.840309889448660030e-01 3.615976116091414172e-02
-5.453508047647781520e-02 1.133302644837658413e+00 1.643713936106578483e-02
-5.453508047647781520e-02 1.133302644837658413e+00 1.643713936106578483e-02
