2.489132485845457765e-01 1.481402749648903505e-01 1.256387644754526356e-01
2.489132485845457765e-01 1.481402749648903505e-01 1.256387644754526356e-01
2.489132485845457765e-01 1.481402749648903505e-01 1.256387644754526356e-01
4.926764470042819255e-01 -5.136332738126017650e-02 3.079457115035822423e-01
4.926764470042819255e-01 -5.136332738126017650e-02 3.079457115035822423e-01
4.926764470042819255e-01 -5.136332738126017650e-02 3.079457115035822423e-01
4.926764470042819255e-01 -5.136332738126017650e-02 3.079457115035822423e-01
4.926764470042819255e-01 -5.136332738126017650e-02 3.079457115035822423e-01
6.772484316459188580e-01 -2.660937270098353569e-01 2.008152618118872190e-01
7.913206658470182120e-01 -1.153286418966699700e-01 2.510118993487233108e-01
7.922475492391622964e-01 -3.679394332969282422e-02 1.842491544273073545e-01
7.922475492391622964e-01 -3.679394332969282422e-02 1.842491544273073545e-01
4.931178194048378427e-01 -1.694816584767827872e-01 9.913993268544434023e-02
4.931178194048378427e-01 -1.694816584767827872e-01 9.913993268544434023e-02
4.393460082281748225e-01 -4.485055138613898429e-02 1.990211589612444487e-01
5.094424314879958393e-01 2.323200264820547700e-02 5.273223588950755047e-01
5.094424314879958393e-01 2.323200264820547700e-02 5.273223588950755047e-01
7.045439437019590523e-01 -7.060317533931873002e-02 4.047420375385261671e-01
7.045439437019590523e-01 -7.060317533931873002e-02 4.047420375385261671e-01
7.045439437019590523e-01 -7.060317533931873002e-02 4.047420375385261671e-01
7.045439437019590523e-01 -7.060317533931873002e-02 4.047420375385261671e-01
7.045439437019590523e-01 -7.060317533931873002e-02 4.047420375385261671e-01
6.737012223486127382e-01 -1.393655281883668107e-01 3.927760867682491552e-01
6.737012223486127382e-01 -1.393655281883668107e-01 3.927760867682491552e-01
6.737012223486127382e-01 -1.393655281883668107e-01 3.927760867682491552e-01
6.216620701949365779e-01 -9.019476860732666967e-02 4.459943250295740902e-01
6.529958888057593169e-01 1.421702769225008378e-02 4.782496240954710043e-01
5.698835285675787343e-01 2.754182106688429221e-01 3.052782218132819025e-01
5.698835285675787343e-01 2.754182106688429221e-01 3.052782218132819025e-01
5.698835285675787343e-01 2.754182106688429221e-01 3.052782218132819025e-01
5.698835285675787343e-01 2.754182106688429221e-01 3.052782218132819025e-01
5.698835285675787343e-01 2.754182106688429221e-01 3.052782218132819025e-01
5.311415828582964904e-01 5.277348949308638404e-02 6.124179966617105952e-01
5.311415828582964904e-01 5.277348949308638404e-02 6.124179966617105952e-01
8.291662629655709438e-01 -2.398620898367387066e-01 2.224155113215305068e-01
8.361698119915111915e-01 -1.418398575893929925e-01 1.824098500541221635e-01
8.361698119915111915e-01 -1.418398575893929925e-01 1.824098500541221635e-01
6.319171311473694708e-01 -8.746461357682533411e-03 5.223371572773152227e-01
6.319171311473694708e-01 -8.746461357682533411e-03 5.223371572773152227e-01
8.062685480998618148e-01 -2.880998793322215451e-02 1.491420522924301328e-01
8.062685480998618148e-01 -2.880998793322215451e-02 1.491420522924301328e-01
8.062685480998618148e-01 -2.880998793322215451e-02 1.491420522924301328e-01
5.141296819730695189e-01 1.301552967381342796e-01 6.802445682389377524e-01
5.141296819730695189e-01 1.301552967381342796e-01 6.802445682389377524e-01
5.141296819730695189e-01 1.301552967381342796e-01 6.802445682389377524e-01
6.266680368285219016e-01 2.758575499226981198e-02 5.282740414363759074e-01
6.266680368285219016e-01 2.758575499226981198e-02 5.282740414363759074e-01
6.266680368285219016e-01 2.758575499226981198e-02 5.282740414363759074e-01
6.266680368285219016e-01 2.758575499226981198e-02 5.282740414363759074e-01
2.015591723448649231e-01 1.496324408804730610e-01 6.008931299769438433e-02
6.308252495974771001e-01 2.477391562913676404e-01 1.852767917503594375e-01
5.193715653617058114e-01 -1.342502939004553142e-01 1.918656727932506467e-01
5.680044402558416250e-01 2.407166041284381219e-01 3.875384414100230823e-01
5.848450624553082067e-01 -1.059924159431483714e-01 3.729519632191149459e-01
2.823808003198067795e-01 4.863189271815925308e-01 6.089962176683648698e-01
2.823808003198067795e-01 4.863189271815925308e-01 6.089962176683648698e-01
2.823808003198067795e-01 4.863189271815925308e-01 6.089962176683648698e-01
2.823808003198067795e-01 4.863189271815925308e-01 6.089962176683648698e-01
2.823808003198067795e-01 4.863189271815925308e-01 6.089962176683648698e-01
2.823808003198067795e-01 4.863189271815925308e-01 6.089962176683648698e-01
2.823808003198067795e-01 4.863189271815925308e-01 6.089962176683648698e-01
2.823808003198067795e-01 4.863189271815925308e-01 6.089962176683648698e-01
2.823808003198067795e-01 4.863189271815925308e-01 6.089962176683648698e-01
2.823808003198067795e-01 4.863189271815925308e-01 6.089962176683648698e-01
2.823808003198067795e-01 4.863189271815925308e-01 6.089962176683648698e-01
2.823808003198067795e-01 4.863189271815925308e-01 6.089962176683648698e-01
3.490255909186098515e-01 4.568431099854957655e-01 5.571439093569311440e-01
3.490255909186098515e-01 4.568431099854957655e-01 5.571439093569311440e-01
3.490255909186098515e-01 4.568431099854957655e-01 5.571439093569311440e-01
2.839869447910817746e-01 5.581777603250832609e-01 4.593195958026237147e-01
2.839869447910817746e-01 5.581777603250832609e-01 4.593195958026237147e-01
2.839869447910817746e-01 5.581777603250832609e-01 4.593195958026237147e-01
2.839869447910817746e-01 5.581777603250832609e-01 4.593195958026237147e-01
2.839869447910817746e-01 5.581777603250832609e-01 4.593195958026237147e-01
2.839869447910817746e-01 5.581777603250832609e-01 4.593195958026237147e-01
4.379556928759170686e-01 1.513106956610484333e-01 6.578922783001301955e-01
4.379556928759170686e-01 1.513106956610484333e-01 6.578922783001301955e-01
4.379556928759170686e-01 1.513106956610484333e-01 6.578922783001301955e-01
4.379556928759170686e-01 1.513106956610484333e-01 6.578922783001301955e-01
4.379556928759170686e-01 1.513106956610484333e-01 6.578922783001301955e-01
4.379556928759170686e-01 1.513106956610484333e-01 6.578922783001301955e-01
4.379556928759170686e-01 1.513106956610484333e-01 6.578922783001301955e-01
4.379556928759170686e-01 1.513106956610484333e-01 6.578922783001301955e-01
4.379556928759170686e-01 1.513106956610484333e-01 6.578922783001301955e-01
5.296948715030347365e-01 1.908505025977575431e-01 6.126382413046336239e-01
4.944769396819620466e-01 -2.535705396419343782e-02 3.750772267284683825e-01
4.944769396819620466e-01 -2.535705396419343782e-02 3.750772267284683825e-01
4.850858415511409283e-01 1.620051917037606259e-01 7.051084910780414106e-01
4.850858415511409283e-01 1.620051917037606259e-01 7.051084910780414106e-01
4.850858415511409283e-01 1.620051917037606259e-01 7.051084910780414106e-01
4.850858415511409283e-01 1.620051917037606259e-01 7.051084910780414106e-01
4.850858415511409283e-01 1.620051917037606259e-01 7.051084910780414106e-01
3.264580198224342755e-03 4.958627057642693847e-01 8.959803061765869714e-02
3.264580198224342755e-03 4.958627057642693847e-01 8.959803061765869714e-02
3.264580198224342755e-03 4.958627057642693847e-01 8.959803061765869714e-02
3.264580198224342755e-03 4.958627057642693847e-01 8.959803061765869714e-02
3.264580198224342755e-03 4.958627057642693847e-01 8.959803061765869714e-02
3.264580198224342755e-03 4.958627057642693847e-01 8.959803061765869714e-02
1.000829980871694308e-01 8.245520454732472304e-01 2.021339602524515611e-01
1.214433099947094252e-01 6.082915230729700751e-01 4.346017303773577201e-01
