2.489132485845457765e-01 1.481402749648903505e-01 1.934281427143621362e-02
2.489132485845457765e-01 1.481402749648903505e-01 1.934281427143621362e-02
2.489132485845457765e-01 1.481402749648903505e-01 1.934281427143621362e-02
2.489132485845457765e-01 1.481402749648903505e-01 1.934281427143621362e-02
4.209987964249743975e-01 3.808050645060083728e-01 3.785311851418367013e-01
4.209987964249743975e-01 3.808050645060083728e-01 3.785311851418367013e-01
4.662118027783058727e-01 5.543018219782870348e-01 3.435897484386399858e-01
4.662118027783058727e-01 5.543018219782870348e-01 3.435897484386399858e-01
4.516746404537829163e-01 4.574819125357476035e-01 4.210732056289396286e-01
4.516746404537829163e-01 4.574819125357476035e-01 4.210732056289396286e-01
4.516746404537829163e-01 4.574819125357476035e-01 4.210732056289396286e-01
4.516746404537829163e-01 4.574819125357476035e-01 4.210732056289396286e-01
4.516746404537829163e-01 4.574819125357476035e-01 4.210732056289396286e-01
4.516746404537829163e-01 4.574819125357476035e-01 4.210732056289396286e-01
4.516746404537829163e-01 4.574819125357476035e-01 4.210732056289396286e-01
4.516746404537829163e-01 4.574819125357476035e-01 4.210732056289396286e-01
4.516746404537829163e-01 4.574819125357476035e-01 4.210732056289396286e-01
4.233033296000534573e-01 4.928484734585844018e-01 3.918153909379809563e-01
4.233033296000534573e-01 4.928484734585844018e-01 3.918153909379809563e-01
3.673776868145405827e-01 5.747181473565836640e-01 3.267491249383506213e-01
3.673776868145405827e-01 5.747181473565836640e-01 3.267491249383506213e-01
4.702936049988072909e-01 6.980729801908281962e-01 1.655403796048758869e-01
3.815369120774469991e-01 7.132390729928097528e-01 2.051748528957723083e-01
3.744624821329844977e-01 7.983067500323817178e-01 1.271616243547204761e-01
3.737686016548686929e-01 6.191432760051287509e-01 2.979491360345107309e-01
3.737686016548686929e-01 6.191432760051287509e-01 2.979491360345107309e-01
3.737686016548686929e-01 6.191432760051287509e-01 2.979491360345107309e-01
5.335845481491331421e-01 1.601663847858509904e-01 3.519371824375583380e-01
5.335845481491331421e-01 1.601663847858509904e-01 3.519371824375583380e-01
5.335845481491331421e-01 1.601663847858509904e-01 3.519371824375583380e-01
5.335845481491331421e-01 1.601663847858509904e-01 3.519371824375583380e-01
5.335845481491331421e-01 1.601663847858509904e-01 3.519371824375583380e-01
5.335845481491331421e-01 1.601663847858509904e-01 3.519371824375583380e-01
5.335845481491331421e-01 1.601663847858509904e-01 3.519371824375583380e-01
5.335845481491331421e-01 1.601663847858509904e-01 3.519371824375583380e-01
5.335845481491331421e-01 1.601663847858509904e-01 3.519371824375583380e-01
5.335845481491331421e-01 1.601663847858509904e-01 3.519371824375583380e-01
1.196219094190038135e+00 -4.276657473893613615e-02 1.036274819637981182e-01
9.853117038448309106e-01 -2.141129111705349086e-01 4.028066233188900558e-01
9.853117038448309106e-01 -2.141129111705349086e-01 4.028066233188900558e-01
7.949928479314789520e-01 -1.420086534739387063e-01 3.357972608588286612e-01
7.949928479314789520e-01 -1.420086534739387063e-01 3.357972608588286612e-01
7.949928479314789520e-01 -1.420086534739387063e-01 3.357972608588286612e-01
4.808476383594165737e-01 1.858706386118162968e-01 2.862445797345630760e-01
5.415335637363266619e-01 4.465716106144728137e-01 4.331695214798241267e-01
5.415335637363266619e-01 4.465716106144728137e-01 4.331695214798241267e-01
8.229981630829474870e-01 2.570573231776949186e-01 3.467374740288470258e-01
8.229981630829474870e-01 2.570573231776949186e-01 3.467374740288470258e-01
8.087561683751264274e-01 2.845919970566977986e-01 3.283345366347652505e-01
8.087561683751264274e-01 2.845919970566977986e-01 3.283345366347652505e-01
1.033542422737210531e+00 -2.170573141552939456e-02 3.272131867735740829e-01
1.033542422737210531e+00 -2.170573141552939456e-02 3.272131867735740829e-01
1.095293987218045162e+00 -1.119617735664437119e-01 3.016745952606546544e-01
9.168096567177909106e-01 -2.082160483444537857e-01 3.771081708632748053e-01
9.168096567177909106e-01 -2.082160483444537857e-01 3.771081708632748053e-01
9.168096567177909106e-01 -2.082160483444537857e-01 3.771081708632748053e-01
9.168096567177909106e-01 -2.082160483444537857e-01 3.771081708632748053e-01
9.641667474624598944e-01 -5.382465082751716756e-02 4.625066225452893476e-01
9.641667474624598944e-01 -5.382465082751716756e-02 4.625066225452893476e-01
9.641667474624598944e-01 -5.382465082751716756e-02 4.625066225452893476e-01
9.641667474624598944e-01 -5.382465082751716756e-02 4.625066225452893476e-01
9.641667474624598944e-01 -5.382465082751716756e-02 4.625066225452893476e-01
9.641667474624598944e-01 -5.382465082751716756e-02 4.625066225452893476e-01
6.303493821016865617e-01 -1.215380195051338347e-01 1.293211667033959678e-01
5.714387753824523575e-01 -2.005750573688841465e-01 3.237740356401904579e-02
1.272350565141424417e+00 -8.666690090381934386e-01 1.609024133853045185e-02
1.272350565141424417e+00 -8.666690090381934386e-01 1.609024133853045185e-02
1.281367871925278790e+00 -7.699058052260749907e-01 4.118576969731543858e-02
1.281367871925278790e+00 -7.699058052260749907e-01 4.118576969731543858e-02
1.281367871925278790e+00 -7.699058052260749907e-01 4.118576969731543858e-02
1.281367871925278790e+00 -7.699058052260749907e-01 4.118576969731543858e-02
1.528347988306755223e+00 -2.607250130539492394e-01 8.568123054769486227e-03
1.149877256620813970e+00 1.109802489588269658e-01 5.456656131272076549e-02
1.149877256620813970e+00 1.109802489588269658e-01 5.456656131272076549e-02
8.855958011742376401e-01 4.156505352708766421e-01 6.779986169829432807e-02
1.079561088364775490e-01 6.226517399121995755e-01 1.024123601798298394e-01
6.696515068304261797e-01 2.505653925216606015e-01 5.578516146259323571e-01
8.105101718097942332e-01 1.772099978231504447e-01 4.882643549104686009e-01
8.105101718097942332e-01 1.772099978231504447e-01 4.882643549104686009e-01
8.105101718097942332e-01 1.772099978231504447e-01 4.882643549104686009e-01
8.105101718097942332e-01 1.772099978231504447e-01 4.882643549104686009e-01
9.875042749030197298e-01 1.685571715474246668e-01 1.830985989805957170e-01
9.875042749030197298e-01 1.685571715474246668e-01 1.830985989805957170e-01
9.875042749030197298e-01 1.685571715474246668e-01 1.830985989805957170e-01
8.505589361678538296e-01 3.429061987461526351e-01 1.734550083424927225e-01
8.505589361678538296e-01 3.429061987461526351e-01 1.734550083424927225e-01
6.135165825559879549e-01 1.842670120044023196e-01 5.189013824555975818e-01
6.135165825559879549e-01 1.842670120044023196e-01 5.189013824555975818e-01
8.469672546430446758e-01 -5.064005429068091368e-02 5.177950905692697559e-01
8.469672546430446758e-01 -5.064005429068091368e-02 5.177950905692697559e-01
8.469672546430446758e-01 -5.064005429068091368e-02 5.177950905692697559e-01
1.105847211108951456e+00 -2.404641654413984531e-01 3.351965902141860187e-01
8.415602350666487874e-01 6.898024015324230596e-02 5.452212065740682512e-01
8.415602350666487874e-01 6.898024015324230596e-02 5.452212065740682512e-01
8.320953430773494475e-01 3.728891347840709858e-02 5.587574604645243470e-01
8.320953430773494475e-01 3.728891347840709858e-02 5.587574604645243470e-01
1.167501174950507981e+00 1.519498482997045929e-01 2.983083913858389224e-02
1.167501174950507981e+00 1.519498482997045929e-01 2.983083913858389224e-02
8.004751496760895701e-01 1.082468137270776037e-01 5.620311033448087690e-01
8.004751496760895701e-01 1.082468137270776037e-01 5.620311033448087690e-01
