2.489132485845457765e-01 1.481402749648903505e-01 1.045576782748018629e-02
-1.008633115859347562e-02 8.567617057512627587e-01 2.035396879063353648e-01
-1.008633115859347562e-02 8.567617057512627587e-01 2.035396879063353648e-01
3.335160877972777604e-01 6.276593069815881165e-01 2.434860966841678187e-01
4.381995997754246641e-01 6.008248172422997468e-01 1.985969774902708873e-01
8.065356952226654386e-03 7.270530796310251676e-01 2.515938029817202937e-01
8.065356952226654386e-03 7.270530796310251676e-01 2.515938029817202937e-01
8.065356952226654386e-03 7.270530796310251676e-01 2.515938029817202937e-01
8.065356952226654386e-03 7.270530796310251676e-01 2.515938029817202937e-01
3.469813025487762659e-02 7.453362924737434447e-01 2.561006214208262355e-01
3.469813025487762659e-02 7.453362924737434447e-01 2.561006214208262355e-01
3.292824848076650879e-01 7.077167191267805801e-01 1.683973087387090339e-01
4.977561246757468139e-01 5.453572408818971873e-01 2.067389261954316049e-01
5.539980227049836614e-01 4.912829462843310013e-01 2.116197788829449755e-01
5.539980227049836614e-01 4.912829462843310013e-01 2.116197788829449755e-01
5.539980227049836614e-01 4.912829462843310013e-01 2.116197788829449755e-01
5.539980227049836614e-01 4.912829462843310013e-01 2.116197788829449755e-01
5.539980227049836614e-01 4.912829462843310013e-01 2.116197788829449755e-01
5.833929822407057930e-01 2.619587205594734458e-01 2.033368477031292088e-01
5.833929822407057930e-01 2.619587205594734458e-01 2.033368477031292088e-01
5.833929822407057930e-01 2.619587205594734458e-01 2.033368477031292088e-01
5.833929822407057930e-01 2.619587205594734458e-01 2.033368477031292088e-01
5.942122374615869118e-01 4.475488814440461427e-01 2.156177187400885042e-01
5.942122374615869118e-01 4.475488814440461427e-01 2.156177187400885042e-01
3.504872727956070966e-01 4.404626818433128310e-01 2.580845064140334100e-01
3.504872727956070966e-01 4.404626818433128310e-01 2.580845064140334100e-01
2.469353914850355436e-01 2.857028946035157224e-01 6.015849569397489771e-02
2.469353914850355436e-01 2.857028946035157224e-01 6.015849569397489771e-02
6.964709259588309775e-01 4.750163285134928470e-01 1.231836210720267666e-01
6.964709259588309775e-01 4.750163285134928470e-01 1.231836210720267666e-01
3.981011996280279797e-01 4.067753560422934789e-01 2.522405680072452583e-01
5.843955741882184141e-01 2.627691452613785117e-01 2.042228060140391654e-01
1.072089815093783871e+00 -2.892119027537430886e-01 1.259053116269065638e-02
1.072089815093783871e+00 -2.892119027537430886e-01 1.259053116269065638e-02
1.072089815093783871e+00 -2.892119027537430886e-01 1.259053116269065638e-02
1.072089815093783871e+00 -2.892119027537430886e-01 1.259053116269065638e-02
1.072089815093783871e+00 -2.892119027537430886e-01 1.259053116269065638e-02
1.002290579163261475e+00 -3.462809422575419127e-01 3.712673193841013221e-03
1.083370419994987621e+00 -1.189095997468224419e-01 5.911100315975473252e-02
1.083370419994987621e+00 -1.189095997468224419e-01 5.911100315975473252e-02
1.083370419994987621e+00 -1.189095997468224419e-01 5.911100315975473252e-02
1.083370419994987621e+00 -1.189095997468224419e-01 5.911100315975473252e-02
9.953123807670102297e-01 6.339566816953592920e-02 1.170048937765995056e-01
9.953123807670102297e-01 6.339566816953592920e-02 1.170048937765995056e-01
9.953123807670102297e-01 6.339566816953592920e-02 1.170048937765995056e-01
9.953123807670102297e-01 6.339566816953592920e-02 1.170048937765995056e-01
9.953123807670102297e-01 6.339566816953592920e-02 1.170048937765995056e-01
7.610281015830255846e-01 3.712418921733825483e-01 1.537972212217041668e-01
7.610281015830255846e-01 3.712418921733825483e-01 1.537972212217041668e-01
7.610281015830255846e-01 3.712418921733825483e-01 1.537972212217041668e-01
7.610281015830255846e-01 3.712418921733825483e-01 1.537972212217041668e-01
7.610281015830255846e-01 3.712418921733825483e-01 1.537972212217041668e-01
7.610281015830255846e-01 3.712418921733825483e-01 1.537972212217041668e-01
7.610281015830255846e-01 3.712418921733825483e-01 1.537972212217041668e-01
7.610281015830255846e-01 3.712418921733825483e-01 1.537972212217041668e-01
6.266707709671921478e-01 3.996996391120696268e-01 2.225040932660460047e-01
4.512964175987402848e-01 3.713636688472295999e-01 2.450632072686962093e-01
2.048838585410015511e-01 6.134198916913448096e-01 2.856985986885358653e-01
2.048838585410015511e-01 6.134198916913448096e-01 2.856985986885358653e-01
2.048838585410015511e-01 6.134198916913448096e-01 2.856985986885358653e-01
4.161820773658777006e-01 7.809098528680269435e-01 5.558658925468527856e-02
4.161820773658777006e-01 7.809098528680269435e-01 5.558658925468527856e-02
4.161820773658777006e-01 7.809098528680269435e-01 5.558658925468527856e-02
4.161820773658777006e-01 7.809098528680269435e-01 5.558658925468527856e-02
4.161820773658777006e-01 7.809098528680269435e-01 5.558658925468527856e-02
4.161820773658777006e-01 7.809098528680269435e-01 5.558658925468527856e-02
4.272359265561564423e-01 5.792043501448528309e-01 2.261920487410190306e-01
4.272359265561564423e-01 5.792043501448528309e-01 2.261920487410190306e-01
4.272359265561564423e-01 5.792043501448528309e-01 2.261920487410190306e-01
-1.541517614496033528e-01 8.302224022028958927e-01 2.049266329681161125e-01
-1.541517614496033528e-01 8.302224022028958927e-01 2.049266329681161125e-01
-2.312672142773984363e-01 6.470157962444670341e-01 6.268986498162697207e-02
5.713654877912199836e-02 7.897547107945611655e-01 2.341405759658846120e-01
5.713654877912199836e-02 7.897547107945611655e-01 2.341405759658846120e-01
2.618817158116870658e-01 7.556363411407033270e-01 1.640509057885380650e-01
2.426186925363486568e-01 7.475220164778785259e-01 1.848234204277005854e-01
2.655675902095430696e-01 8.208301311746920570e-01 9.909958643234031972e-02
4.190070602142753620e-02 7.990921115325998469e-01 2.315027062040157513e-01
4.190070602142753620e-02 7.990921115325998469e-01 2.315027062040157513e-01
4.190070602142753620e-02 7.990921115325998469e-01 2.315027062040157513e-01
1.938722848151488709e-01 4.321375198151430896e-01 1.543107310420351874e-01
1.938722848151488709e-01 4.321375198151430896e-01 1.543107310420351874e-01
1.938722848151488709e-01 4.321375198151430896e-01 1.543107310420351874e-01
-5.016897791008370633e-02 7.881684757150284604e-01 2.363087012096085626e-01
-2.980154830955367151e-01 1.068084926798390955e+00 1.171356038448833625e-01
-2.980154830955367151e-01 1.068084926798390955e+00 1.171356038448833625e-01
-2.980154830955367151e-01 1.068084926798390955e+00 1.171356038448833625e-01
-4.150171454456714759e-01 1.064954567511189776e+00 1.160139371702178651e-01
-2.902797572110011881e-01 1.037280908537524526e+00 1.324762342450940822e-01
-2.902797572110011881e-01 1.037280908537524526e+00 1.324762342450940822e-01
-2.902797572110011881e-01 1.037280908537524526e+00 1.324762342450940822e-01
-3.767530018830592686e-01 9.165064714704196369e-01 1.225758839164838160e-01
-3.767530018830592686e-01 9.165064714704196369e-01 1.225758839164838160e-01
-6.337463523216798622e-01 8.146746137076271710e-01 8.952141280569130694e-03
-2.649769400954873344e-01 1.039176176567819354e+00 1.294462971762255499e-01
-2.649769400954873344e-01 1.039176176567819354e+00 1.294462971762255499e-01
-2.649769400954873344e-01 1.039176176567819354e+00 1.294462971762255499e-01
-4.749416394229643013e-01 1.085653377532119324e+00 1.023044508911854084e-01
-1.975692312874171019e-01 1.017534256849281782e+00 1.320123736995153230e-01
-1.975692312874171019e-01 1.017534256849281782e+00 1.320123736995153230e-01
