2.489132485845457765e-01 1.481402749648903505e-01 1.062204291925026439e-03
3.406402020235713146e-01 4.713556171128999162e-01 2.223756291640926336e-02
3.406402020235713146e-01 4.713556171128999162e-01 2.223756291640926336e-02
3.406402020235713146e-01 4.713556171128999162e-01 2.223756291640926336e-02
3.406402020235713146e-01 4.713556171128999162e-01 2.223756291640926336e-02
8.009902568478064477e-01 7.942792463472653219e-02 8.606194681763457491e-03
8.009902568478064477e-01 7.942792463472653219e-02 8.606194681763457491e-03
8.009902568478064477e-01 7.942792463472653219e-02 8.606194681763457491e-03
8.009902568478064477e-01 7.942792463472653219e-02 8.606194681763457491e-03
4.283487475930411459e-01 4.328315864342603403e-01 2.293811781624944049e-02
6.647593239223996697e-01 4.806637221176611741e-01 3.343997099788944410e-02
8.497296443413836498e-01 1.367706303858467476e-01 1.466294220737993960e-02
8.497296443413836498e-01 1.367706303858467476e-01 1.466294220737993960e-02
6.744169676580280548e-01 1.329550526115550746e-01 8.063598292164717712e-03
6.744169676580280548e-01 1.329550526115550746e-01 8.063598292164717712e-03
8.782068779674396808e-01 2.491667683874556893e-01 2.546509107061656341e-02
9.305738605190062573e-01 3.314706506319025081e-01 3.088293103776855453e-02
9.305738605190062573e-01 3.314706506319025081e-01 3.088293103776855453e-02
9.305738605190062573e-01 3.314706506319025081e-01 3.088293103776855453e-02
9.305738605190062573e-01 3.314706506319025081e-01 3.088293103776855453e-02
9.148635638182536223e-01 3.959785329877373861e-01 3.138203553920324712e-02
9.148635638182536223e-01 3.959785329877373861e-01 3.138203553920324712e-02
9.148635638182536223e-01 3.959785329877373861e-01 3.138203553920324712e-02
8.926295033897825304e-01 5.215338836799856548e-01 2.634708758141879326e-02
1.108212533536054201e+00 4.421261961707579347e-01 2.174561466581849747e-02
1.108212533536054201e+00 4.421261961707579347e-01 2.174561466581849747e-02
1.534110072188556106e+00 -8.050154987909280413e-02 1.837870119939833888e-02
1.534110072188556106e+00 -8.050154987909280413e-02 1.837870119939833888e-02
1.537756271674597164e+00 -3.113495318113420479e-02 2.060440840204318461e-02
1.537756271674597164e+00 -3.113495318113420479e-02 2.060440840204318461e-02
1.668100100103025341e+00 -3.687003769327690250e-02 1.981516598659395501e-02
1.668100100103025341e+00 -3.687003769327690250e-02 1.981516598659395501e-02
1.394448229639633219e+00 -9.513206603696379438e-02 1.467277534006881413e-02
1.394448229639633219e+00 -9.513206603696379438e-02 1.467277534006881413e-02
1.243705033318031061e+00 1.577702184755350179e-01 2.640749451221064553e-02
1.490042647788857089e+00 -1.241625060127622970e-01 1.503045429422441605e-02
1.277881836073774036e+00 -2.692750823888313549e-01 2.969276587954141830e-03
1.277881836073774036e+00 -2.692750823888313549e-01 2.969276587954141830e-03
1.594024508742972746e+00 -2.788548496513488240e-01 8.155248939711321268e-03
1.594024508742972746e+00 -2.788548496513488240e-01 8.155248939711321268e-03
1.574049443276606786e+00 2.939221972522898518e-02 2.152970889495173581e-02
1.574049443276606786e+00 2.939221972522898518e-02 2.152970889495173581e-02
1.574049443276606786e+00 2.939221972522898518e-02 2.152970889495173581e-02
1.800791552796506600e+00 -1.853617937926443915e-01 1.586704399012412239e-02
1.800791552796506600e+00 -1.853617937926443915e-01 1.586704399012412239e-02
1.816214539527993832e+00 -1.949523825107913610e-01 1.558172127064458810e-02
1.816214539527993832e+00 -1.949523825107913610e-01 1.558172127064458810e-02
1.491279524956138580e+00 1.472167195292528319e-01 2.177949721158644117e-02
1.491279524956138580e+00 1.472167195292528319e-01 2.177949721158644117e-02
1.693452862244370527e+00 -2.138893774753806432e-01 1.360182210654429028e-02
1.975019570050159157e+00 -2.006405131871748515e-01 1.468056324665676510e-02
1.826994010754291686e+00 1.243056745974270849e-01 1.021564114526259462e-02
1.879229542522822038e+00 -2.810773619518944777e-01 1.267815662131907030e-02
2.061605370639237655e+00 -4.617360487731436702e-01 7.301999645358542637e-03
2.658712135232941698e+00 -5.917655171723068541e-01 5.814752026467733675e-03
2.539836228384166450e+00 -2.061973293933477835e-01 3.480802917706854807e-03
2.725214243198316399e+00 -5.712019361723061905e-01 5.440158597890278579e-03
2.725214243198316399e+00 -5.712019361723061905e-01 5.440158597890278579e-03
2.848341809916681289e+00 -5.254156922547164044e-01 3.964414882543639169e-03
2.994746540265510681e+00 -3.411423752171872659e-01 8.506935784902560456e-04
3.222473648280391512e+00 -4.089167495979598166e-01 3.678181027568837389e-04
2.904897084734529233e+00 -3.923307947849152266e-01 1.907665745760433670e-03
2.904897084734529233e+00 -3.923307947849152266e-01 1.907665745760433670e-03
3.090417437354028518e+00 -5.512808730934534163e-01 1.870320026340687846e-03
2.865167208568499380e+00 -9.017356498206019477e-01 2.102141072258098022e-03
2.865167208568499380e+00 -9.017356498206019477e-01 2.102141072258098022e-03
3.241713547904918613e+00 -1.007327418197307090e+00 1.605346697410608764e-03
2.876284840975770418e+00 -9.364740109194041873e-01 1.743785674296917648e-03
2.885637034686528324e+00 -9.137669562690248215e-01 2.015386003158793193e-03
2.728225323134662705e+00 -9.526499918330403327e-01 1.147123751259514343e-03
2.728225323134662705e+00 -9.526499918330403327e-01 1.147123751259514343e-03
2.835797925189716739e+00 -9.608067852889612404e-01 1.383556758423436011e-03
2.817373740737206145e+00 -4.254919862391847163e-01 3.222798393330129126e-03
2.759124693678268514e+00 -4.732181875725614550e-01 4.530408529358798640e-03
2.684671498526639333e+00 -5.395691863136037325e-01 5.797943886944161192e-03
3.177442117526433574e+00 -8.356455690160666805e-01 2.446013841775292186e-03
3.177442117526433574e+00 -8.356455690160666805e-01 2.446013841775292186e-03
3.177442117526433574e+00 -8.356455690160666805e-01 2.446013841775292186e-03
3.177442117526433574e+00 -8.356455690160666805e-01 2.446013841775292186e-03
2.845313469543948148e+00 -6.676999997538616283e-01 4.405043937181713290e-03
2.845313469543948148e+00 -6.676999997538616283e-01 4.405043937181713290e-03
2.578573211139726595e+00 -8.159143313382062335e-01 2.238046274110097079e-03
2.515102103993727134e+00 -4.770331676995911985e-01 7.451006451038478737e-03
2.637391355648737168e+00 -6.510745682127416778e-01 5.220124927674264260e-03
2.830400670920533379e+00 -5.029288634294556415e-01 3.960742478944821038e-03
2.743094250342489548e+00 -7.273408820680425935e-01 4.155839762870486113e-03
2.425618769663074659e+00 -7.712823187576959283e-01 2.165511745838116266e-03
2.483416357789183238e+00 -2.247637750234552367e-01 4.805682866538875733e-03
2.483416357789183238e+00 -2.247637750234552367e-01 4.805682866538875733e-03
2.483416357789183238e+00 -2.247637750234552367e-01 4.805682866538875733e-03
2.483416357789183238e+00 -2.247637750234552367e-01 4.805682866538875733e-03
2.160055239806196514e+00 -2.923810005860236760e-01 1.191739016981265518e-02
2.160055239806196514e+00 -2.923810005860236760e-01 1.191739016981265518e-02
2.160055239806196514e+00 -2.923810005860236760e-01 1.191739016981265518e-02
2.029242492039460721e+00 -3.073450992097665480e-01 1.244684778682677954e-02
1.571122186735720572e+00 -5.818686895914249035e-05 2.131086626007604179e-02
8.125509916171375080e-01 3.267699032645371982e-01 2.910846520237773266e-02
8.125509916171375080e-01 3.267699032645371982e-01 2.910846520237773266e-02
7.185163260518409034e-01 6.322690091417031422e-01 2.603636686638124628e-02
5.868942381014942145e-01 5.290578533486389734e-01 3.397116070566263274e-02
