2.489132485845457765e-01 1.481402749648903505e-01 2.453176441117844997e-03
5.064591303401082545e-01 2.141699296840981481e-01 2.477399242450945699e-02
6.058828432252462148e-01 3.009426039816995302e-01 7.389305982968884245e-02
1.011265706300320533e+00 4.671286538849344083e-01 1.025723969531208146e-01
8.072421124869542108e-01 4.444071968330290390e-01 1.467231256165065501e-01
8.072421124869542108e-01 4.444071968330290390e-01 1.467231256165065501e-01
1.040466160950845209e+00 5.913078111762939404e-01 5.051263920554899950e-02
1.058920645390214244e+00 6.025910483213433588e-01 4.298902587439412670e-02
1.018242829832821217e+00 2.635566335282531480e-01 1.057918999181384351e-01
8.284950800254042846e-01 5.830662228974722860e-02 1.802699351772125633e-02
1.007865563911924056e+00 -1.795971172728398624e-02 1.612791492117827616e-02
1.006804823314187525e+00 1.274951265729664662e-01 5.604582404906573861e-02
1.205321373860052336e+00 5.276057295047982265e-01 3.811174091668497604e-02
1.205321373860052336e+00 5.276057295047982265e-01 3.811174091668497604e-02
1.437823745130518693e+00 5.108220158912456510e-01 1.286956175767300925e-02
1.356498808264430256e+00 4.924213496435080328e-01 2.386356326275180378e-02
1.356498808264430256e+00 4.924213496435080328e-01 2.386356326275180378e-02
1.356498808264430256e+00 4.924213496435080328e-01 2.386356326275180378e-02
1.198408297602348904e+00 4.048000068048826505e-01 7.604618712115490675e-02
8.157909088267225606e-01 4.283849750420022362e-01 1.448746947544748143e-01
8.157909088267225606e-01 4.283849750420022362e-01 1.448746947544748143e-01
8.806652656561879677e-01 4.372922351282362285e-01 1.368653863483429711e-01
5.810338965613461859e-01 5.215242293517786676e-01 1.709551475689795597e-01
5.810338965613461859e-01 5.215242293517786676e-01 1.709551475689795597e-01
5.810338965613461859e-01 5.215242293517786676e-01 1.709551475689795597e-01
5.810338965613461859e-01 5.215242293517786676e-01 1.709551475689795597e-01
3.128867488808604325e-01 4.574060170334739439e-01 9.892413501585982372e-02
2.621338954167080071e-01 4.839775481400326873e-01 1.026324881933131650e-01
2.194243887770444545e-01 5.523496257520820185e-01 1.356128108895253703e-01
1.078302663047377097e+00 4.371077446052087923e-01 9.495386664463698057e-02
1.109836284558214814e+00 4.633386090094253618e-01 7.909747683232180859e-02
1.109836284558214814e+00 4.633386090094253618e-01 7.909747683232180859e-02
1.070787810622133351e+00 1.950704179310132069e-01 8.645345437487103601e-02
1.019218859729366544e+00 2.330815874182542990e-02 2.531110247479479922e-02
1.221408863065518657e+00 -6.319525904904596536e-02 2.107370915010248202e-02
1.419374561093442066e+00 -1.179361565598679717e-01 2.180319029057539715e-02
1.455879867579898290e+00 2.255510531475055092e-02 5.235390608619430036e-02
1.408228749425348481e+00 -8.179058547102439208e-03 4.451008920631743110e-02
1.500226346322659277e+00 2.820769628085141312e-01 4.637325076292277831e-02
1.500226346322659277e+00 2.820769628085141312e-01 4.637325076292277831e-02
1.500226346322659277e+00 2.820769628085141312e-01 4.637325076292277831e-02
1.500226346322659277e+00 2.820769628085141312e-01 4.637325076292277831e-02
1.342332894770893237e+00 3.496411998065979132e-01 6.004329748851557069e-02
1.407582021808871264e+00 9.727650124795128583e-02 6.593844981291256679e-02
1.667741885862553231e+00 5.942863692511281271e-02 4.725188070941450935e-02
1.593493095636169254e+00 1.485966188071528027e-01 5.142693963317943734e-02
1.593493095636169254e+00 1.485966188071528027e-01 5.142693963317943734e-02
1.228703462805734947e+00 1.305345097632664708e-01 7.338737738757548923e-02
1.228703462805734947e+00 1.305345097632664708e-01 7.338737738757548923e-02
1.228703462805734947e+00 1.305345097632664708e-01 7.338737738757548923e-02
8.167652797751536742e-01 5.812828344658026447e-01 1.142454406434878916e-01
7.220765264469668487e-01 6.288257523267074545e-01 1.217181261327197339e-01
7.220765264469668487e-01 6.288257523267074545e-01 1.217181261327197339e-01
3.762365081269933853e-01 5.082914273715546383e-01 1.454614449548725097e-01
3.762365081269933853e-01 5.082914273715546383e-01 1.454614449548725097e-01
4.995285549519786761e-01 4.428432457787874754e-01 1.321355436532458960e-01
3.109383389665467678e-01 9.228120605645677710e-01 8.823131095177567940e-02
3.109383389665467678e-01 9.228120605645677710e-01 8.823131095177567940e-02
3.553601306342965560e-01 9.144971118052757086e-01 7.982586608489790347e-02
1.572385500215601750e-01 6.851316325227079229e-01 1.946311344685027200e-01
4.774165327252827273e-01 7.996518981917988267e-01 1.090031074047966286e-01
4.774165327252827273e-01 7.996518981917988267e-01 1.090031074047966286e-01
6.238570001498503492e-01 7.962344126314115922e-01 6.665302094205825811e-02
5.501767643160488941e-01 6.156715319416966592e-01 1.727436996042850947e-01
5.501767643160488941e-01 6.156715319416966592e-01 1.727436996042850947e-01
5.501767643160488941e-01 6.156715319416966592e-01 1.727436996042850947e-01
3.469776881399007085e-01 4.906271350488586314e-01 1.281921708414739125e-01
-3.379131050756289945e-02 1.050672365047329970e+00 1.134325922963389105e-01
2.980190157145427565e-01 9.252036043241380625e-01 9.074949299810688985e-02
2.980190157145427565e-01 9.252036043241380625e-01 9.074949299810688985e-02
6.134347892588076778e-02 7.920234722296647378e-01 2.100471767029650494e-01
6.134347892588076778e-02 7.920234722296647378e-01 2.100471767029650494e-01
6.134347892588076778e-02 7.920234722296647378e-01 2.100471767029650494e-01
3.019716437191157232e-01 7.684606961612084897e-01 1.812986983317403655e-01
2.701630877764772953e-01 6.878927771211572617e-01 2.010915064745354697e-01
2.701630877764772953e-01 6.878927771211572617e-01 2.010915064745354697e-01
2.701630877764772953e-01 6.878927771211572617e-01 2.010915064745354697e-01
2.701630877764772953e-01 6.878927771211572617e-01 2.010915064745354697e-01
3.937874037046208975e-01 5.689607132496579123e-01 1.780199264107346913e-01
-5.103759849434064133e-02 8.902241640480387241e-01 2.056456089737512816e-01
-5.103759849434064133e-02 8.902241640480387241e-01 2.056456089737512816e-01
1.818488481717934202e-01 5.438213623903995764e-01 1.198042175093299161e-01
3.094333460812541681e-01 3.990242958148544905e-01 6.477025759122488624e-02
3.094333460812541681e-01 3.990242958148544905e-01 6.477025759122488624e-02
3.094333460812541681e-01 3.990242958148544905e-01 6.477025759122488624e-02
3.234424686300803042e-01 5.426244871283352200e-01 1.544083093460614786e-01
6.858775573624498190e-01 3.133500325394906749e-01 9.461253785884567169e-02
6.858775573624498190e-01 3.133500325394906749e-01 9.461253785884567169e-02
6.858775573624498190e-01 3.133500325394906749e-01 9.461253785884567169e-02
6.858775573624498190e-01 3.133500325394906749e-01 9.461253785884567169e-02
9.793021242785436842e-01 4.346959942422601308e-01 1.184603130826812900e-01
9.793021242785436842e-01 4.346959942422601308e-01 1.184603130826812900e-01
1.000220376905243125e+00 3.156379803024179642e-01 1.177277737783185424e-01
8.732126521059555557e-01 3.592089019680893003e-01 1.306405133514859096e-01
6.949926145237191877e-01 6.361727916051731491e-01 1.266512477069240139e-01
3.541432364213334960e-01 7.884873778738731298e-01 1.563731425909803685e-01
3.541432364213334960e-01 7.884873778738731298e-01 1.563731425909803685e-01
1.687372063768352304e-01 4.398389606604390933e-01 5.532658963849463457e-02
-1.675842285633082629e-01 4.854275105769403909e-01 1.857835096219377646e-02
-1.560408096163106439e-01 6.498365565534771626e-01 8.953589047406444734e-02
