2.489132485845457765e-01 1.481402749648903505e-01 1.873384381091863652e-03
2.489132485845457765e-01 1.481402749648903505e-01 1.873384381091863652e-03
2.489132485845457765e-01 1.481402749648903505e-01 1.873384381091863652e-03
6.175199069340183700e-01 -5.823662342199054098e-03 2.470968663350786229e-03
5.275214165572361669e-01 2.039896598905839853e-01 1.880463744885611452e-02
-4.234787781710480647e-02 5.028578837290107462e-01 2.248804732108966933e-02
-4.234787781710480647e-02 5.028578837290107462e-01 2.248804732108966933e-02
1.704092555857482927e-01 5.854804581050103707e-01 8.774922960423783835e-02
1.704092555857482927e-01 5.854804581050103707e-01 8.774922960423783835e-02
2.770106487458884326e-01 6.761401748482651630e-01 1.389448674592820565e-01
2.770106487458884326e-01 6.761401748482651630e-01 1.389448674592820565e-01
2.770106487458884326e-01 6.761401748482651630e-01 1.389448674592820565e-01
2.770106487458884326e-01 6.761401748482651630e-01 1.389448674592820565e-01
2.770106487458884326e-01 6.761401748482651630e-01 1.389448674592820565e-01
2.770106487458884326e-01 6.761401748482651630e-01 1.389448674592820565e-01
6.765640801162258189e-01 4.427885490940260405e-01 1.272493953088200125e-01
6.765640801162258189e-01 4.427885490940260405e-01 1.272493953088200125e-01
6.765640801162258189e-01 4.427885490940260405e-01 1.272493953088200125e-01
1.119995642549083126e-01 6.341867775647328509e-01 9.476989781628683551e-02
1.119995642549083126e-01 6.341867775647328509e-01 9.476989781628683551e-02
8.687530004340605905e-02 9.830624390168090088e-01 9.914018715982438057e-02
8.687530004340605905e-02 9.830624390168090088e-01 9.914018715982438057e-02
4.069528417936650322e-01 6.650791728398448566e-01 1.470174842092774881e-01
4.664666630950712878e-01 6.459641971427853013e-01 1.475095363852620689e-01
4.664666630950712878e-01 6.459641971427853013e-01 1.475095363852620689e-01
5.215316111254201248e-01 5.722828840160741892e-01 1.436841953951750739e-01
5.215316111254201248e-01 5.722828840160741892e-01 1.436841953951750739e-01
5.215316111254201248e-01 5.722828840160741892e-01 1.436841953951750739e-01
5.215316111254201248e-01 5.722828840160741892e-01 1.436841953951750739e-01
5.215316111254201248e-01 5.722828840160741892e-01 1.436841953951750739e-01
1.738556151672659422e-01 7.734507184235354105e-01 1.405142301116290848e-01
3.207229644459054230e-01 6.792480045360743679e-01 1.436872393116173097e-01
3.207229644459054230e-01 6.792480045360743679e-01 1.436872393116173097e-01
3.207229644459054230e-01 6.792480045360743679e-01 1.436872393116173097e-01
7.535827421527941938e-01 3.006520815045702899e-01 8.349652947213752341e-02
7.535827421527941938e-01 3.006520815045702899e-01 8.349652947213752341e-02
7.535827421527941938e-01 3.006520815045702899e-01 8.349652947213752341e-02
7.535827421527941938e-01 3.006520815045702899e-01 8.349652947213752341e-02
1.090165172848242214e+00 2.253868240736712492e-01 1.007673674404881980e-01
1.135298650115436958e+00 3.983856011811965914e-01 1.131617882520134372e-01
6.386520224798621914e-01 1.576998772570116503e-01 1.965766280663893556e-02
4.791778381396917807e-01 2.734937708102272436e-01 2.931135216293644444e-02
3.298759198488712130e-01 9.575245830227154809e-01 6.830093721983861166e-02
4.276636038532517503e-01 1.048532396165049896e+00 2.398937133346920603e-02
4.276636038532517503e-01 1.048532396165049896e+00 2.398937133346920603e-02
4.786268768896806969e-01 9.786521957512118730e-01 3.610505496545058507e-02
5.346500104323620439e-02 1.039606809541463672e+00 8.154183648489500558e-02
1.542826728324493413e-01 1.024736950430607196e+00 7.139164811165642222e-02
-4.686608726659391433e-02 6.806877007977041316e-01 7.769070773051452161e-02
1.808606783690540065e-01 9.937530397889713374e-01 7.972439695184882491e-02
1.481309636647340500e-01 8.765664520034229801e-01 1.279796124725398054e-01
1.481309636647340500e-01 8.765664520034229801e-01 1.279796124725398054e-01
1.481309636647340500e-01 8.765664520034229801e-01 1.279796124725398054e-01
3.768993041764790997e-01 1.034576558614464625e+00 3.344318341980494214e-02
3.768993041764790997e-01 1.034576558614464625e+00 3.344318341980494214e-02
5.404878277028888345e-01 9.509540614857255880e-01 3.570184654729342821e-02
5.404878277028888345e-01 9.509540614857255880e-01 3.570184654729342821e-02
6.834571642498855626e-01 8.680428941198912174e-01 3.997553410187307255e-02
4.539719655546270438e-02 8.534170829308899142e-01 1.337280942582692034e-01
-3.556521995081410314e-01 1.052250389884797022e+00 1.029506246431378808e-01
-3.556521995081410314e-01 1.052250389884797022e+00 1.029506246431378808e-01
-5.932506090814004818e-01 1.435243040204440268e+00 2.832519548849723318e-02
-5.736256570926524523e-01 1.334657043459197334e+00 5.053337681604914977e-02
-5.736256570926524523e-01 1.334657043459197334e+00 5.053337681604914977e-02
-5.736256570926524523e-01 1.334657043459197334e+00 5.053337681604914977e-02
-5.736256570926524523e-01 1.334657043459197334e+00 5.053337681604914977e-02
-5.736256570926524523e-01 1.334657043459197334e+00 5.053337681604914977e-02
-5.736256570926524523e-01 1.334657043459197334e+00 5.053337681604914977e-02
-5.736256570926524523e-01 1.334657043459197334e+00 5.053337681604914977e-02
-8.453354625602220729e-01 1.196814852631048920e+00 5.844385298524012312e-02
-8.453354625602220729e-01 1.196814852631048920e+00 5.844385298524012312e-02
-1.026330871298895886e+00 1.370176847106719942e+00 4.668601487457688104e-02
-1.026330871298895886e+00 1.370176847106719942e+00 4.668601487457688104e-02
-1.037145755093664690e+00 1.701145666040695170e+00 9.988873480882568684e-03
-8.011670408213156236e-01 1.197207544027507176e+00 6.347873262925382565e-02
-1.011559283973623158e+00 1.485088188317640334e+00 3.651489040330687524e-02
-1.011559283973623158e+00 1.485088188317640334e+00 3.651489040330687524e-02
-1.011559283973623158e+00 1.485088188317640334e+00 3.651489040330687524e-02
-1.011559283973623158e+00 1.485088188317640334e+00 3.651489040330687524e-02
-1.011559283973623158e+00 1.485088188317640334e+00 3.651489040330687524e-02
-1.011559283973623158e+00 1.485088188317640334e+00 3.651489040330687524e-02
-9.069378689589597808e-01 1.162546963682423273e+00 4.676610373566814777e-02
-9.069378689589597808e-01 1.162546963682423273e+00 4.676610373566814777e-02
-6.768220873263589565e-01 1.212718316158471366e+00 7.410523737281927981e-02
-3.038342767187978133e-01 1.030697983899455883e+00 1.072047432778202442e-01
-3.038342767187978133e-01 1.030697983899455883e+00 1.072047432778202442e-01
-3.038342767187978133e-01 1.030697983899455883e+00 1.072047432778202442e-01
-2.168368976671867232e-01 1.025444549200764666e+00 1.100456189801530260e-01
-3.282192301426836156e-01 9.911457729104329317e-01 1.053631776163135858e-01
-3.282192301426836156e-01 9.911457729104329317e-01 1.053631776163135858e-01
-1.317972019731373512e-01 1.303991010001513517e+00 2.094213734758072418e-02
-1.317972019731373512e-01 1.303991010001513517e+00 2.094213734758072418e-02
-8.235444812783040969e-02 1.322982906839359485e+00 1.429702143983451433e-02
-3.589639901759039686e-02 9.667792418685644540e-01 1.172183561182774669e-01
-3.589639901759039686e-02 9.667792418685644540e-01 1.172183561182774669e-01
-2.818010452412287314e-01 7.942135845487823254e-01 6.800142163551745056e-02
-2.818010452412287314e-01 7.942135845487823254e-01 6.800142163551745056e-02
-1.563189119290198381e-01 4.510581137963229903e-01 7.002035495913041738e-03
-2.694918820662399184e-01 1.293311671881836045e+00 3.562276754719471972e-02
-7.245570550576323487e-01 1.032467981856034056e+00 5.058543264793002869e-02
