2.489132485845457765e-01 1.481402749648903505e-01 7.932415837505608913e-02
2.489132485845457765e-01 1.481402749648903505e-01 7.932415837505608913e-02
2.489132485845457765e-01 1.481402749648903505e-01 7.932415837505608913e-02
5.035169101070156028e-01 -5.578563201182384912e-03 3.249420154140570949e-01
4.013855457164197116e-01 -4.298928444839788393e-02 1.233844394534366895e-01
6.867961161533058245e-01 -5.894565783523180585e-02 1.760406161722293805e-01
6.867961161533058245e-01 -5.894565783523180585e-02 1.760406161722293805e-01
6.596730116131593880e-01 -3.610163200580835952e-01 4.114073713128683918e-02
6.596730116131593880e-01 -3.610163200580835952e-01 4.114073713128683918e-02
7.266752766400492725e-01 -3.959525943337082188e-01 3.084401012727447378e-02
7.266752766400492725e-01 -3.959525943337082188e-01 3.084401012727447378e-02
7.266752766400492725e-01 -3.959525943337082188e-01 3.084401012727447378e-02
5.081080131138877576e-01 -1.786253938806239838e-01 1.008912620753779077e-01
5.081080131138877576e-01 -1.786253938806239838e-01 1.008912620753779077e-01
5.081080131138877576e-01 -1.786253938806239838e-01 1.008912620753779077e-01
6.026587098204477799e-01 3.385444345272074496e-01 2.244575429590969784e-01
5.797026939780486332e-01 3.447157428917611011e-01 2.855431389764896966e-01
2.552454950404638989e-01 8.491827713644626296e-01 1.660834522865573537e-01
3.092734642882168372e-01 7.310722048036289999e-01 2.916643626658569910e-01
3.092734642882168372e-01 7.310722048036289999e-01 2.916643626658569910e-01
3.092734642882168372e-01 7.310722048036289999e-01 2.916643626658569910e-01
3.092734642882168372e-01 7.310722048036289999e-01 2.916643626658569910e-01
3.092734642882168372e-01 7.310722048036289999e-01 2.916643626658569910e-01
3.092734642882168372e-01 7.310722048036289999e-01 2.916643626658569910e-01
3.092734642882168372e-01 7.310722048036289999e-01 2.916643626658569910e-01
1.692839505736310757e-01 7.604965946644294261e-01 2.097448033957690361e-01
4.946705047791281062e-01 4.373769613391054190e-01 4.334897808549079135e-01
4.946705047791281062e-01 4.373769613391054190e-01 4.334897808549079135e-01
4.946705047791281062e-01 4.373769613391054190e-01 4.334897808549079135e-01
4.946705047791281062e-01 4.373769613391054190e-01 4.334897808549079135e-01
4.946705047791281062e-01 4.373769613391054190e-01 4.334897808549079135e-01
4.946705047791281062e-01 4.373769613391054190e-01 4.334897808549079135e-01
3.250728651027296467e-01 6.237504860558920061e-01 4.549181699131885637e-01
3.250728651027296467e-01 6.237504860558920061e-01 4.549181699131885637e-01
3.250728651027296467e-01 6.237504860558920061e-01 4.549181699131885637e-01
3.250728651027296467e-01 6.237504860558920061e-01 4.549181699131885637e-01
3.250728651027296467e-01 6.237504860558920061e-01 4.549181699131885637e-01
3.250728651027296467e-01 6.237504860558920061e-01 4.549181699131885637e-01
3.250728651027296467e-01 6.237504860558920061e-01 4.549181699131885637e-01
4.540021669675132210e-01 5.176532532114698215e-01 4.150738135105773718e-01
4.540021669675132210e-01 5.176532532114698215e-01 4.150738135105773718e-01
4.540021669675132210e-01 5.176532532114698215e-01 4.150738135105773718e-01
2.206204542945193470e-01 7.496505414989581562e-01 2.695877800593953211e-01
2.206204542945193470e-01 7.496505414989581562e-01 2.695877800593953211e-01
2.206204542945193470e-01 7.496505414989581562e-01 2.695877800593953211e-01
2.206204542945193470e-01 7.496505414989581562e-01 2.695877800593953211e-01
2.206204542945193470e-01 7.496505414989581562e-01 2.695877800593953211e-01
2.206204542945193470e-01 7.496505414989581562e-01 2.695877800593953211e-01
1.881685913719741698e-01 5.635027022560867849e-01 2.710502106555874313e-01
1.881685913719741698e-01 5.635027022560867849e-01 2.710502106555874313e-01
1.881685913719741698e-01 5.635027022560867849e-01 2.710502106555874313e-01
4.589732433946880907e-01 5.997345065490053972e-01 2.537725905410871952e-01
-1.506788276363113521e-02 9.701614332997410273e-01 2.352404942598779192e-02
1.885554944812357359e-01 8.990800547957897848e-01 1.272171952486152446e-01
1.885554944812357359e-01 8.990800547957897848e-01 1.272171952486152446e-01
1.885554944812357359e-01 8.990800547957897848e-01 1.272171952486152446e-01
1.885554944812357359e-01 8.990800547957897848e-01 1.272171952486152446e-01
4.546530510873887376e-01 5.668038776248771615e-01 3.214947924960179781e-01
4.546530510873887376e-01 5.668038776248771615e-01 3.214947924960179781e-01
4.546530510873887376e-01 5.668038776248771615e-01 3.214947924960179781e-01
5.778527229014016608e-01 -8.087963663086938926e-02 2.507862769963830618e-01
5.966498067333975142e-01 -2.294701147032428834e-01 1.032822334911371459e-01
6.625364654349304994e-01 -1.997732437752146317e-01 1.244719089267208728e-01
6.625364654349304994e-01 -1.997732437752146317e-01 1.244719089267208728e-01
6.625364654349304994e-01 -1.997732437752146317e-01 1.244719089267208728e-01
8.165855866804349050e-01 -1.023745260691652642e-01 3.843034355961205684e-02
8.165855866804349050e-01 -1.023745260691652642e-01 3.843034355961205684e-02
8.165855866804349050e-01 -1.023745260691652642e-01 3.843034355961205684e-02
8.165855866804349050e-01 -1.023745260691652642e-01 3.843034355961205684e-02
8.165855866804349050e-01 -1.023745260691652642e-01 3.843034355961205684e-02
5.464386479550821241e-01 -1.421031559467309524e-01 1.651880459152432201e-01
6.768411636065211345e-01 -3.683489401876933744e-01 3.950134607569627532e-02
6.768411636065211345e-01 -3.683489401876933744e-01 3.950134607569627532e-02
6.566056600200101956e-01 -2.746459388439119742e-01 8.006576278516021328e-02
6.566056600200101956e-01 -2.746459388439119742e-01 8.006576278516021328e-02
6.566056600200101956e-01 -2.746459388439119742e-01 8.006576278516021328e-02
6.566056600200101956e-01 -2.746459388439119742e-01 8.006576278516021328e-02
6.566056600200101956e-01 -2.746459388439119742e-01 8.006576278516021328e-02
6.566056600200101956e-01 -2.746459388439119742e-01 8.006576278516021328e-02
6.376977472459699481e-01 -1.101266844081871810e-01 2.006823866229313635e-01
6.376977472459699481e-01 -1.101266844081871810e-01 2.006823866229313635e-01
6.376977472459699481e-01 -1.101266844081871810e-01 2.006823866229313635e-01
6.376977472459699481e-01 -1.101266844081871810e-01 2.006823866229313635e-01
7.494211100072654119e-01 -2.465256015837807291e-01 6.581275679116814492e-02
3.354218188499595299e-01 2.092887580483132615e-02 9.588663342240687226e-02
3.354218188499595299e-01 2.092887580483132615e-02 9.588663342240687226e-02
3.354218188499595299e-01 2.092887580483132615e-02 9.588663342240687226e-02
4.344043724311637544e-01 3.618707711891319123e-01 6.869409458724526907e-01
4.344043724311637544e-01 3.618707711891319123e-01 6.869409458724526907e-01
4.344043724311637544e-01 3.618707711891319123e-01 6.869409458724526907e-01
4.344043724311637544e-01 3.618707711891319123e-01 6.869409458724526907e-01
4.344043724311637544e-01 3.618707711891319123e-01 6.869409458724526907e-01
4.344043724311637544e-01 3.618707711891319123e-01 6.869409458724526907e-01
4.344043724311637544e-01 3.618707711891319123e-01 6.869409458724526907e-01
3.560421860345368006e-01 2.454143493985468660e-01 4.816886090342270554e-01
3.162940120326135918e-01 2.760703668723858972e-01 4.026132698234294316e-01
4.673056675265936932e-01 2.005452426447999204e-01 6.217919545178721696e-01
4.673056675265936932e-01 2.005452426447999204e-01 6.217919545178721696e-01
4.673056675265936932e-01 2.005452426447999204e-01 6.217919545178721696e-01
4.673056675265936932e-01 2.005452426447999204e-01 6.217919545178721696e-01
