2.489132485845457765e-01 1.481402749648903505e-01 9.934884476491441518e-03
2.489132485845457765e-01 1.481402749648903505e-01 9.934884476491441518e-03
2.489132485845457765e-01 1.481402749648903505e-01 9.934884476491441518e-03
4.047571777693521611e-01 5.709792891384181390e-02 2.781711822866247963e-02
7.587991326810360482e-01 -1.654363860949019660e-01 1.202774670358115194e-01
7.587991326810360482e-01 -1.654363860949019660e-01 1.202774670358115194e-01
7.587991326810360482e-01 -1.654363860949019660e-01 1.202774670358115194e-01
8.655545223094067708e-01 2.004161800994228027e-02 1.917297674614185654e-01
8.655545223094067708e-01 2.004161800994228027e-02 1.917297674614185654e-01
8.655545223094067708e-01 2.004161800994228027e-02 1.917297674614185654e-01
8.655545223094067708e-01 2.004161800994228027e-02 1.917297674614185654e-01
8.667696625854208747e-01 2.991405355308659475e-01 5.128173581555651311e-02
8.171024926817924694e-01 -7.104697124246994733e-03 2.022928510322409279e-01
7.202592596530071889e-01 4.376803544661049816e-01 5.308579574725038469e-02
7.202592596530071889e-01 4.376803544661049816e-01 5.308579574725038469e-02
8.433308547789026832e-01 1.041982923348376833e-01 1.644602623638416750e-01
8.433308547789026832e-01 1.041982923348376833e-01 1.644602623638416750e-01
7.532476402286291117e-01 -1.228051861631086206e-01 1.393195962211497829e-01
7.532476402286291117e-01 -1.228051861631086206e-01 1.393195962211497829e-01
7.068783833341166778e-01 -1.014844468823117990e-01 1.195774347811552063e-01
9.206167711190470504e-01 -2.964302209722056713e-01 1.518993241149680928e-01
9.206167711190470504e-01 -2.964302209722056713e-01 1.518993241149680928e-01
7.731418383082163670e-01 -1.530736844398141727e-01 1.365105401185735534e-01
7.731418383082163670e-01 -1.530736844398141727e-01 1.365105401185735534e-01
6.097096545917188859e-01 2.492680290288524780e-01 1.630240765007026638e-01
6.097096545917188859e-01 2.492680290288524780e-01 1.630240765007026638e-01
6.097096545917188859e-01 2.492680290288524780e-01 1.630240765007026638e-01
6.097096545917188859e-01 2.492680290288524780e-01 1.630240765007026638e-01
6.097096545917188859e-01 2.492680290288524780e-01 1.630240765007026638e-01
9.083887727792649969e-01 -2.115487026774647283e-01 1.868511388645621163e-01
9.371073337749621368e-01 -4.363917663757514442e-01 8.303505425054230615e-02
9.371073337749621368e-01 -4.363917663757514442e-01 8.303505425054230615e-02
9.371073337749621368e-01 -4.363917663757514442e-01 8.303505425054230615e-02
8.198024889988582142e-01 1.354117301097380044e-01 1.595644993638626885e-01
8.198024889988582142e-01 1.354117301097380044e-01 1.595644993638626885e-01
7.831846814763830933e-01 7.433776174330208875e-02 1.930089982547839589e-01
7.831846814763830933e-01 7.433776174330208875e-02 1.930089982547839589e-01
7.831846814763830933e-01 7.433776174330208875e-02 1.930089982547839589e-01
7.831846814763830933e-01 7.433776174330208875e-02 1.930089982547839589e-01
7.831846814763830933e-01 7.433776174330208875e-02 1.930089982547839589e-01
7.831846814763830933e-01 7.433776174330208875e-02 1.930089982547839589e-01
7.831846814763830933e-01 7.433776174330208875e-02 1.930089982547839589e-01
5.171853380392744670e-01 2.741349595097745673e-01 1.420440665899152799e-01
5.171853380392744670e-01 2.741349595097745673e-01 1.420440665899152799e-01
5.171853380392744670e-01 2.741349595097745673e-01 1.420440665899152799e-01
5.171853380392744670e-01 2.741349595097745673e-01 1.420440665899152799e-01
5.171853380392744670e-01 2.741349595097745673e-01 1.420440665899152799e-01
5.171853380392744670e-01 2.741349595097745673e-01 1.420440665899152799e-01
7.521071602890856411e-01 2.651098130648203433e-01 1.227056776760191148e-01
7.521071602890856411e-01 2.651098130648203433e-01 1.227056776760191148e-01
7.521071602890856411e-01 2.651098130648203433e-01 1.227056776760191148e-01
7.521071602890856411e-01 2.651098130648203433e-01 1.227056776760191148e-01
7.521071602890856411e-01 2.651098130648203433e-01 1.227056776760191148e-01
1.138648374503954841e+00 3.024543234182200391e-02 4.108272063651409456e-02
1.138648374503954841e+00 3.024543234182200391e-02 4.108272063651409456e-02
1.137576572845476752e+00 1.009149504629593824e-01 2.233313150837591340e-02
1.137576572845476752e+00 1.009149504629593824e-01 2.233313150837591340e-02
1.137576572845476752e+00 1.009149504629593824e-01 2.233313150837591340e-02
1.137576572845476752e+00 1.009149504629593824e-01 2.233313150837591340e-02
1.137576572845476752e+00 1.009149504629593824e-01 2.233313150837591340e-02
1.343769806261772670e+00 7.731885738000238151e-03 4.437885814548321942e-03
1.232948455972964208e+00 9.876687355433119708e-02 7.134981294160853971e-03
1.015939690229181291e+00 -3.772227252062089198e-01 1.610395551242313483e-01
1.015939690229181291e+00 -3.772227252062089198e-01 1.610395551242313483e-01
1.015939690229181291e+00 -3.772227252062089198e-01 1.610395551242313483e-01
1.015939690229181291e+00 -3.772227252062089198e-01 1.610395551242313483e-01
1.148465556032529422e+00 -2.460486957705643185e-02 5.706893281046762634e-02
1.154921406866488365e+00 6.097358660526087937e-02 2.687583350803064708e-02
1.154921406866488365e+00 6.097358660526087937e-02 2.687583350803064708e-02
1.154921406866488365e+00 6.097358660526087937e-02 2.687583350803064708e-02
8.973963494119344686e-01 3.093249164579456312e-01 3.658871613172379189e-02
8.973963494119344686e-01 3.093249164579456312e-01 3.658871613172379189e-02
9.364383992715364924e-01 1.005323587066829227e-01 1.143693788062696559e-01
8.025006937163824405e-01 2.173302307140370648e-02 1.999933681387279505e-01
8.025006937163824405e-01 2.173302307140370648e-02 1.999933681387279505e-01
8.233456673768229095e-01 2.057821123829191856e-01 1.193243858405412250e-01
8.233456673768229095e-01 2.057821123829191856e-01 1.193243858405412250e-01
8.233456673768229095e-01 2.057821123829191856e-01 1.193243858405412250e-01
4.690771787789480007e-01 3.775025804713234012e-01 1.304753525226335364e-01
4.690771787789480007e-01 3.775025804713234012e-01 1.304753525226335364e-01
4.690771787789480007e-01 3.775025804713234012e-01 1.304753525226335364e-01
4.690771787789480007e-01 3.775025804713234012e-01 1.304753525226335364e-01
4.690771787789480007e-01 3.775025804713234012e-01 1.304753525226335364e-01
6.906785388038128026e-01 4.588449170522357345e-01 5.547573583401443215e-02
9.327628074698490757e-01 1.228263621533416394e-01 1.038846167636127693e-01
9.515867608455061966e-01 5.371526268428471196e-02 1.321534759494671640e-01
1.286717940696030071e+00 -3.041004217334573601e-01 1.040062757281028094e-01
1.286717940696030071e+00 -3.041004217334573601e-01 1.040062757281028094e-01
1.021731672218685771e+00 -4.840789993006360259e-01 1.043961177753623959e-01
1.041135324695738218e+00 -6.074990775675476185e-02 1.404316962573173566e-01
8.322898842909307593e-01 -2.027585907890911698e-01 1.483802097106177165e-01
8.322898842909307593e-01 -2.027585907890911698e-01 1.483802097106177165e-01
8.322898842909307593e-01 -2.027585907890911698e-01 1.483802097106177165e-01
5.149575584237907622e-01 2.752962988380408538e-01 1.413693731337167803e-01
5.149575584237907622e-01 2.752962988380408538e-01 1.413693731337167803e-01
5.149575584237907622e-01 2.752962988380408538e-01 1.413693731337167803e-01
6.120072818447819252e-01 2.418921244992390251e-01 1.642169386205371284e-01
6.120072818447819252e-01 2.418921244992390251e-01 1.642169386205371284e-01
3.522559115143080732e-01 4.510499446352843611e-01 1.002467146490012700e-01
4.540028740780144290e-01 5.474866386346909364e-01 9.211552545925061342e-02
