2.489132485845457765e-01 1.481402749648903505e-01 2.307870517665423088e-02
7.304065563075884393e-02 7.617286070449259539e-01 2.359851460545898394e-01
7.304065563075884393e-02 7.617286070449259539e-01 2.359851460545898394e-01
1.162489958496126102e-02 9.016776233005951990e-01 1.925031551238676752e-01
1.162489958496126102e-02 9.016776233005951990e-01 1.925031551238676752e-01
-8.387110463071470456e-02 1.051343939874272992e+00 1.361649551741919706e-01
-9.260246267625166228e-02 1.062110751629832262e+00 1.327524631360330054e-01
-9.260246267625166228e-02 1.062110751629832262e+00 1.327524631360330054e-01
-9.260246267625166228e-02 1.062110751629832262e+00 1.327524631360330054e-01
-9.260246267625166228e-02 1.062110751629832262e+00 1.327524631360330054e-01
-9.260246267625166228e-02 1.062110751629832262e+00 1.327524631360330054e-01
-9.260246267625166228e-02 1.062110751629832262e+00 1.327524631360330054e-01
-2.283096239634198332e-01 1.139408665087679573e+00 1.179554147872676623e-01
-2.283096239634198332e-01 1.139408665087679573e+00 1.179554147872676623e-01
-2.283096239634198332e-01 1.139408665087679573e+00 1.179554147872676623e-01
-2.283096239634198332e-01 1.139408665087679573e+00 1.179554147872676623e-01
-2.283096239634198332e-01 1.139408665087679573e+00 1.179554147872676623e-01
-2.283096239634198332e-01 1.139408665087679573e+00 1.179554147872676623e-01
-2.283096239634198332e-01 1.139408665087679573e+00 1.179554147872676623e-01
-2.283096239634198332e-01 1.139408665087679573e+00 1.179554147872676623e-01
-2.283096239634198332e-01 1.139408665087679573e+00 1.179554147872676623e-01
-2.283096239634198332e-01 1.139408665087679573e+00 1.179554147872676623e-01
-2.283096239634198332e-01 1.139408665087679573e+00 1.179554147872676623e-01
-2.429110708528714746e-01 9.468988844887069600e-01 1.015659550593760868e-01
-2.429110708528714746e-01 9.468988844887069600e-01 1.015659550593760868e-01
2.288340397586334507e-01 8.908654456492148821e-01 8.202851560899240835e-02
3.912532519799479247e-01 6.162379233434295278e-01 1.904111970736200588e-01
4.751386526132684307e-01 5.370728256312811144e-01 1.868725135011130301e-01
4.751386526132684307e-01 5.370728256312811144e-01 1.868725135011130301e-01
4.932233038234321021e-01 3.283389327051551287e-01 3.136178698027971556e-01
6.704058229346973041e-01 1.508989638784666854e-01 2.917449377614160788e-01
6.704058229346973041e-01 1.508989638784666854e-01 2.917449377614160788e-01
5.453399816944350942e-01 4.566702452654107791e-01 1.943691850144470545e-01
1.526979667511435546e-01 3.907569300906644227e-01 8.794685561511619842e-02
2.515888337208304071e-01 6.501752140175051098e-01 2.636023845758692086e-01
2.515888337208304071e-01 6.501752140175051098e-01 2.636023845758692086e-01
2.515888337208304071e-01 6.501752140175051098e-01 2.636023845758692086e-01
5.538229270668187931e-02 5.228585571936081866e-01 9.909478020090105310e-02
2.677998526839461269e-01 5.590356630809006910e-01 2.916528644506961032e-01
6.255102791192632683e-01 8.217167160225963274e-02 2.534259703109147388e-01
4.697662385135357721e-01 4.246905474334269348e-01 2.903170440979153111e-01
4.697662385135357721e-01 4.246905474334269348e-01 2.903170440979153111e-01
4.697662385135357721e-01 4.246905474334269348e-01 2.903170440979153111e-01
4.747232123127875791e-02 5.751423739988015260e-01 1.291355602168117733e-01
4.747232123127875791e-02 5.751423739988015260e-01 1.291355602168117733e-01
4.747232123127875791e-02 5.751423739988015260e-01 1.291355602168117733e-01
4.747232123127875791e-02 5.751423739988015260e-01 1.291355602168117733e-01
3.077721655575668680e-01 4.398632325350612104e-01 2.776453997380307626e-01
3.077721655575668680e-01 4.398632325350612104e-01 2.776453997380307626e-01
3.077721655575668680e-01 4.398632325350612104e-01 2.776453997380307626e-01
3.077721655575668680e-01 4.398632325350612104e-01 2.776453997380307626e-01
3.077721655575668680e-01 4.398632325350612104e-01 2.776453997380307626e-01
3.077721655575668680e-01 4.398632325350612104e-01 2.776453997380307626e-01
3.077721655575668680e-01 4.398632325350612104e-01 2.776453997380307626e-01
3.077721655575668680e-01 4.398632325350612104e-01 2.776453997380307626e-01
3.077721655575668680e-01 4.398632325350612104e-01 2.776453997380307626e-01
3.077721655575668680e-01 4.398632325350612104e-01 2.776453997380307626e-01
1.859909239655140878e-01 7.709663286842572960e-01 2.109814052669524709e-01
1.859909239655140878e-01 7.709663286842572960e-01 2.109814052669524709e-01
-6.787492686403406861e-02 7.639679644733559094e-01 1.476302286963916133e-01
-6.787492686403406861e-02 7.639679644733559094e-01 1.476302286963916133e-01
3.417984099267346032e-01 6.733753346768573955e-01 1.799393351193760704e-01
3.417984099267346032e-01 6.733753346768573955e-01 1.799393351193760704e-01
-6.493662025014595995e-02 6.614479020243743124e-01 9.025511762072215005e-02
-6.493662025014595995e-02 6.614479020243743124e-01 9.025511762072215005e-02
-6.493662025014595995e-02 6.614479020243743124e-01 9.025511762072215005e-02
1.192524381295338720e-01 6.481064068235395936e-01 2.408480716766117635e-01
1.192524381295338720e-01 6.481064068235395936e-01 2.408480716766117635e-01
1.192524381295338720e-01 6.481064068235395936e-01 2.408480716766117635e-01
1.192524381295338720e-01 6.481064068235395936e-01 2.408480716766117635e-01
1.192524381295338720e-01 6.481064068235395936e-01 2.408480716766117635e-01
-5.161352313603673192e-02 7.527025182166211525e-01 1.551025253023410322e-01
-5.161352313603673192e-02 7.527025182166211525e-01 1.551025253023410322e-01
-5.161352313603673192e-02 7.527025182166211525e-01 1.551025253023410322e-01
-5.161352313603673192e-02 7.527025182166211525e-01 1.551025253023410322e-01
-2.316303202600549227e-01 8.511417340756177730e-01 7.080751998532015812e-02
-2.316303202600549227e-01 8.511417340756177730e-01 7.080751998532015812e-02
-1.969669782869752639e-01 6.053283735178913716e-01 1.221568182909759347e-02
-1.969669782869752639e-01 6.053283735178913716e-01 1.221568182909759347e-02
2.013172391028560659e-01 6.370914092598172207e-01 2.747682506038577332e-01
2.013172391028560659e-01 6.370914092598172207e-01 2.747682506038577332e-01
2.013172391028560659e-01 6.370914092598172207e-01 2.747682506038577332e-01
2.013172391028560659e-01 6.370914092598172207e-01 2.747682506038577332e-01
-7.741487409382186158e-03 6.913337069524501111e-01 1.576147009800255572e-01
2.337695048904873396e-01 2.981848512118232541e-01 8.760336292180613549e-02
2.337695048904873396e-01 2.981848512118232541e-01 8.760336292180613549e-02
6.346854728621554864e-01 -1.136018204437077572e-01 8.723294037124133815e-02
6.317479432202608436e-01 9.428200701107600223e-02 2.660026130533916233e-01
7.062492029126858917e-01 2.161396198951479053e-01 2.429511310769865706e-01
5.358231254915413189e-01 3.041183879205451301e-01 3.095382196084014992e-01
5.358231254915413189e-01 3.041183879205451301e-01 3.095382196084014992e-01
5.358231254915413189e-01 3.041183879205451301e-01 3.095382196084014992e-01
5.358231254915413189e-01 3.041183879205451301e-01 3.095382196084014992e-01
5.358231254915413189e-01 3.041183879205451301e-01 3.095382196084014992e-01
5.358231254915413189e-01 3.041183879205451301e-01 3.095382196084014992e-01
3.203369981713955483e-01 2.418455756809309021e-01 1.181391175448013725e-01
3.203369981713955483e-01 2.418455756809309021e-01 1.181391175448013725e-01
3.911783445000612813e-01 2.528470413598437050e-01 2.010211031886372790e-01
3.911783445000612813e-01 2.528470413598437050e-01 2.010211031886372790e-01
3.911783445000612813e-01 2.528470413598437050e-01 2.010211031886372790e-01
