2.489132485845457765e-01 1.481402749648903505e-01 4.187836170576991757e-02
2.489132485845457765e-01 1.481402749648903505e-01 4.187836170576991757e-02
3.817484566198255935e-01 6.211119644326625056e-02 9.765827309163552239e-02
2.479344020202557397e-01 4.380975327282953802e-01 3.294468755969613971e-01
2.479344020202557397e-01 4.380975327282953802e-01 3.294468755969613971e-01
-4.853667024705932143e-02 6.855540069699794792e-01 1.074230689123331639e-01
9.696360409264928593e-02 5.008276768598795003e-01 1.447733877974161365e-01
9.696360409264928593e-02 5.008276768598795003e-01 1.447733877974161365e-01
1.304292353687299955e-01 7.075793731402844067e-01 2.994464698954307225e-01
1.304292353687299955e-01 7.075793731402844067e-01 2.994464698954307225e-01
2.668138985652353523e-01 6.545282817687219090e-01 3.248521079113411147e-01
2.668138985652353523e-01 6.545282817687219090e-01 3.248521079113411147e-01
2.744730602106124628e-01 6.881511440110680278e-01 2.769745883834738298e-01
-1.276346557655294589e-02 6.787026685810995108e-01 1.417323180868967913e-01
5.525096233566902937e-01 5.152822644825636456e-01 1.554338714799933241e-01
2.145212140912838295e-01 5.275452103441476970e-01 3.490607561039958950e-01
2.145212140912838295e-01 5.275452103441476970e-01 3.490607561039958950e-01
2.145212140912838295e-01 5.275452103441476970e-01 3.490607561039958950e-01
4.667267062339909289e-01 3.664819582549880828e-01 5.065852804629165096e-01
6.371645991318255486e-01 1.619145149780424342e-01 5.637417660273003062e-01
6.371645991318255486e-01 1.619145149780424342e-01 5.637417660273003062e-01
6.371645991318255486e-01 1.619145149780424342e-01 5.637417660273003062e-01
6.204390785680531373e-01 2.948087501257775078e-01 4.064006601246129557e-01
6.204390785680531373e-01 2.948087501257775078e-01 4.064006601246129557e-01
6.204390785680531373e-01 2.948087501257775078e-01 4.064006601246129557e-01
6.204390785680531373e-01 2.948087501257775078e-01 4.064006601246129557e-01
7.028943050511640145e-01 2.308897945606512292e-01 3.552083756468750741e-01
7.028943050511640145e-01 2.308897945606512292e-01 3.552083756468750741e-01
9.267182107203342234e-01 -3.625289487018167889e-01 3.446729749827984746e-01
9.656467499425496204e-01 -4.779697496085946185e-01 2.207225407935687611e-01
1.030728807172258010e+00 -5.357737937899719194e-01 2.177597292302375920e-01
9.869583373245034430e-01 -1.702785506366625845e-01 3.909518883827862723e-01
5.919665953007181569e-01 3.102434858887704316e-01 4.320706178521409035e-01
2.854686477828007884e-01 2.782001536413735154e-01 2.009383399789946845e-01
2.854686477828007884e-01 2.782001536413735154e-01 2.009383399789946845e-01
1.724834561724419846e-01 8.364190890916582966e-01 1.876318208534133447e-01
1.724834561724419846e-01 8.364190890916582966e-01 1.876318208534133447e-01
2.492207044921276871e-01 6.638370161907576339e-01 3.253903371694744640e-01
2.492207044921276871e-01 6.638370161907576339e-01 3.253903371694744640e-01
2.492207044921276871e-01 6.638370161907576339e-01 3.253903371694744640e-01
2.492207044921276871e-01 6.638370161907576339e-01 3.253903371694744640e-01
2.492207044921276871e-01 6.638370161907576339e-01 3.253903371694744640e-01
2.492207044921276871e-01 6.638370161907576339e-01 3.253903371694744640e-01
2.492207044921276871e-01 6.638370161907576339e-01 3.253903371694744640e-01
2.492207044921276871e-01 6.638370161907576339e-01 3.253903371694744640e-01
1.186330567075180586e-01 2.556661027396689434e-02 5.830251259809457638e-04
1.186330567075180586e-01 2.556661027396689434e-02 5.830251259809457638e-04
1.186330567075180586e-01 2.556661027396689434e-02 5.830251259809457638e-04
1.929906380507703245e-01 9.182224009281897414e-02 8.171546438806033194e-03
1.929906380507703245e-01 9.182224009281897414e-02 8.171546438806033194e-03
4.346296785303400689e-01 3.441071668284191587e-02 1.374388659953478808e-01
4.346296785303400689e-01 3.441071668284191587e-02 1.374388659953478808e-01
9.139627299231161128e-01 -7.078025264392800997e-03 3.120573936908719870e-01
9.139627299231161128e-01 -7.078025264392800997e-03 3.120573936908719870e-01
9.139627299231161128e-01 -7.078025264392800997e-03 3.120573936908719870e-01
9.139627299231161128e-01 -7.078025264392800997e-03 3.120573936908719870e-01
9.092901719570289920e-01 -9.375066126456939319e-02 4.458325608097853388e-01
1.125855164480048742e+00 -4.303112813014146054e-01 3.473527963254706141e-01
4.451363586685653795e-01 4.737007853787854605e-01 3.918617258456846275e-01
6.060205595196095363e-01 6.234540630216434121e-02 5.153308781051005871e-01
6.060205595196095363e-01 6.234540630216434121e-02 5.153308781051005871e-01
6.060205595196095363e-01 6.234540630216434121e-02 5.153308781051005871e-01
6.060205595196095363e-01 6.234540630216434121e-02 5.153308781051005871e-01
6.060205595196095363e-01 6.234540630216434121e-02 5.153308781051005871e-01
6.060205595196095363e-01 6.234540630216434121e-02 5.153308781051005871e-01
6.060205595196095363e-01 6.234540630216434121e-02 5.153308781051005871e-01
6.060205595196095363e-01 6.234540630216434121e-02 5.153308781051005871e-01
6.060205595196095363e-01 6.234540630216434121e-02 5.153308781051005871e-01
6.060205595196095363e-01 6.234540630216434121e-02 5.153308781051005871e-01
6.060205595196095363e-01 6.234540630216434121e-02 5.153308781051005871e-01
6.060205595196095363e-01 6.234540630216434121e-02 5.153308781051005871e-01
6.060205595196095363e-01 6.234540630216434121e-02 5.153308781051005871e-01
6.060205595196095363e-01 6.234540630216434121e-02 5.153308781051005871e-01
4.457474374585206345e-01 2.465797783167463231e-01 4.740449664359526194e-01
4.457474374585206345e-01 2.465797783167463231e-01 4.740449664359526194e-01
4.457474374585206345e-01 2.465797783167463231e-01 4.740449664359526194e-01
8.594894638452545976e-01 -1.455777929759995426e-01 5.255368987889114107e-01
1.079128836186652673e+00 -4.438919835115766321e-02 8.460440755849675531e-02
1.088345567812338377e+00 -8.795788715123628587e-02 1.110972236315842243e-01
1.226366186750770026e+00 -5.071235463910321872e-01 2.690637848053474279e-01
1.226366186750770026e+00 -5.071235463910321872e-01 2.690637848053474279e-01
1.226366186750770026e+00 -5.071235463910321872e-01 2.690637848053474279e-01
1.449660204602593927e+00 -5.306639330016333922e-01 5.445386026402432994e-02
1.533969581519910363e+00 -7.618216984344424736e-01 7.977478651048580671e-02
1.633877848289785772e+00 -8.723577798929120775e-01 5.168648513834024627e-02
1.648937459265045646e+00 -9.417468193592544168e-01 5.506123141863130538e-02
1.648937459265045646e+00 -9.417468193592544168e-01 5.506123141863130538e-02
1.648937459265045646e+00 -9.417468193592544168e-01 5.506123141863130538e-02
1.648937459265045646e+00 -9.417468193592544168e-01 5.506123141863130538e-02
1.396230433313718988e+00 -9.585426771780219957e-01 7.558467680951563850e-02
1.741489699015806858e+00 -1.143568632143727060e+00 3.653838473567409817e-02
1.724615354641226839e+00 -1.102805845808251251e+00 4.037816462430062620e-02
1.525661455195734373e+00 -8.903158748284319968e-01 9.895572138333562362e-02
1.525661455195734373e+00 -8.903158748284319968e-01 9.895572138333562362e-02
1.525661455195734373e+00 -8.903158748284319968e-01 9.895572138333562362e-02
1.297995979240451403e+00 -9.011826966447632481e-01 7.134654645048388311e-02
1.344059864541724325e+00 -8.112986256661145479e-01 1.441502164954740484e-01
1.344059864541724325e+00 -8.112986256661145479e-01 1.441502164954740484e-01
1.134715066377186554e+00 -8.418386236070206641e-01 3.362396008304128353e-02
1.592260859475621793e+00 -9.783278436531895883e-01 7.388709972401705239e-02
