2.489132485845457765e-01 1.481402749648903505e-01 1.894227086389139829e-03
2.489132485845457765e-01 1.481402749648903505e-01 1.894227086389139829e-03
6.490105673979527090e-01 1.539578114619419291e-02 4.121177432126127589e-03
6.490105673979527090e-01 1.539578114619419291e-02 4.121177432126127589e-03
6.490105673979527090e-01 1.539578114619419291e-02 4.121177432126127589e-03
6.490105673979527090e-01 1.539578114619419291e-02 4.121177432126127589e-03
4.027331401388916099e-01 1.647209463749655101e-01 6.401599854533008595e-03
4.027331401388916099e-01 1.647209463749655101e-01 6.401599854533008595e-03
4.027331401388916099e-01 1.647209463749655101e-01 6.401599854533008595e-03
5.959668028832182385e-02 1.987051619231659516e-01 1.002104391507370766e-03
5.959668028832182385e-02 1.987051619231659516e-01 1.002104391507370766e-03
2.183472314774420886e-01 2.501925459394568341e-01 6.112799151780257990e-03
2.183472314774420886e-01 2.501925459394568341e-01 6.112799151780257990e-03
2.183472314774420886e-01 2.501925459394568341e-01 6.112799151780257990e-03
2.183472314774420886e-01 2.501925459394568341e-01 6.112799151780257990e-03
2.183472314774420886e-01 2.501925459394568341e-01 6.112799151780257990e-03
-9.724767848153878513e-02 8.444917990824595266e-01 1.185547925874804454e-01
-9.724767848153878513e-02 8.444917990824595266e-01 1.185547925874804454e-01
-1.224638098114669560e-01 1.003588544815124273e+00 1.122795592770218231e-01
-1.224638098114669560e-01 1.003588544815124273e+00 1.122795592770218231e-01
6.839030831013814815e-02 7.085083149369515443e-01 1.133467156979262730e-01
-1.137219342198131367e-01 8.193076211590863966e-01 1.101643794428255468e-01
-1.705407025834765888e-01 9.874527505927421789e-01 1.157004822959156326e-01
-2.516868089812103193e-01 1.225276696099811602e+00 5.378046978540265005e-02
-2.516868089812103193e-01 1.225276696099811602e+00 5.378046978540265005e-02
-5.727382639436595646e-01 1.082796905997180481e+00 8.117981124162755580e-02
-5.727382639436595646e-01 1.082796905997180481e+00 8.117981124162755580e-02
-5.727382639436595646e-01 1.082796905997180481e+00 8.117981124162755580e-02
-5.727382639436595646e-01 1.082796905997180481e+00 8.117981124162755580e-02
-4.744985927901075318e-01 1.193480042986013512e+00 7.978393883886800153e-02
-4.744985927901075318e-01 1.193480042986013512e+00 7.978393883886800153e-02
-6.588257824776418969e-01 1.353613937205395912e+00 5.034286170486683420e-02
-7.927739285868731223e-01 1.014125372603449593e+00 3.582917357680198006e-02
-3.755352817996530090e-01 1.118086485101118965e+00 9.354787944946783840e-02
-3.949815032230412082e-01 9.047159303705187838e-01 7.783379884304318652e-02
-5.321184022351774789e-01 8.744123862196639951e-01 4.409673116438323631e-02
-5.321184022351774789e-01 8.744123862196639951e-01 4.409673116438323631e-02
-5.203165651912178280e-01 7.953629435526099467e-01 2.738441168297542708e-02
-2.063030275525709056e-01 9.116457061444327437e-01 1.127619977013985808e-01
-2.063030275525709056e-01 9.116457061444327437e-01 1.127619977013985808e-01
-2.063030275525709056e-01 9.116457061444327437e-01 1.127619977013985808e-01
-2.979027449117391257e-02 9.802604456094726748e-01 1.131227446365756645e-01
-2.979027449117391257e-02 9.802604456094726748e-01 1.131227446365756645e-01
-2.979027449117391257e-02 9.802604456094726748e-01 1.131227446365756645e-01
1.706379256559954205e-01 1.185320635012770962e+00 1.945517845357050066e-02
1.706379256559954205e-01 1.185320635012770962e+00 1.945517845357050066e-02
1.706379256559954205e-01 1.185320635012770962e+00 1.945517845357050066e-02
1.706379256559954205e-01 1.185320635012770962e+00 1.945517845357050066e-02
-2.816840276723956427e-01 1.390527542666353034e+00 1.613237590207412808e-02
-7.804179717296977348e-01 1.317936024745734347e+00 5.902471730913130821e-02
-3.789384701412151224e-01 1.312403432569361206e+00 4.073230210582272359e-02
-4.596612441453538089e-01 1.056646400276412656e+00 9.316691523671508102e-02
-4.596612441453538089e-01 1.056646400276412656e+00 9.316691523671508102e-02
-4.596612441453538089e-01 1.056646400276412656e+00 9.316691523671508102e-02
-3.288617647541718370e-01 1.130975152339024570e+00 8.964313025781898980e-02
-3.288617647541718370e-01 1.130975152339024570e+00 8.964313025781898980e-02
-3.288617647541718370e-01 1.130975152339024570e+00 8.964313025781898980e-02
-3.288617647541718370e-01 1.130975152339024570e+00 8.964313025781898980e-02
-5.472758997655378099e-01 1.166011694818078093e+00 8.335048344210617410e-02
-5.472758997655378099e-01 1.166011694818078093e+00 8.335048344210617410e-02
-3.353692842759207760e-01 1.003950201405038101e+00 1.044834410235569444e-01
-3.353692842759207760e-01 1.003950201405038101e+00 1.044834410235569444e-01
-4.272397190703766112e-01 1.154242713692292366e+00 8.705165516895585487e-02
-4.272397190703766112e-01 1.154242713692292366e+00 8.705165516895585487e-02
-4.272397190703766112e-01 1.154242713692292366e+00 8.705165516895585487e-02
1.277932442874384344e-01 9.142800594875026832e-01 1.190013535235165953e-01
1.277932442874384344e-01 9.142800594875026832e-01 1.190013535235165953e-01
1.277932442874384344e-01 9.142800594875026832e-01 1.190013535235165953e-01
-6.045817624938014667e-01 9.619564192918879098e-01 5.361429253795888666e-02
-4.524480981414744640e-01 1.139797392548411281e+00 8.941118930098970741e-02
-7.203968387188738332e-01 1.040925852699111420e+00 5.187172283620753582e-02
-7.203968387188738332e-01 1.040925852699111420e+00 5.187172283620753582e-02
-7.203968387188738332e-01 1.040925852699111420e+00 5.187172283620753582e-02
-8.184669289469398423e-01 1.087724328529356965e+00 4.590998485154997727e-02
-1.077793520821915596e+00 1.295760736388296586e+00 3.999060398659387561e-02
-1.077793520821915596e+00 1.295760736388296586e+00 3.999060398659387561e-02
-8.187355555939115348e-01 1.028120261966778415e+00 3.496463529325519182e-02
-8.336375035056688976e-01 1.077396845161332495e+00 4.192975003174199272e-02
-8.336375035056688976e-01 1.077396845161332495e+00 4.192975003174199272e-02
-8.336375035056688976e-01 1.077396845161332495e+00 4.192975003174199272e-02
-8.336375035056688976e-01 1.077396845161332495e+00 4.192975003174199272e-02
-4.106713977872216703e-01 1.355652228238337864e+00 3.246480736682122448e-02
-9.547720785181026404e-01 1.409767472331596716e+00 4.534104647046573872e-02
-9.547720785181026404e-01 1.409767472331596716e+00 4.534104647046573872e-02
-8.727867100802841893e-01 9.672713704871944707e-01 1.883749142954810329e-02
-8.727867100802841893e-01 9.672713704871944707e-01 1.883749142954810329e-02
-8.289436177733642275e-01 1.087887709396976543e+00 4.444629287987619110e-02
-1.219239320849770492e+00 1.668363825837987369e+00 1.713192379759826550e-02
-1.247812921564032118e+00 1.390788884850852725e+00 3.079889567681338286e-02
-1.247812921564032118e+00 1.390788884850852725e+00 3.079889567681338286e-02
-1.247812921564032118e+00 1.390788884850852725e+00 3.079889567681338286e-02
-1.218789049106064448e+00 1.205634107624751428e+00 1.797220948221614489e-02
-8.315989555366727348e-01 1.241714323075424842e+00 6.090563937775280573e-02
-8.600494755893991483e-01 1.197368541182409318e+00 5.552748692084379795e-02
-5.529797080049752012e-01 1.208849713675676840e+00 7.752702567277366952e-02
-5.529797080049752012e-01 1.208849713675676840e+00 7.752702567277366952e-02
-5.529797080049752012e-01 1.208849713675676840e+00 7.752702567277366952e-02
-5.529797080049752012e-01 1.208849713675676840e+00 7.752702567277366952e-02
-5.529797080049752012e-01 1.208849713675676840e+00 7.752702567277366952e-02
-5.529797080049752012e-01 1.208849713675676840e+00 7.752702567277366952e-02
