2.489132485845457765e-01 1.481402749648903505e-01 3.630760719963796283e-03
-9.741702196921181445e-02 3.842321630328176529e-01 1.462795234573810443e-02
-9.741702196921181445e-02 3.842321630328176529e-01 1.462795234573810443e-02
-1.567728843174014397e-01 6.887705044534953025e-01 1.730757989101739946e-01
-1.567728843174014397e-01 6.887705044534953025e-01 1.730757989101739946e-01
-8.274540248779679863e-02 5.700214229442446268e-01 1.115304962489512136e-01
-3.647496487729187109e-01 5.980325435651752120e-01 4.097561112281920132e-02
-2.083590566135184174e-01 7.890887091946536813e-01 2.032129331770589353e-01
-2.083590566135184174e-01 7.890887091946536813e-01 2.032129331770589353e-01
-2.083590566135184174e-01 7.890887091946536813e-01 2.032129331770589353e-01
-3.984975237723132890e-01 5.936452251502695177e-01 3.272712134601459683e-02
-5.422420446994271614e-01 1.111484108459077635e+00 8.657566566088308047e-02
-3.249769228740519433e-01 9.747653955434480988e-01 1.499062361105025498e-01
-1.932137576027049830e-01 8.605091159756925734e-01 2.047908191986188564e-01
-1.932137576027049830e-01 8.605091159756925734e-01 2.047908191986188564e-01
-8.655039970677422256e-02 8.967958269483558009e-01 1.823152375366654809e-01
1.675158585103897202e-01 6.998643429521482773e-01 2.745312956346534494e-01
2.244473874756608422e-01 8.261565150250962386e-01 1.724502416420143625e-01
2.244473874756608422e-01 8.261565150250962386e-01 1.724502416420143625e-01
2.244473874756608422e-01 8.261565150250962386e-01 1.724502416420143625e-01
2.244473874756608422e-01 8.261565150250962386e-01 1.724502416420143625e-01
6.857168731210316892e-01 6.428882741607623297e-01 1.786416352374553262e-01
4.390785774151334531e-01 5.306837774095478633e-01 2.861274863208065344e-01
4.390785774151334531e-01 5.306837774095478633e-01 2.861274863208065344e-01
4.390785774151334531e-01 5.306837774095478633e-01 2.861274863208065344e-01
3.236245429222507908e-01 7.420727952449581721e-01 2.241763435864958520e-01
3.236245429222507908e-01 7.420727952449581721e-01 2.241763435864958520e-01
3.236245429222507908e-01 7.420727952449581721e-01 2.241763435864958520e-01
1.048933466967845451e-01 4.906649571043419922e-01 1.211623275351484952e-01
1.048933466967845451e-01 4.906649571043419922e-01 1.211623275351484952e-01
1.048933466967845451e-01 4.906649571043419922e-01 1.211623275351484952e-01
1.048933466967845451e-01 4.906649571043419922e-01 1.211623275351484952e-01
1.048933466967845451e-01 4.906649571043419922e-01 1.211623275351484952e-01
2.336572351087594368e-02 9.790399790447674722e-01 9.012693258184460710e-02
3.373011913728565792e-01 7.517682565438651432e-01 2.100106167891473141e-01
1.746863313495128356e-02 8.104839387302774645e-01 2.308787116375858872e-01
1.746863313495128356e-02 8.104839387302774645e-01 2.308787116375858872e-01
1.746863313495128356e-02 8.104839387302774645e-01 2.308787116375858872e-01
1.151234891168669700e-01 6.101536417255050138e-01 2.340100702063363514e-01
1.151234891168669700e-01 6.101536417255050138e-01 2.340100702063363514e-01
1.280257101291937261e-02 7.235565831026103956e-01 2.514374670081512830e-01
2.390881536777547389e-01 7.850269289829209240e-01 2.089843755442721274e-01
3.992013706568423581e-01 6.084935454632337537e-01 2.934487090618408400e-01
9.961845386800364244e-01 5.526014264110998830e-01 1.234972054454129414e-01
9.961845386800364244e-01 5.526014264110998830e-01 1.234972054454129414e-01
7.380530501732496251e-01 2.628682403600484663e-01 1.422146044191921477e-01
6.231868662160917616e-01 9.773634379850990039e-02 1.634132046835745991e-02
6.231868662160917616e-01 9.773634379850990039e-02 1.634132046835745991e-02
6.231868662160917616e-01 9.773634379850990039e-02 1.634132046835745991e-02
6.231868662160917616e-01 9.773634379850990039e-02 1.634132046835745991e-02
4.278303168884446395e-01 1.502371845117240201e-01 1.192749793124447434e-02
1.094298376968846798e+00 -7.531600850048958407e-02 1.379008050130937912e-02
1.094298376968846798e+00 -7.531600850048958407e-02 1.379008050130937912e-02
1.232755229665679630e+00 -6.720050268392192827e-02 2.601537374870544275e-02
1.232755229665679630e+00 -6.720050268392192827e-02 2.601537374870544275e-02
1.259587777104834938e+00 8.601380078557928355e-02 1.071925539397101113e-01
1.259587777104834938e+00 8.601380078557928355e-02 1.071925539397101113e-01
1.332083228709043832e+00 1.710148440155692118e-01 1.536731626027300346e-01
1.332083228709043832e+00 1.710148440155692118e-01 1.536731626027300346e-01
1.522120700777859881e+00 -2.368245679749009236e-02 6.938584346294658645e-02
1.522120700777859881e+00 -2.368245679749009236e-02 6.938584346294658645e-02
1.522120700777859881e+00 -2.368245679749009236e-02 6.938584346294658645e-02
1.522120700777859881e+00 -2.368245679749009236e-02 6.938584346294658645e-02
1.643841035031581521e+00 -5.286910234816270121e-02 6.227087091025982485e-02
1.792338887296952121e+00 1.562326195196310497e-01 6.091198031342937719e-02
1.792338887296952121e+00 1.562326195196310497e-01 6.091198031342937719e-02
1.792338887296952121e+00 1.562326195196310497e-01 6.091198031342937719e-02
1.454022548511930024e+00 2.951886657849285278e-01 1.095410683182994060e-01
1.454022548511930024e+00 2.951886657849285278e-01 1.095410683182994060e-01
1.454022548511930024e+00 2.951886657849285278e-01 1.095410683182994060e-01
1.945472612761427023e+00 -2.944150914221482784e-02 5.195890562647768190e-02
2.235959300269989569e+00 -1.847640191538704735e-01 2.308699089223582510e-02
2.235959300269989569e+00 -1.847640191538704735e-01 2.308699089223582510e-02
1.724872488281444571e+00 -1.333607731778710392e-02 7.294186805302162180e-02
1.743572822202523076e+00 -1.112702820292792855e-02 7.229976335380551566e-02
1.489240621520396601e+00 9.278866954895464980e-02 1.165989226854054345e-01
1.489240621520396601e+00 9.278866954895464980e-02 1.165989226854054345e-01
2.014008333611244428e+00 -8.120375154287726160e-02 4.276244871713009987e-02
2.014008333611244428e+00 -8.120375154287726160e-02 4.276244871713009987e-02
2.014008333611244428e+00 -8.120375154287726160e-02 4.276244871713009987e-02
2.198835193651824227e+00 -3.571078026887669621e-01 9.073296393121002557e-03
2.255462843542192619e+00 -4.583278821411149728e-01 3.451404382532186413e-03
2.255462843542192619e+00 -4.583278821411149728e-01 3.451404382532186413e-03
2.255462843542192619e+00 -4.583278821411149728e-01 3.451404382532186413e-03
2.255462843542192619e+00 -4.583278821411149728e-01 3.451404382532186413e-03
2.255462843542192619e+00 -4.583278821411149728e-01 3.451404382532186413e-03
2.255462843542192619e+00 -4.583278821411149728e-01 3.451404382532186413e-03
2.026842271601381640e+00 -4.304624728036823833e-01 2.943496792189628872e-03
1.194787085955275829e+00 -9.030207026992237429e-02 1.705310043559150196e-02
1.194787085955275829e+00 -9.030207026992237429e-02 1.705310043559150196e-02
1.320185680183153076e+00 2.003588233017202791e-01 1.625876347734580285e-01
1.320185680183153076e+00 2.003588233017202791e-01 1.625876347734580285e-01
1.320185680183153076e+00 2.003588233017202791e-01 1.625876347734580285e-01
1.060300518538343839e+00 4.020378015667327443e-01 2.065585659524038220e-01
6.126128970774238347e-01 3.995577395305714430e-01 2.371560108568017966e-01
6.126128970774238347e-01 3.995577395305714430e-01 2.371560108568017966e-01
9.882517632206144764e-01 6.395688835848440945e-01 6.245663969889216766e-02
9.183213413399741176e-01 7.227650158825730253e-01 3.623536841548442161e-02
9.183213413399741176e-01 7.227650158825730253e-01 3.623536841548442161e-02
1.019468923844243369e+00 6.570103996794501855e-01 4.503666388008673721e-02
