2.489132485845457765e-01 1.481402749648903505e-01 2.261146519301511417e-03
2.489132485845457765e-01 1.481402749648903505e-01 2.261146519301511417e-03
2.489132485845457765e-01 1.481402749648903505e-01 2.261146519301511417e-03
1.871846404437371159e-01 7.106017643025729358e-01 2.144161655347326667e-01
-1.309511877204087016e-01 7.474220621755447436e-01 1.576730578282436734e-01
-1.478233522717930515e-01 1.053666614250295286e+00 1.350764201089721950e-01
1.671852138052782877e-01 1.157497313062731070e+00 2.247635192693363954e-02
6.792979693578592437e-01 1.007054702832824056e+00 9.350678106231262790e-03
6.792979693578592437e-01 1.007054702832824056e+00 9.350678106231262790e-03
7.700822336960951864e-01 9.632393270877457336e-01 9.609635743871677849e-03
7.700822336960951864e-01 9.632393270877457336e-01 9.609635743871677849e-03
7.289338582366908792e-01 4.405734200999151806e-01 1.774661701272520209e-01
7.289338582366908792e-01 4.405734200999151806e-01 1.774661701272520209e-01
6.929464974243629838e-01 3.838263300365640229e-01 1.437009200363632000e-01
6.929464974243629838e-01 3.838263300365640229e-01 1.437009200363632000e-01
6.924660248660402528e-01 6.291966260806336475e-01 1.735374596382171231e-01
4.172826744991467440e-01 3.263274934205478983e-01 5.011255772653131629e-02
2.702907636388907076e-02 7.624625568598926151e-01 2.049194682765663189e-01
2.702907636388907076e-02 7.624625568598926151e-01 2.049194682765663189e-01
1.574902372489752900e-01 7.200306598157452109e-01 2.131452985370237141e-01
-1.091742901127436827e-01 8.319301557397792424e-01 1.988605156027393461e-01
2.062709859717312411e-01 7.804955881791931782e-01 2.130385042452872246e-01
2.062709859717312411e-01 7.804955881791931782e-01 2.130385042452872246e-01
2.062709859717312411e-01 7.804955881791931782e-01 2.130385042452872246e-01
2.062709859717312411e-01 7.804955881791931782e-01 2.130385042452872246e-01
2.062709859717312411e-01 7.804955881791931782e-01 2.130385042452872246e-01
2.062709859717312411e-01 7.804955881791931782e-01 2.130385042452872246e-01
2.062709859717312411e-01 7.804955881791931782e-01 2.130385042452872246e-01
8.740513140917630097e-02 5.138520562596768926e-01 7.540501250675758771e-02
2.304751871572514876e-01 8.004197350300357172e-01 2.031940771726024886e-01
4.329212537763654778e-01 8.491617001953487565e-01 1.187157436562511909e-01
2.345326448933354735e-02 7.183241301992312478e-01 1.864033196806917370e-01
2.345326448933354735e-02 7.183241301992312478e-01 1.864033196806917370e-01
2.345326448933354735e-02 7.183241301992312478e-01 1.864033196806917370e-01
-3.233385429788429022e-01 9.407138409683767355e-01 1.803143688181546023e-01
-3.233385429788429022e-01 9.407138409683767355e-01 1.803143688181546023e-01
-1.810943533012829842e-01 9.587495638377671048e-01 1.874107416773426182e-01
5.231679872713029811e-02 8.499702563368288777e-01 2.071105933312706870e-01
-1.299444978197517309e-01 6.537532774730854257e-01 9.903109759361718167e-02
-2.980976653958766764e-01 1.071458949663566029e+00 1.496121169350983215e-01
-3.816987802987460987e-01 1.077763792783817287e+00 1.542840394363075018e-01
-3.502188205932920684e-01 6.667465424602135871e-01 4.868403558945323673e-02
-6.162902380747847797e-01 8.399527117696046208e-01 6.262317190899556463e-02
-8.907937472107456678e-01 1.040709695358204456e+00 7.419495196809597348e-02
-8.907937472107456678e-01 1.040709695358204456e+00 7.419495196809597348e-02
-8.683397904693634928e-01 1.022559336510904027e+00 7.338352411239032480e-02
-8.683397904693634928e-01 1.022559336510904027e+00 7.338352411239032480e-02
-8.683397904693634928e-01 1.022559336510904027e+00 7.338352411239032480e-02
-9.306374254513046784e-01 1.200856352578416608e+00 9.928766742862253636e-02
-7.695456250138547061e-01 1.340187898009595813e+00 7.218188084635462909e-02
-1.102013580350218236e+00 1.354696303775007271e+00 7.314290236437202830e-02
-1.102013580350218236e+00 1.354696303775007271e+00 7.314290236437202830e-02
-1.212686305856490954e+00 1.353006191370037081e+00 6.516675666154438107e-02
-1.212686305856490954e+00 1.353006191370037081e+00 6.516675666154438107e-02
-1.212686305856490954e+00 1.353006191370037081e+00 6.516675666154438107e-02
-1.462048485563591793e+00 1.065346889118904627e+00 6.063478158294931600e-03
-1.188959419251776506e+00 1.131154206992654121e+00 4.070479913133594196e-02
-1.426749072040970123e+00 1.273547909916166399e+00 3.293811459165964239e-02
-1.462318830676765602e+00 1.098264578894369015e+00 8.398537737919866894e-03
-1.462318830676765602e+00 1.098264578894369015e+00 8.398537737919866894e-03
-1.462318830676765602e+00 1.098264578894369015e+00 8.398537737919866894e-03
-1.498261667451544987e+00 1.489477443918794553e+00 3.847045035232319471e-02
-1.207318305529839098e+00 1.226306581508908033e+00 5.675799510959644856e-02
-1.207318305529839098e+00 1.226306581508908033e+00 5.675799510959644856e-02
-1.207318305529839098e+00 1.226306581508908033e+00 5.675799510959644856e-02
-1.314865939497199987e+00 1.466645156363323821e+00 4.910565028762771400e-02
-1.315749391118854694e+00 1.322957987615541064e+00 5.287370710183308953e-02
-1.392402424092405555e+00 1.468370048529072491e+00 4.558149277944310851e-02
-1.183096628715067489e+00 1.585920809572622048e+00 2.570847210763954963e-02
-1.181486199951922389e+00 1.292893931033886057e+00 6.823327159876441117e-02
-1.181486199951922389e+00 1.292893931033886057e+00 6.823327159876441117e-02
-1.181486199951922389e+00 1.292893931033886057e+00 6.823327159876441117e-02
-1.180754190631196687e+00 1.258656782533317919e+00 6.552071639604432896e-02
-1.180754190631196687e+00 1.258656782533317919e+00 6.552071639604432896e-02
-1.027824513785060789e+00 1.306954909803049070e+00 8.390118559764166151e-02
-1.269979957161633255e+00 1.333264161224503308e+00 5.907654442643479886e-02
-9.456526867600950625e-01 1.159379170152034177e+00 9.253129145463086236e-02
-9.456526867600950625e-01 1.159379170152034177e+00 9.253129145463086236e-02
-1.085823944907089222e+00 1.134764421687614266e+00 5.959170485197426426e-02
-1.085823944907089222e+00 1.134764421687614266e+00 5.959170485197426426e-02
-1.085823944907089222e+00 1.134764421687614266e+00 5.959170485197426426e-02
-1.085823944907089222e+00 1.134764421687614266e+00 5.959170485197426426e-02
-1.085823944907089222e+00 1.134764421687614266e+00 5.959170485197426426e-02
-8.690260712619866101e-01 8.748775304131382047e-01 2.716619392589408877e-02
-7.643248442215193617e-01 1.201941888839663353e+00 1.167940712078172072e-01
-7.576147631283397521e-01 1.363435121325534682e+00 6.212971938172584530e-02
-7.576147631283397521e-01 1.363435121325534682e+00 6.212971938172584530e-02
-7.576147631283397521e-01 1.363435121325534682e+00 6.212971938172584530e-02
-7.576147631283397521e-01 1.363435121325534682e+00 6.212971938172584530e-02
-1.014213180224906363e+00 1.049075269993201331e+00 5.055084730751150529e-02
-5.825667957311371215e-01 1.243267155823034154e+00 9.644684666024766484e-02
-5.825667957311371215e-01 1.243267155823034154e+00 9.644684666024766484e-02
-5.825667957311371215e-01 1.243267155823034154e+00 9.644684666024766484e-02
-5.825667957311371215e-01 1.243267155823034154e+00 9.644684666024766484e-02
-5.825667957311371215e-01 1.243267155823034154e+00 9.644684666024766484e-02
-5.825667957311371215e-01 1.243267155823034154e+00 9.644684666024766484e-02
-6.310626030537291875e-01 1.085992412754660741e+00 1.408342783002412280e-01
-3.115268169620983851e-01 9.252853210270657325e-01 1.803815272389889257e-01
-4.007692155174429338e-01 9.885288605131709039e-01 1.717769121599996840e-01
-3.429399317570881456e-01 1.248851179405605194e+00 5.955918866569003683e-02
