2.489132485845457765e-01 1.481402749648903505e-01 1.755739344451792043e-03
4.603316651201756482e-01 1.642590602214863693e-01 7.828434721519521647e-03
5.990770806934625492e-01 5.182328675063476719e-01 1.301475013020251259e-01
5.990770806934625492e-01 5.182328675063476719e-01 1.301475013020251259e-01
3.771066795847299868e-01 6.445821642343947389e-01 1.376499679015549538e-01
5.690288107150354158e-02 9.331335740214015129e-01 1.192568863760123804e-01
-2.871916271469420745e-01 8.870745985004953038e-01 9.898256385042669692e-02
2.265595727166255791e-01 7.861987803291047294e-01 1.380219012829602965e-01
-2.891062009030206936e-01 8.927121524795811336e-01 1.000487962465215624e-01
-2.891062009030206936e-01 8.927121524795811336e-01 1.000487962465215624e-01
-2.257862683455560959e-01 5.533081077239008216e-01 1.505063250662284392e-02
1.495034244350488262e-01 1.007868976861506782e+00 7.852839296947165815e-02
1.495034244350488262e-01 1.007868976861506782e+00 7.852839296947165815e-02
1.495034244350488262e-01 1.007868976861506782e+00 7.852839296947165815e-02
-1.420502704891399293e-02 8.040805577817091709e-01 1.241577894738390142e-01
-1.825766488800924237e-01 1.131446696521544393e+00 7.905496793490066065e-02
-1.825766488800924237e-01 1.131446696521544393e+00 7.905496793490066065e-02
-2.110368370457556819e-01 1.143066572913016499e+00 7.828215256755055584e-02
-2.110368370457556819e-01 1.143066572913016499e+00 7.828215256755055584e-02
-3.220261960596162987e-02 1.057244568752297331e+00 8.707473386515286740e-02
-3.220261960596162987e-02 1.057244568752297331e+00 8.707473386515286740e-02
3.389992389290726882e-01 8.284353283466990847e-01 1.178531978445123279e-01
3.389992389290726882e-01 8.284353283466990847e-01 1.178531978445123279e-01
2.306582279551313563e-01 8.784326394216055434e-01 1.163708114369040730e-01
2.306582279551313563e-01 8.784326394216055434e-01 1.163708114369040730e-01
6.029845995106128953e-01 8.103968158811805100e-01 7.518161284741337047e-02
6.918209545510733971e-01 8.511317440700757464e-01 4.364439270441063112e-02
8.288445358754129577e-01 8.607882374667408243e-01 2.286524593373909231e-02
7.480314502857059455e-01 8.902914914401878210e-01 2.520529473936593268e-02
8.204829605071042309e-01 1.054833062795337950e+00 2.584119939720810454e-03
1.664250707310405142e-01 3.990352176528930706e-01 2.235644078477990945e-02
3.217575543808337546e-01 3.382096550516683897e-01 2.506940303638689749e-02
3.217575543808337546e-01 3.382096550516683897e-01 2.506940303638689749e-02
5.480270748464488584e-02 4.426733108844266296e-01 2.025480133357192986e-02
5.480270748464488584e-02 4.426733108844266296e-01 2.025480133357192986e-02
-1.895302835911190364e-01 5.330839350112033248e-01 1.480605869172017287e-02
-1.895302835911190364e-01 5.330839350112033248e-01 1.480605869172017287e-02
-3.437319831889786848e-01 9.709294396731655841e-01 1.061563805666076721e-01
-3.504169319363535928e-01 1.233266325875865599e+00 6.295636715870737976e-02
-1.685775340219815288e-01 7.383276743343960558e-01 7.466752704453942513e-02
-1.685775340219815288e-01 7.383276743343960558e-01 7.466752704453942513e-02
3.241222719167980992e-01 4.903892985451327458e-01 7.672129088431151045e-02
5.623836431333767427e-01 8.561395846020285472e-01 6.473503426362742230e-02
4.813718340049985001e-01 7.986177191310115386e-01 1.043969561753888275e-01
4.509976643212544323e-01 6.293113207982039548e-01 1.396486449303301070e-01
3.008501887214564685e-01 5.123191714062486080e-01 8.132076491057192713e-02
-7.070930821423554447e-02 6.574694388451691740e-01 6.460908203744518408e-02
-7.070930821423554447e-02 6.574694388451691740e-01 6.460908203744518408e-02
1.140120482545654290e-01 6.990017792215036385e-01 1.172336587590322859e-01
4.393212969586557382e-03 8.242928804715463631e-01 1.294480641576306601e-01
4.393212969586557382e-03 8.242928804715463631e-01 1.294480641576306601e-01
4.393212969586557382e-03 8.242928804715463631e-01 1.294480641576306601e-01
-7.981827555483324288e-02 8.106718963113324072e-01 1.157211712779318002e-01
-7.981827555483324288e-02 8.106718963113324072e-01 1.157211712779318002e-01
-7.981827555483324288e-02 8.106718963113324072e-01 1.157211712779318002e-01
-7.981827555483324288e-02 8.106718963113324072e-01 1.157211712779318002e-01
-7.981827555483324288e-02 8.106718963113324072e-01 1.157211712779318002e-01
-7.981827555483324288e-02 8.106718963113324072e-01 1.157211712779318002e-01
2.714969384555329102e-01 5.924696288466453353e-01 1.083915850533985481e-01
3.088796038444932557e-01 1.119861537945106678e+00 2.030947583788334301e-02
-9.326467129986970583e-02 9.685467744615725572e-01 1.200241528559997661e-01
-2.839350994072998291e-01 1.139813943932404205e+00 8.683313454074251259e-02
-1.840487988636383965e-01 1.042762473932066003e+00 1.074925884376260188e-01
-1.840487988636383965e-01 1.042762473932066003e+00 1.074925884376260188e-01
-2.667847901692363966e-01 1.149589451729568612e+00 8.206723852149667986e-02
-3.695146292251728082e-01 1.358404951884340406e+00 2.891850697473695095e-02
-3.695146292251728082e-01 1.358404951884340406e+00 2.891850697473695095e-02
-3.201610921853686453e-01 1.103715723572479934e+00 9.913951238476018113e-02
-3.201610921853686453e-01 1.103715723572479934e+00 9.913951238476018113e-02
-3.201610921853686453e-01 1.103715723572479934e+00 9.913951238476018113e-02
-1.837820243432626011e-01 5.309911456866637236e-01 1.493237835022386863e-02
-1.837820243432626011e-01 5.309911456866637236e-01 1.493237835022386863e-02
-3.216527101282844470e-01 6.685114959710219962e-01 2.720678546200940018e-02
-4.583166952323736165e-02 8.651040233269439161e-01 1.283916573070463807e-01
-4.583166952323736165e-02 8.651040233269439161e-01 1.283916573070463807e-01
1.711051261476229379e-01 8.034832065784526245e-01 1.372644386136485373e-01
8.252901770869734699e-02 7.420478585448477826e-01 1.242891936301477041e-01
-2.323764978814943372e-01 8.302644716275285885e-01 9.322352463888279595e-02
-6.063222449408256498e-02 8.035617150363530969e-01 1.171050174449540376e-01
-3.770496478948334174e-01 8.022778800704711832e-01 5.557821415713934399e-02
-3.763554690836074523e-01 1.049789860065025948e+00 1.062375498926703132e-01
-3.763554690836074523e-01 1.049789860065025948e+00 1.062375498926703132e-01
-5.256357817872590044e-01 1.371031945920551554e+00 3.906254431525625626e-02
-5.256357817872590044e-01 1.371031945920551554e+00 3.906254431525625626e-02
-5.256357817872590044e-01 1.371031945920551554e+00 3.906254431525625626e-02
-7.780539518912830133e-01 1.657329312526217180e+00 6.926117987138017892e-03
-7.278479378262333599e-01 1.603457639326690165e+00 1.007928453950530240e-02
-7.278479378262333599e-01 1.603457639326690165e+00 1.007928453950530240e-02
-7.673035872948595904e-01 1.526602864979151430e+00 2.227303536149718641e-02
-7.673035872948595904e-01 1.526602864979151430e+00 2.227303536149718641e-02
-7.673035872948595904e-01 1.526602864979151430e+00 2.227303536149718641e-02
-7.946667930621239551e-01 1.561513425921097653e+00 1.808048059518820375e-02
-8.857095523613375265e-01 1.433115191382369424e+00 4.610378219361828400e-02
-8.335241307694086776e-01 1.606251356268153963e+00 1.372999054258298990e-02
-8.335241307694086776e-01 1.606251356268153963e+00 1.372999054258298990e-02
-6.745754814531896848e-01 8.893812256467964472e-01 3.167781599585168389e-02
-7.623664995190470028e-01 1.333497615058959251e+00 6.203887122533049969e-02
-7.623664995190470028e-01 1.333497615058959251e+00 6.203887122533049969e-02
-8.935508812167702875e-01 1.092220786479222383e+00 4.390230136368338670e-02
-1.169492442615410743e+00 1.342340903525392815e+00 4.269559245974598183e-02
