2.489132485845457765e-01 1.481402749648903505e-01 1.494970707020265447e-03
2.489132485845457765e-01 1.481402749648903505e-01 1.494970707020265447e-03
2.489132485845457765e-01 1.481402749648903505e-01 1.494970707020265447e-03
6.358269928111863756e-01 2.713202612262423097e-01 3.692145011204416710e-02
6.358269928111863756e-01 2.713202612262423097e-01 3.692145011204416710e-02
6.358269928111863756e-01 2.713202612262423097e-01 3.692145011204416710e-02
6.513043965434185401e-01 5.364603656722893854e-01 9.501124474984362633e-02
6.445899286327992916e-01 3.081164095614496445e-01 4.736256031930134724e-02
9.154240462345131224e-01 5.368185464878015845e-01 8.351201913796837961e-02
9.154240462345131224e-01 5.368185464878015845e-01 8.351201913796837961e-02
9.154240462345131224e-01 5.368185464878015845e-01 8.351201913796837961e-02
9.154240462345131224e-01 5.368185464878015845e-01 8.351201913796837961e-02
7.762703611716283980e-01 5.954577046275754126e-01 8.593067473501228570e-02
7.762703611716283980e-01 5.954577046275754126e-01 8.593067473501228570e-02
7.762703611716283980e-01 5.954577046275754126e-01 8.593067473501228570e-02
3.587404359687499933e-01 7.971006513111273950e-01 7.873076195709401148e-02
3.587404359687499933e-01 7.971006513111273950e-01 7.873076195709401148e-02
3.587404359687499933e-01 7.971006513111273950e-01 7.873076195709401148e-02
2.676886999306802295e-01 8.194276379569492841e-01 7.888440666501227161e-02
1.592949992831129702e-01 1.032096871692967932e+00 4.194587056551192517e-02
-1.280030899226399232e-01 8.978746069553789066e-01 6.362787586395281247e-02
1.377999445003670331e-01 9.448898875799907060e-01 6.275612736268781910e-02
3.013832302641696326e-01 9.034366627230394631e-01 6.000622326747482443e-02
4.291998055164103487e-01 5.104794973681394676e-01 7.007178869620740713e-02
5.230432467803294294e-01 1.420445427774949532e-01 7.520619655054463018e-03
8.358614539503184115e-01 3.891548902268574528e-01 8.981335676368921994e-02
2.544521659219628473e-01 5.116434117960450001e-01 4.548956812820650203e-02
2.908105344300473405e-01 7.577021230281525410e-01 8.480939222482150597e-02
6.797010963577354570e-01 6.984433415859215843e-01 7.272304710965039887e-02
6.797010963577354570e-01 6.984433415859215843e-01 7.272304710965039887e-02
6.797010963577354570e-01 6.984433415859215843e-01 7.272304710965039887e-02
6.046863050030031328e-01 8.069491821265919462e-01 5.271463211074031707e-02
1.547363999262037493e-01 6.137676827101981036e-01 5.527359581976058062e-02
2.168068964700378687e-01 7.776848550223742773e-01 8.225858763915888661e-02
2.168068964700378687e-01 7.776848550223742773e-01 8.225858763915888661e-02
2.168068964700378687e-01 7.776848550223742773e-01 8.225858763915888661e-02
2.168068964700378687e-01 7.776848550223742773e-01 8.225858763915888661e-02
2.124094022970601514e-01 7.809233259999751597e-01 8.203145906253862807e-02
5.749237158908481193e-01 4.680913905472537939e-01 7.937938109812524290e-02
6.348746473077407915e-01 8.640850133216512186e-01 3.466617213463958624e-02
6.348746473077407915e-01 8.640850133216512186e-01 3.466617213463958624e-02
7.607451283280339815e-01 4.684215860402742293e-01 9.488945585346918177e-02
7.607451283280339815e-01 4.684215860402742293e-01 9.488945585346918177e-02
7.607451283280339815e-01 4.684215860402742293e-01 9.488945585346918177e-02
5.176006771685275343e-01 2.572398987566336670e-01 2.149310966529478784e-02
7.335135813201082433e-01 2.063040497728990119e-01 3.302417547624634381e-02
7.335135813201082433e-01 2.063040497728990119e-01 3.302417547624634381e-02
7.335135813201082433e-01 2.063040497728990119e-01 3.302417547624634381e-02
7.335135813201082433e-01 2.063040497728990119e-01 3.302417547624634381e-02
1.137580761633625981e+00 4.207147569132541065e-02 3.788004154688792008e-02
1.334474156692169178e+00 3.458236149502386114e-02 5.488322742151566236e-02
1.334474156692169178e+00 3.458236149502386114e-02 5.488322742151566236e-02
1.334474156692169178e+00 3.458236149502386114e-02 5.488322742151566236e-02
1.334474156692169178e+00 3.458236149502386114e-02 5.488322742151566236e-02
1.334474156692169178e+00 3.458236149502386114e-02 5.488322742151566236e-02
1.334474156692169178e+00 3.458236149502386114e-02 5.488322742151566236e-02
1.334474156692169178e+00 3.458236149502386114e-02 5.488322742151566236e-02
1.334474156692169178e+00 3.458236149502386114e-02 5.488322742151566236e-02
1.334474156692169178e+00 3.458236149502386114e-02 5.488322742151566236e-02
1.492991103868810621e+00 1.840507415701886640e-01 7.403068463125965504e-02
1.492991103868810621e+00 1.840507415701886640e-01 7.403068463125965504e-02
1.492991103868810621e+00 1.840507415701886640e-01 7.403068463125965504e-02
1.703832124677840509e+00 3.940732682651931773e-02 6.330751110304584650e-02
1.703832124677840509e+00 3.940732682651931773e-02 6.330751110304584650e-02
1.914920180179503273e+00 -4.439881591944562500e-02 5.121564855153017820e-02
2.064703055285844968e+00 -5.811703781295574772e-02 4.084956543923538852e-02
2.284951162730052054e+00 1.572346515945385881e-03 1.738969933690072064e-02
2.284951162730052054e+00 1.572346515945385881e-03 1.738969933690072064e-02
2.457614274673659782e+00 -3.290032065939808570e-01 2.428624330122051284e-02
2.457614274673659782e+00 -3.290032065939808570e-01 2.428624330122051284e-02
2.457614274673659782e+00 -3.290032065939808570e-01 2.428624330122051284e-02
2.000050329845469488e+00 -1.641921001821845805e-01 4.400102379403544178e-02
1.833669338884351241e+00 -7.745509785707924144e-02 5.344641470194229360e-02
1.833669338884351241e+00 -7.745509785707924144e-02 5.344641470194229360e-02
1.484375091615752318e+00 -5.980723346907337867e-02 4.526278727450330774e-02
1.484375091615752318e+00 -5.980723346907337867e-02 4.526278727450330774e-02
1.484375091615752318e+00 -5.980723346907337867e-02 4.526278727450330774e-02
1.541520164014201999e+00 1.997399810523665942e-01 6.823236975685514905e-02
1.551341237709199516e+00 2.156131957130607291e-01 6.518723145472408997e-02
1.551341237709199516e+00 2.156131957130607291e-01 6.518723145472408997e-02
1.551341237709199516e+00 2.156131957130607291e-01 6.518723145472408997e-02
1.560766811515378327e+00 2.663895602066098656e-01 5.572507519393931491e-02
2.164788398655007384e+00 2.503280874892503394e-01 5.090279195042735072e-03
2.523524919634697383e+00 3.199947896260690872e-02 4.427955350854301253e-03
2.523524919634697383e+00 3.199947896260690872e-02 4.427955350854301253e-03
2.852244565728172532e+00 -2.732370079254334838e-01 6.520064886042465854e-03
2.852244565728172532e+00 -2.732370079254334838e-01 6.520064886042465854e-03
2.721816515046265650e+00 -2.813533508780500236e-01 1.146952560628288799e-02
2.306162312988779384e+00 -1.675042817348702251e-01 2.902114244228613457e-02
2.252168328354660964e+00 -3.964686470835039334e-01 2.315945993978588482e-02
2.872302427960348847e+00 -4.048654611832470107e-01 9.944361770743242318e-03
2.872302427960348847e+00 -4.048654611832470107e-01 9.944361770743242318e-03
2.546321021431458220e+00 -4.211154566007982991e-01 2.003572853064236256e-02
2.310199623407513503e+00 -5.184056682898797730e-01 1.318710150882424111e-02
2.310199623407513503e+00 -5.184056682898797730e-01 1.318710150882424111e-02
2.279677767348823991e+00 -3.773737514629342815e-01 2.506467827586572605e-02
2.279677767348823991e+00 -3.773737514629342815e-01 2.506467827586572605e-02
2.279677767348823991e+00 -3.773737514629342815e-01 2.506467827586572605e-02
2.068361208134326112e+00 -8.856551984678556755e-02 4.205787884449987274e-02
2.068361208134326112e+00 -8.856551984678556755e-02 4.205787884449987274e-02
