2.489132485845457765e-01 1.481402749648903505e-01 3.067608521624131789e-03
3.342669490713752189e-01 2.373450885523428477e-01 2.011191722508468352e-02
3.342669490713752189e-01 2.373450885523428477e-01 2.011191722508468352e-02
3.355438330450271067e-01 4.533951681544878820e-01 1.663774237008351919e-01
4.931454297706856504e-01 5.077614566110907335e-01 2.578698928019788617e-01
4.931454297706856504e-01 5.077614566110907335e-01 2.578698928019788617e-01
1.521556302512933057e-02 7.658031119577899393e-01 2.491378706623332273e-01
3.314241374370708315e-01 6.569270362488881521e-01 2.729262217560664561e-01
3.314241374370708315e-01 6.569270362488881521e-01 2.729262217560664561e-01
3.314241374370708315e-01 6.569270362488881521e-01 2.729262217560664561e-01
3.314241374370708315e-01 6.569270362488881521e-01 2.729262217560664561e-01
3.314241374370708315e-01 6.569270362488881521e-01 2.729262217560664561e-01
3.314241374370708315e-01 6.569270362488881521e-01 2.729262217560664561e-01
3.314241374370708315e-01 6.569270362488881521e-01 2.729262217560664561e-01
1.120339803922851818e-01 7.803631239202714065e-01 2.385881722380412961e-01
-3.618080687398071982e-01 9.632553169854389807e-01 1.608544835804763817e-01
-3.618080687398071982e-01 9.632553169854389807e-01 1.608544835804763817e-01
-4.320492272352894902e-01 9.854127267084283881e-01 1.496630305112958970e-01
-6.515602675927155696e-01 1.132685613941492031e+00 8.265586625365109463e-02
-5.021799726611123615e-01 1.018760461397703709e+00 1.334248373112268404e-01
6.242205836152847631e-02 9.106338463378095271e-01 1.388213797287092544e-01
6.242205836152847631e-02 9.106338463378095271e-01 1.388213797287092544e-01
2.952019620141463907e-01 5.636999299655796047e-01 2.505167446906843565e-01
2.952019620141463907e-01 5.636999299655796047e-01 2.505167446906843565e-01
2.952019620141463907e-01 5.636999299655796047e-01 2.505167446906843565e-01
1.823157990206678847e-01 4.121810391622473535e-01 7.780554659398125628e-02
5.536903466802033380e-01 9.352182554367468592e-01 1.947364506741501231e-02
8.386744094710374409e-01 2.461752336229510174e-01 1.184576766948658572e-01
8.386744094710374409e-01 2.461752336229510174e-01 1.184576766948658572e-01
8.386744094710374409e-01 2.461752336229510174e-01 1.184576766948658572e-01
6.867597796343477556e-01 3.415725874712234322e-01 1.672642037780809054e-01
6.867597796343477556e-01 3.415725874712234322e-01 1.672642037780809054e-01
6.867597796343477556e-01 3.415725874712234322e-01 1.672642037780809054e-01
6.867597796343477556e-01 3.415725874712234322e-01 1.672642037780809054e-01
6.741893669823620927e-01 4.031144559256537585e-01 2.176435199028408651e-01
9.352114273756442220e-01 3.547952713432887539e-01 2.079494586477416418e-01
9.352114273756442220e-01 3.547952713432887539e-01 2.079494586477416418e-01
1.174806648122444619e+00 4.351781077729674485e-01 1.393749267822756988e-01
1.116018499193357272e+00 5.486227019111243886e-01 9.008885609372808967e-02
1.116018499193357272e+00 5.486227019111243886e-01 9.008885609372808967e-02
1.074048620456578007e+00 5.282159565674927615e-01 1.184122648201488548e-01
1.074048620456578007e+00 5.282159565674927615e-01 1.184122648201488548e-01
1.074048620456578007e+00 5.282159565674927615e-01 1.184122648201488548e-01
1.142126696628961824e+00 5.215664790235011727e-01 9.861453162643095405e-02
6.049707876329984968e-01 9.204010875591879248e-01 1.828438525014183802e-02
6.049707876329984968e-01 9.204010875591879248e-01 1.828438525014183802e-02
3.154997257109470876e-01 6.285946715566197440e-01 2.771149617596658787e-01
5.560879261727744716e-01 6.548989389722742471e-01 2.203615948933519697e-01
5.560879261727744716e-01 6.548989389722742471e-01 2.203615948933519697e-01
5.560879261727744716e-01 6.548989389722742471e-01 2.203615948933519697e-01
4.158127368464457074e-01 4.770519608458558825e-01 2.167984292380266409e-01
4.676029893996838660e-01 7.853398869475587407e-01 1.298703877430997244e-01
4.611656163509331163e-01 9.440528548003435105e-01 2.724896720404967193e-02
-1.017337316044030215e-01 1.009874935072599955e+00 9.363751684151949695e-02
-2.633067270589050102e-01 1.006584553234780799e+00 1.249375287466365364e-01
-4.148625105925531908e-01 6.162346606203452648e-01 4.611959155276444677e-02
-4.148625105925531908e-01 6.162346606203452648e-01 4.611959155276444677e-02
-4.148625105925531908e-01 6.162346606203452648e-01 4.611959155276444677e-02
9.052559018770722776e-02 3.658064921983827933e-01 3.228028966207564104e-02
9.052559018770722776e-02 3.658064921983827933e-01 3.228028966207564104e-02
5.725941621235639545e-01 2.555513649070509929e-01 6.565744092056122194e-02
7.480842919946066871e-01 1.649075127499206039e-01 4.546188380820873065e-02
1.476763182972803179e+00 1.472784419975173287e-01 1.027044255918104498e-01
1.352985501577821381e+00 1.241465794919017346e-01 9.754194984130691581e-02
8.275065103125087695e-01 3.475016234582025687e-01 1.989816975023032397e-01
6.737227065189663744e-01 2.184531559980127102e-01 6.258613847697622190e-02
6.737227065189663744e-01 2.184531559980127102e-01 6.258613847697622190e-02
6.737227065189663744e-01 2.184531559980127102e-01 6.258613847697622190e-02
1.123771962292247073e+00 1.479776237231281710e-01 9.366252160298703389e-02
1.123771962292247073e+00 1.479776237231281710e-01 9.366252160298703389e-02
1.540932511057082399e+00 1.407268498661268241e-01 9.543097316804853569e-02
1.547726975763208834e+00 6.791964802415717539e-02 7.574003574526033677e-02
2.021942479870020737e+00 1.678795485199065518e-01 2.530954325326129073e-02
2.021942479870020737e+00 1.678795485199065518e-01 2.530954325326129073e-02
2.021942479870020737e+00 1.678795485199065518e-01 2.530954325326129073e-02
2.159147707382692793e+00 2.346989729673845670e-02 2.458684431682041024e-02
2.159147707382692793e+00 2.346989729673845670e-02 2.458684431682041024e-02
2.159147707382692793e+00 2.346989729673845670e-02 2.458684431682041024e-02
2.159147707382692793e+00 2.346989729673845670e-02 2.458684431682041024e-02
2.139133152392278081e+00 -4.454398954525834453e-02 2.673380341200009766e-02
1.961979629879009757e+00 5.570204320842467305e-02 4.208644972159412273e-02
2.227868646504897132e+00 -1.992353314400587549e-01 1.444035345565281708e-02
2.227868646504897132e+00 -1.992353314400587549e-01 1.444035345565281708e-02
2.227868646504897132e+00 -1.992353314400587549e-01 1.444035345565281708e-02
2.227868646504897132e+00 -1.992353314400587549e-01 1.444035345565281708e-02
1.888849541290925416e+00 -8.664672103232357037e-02 3.244769301605204131e-02
1.656151463267307777e+00 -5.278738185282036421e-02 3.864263732839223059e-02
1.298709799038249457e+00 1.303856547742296978e-01 9.864249914674007302e-02
1.298709799038249457e+00 1.303856547742296978e-01 9.864249914674007302e-02
1.298709799038249457e+00 1.303856547742296978e-01 9.864249914674007302e-02
1.298709799038249457e+00 1.303856547742296978e-01 9.864249914674007302e-02
1.319916977633894373e+00 1.872466328280709136e-01 1.250171252770767294e-01
1.520334363571031799e+00 8.188135956597832055e-02 8.086099141059079065e-02
1.218419761242660604e+00 2.348154315870006337e-01 1.478687154499611356e-01
1.218419761242660604e+00 2.348154315870006337e-01 1.478687154499611356e-01
1.652553756871935953e+00 -1.480436548529431851e-02 4.951457640006464572e-02
1.652553756871935953e+00 -1.480436548529431851e-02 4.951457640006464572e-02
9.475347500291997349e-01 1.599873150626887619e-01 7.532219332558810765e-02
9.475347500291997349e-01 1.599873150626887619e-01 7.532219332558810765e-02
7.785316082046725983e-01 5.209343428543734555e-01 2.335813724335845110e-01
