2.489132485845457765e-01 1.481402749648903505e-01 1.285263036589004426e-03
5.500844141812326615e-01 2.937863276678348567e-01 2.154578740705033121e-02
5.500844141812326615e-01 2.937863276678348567e-01 2.154578740705033121e-02
5.500844141812326615e-01 2.937863276678348567e-01 2.154578740705033121e-02
5.500844141812326615e-01 2.937863276678348567e-01 2.154578740705033121e-02
1.397019172983550717e-01 4.981411308374973368e-01 2.531827968603241399e-02
1.397019172983550717e-01 4.981411308374973368e-01 2.531827968603241399e-02
2.680338117568657474e-01 5.579472840878361151e-01 4.696648666414166007e-02
4.766926675041496253e-01 5.649765349522573032e-01 5.758254199463943429e-02
4.766926675041496253e-01 5.649765349522573032e-01 5.758254199463943429e-02
2.192740168306129833e-01 1.077412744440505055e+00 2.163401494407416262e-02
2.107152861740483885e-01 9.087499543138866098e-01 5.327440225982516681e-02
6.201987451190721368e-02 8.781326249252194849e-01 6.930586693123087783e-02
6.201987451190721368e-02 8.781326249252194849e-01 6.930586693123087783e-02
6.201987451190721368e-02 8.781326249252194849e-01 6.930586693123087783e-02
4.663564801948063554e-01 4.672359817166251150e-01 4.448497065982291027e-02
6.072372282297007207e-01 6.699313510580597875e-01 4.906206992274697587e-02
6.072372282297007207e-01 6.699313510580597875e-01 4.906206992274697587e-02
6.072372282297007207e-01 6.699313510580597875e-01 4.906206992274697587e-02
6.541797190538084505e-01 3.520548810666778161e-01 3.672779204932599684e-02
6.541797190538084505e-01 3.520548810666778161e-01 3.672779204932599684e-02
6.541797190538084505e-01 3.520548810666778161e-01 3.672779204932599684e-02
6.541797190538084505e-01 3.520548810666778161e-01 3.672779204932599684e-02
6.541797190538084505e-01 3.520548810666778161e-01 3.672779204932599684e-02
5.337378626696329675e-01 2.760393257253827004e-01 1.816751714383158661e-02
5.337378626696329675e-01 2.760393257253827004e-01 1.816751714383158661e-02
7.802957815896480742e-01 2.281304888076085002e-01 2.510468310751916982e-02
8.311967441066610007e-01 5.205973431298580589e-01 4.501927768385776546e-02
8.311967441066610007e-01 5.205973431298580589e-01 4.501927768385776546e-02
8.311967441066610007e-01 5.205973431298580589e-01 4.501927768385776546e-02
7.975742719883823773e-01 4.983740223957656701e-01 4.834472443477125930e-02
7.975742719883823773e-01 4.983740223957656701e-01 4.834472443477125930e-02
7.975742719883823773e-01 4.983740223957656701e-01 4.834472443477125930e-02
7.493481147694376343e-01 7.745680148445719393e-01 2.062690744609323515e-02
7.493481147694376343e-01 7.745680148445719393e-01 2.062690744609323515e-02
6.341414049964868571e-01 8.662068789436928595e-01 1.783441679967144589e-02
8.729376849940285732e-01 8.777492995993628755e-01 4.838645492909758074e-03
8.729376849940285732e-01 8.777492995993628755e-01 4.838645492909758074e-03
2.925262575329238279e-01 8.236005408717179677e-01 5.836903438904286756e-02
4.573344140978635175e-01 4.091122643923973401e-01 3.390737433666023148e-02
8.544513504432090789e-01 2.481128973837976315e-01 3.133633687178991739e-02
8.544513504432090789e-01 2.481128973837976315e-01 3.133633687178991739e-02
8.544513504432090789e-01 2.481128973837976315e-01 3.133633687178991739e-02
4.352036269948415526e-01 3.222671887324112250e-01 1.867702416715360386e-02
1.038890667237990284e+00 4.869361040116720885e-01 3.176284586965169576e-02
1.090870210240277860e+00 4.449208759115467204e-01 3.168885259051008874e-02
7.054173189889350049e-01 6.315541765826786502e-01 4.469562525227536998e-02
8.275569434251492940e-01 3.442670642031964712e-01 4.206248338174747858e-02
8.275569434251492940e-01 3.442670642031964712e-01 4.206248338174747858e-02
8.275569434251492940e-01 3.442670642031964712e-01 4.206248338174747858e-02
1.184234454210577159e+00 2.340673199249962977e-01 3.396670490846797480e-02
1.184234454210577159e+00 2.340673199249962977e-01 3.396670490846797480e-02
1.094579028144269772e+00 2.281946048346970013e-01 3.462130044495183301e-02
1.094579028144269772e+00 2.281946048346970013e-01 3.462130044495183301e-02
1.094579028144269772e+00 2.281946048346970013e-01 3.462130044495183301e-02
1.094579028144269772e+00 2.281946048346970013e-01 3.462130044495183301e-02
1.094579028144269772e+00 2.281946048346970013e-01 3.462130044495183301e-02
1.094579028144269772e+00 2.281946048346970013e-01 3.462130044495183301e-02
1.454970526395133579e+00 2.445237170376593494e-01 2.213699682214767886e-02
1.651176660825525389e+00 6.128558175856779755e-02 1.945834527111925394e-02
1.850611366018206860e+00 -1.349823442254927397e-01 1.390376221142400684e-02
1.335480149395826599e+00 1.727270913011372533e-01 2.906231679172682075e-02
1.598672495850456343e+00 -8.118671351177733642e-02 1.674986970825949328e-02
1.757114842340101291e+00 -1.105852286883655944e-02 1.686316806490395157e-02
1.757114842340101291e+00 -1.105852286883655944e-02 1.686316806490395157e-02
1.558951800917576902e+00 1.459364752045187452e-01 2.120396416555094324e-02
1.558951800917576902e+00 1.459364752045187452e-01 2.120396416555094324e-02
1.565503860438172357e+00 1.772050866915178546e-01 1.974616657640333381e-02
1.311745611801298006e+00 1.631859581439028817e-01 2.939376605545198501e-02
1.311745611801298006e+00 1.631859581439028817e-01 2.939376605545198501e-02
1.096651035237014460e+00 1.904429335309556215e-01 3.166416520753349145e-02
1.096651035237014460e+00 1.904429335309556215e-01 3.166416520753349145e-02
1.096651035237014460e+00 1.904429335309556215e-01 3.166416520753349145e-02
1.169066365415569742e+00 3.564048814104423535e-01 3.276248782324081565e-02
1.169066365415569742e+00 3.564048814104423535e-01 3.276248782324081565e-02
1.224650212095484525e+00 7.146568974703282340e-03 1.704854903582520009e-02
1.207801777978304125e+00 1.519968960013944603e-01 2.959578792760895680e-02
1.207801777978304125e+00 1.519968960013944603e-01 2.959578792760895680e-02
1.207801777978304125e+00 1.519968960013944603e-01 2.959578792760895680e-02
1.223065460864365850e+00 1.457344707261715444e-01 2.921869708612989669e-02
6.907020234988299201e-01 4.851472821362347032e-01 5.212371870719501032e-02
6.907020234988299201e-01 4.851472821362347032e-01 5.212371870719501032e-02
6.907020234988299201e-01 4.851472821362347032e-01 5.212371870719501032e-02
6.907020234988299201e-01 4.851472821362347032e-01 5.212371870719501032e-02
6.907020234988299201e-01 4.851472821362347032e-01 5.212371870719501032e-02
7.768745097674798483e-01 5.869486090374791409e-01 4.338080713131829691e-02
7.768745097674798483e-01 5.869486090374791409e-01 4.338080713131829691e-02
6.934042130283346594e-01 7.283268483721470066e-01 3.233410820057493196e-02
6.934042130283346594e-01 7.283268483721470066e-01 3.233410820057493196e-02
5.832744348400565881e-01 9.405339110000098257e-01 1.270651731439447624e-02
4.878951686481346472e-01 9.143501900449531039e-01 2.315760028383295061e-02
1.130620335937250753e-01 1.026004427863212110e+00 4.176380018155472634e-02
1.147729334680316765e-01 5.533018555744604328e-01 3.322968117716260106e-02
3.104852619773310618e-01 5.496513866193799558e-01 4.852349722400547266e-02
4.957441643530688946e-01 4.407942454656574305e-01 4.188155600162889181e-02
4.957441643530688946e-01 4.407942454656574305e-01 4.188155600162889181e-02
7.670112068365986246e-02 8.668192347434306999e-01 6.929537686923377404e-02
-3.608841947775802417e-02 7.390222698899889808e-01 5.637981006201227968e-02
1.944179972700788572e-01 4.975605827680015802e-01 2.959013685894544901e-02
1.944179972700788572e-01 4.975605827680015802e-01 2.959013685894544901e-02
