2.489132485845457765e-01 1.481402749648903505e-01 4.019020784615119635e-02
2.489132485845457765e-01 1.481402749648903505e-01 4.019020784615119635e-02
2.376191466887022097e-01 6.717498535335524323e-01 4.084538097473077722e-01
9.654712298804488113e-02 9.092107930940545035e-01 1.881117624169245939e-01
9.654712298804488113e-02 9.092107930940545035e-01 1.881117624169245939e-01
7.613738477617934541e-02 9.525242113347348605e-01 1.551177419368025279e-01
7.613738477617934541e-02 9.525242113347348605e-01 1.551177419368025279e-01
-1.179557616885136828e-01 9.975801511190640625e-01 1.207995566257246134e-01
1.142901606937399561e-01 8.321596042630248213e-01 2.575022107636604218e-01
1.142901606937399561e-01 8.321596042630248213e-01 2.575022107636604218e-01
-2.072639817762125802e-02 9.689928355169807883e-01 1.566841846759227663e-01
-2.758072938546558550e-01 1.009591686342263372e+00 4.750792852732145521e-02
-2.758072938546558550e-01 1.009591686342263372e+00 4.750792852732145521e-02
-7.884708643729532174e-03 1.088794453295730325e+00 8.160667943272244262e-02
-7.884708643729532174e-03 1.088794453295730325e+00 8.160667943272244262e-02
2.653348959624225734e-02 9.064695848826890279e-01 1.981381719986880507e-01
8.401177122299896549e-02 7.661862801791862188e-01 2.861498348460393970e-01
-1.722553804432941371e-02 6.101203067158786908e-01 9.255347553826330509e-02
-2.746770659305225459e-01 8.783736675280640060e-01 2.634465096041030754e-02
-2.746770659305225459e-01 8.783736675280640060e-01 2.634465096041030754e-02
-2.746770659305225459e-01 8.783736675280640060e-01 2.634465096041030754e-02
-2.746770659305225459e-01 8.783736675280640060e-01 2.634465096041030754e-02
2.497104142896555690e-03 8.329724293685359937e-01 2.126217740139558221e-01
2.497104142896555690e-03 8.329724293685359937e-01 2.126217740139558221e-01
2.497104142896555690e-03 8.329724293685359937e-01 2.126217740139558221e-01
2.497104142896555690e-03 8.329724293685359937e-01 2.126217740139558221e-01
2.497104142896555690e-03 8.329724293685359937e-01 2.126217740139558221e-01
2.890294227192632959e-01 6.389558973621369820e-01 4.354769617976079754e-01
7.482350883920199092e-01 3.840334368455318725e-01 1.594215012108808893e-01
6.787900742018719846e-01 4.711856493837600635e-01 1.422771930595623235e-01
6.425124595983051634e-01 4.623116443805154741e-01 2.171075289211223391e-01
6.425124595983051634e-01 4.623116443805154741e-01 2.171075289211223391e-01
6.425124595983051634e-01 4.623116443805154741e-01 2.171075289211223391e-01
3.993540773074848449e-01 6.420047398299522090e-02 1.161081190307786948e-01
7.111661081174426302e-01 1.006556990432889986e-01 7.470433792495549952e-01
7.111661081174426302e-01 1.006556990432889986e-01 7.470433792495549952e-01
7.111661081174426302e-01 1.006556990432889986e-01 7.470433792495549952e-01
7.111661081174426302e-01 1.006556990432889986e-01 7.470433792495549952e-01
7.111661081174426302e-01 1.006556990432889986e-01 7.470433792495549952e-01
7.111661081174426302e-01 1.006556990432889986e-01 7.470433792495549952e-01
7.111661081174426302e-01 1.006556990432889986e-01 7.470433792495549952e-01
9.386801628753064231e-01 -2.249630630178272861e-01 5.180565430058655663e-01
9.386801628753064231e-01 -2.249630630178272861e-01 5.180565430058655663e-01
9.386801628753064231e-01 -2.249630630178272861e-01 5.180565430058655663e-01
9.386801628753064231e-01 -2.249630630178272861e-01 5.180565430058655663e-01
5.751253704601377859e-01 -5.791445286132496095e-02 2.320660393868126670e-01
6.240786213104001501e-01 2.299023133021500520e-01 7.364751473541845117e-01
5.401178814535021466e-01 2.784144445539850632e-01 7.379691658755296313e-01
5.401178814535021466e-01 2.784144445539850632e-01 7.379691658755296313e-01
8.323231136212536629e-01 2.975642684671269689e-01 1.466970586521734732e-01
8.323231136212536629e-01 2.975642684671269689e-01 1.466970586521734732e-01
8.323231136212536629e-01 2.975642684671269689e-01 1.466970586521734732e-01
8.651595590835650107e-01 3.289956558093408701e-01 7.240134750613609615e-02
8.566391704723506084e-01 2.430614450083001810e-02 5.941292449179630397e-01
8.566391704723506084e-01 2.430614450083001810e-02 5.941292449179630397e-01
8.566391704723506084e-01 2.430614450083001810e-02 5.941292449179630397e-01
8.566391704723506084e-01 2.430614450083001810e-02 5.941292449179630397e-01
6.707699969827005670e-01 9.084767262921886188e-02 7.391601173413140380e-01
6.707699969827005670e-01 9.084767262921886188e-02 7.391601173413140380e-01
4.403401450776973647e-01 3.531075683346278637e-01 6.707593713363524390e-01
6.084256421828179162e-01 4.859369752791353747e-02 5.561199163034665771e-01
3.865891548399567057e-01 8.272437687651884586e-02 1.199249633125998027e-01
8.527510767070176634e-01 -2.061047796096152629e-01 4.746104461036616540e-01
8.527510767070176634e-01 -2.061047796096152629e-01 4.746104461036616540e-01
7.690630763314295626e-01 2.075091418037819935e-01 4.689920031841826598e-01
7.690630763314295626e-01 2.075091418037819935e-01 4.689920031841826598e-01
7.690630763314295626e-01 2.075091418037819935e-01 4.689920031841826598e-01
7.690630763314295626e-01 2.075091418037819935e-01 4.689920031841826598e-01
7.690630763314295626e-01 2.075091418037819935e-01 4.689920031841826598e-01
9.866696916545957263e-01 -1.805123162304994033e-01 5.152502476367346596e-01
1.127781125198497492e+00 -4.101249230631736076e-01 3.288697109328936330e-01
1.347511848132111334e+00 -6.456753199482958561e-01 1.395868802700949429e-01
1.347511848132111334e+00 -6.456753199482958561e-01 1.395868802700949429e-01
1.347511848132111334e+00 -6.456753199482958561e-01 1.395868802700949429e-01
1.347511848132111334e+00 -6.456753199482958561e-01 1.395868802700949429e-01
1.347511848132111334e+00 -6.456753199482958561e-01 1.395868802700949429e-01
1.347511848132111334e+00 -6.456753199482958561e-01 1.395868802700949429e-01
1.347511848132111334e+00 -6.456753199482958561e-01 1.395868802700949429e-01
1.347511848132111334e+00 -6.456753199482958561e-01 1.395868802700949429e-01
1.347511848132111334e+00 -6.456753199482958561e-01 1.395868802700949429e-01
1.347511848132111334e+00 -6.456753199482958561e-01 1.395868802700949429e-01
1.347511848132111334e+00 -6.456753199482958561e-01 1.395868802700949429e-01
1.427228826753436763e+00 -5.487798069339480111e-01 9.214858459148685121e-02
1.427228826753436763e+00 -5.487798069339480111e-01 9.214858459148685121e-02
1.427228826753436763e+00 -5.487798069339480111e-01 9.214858459148685121e-02
1.427228826753436763e+00 -5.487798069339480111e-01 9.214858459148685121e-02
1.427228826753436763e+00 -5.487798069339480111e-01 9.214858459148685121e-02
1.142899281923130062e+00 -6.949434481287924958e-02 1.101690299157916803e-01
1.078275879315915731e+00 -4.429008079541990606e-02 1.811861294213499840e-01
6.665476729099391040e-01 3.067703863559038957e-02 6.461521819656764754e-01
6.665476729099391040e-01 3.067703863559038957e-02 6.461521819656764754e-01
6.665476729099391040e-01 3.067703863559038957e-02 6.461521819656764754e-01
6.665476729099391040e-01 3.067703863559038957e-02 6.461521819656764754e-01
6.665476729099391040e-01 3.067703863559038957e-02 6.461521819656764754e-01
7.054416438441553083e-01 -2.193550456388342895e-01 1.836187653707198331e-01
1.041451520651898832e+00 -6.808414473612294238e-01 3.307336076976221534e-02
1.041451520651898832e+00 -6.808414473612294238e-01 3.307336076976221534e-02
1.041451520651898832e+00 -6.808414473612294238e-01 3.307336076976221534e-02
7.019732613269520360e-01 -3.174896362329514554e-01 6.457088192627095935e-02
9.414483993922946325e-01 -2.835555397532648070e-01 4.337811347514375915e-01
