2.489132485845457765e-01 1.481402749648903505e-01 2.638452486714740891e-03
2.489132485845457765e-01 1.481402749648903505e-01 2.638452486714740891e-03
2.489132485845457765e-01 1.481402749648903505e-01 2.638452486714740891e-03
1.313363876797669638e-01 4.570412603049668898e-01 5.537021088173135069e-02
-6.291594185731555489e-02 6.791863486364548841e-01 1.394849933111350915e-01
-2.700020570286762456e-01 8.438182735494663689e-01 1.857426497285072364e-01
-1.755843734358802366e-01 9.797697366447548628e-01 2.109908174321468433e-01
-1.755843734358802366e-01 9.797697366447548628e-01 2.109908174321468433e-01
-1.755843734358802366e-01 9.797697366447548628e-01 2.109908174321468433e-01
-1.755843734358802366e-01 9.797697366447548628e-01 2.109908174321468433e-01
-1.140458762113264746e-01 8.690335749794022568e-01 2.199370102909249391e-01
-1.810816259753780799e-01 1.145300614227541924e+00 1.084229395953786451e-01
-1.810816259753780799e-01 1.145300614227541924e+00 1.084229395953786451e-01
-1.810816259753780799e-01 1.145300614227541924e+00 1.084229395953786451e-01
-5.621750179778209899e-01 1.133541629450835808e+00 2.123116297901710137e-01
-5.621750179778209899e-01 1.133541629450835808e+00 2.123116297901710137e-01
-5.621750179778209899e-01 1.133541629450835808e+00 2.123116297901710137e-01
-1.951742556219591695e-01 8.967587037601556510e-01 2.223136380568159487e-01
-3.146913608500614967e-02 8.943679272153417514e-01 2.054769791626518682e-01
-6.215228680664298955e-02 1.138371178472165735e+00 7.128767475760718064e-02
-6.215228680664298955e-02 1.138371178472165735e+00 7.128767475760718064e-02
5.670856320915532156e-02 9.733547463373390940e-01 1.314107275405294040e-01
5.670856320915532156e-02 9.733547463373390940e-01 1.314107275405294040e-01
3.267909732100851006e-01 7.938648777319202710e-01 1.266529758013021922e-01
2.650980059421109702e-01 6.562639491485273702e-01 1.722861894340776134e-01
6.692766224821493637e-01 5.913626554025187554e-01 8.869549823238272179e-02
6.692766224821493637e-01 5.913626554025187554e-01 8.869549823238272179e-02
4.769897734936416334e-01 5.741903308030158470e-01 1.383680637520934287e-01
4.769897734936416334e-01 5.741903308030158470e-01 1.383680637520934287e-01
6.287261424476664473e-01 8.291353663362788229e-01 2.511002449826933713e-02
7.033111924424382266e-01 7.595159283468814193e-01 2.930621174442656768e-02
7.033111924424382266e-01 7.595159283468814193e-01 2.930621174442656768e-02
-1.678359180857128541e-01 9.483949664497286491e-01 2.191433159200301128e-01
-5.687676261312973880e-02 1.169178991046854632e+00 5.377410614834044617e-02
-5.687676261312973880e-02 1.169178991046854632e+00 5.377410614834044617e-02
-5.687676261312973880e-02 1.169178991046854632e+00 5.377410614834044617e-02
-5.687676261312973880e-02 1.169178991046854632e+00 5.377410614834044617e-02
-5.687676261312973880e-02 1.169178991046854632e+00 5.377410614834044617e-02
-5.687676261312973880e-02 1.169178991046854632e+00 5.377410614834044617e-02
-5.687676261312973880e-02 1.169178991046854632e+00 5.377410614834044617e-02
-2.249225306317675366e-01 9.868245341108947688e-01 2.188023844709307275e-01
-5.439337768314861377e-02 8.444847760035034678e-01 2.158079651411676514e-01
-5.439337768314861377e-02 8.444847760035034678e-01 2.158079651411676514e-01
-2.962427908966930312e-01 8.790690092742318162e-01 1.985028463637263652e-01
-2.962427908966930312e-01 8.790690092742318162e-01 1.985028463637263652e-01
-3.427289389271723774e-01 1.033225502380442196e+00 2.227404398994529411e-01
-3.427289389271723774e-01 1.033225502380442196e+00 2.227404398994529411e-01
2.152901916192245801e-02 1.147654197415783450e+00 4.378387883764849747e-02
2.152901916192245801e-02 1.147654197415783450e+00 4.378387883764849747e-02
-8.741547726046174083e-02 1.240320592864244009e+00 3.193358516827934923e-02
-8.741547726046174083e-02 1.240320592864244009e+00 3.193358516827934923e-02
-8.741547726046174083e-02 1.240320592864244009e+00 3.193358516827934923e-02
1.506403219181271513e-01 8.792944288680502041e-01 1.506959253240077179e-01
-1.141425389231076615e-02 7.861742830634336210e-01 2.063075361985102496e-01
-1.141425389231076615e-02 7.861742830634336210e-01 2.063075361985102496e-01
-1.141425389231076615e-02 7.861742830634336210e-01 2.063075361985102496e-01
-2.077437756267355440e-01 7.340647890783018603e-01 1.309472081528905985e-01
1.735300853976344537e-01 7.277662448367541170e-01 1.888178661527028790e-01
1.511809876868897562e-01 8.906581966593081212e-01 1.440279496000554105e-01
4.569466664340075535e-01 3.664682577262953211e-01 7.052378459466911165e-02
4.569466664340075535e-01 3.664682577262953211e-01 7.052378459466911165e-02
8.974154830247538239e-02 2.353984765974466431e-01 3.249970954356557352e-03
1.853273117310922924e-01 5.993946021822503800e-01 1.478039115146951576e-01
1.853273117310922924e-01 5.993946021822503800e-01 1.478039115146951576e-01
1.853273117310922924e-01 5.993946021822503800e-01 1.478039115146951576e-01
1.853273117310922924e-01 5.993946021822503800e-01 1.478039115146951576e-01
1.532675833249095843e-01 5.924822702094922899e-01 1.381007510680923034e-01
1.532675833249095843e-01 5.924822702094922899e-01 1.381007510680923034e-01
5.936811029179609456e-01 9.553759772194958533e-02 9.495032073656423446e-03
5.936811029179609456e-01 9.553759772194958533e-02 9.495032073656423446e-03
6.728259260198652392e-01 4.689019617146649721e-01 1.042818336381451383e-01
6.728259260198652392e-01 4.689019617146649721e-01 1.042818336381451383e-01
6.728259260198652392e-01 4.689019617146649721e-01 1.042818336381451383e-01
6.728259260198652392e-01 4.689019617146649721e-01 1.042818336381451383e-01
7.570973739327591101e-01 2.702678463974439449e-01 6.171514274843370451e-02
7.570973739327591101e-01 2.702678463974439449e-01 6.171514274843370451e-02
7.570973739327591101e-01 2.702678463974439449e-01 6.171514274843370451e-02
1.007605819603519137e+00 4.548419131123044856e-01 4.120036253993699521e-02
9.993136784319626154e-01 7.505222773125317381e-01 3.865872862878001921e-03
6.198958901493132334e-01 7.601104807757654847e-01 4.621755552205098622e-02
6.618153786830957008e-01 7.415736313458274331e-01 4.241205294962686889e-02
6.526446611440620549e-01 4.714990564733781975e-01 1.073307587938228252e-01
9.483739991678540315e-01 6.633259352439998535e-01 1.441272091698453904e-02
9.483739991678540315e-01 6.633259352439998535e-01 1.441272091698453904e-02
6.353541513608989000e-01 8.384036378094543718e-01 2.208925430764977979e-02
6.353541513608989000e-01 8.384036378094543718e-01 2.208925430764977979e-02
7.399350583898649525e-01 3.055347163857514703e-01 7.117991801743565883e-02
7.399350583898649525e-01 3.055347163857514703e-01 7.117991801743565883e-02
7.227572314858327074e-01 1.908172890077755868e-01 3.656618437346328271e-02
9.668030796633618751e-01 4.092889805080937027e-01 5.549205405974582533e-02
9.668030796633618751e-01 4.092889805080937027e-01 5.549205405974582533e-02
6.600313281241756425e-01 6.275352225364693171e-01 8.059338535085393274e-02
7.202695819389726140e-01 5.659452457988978225e-01 8.141095052480551431e-02
4.336871566411275580e-01 6.434885425481976506e-01 1.426239259556964789e-01
4.336871566411275580e-01 6.434885425481976506e-01 1.426239259556964789e-01
4.239037884107176302e-01 1.642686645633291143e-01 9.529594492088516375e-03
6.944011286643605452e-01 9.981740446295835067e-02 1.509410237044352641e-02
6.944011286643605452e-01 9.981740446295835067e-02 1.509410237044352641e-02
6.944011286643605452e-01 9.981740446295835067e-02 1.509410237044352641e-02
1.053577522309267600e+00 2.483548201019752377e-01 4.947128127099392758e-02
