2.489132485845457765e-01 1.481402749648903505e-01 3.418686739791115727e-03
2.489132485845457765e-01 1.481402749648903505e-01 3.418686739791115727e-03
2.489132485845457765e-01 1.481402749648903505e-01 3.418686739791115727e-03
9.440476250049509299e-02 4.767124526164874254e-01 1.010338391934520880e-01
3.514053713647020682e-01 3.786931467577895893e-01 9.893747693805367283e-02
3.514053713647020682e-01 3.786931467577895893e-01 9.893747693805367283e-02
3.514053713647020682e-01 3.786931467577895893e-01 9.893747693805367283e-02
3.497197321495585931e-01 6.792356088833730876e-01 2.123448658929649457e-01
4.793516488704190337e-01 4.054377898120786750e-01 1.497152344314962302e-01
1.762027038191797956e-01 4.808356414746625673e-01 1.320461137236240701e-01
1.762027038191797956e-01 4.808356414746625673e-01 1.320461137236240701e-01
1.762027038191797956e-01 4.808356414746625673e-01 1.320461137236240701e-01
1.762027038191797956e-01 4.808356414746625673e-01 1.320461137236240701e-01
1.762027038191797956e-01 4.808356414746625673e-01 1.320461137236240701e-01
1.762027038191797956e-01 4.808356414746625673e-01 1.320461137236240701e-01
1.762027038191797956e-01 4.808356414746625673e-01 1.320461137236240701e-01
6.608168731212632485e-02 6.613745803304041937e-01 2.390771636394238009e-01
1.818970307371538253e-01 7.913484776051825653e-01 1.942265095027864985e-01
-2.902568616935385926e-01 1.052419753698176308e+00 1.139535552097327847e-01
4.274081007425120093e-01 7.752009355827507164e-01 1.078603276433190289e-01
4.274081007425120093e-01 7.752009355827507164e-01 1.078603276433190289e-01
4.274081007425120093e-01 7.752009355827507164e-01 1.078603276433190289e-01
4.274081007425120093e-01 7.752009355827507164e-01 1.078603276433190289e-01
4.274081007425120093e-01 7.752009355827507164e-01 1.078603276433190289e-01
5.687416170455180664e-01 4.109480099835141620e-01 1.647189386865573202e-01
5.687416170455180664e-01 4.109480099835141620e-01 1.647189386865573202e-01
6.488367789860186585e-01 5.326934958117629515e-01 1.721961224856504991e-01
6.488367789860186585e-01 5.326934958117629515e-01 1.721961224856504991e-01
7.595106875044637107e-01 4.179938818409847379e-01 1.547990733372072159e-01
2.456584530015100132e-01 3.673211805268707386e-01 6.453982621313733570e-02
2.456584530015100132e-01 3.673211805268707386e-01 6.453982621313733570e-02
6.440710620709436673e-01 3.986430906670457297e-01 1.606025111700208341e-01
6.440710620709436673e-01 3.986430906670457297e-01 1.606025111700208341e-01
5.350041318924664280e-01 4.920593132307696238e-01 2.002112520123282835e-01
5.350041318924664280e-01 4.920593132307696238e-01 2.002112520123282835e-01
5.723395389557155433e-01 4.105467810502828607e-01 1.647191952176146057e-01
4.209925469632472828e-01 4.589498550652100217e-01 1.792274831867873008e-01
4.209925469632472828e-01 4.589498550652100217e-01 1.792274831867873008e-01
4.209925469632472828e-01 4.589498550652100217e-01 1.792274831867873008e-01
3.788234231385557704e-01 7.585302461468735880e-01 1.412822295008702433e-01
1.663731580924111275e-01 5.766872898046706553e-01 2.111949982620236199e-01
1.019476217809895807e-01 7.378686453025466996e-01 2.474503911136120837e-01
1.691025736757650610e-01 5.843609181672225761e-01 2.173847404717473564e-01
7.346948031370047483e-01 3.777857321661968193e-01 1.488072227042649409e-01
4.859953374643364299e-01 4.076892380172942865e-01 1.525584667055748245e-01
4.859953374643364299e-01 4.076892380172942865e-01 1.525584667055748245e-01
3.524249721511149014e-01 4.824324851137126724e-01 1.839668154420965873e-01
3.524249721511149014e-01 4.824324851137126724e-01 1.839668154420965873e-01
1.679597707811347762e-02 6.735992965936421495e-01 2.337937351278616405e-01
1.679597707811347762e-02 6.735992965936421495e-01 2.337937351278616405e-01
1.679597707811347762e-02 6.735992965936421495e-01 2.337937351278616405e-01
1.679597707811347762e-02 6.735992965936421495e-01 2.337937351278616405e-01
1.679597707811347762e-02 6.735992965936421495e-01 2.337937351278616405e-01
1.679597707811347762e-02 6.735992965936421495e-01 2.337937351278616405e-01
1.785895460345491847e-01 5.533329273126811332e-01 1.964936653002799238e-01
1.785895460345491847e-01 5.533329273126811332e-01 1.964936653002799238e-01
1.785895460345491847e-01 5.533329273126811332e-01 1.964936653002799238e-01
1.785895460345491847e-01 5.533329273126811332e-01 1.964936653002799238e-01
2.638482207871986063e-01 5.405463987041191354e-01 2.083449974285705164e-01
6.298524412164013819e-01 5.778955968025202283e-01 1.605569830029451583e-01
6.298524412164013819e-01 5.778955968025202283e-01 1.605569830029451583e-01
1.724570408450047387e-01 6.114629628772216829e-01 2.345381968206411427e-01
1.724570408450047387e-01 6.114629628772216829e-01 2.345381968206411427e-01
1.724570408450047387e-01 6.114629628772216829e-01 2.345381968206411427e-01
-1.071232786488005573e-01 6.363989199846500355e-01 1.618300511866360980e-01
3.661817945604831648e-01 4.616417724528840694e-01 1.706781210652391634e-01
1.450088665025802137e-01 6.180502494112496414e-01 2.329938901345126046e-01
5.498574467311737046e-02 8.999688312397320367e-01 1.450793274317659642e-01
-1.302852616733588542e-01 9.566859528799889212e-01 1.532065768609292000e-01
-3.393707175270714860e-01 9.659156500711917337e-01 1.813342082791140619e-01
-1.629551362377834045e-01 7.742351364808790493e-01 2.293582407096821374e-01
-1.629551362377834045e-01 7.742351364808790493e-01 2.293582407096821374e-01
1.943326203016246256e-02 8.686476508045932743e-01 1.850443445379906793e-01
1.943326203016246256e-02 8.686476508045932743e-01 1.850443445379906793e-01
1.943326203016246256e-02 8.686476508045932743e-01 1.850443445379906793e-01
-5.401549281195056063e-01 8.634312080563097958e-01 1.355134059784693090e-01
-1.317003724043299129e-01 4.913817172819571755e-01 4.632905358056097628e-02
4.215825477174726665e-01 4.093891056145994023e-01 1.410346897968078606e-01
4.677023461764939771e-01 2.675149093588650162e-01 5.170579730820292624e-02
4.677023461764939771e-01 2.675149093588650162e-01 5.170579730820292624e-02
1.277688998570914447e-01 4.271947111193223900e-01 7.399615756412052103e-02
1.277688998570914447e-01 4.271947111193223900e-01 7.399615756412052103e-02
8.467178155385832183e-02 3.961735587776382683e-01 4.534909397583023610e-02
2.844011933011443283e-01 4.749798159713407575e-01 1.609636293434578980e-01
2.844011933011443283e-01 4.749798159713407575e-01 1.609636293434578980e-01
8.659136031803559286e-01 3.766576072323870594e-01 1.309733366153265632e-01
9.311109433604449759e-01 6.098079296932636950e-01 4.147172006661715288e-02
8.004892000111769601e-01 6.947652347836402731e-01 3.876885914982702852e-02
8.004892000111769601e-01 6.947652347836402731e-01 3.876885914982702852e-02
6.855609149768736588e-01 6.821508947901162578e-01 7.605974023884638779e-02
5.565274821315908671e-01 2.033310266191152849e-01 3.548537317378857442e-02
1.313728150741786393e+00 4.289505244799724504e-01 2.139580635926027416e-02
1.436846738103600751e+00 7.006876438006587327e-02 3.018170430233235724e-02
1.191804726745098630e+00 7.052146388019200907e-02 3.594496832198973424e-02
8.969625831700904772e-01 3.751849442932408962e-01 1.246036132082018189e-01
8.969625831700904772e-01 3.751849442932408962e-01 1.246036132082018189e-01
8.969625831700904772e-01 3.751849442932408962e-01 1.246036132082018189e-01
1.287910229751580538e+00 9.231387087357895149e-02 3.953642968103970173e-02
1.287910229751580538e+00 9.231387087357895149e-02 3.953642968103970173e-02
1.287910229751580538e+00 9.231387087357895149e-02 3.953642968103970173e-02
