2.489132485845457765e-01 1.481402749648903505e-01 1.651656299822349934e-03
2.489132485845457765e-01 1.481402749648903505e-01 1.651656299822349934e-03
6.070825323062853385e-02 3.690178830538002330e-01 9.526672753728199564e-03
-2.005248320888544655e-02 6.943163739801991863e-01 8.956160853153619095e-02
-1.886552232150395803e-02 9.481298728445750612e-01 1.214869252278351908e-01
-1.886552232150395803e-02 9.481298728445750612e-01 1.214869252278351908e-01
-1.886552232150395803e-02 9.481298728445750612e-01 1.214869252278351908e-01
-1.886552232150395803e-02 9.481298728445750612e-01 1.214869252278351908e-01
-1.886552232150395803e-02 9.481298728445750612e-01 1.214869252278351908e-01
-1.207204819718858957e-01 6.249615051743055982e-01 4.559806137283554245e-02
-1.207204819718858957e-01 6.249615051743055982e-01 4.559806137283554245e-02
-1.207204819718858957e-01 6.249615051743055982e-01 4.559806137283554245e-02
1.481183780722079013e-01 7.563822293553886800e-01 1.310282100550396456e-01
1.481183780722079013e-01 7.563822293553886800e-01 1.310282100550396456e-01
2.458821555134180770e-01 6.270791175494578873e-01 1.109851615020805427e-01
2.497886031507176863e-01 8.391282681434496515e-01 1.210306121972644644e-01
1.245786974216944176e-01 7.709957395124681367e-01 1.312943350337447412e-01
1.245786974216944176e-01 7.709957395124681367e-01 1.312943350337447412e-01
2.618289817550878418e-02 5.877605086959620806e-01 5.715703216904660655e-02
2.618289817550878418e-02 5.877605086959620806e-01 5.715703216904660655e-02
2.618289817550878418e-02 5.877605086959620806e-01 5.715703216904660655e-02
2.618289817550878418e-02 5.877605086959620806e-01 5.715703216904660655e-02
4.635566877262321528e-01 5.253938961881113867e-01 1.074145654837282970e-01
4.635566877262321528e-01 5.253938961881113867e-01 1.074145654837282970e-01
4.635566877262321528e-01 5.253938961881113867e-01 1.074145654837282970e-01
5.400605785698633365e-01 7.606458767131770715e-01 1.003139331174614651e-01
5.400605785698633365e-01 7.606458767131770715e-01 1.003139331174614651e-01
7.077660364355781164e-01 6.049596178218785703e-01 1.163439365222919686e-01
9.156061881645489731e-01 1.508946276638726269e-01 3.793903243959747401e-02
1.050247880797184674e+00 4.283558386369740734e-01 1.006947442816787525e-01
1.050247880797184674e+00 4.283558386369740734e-01 1.006947442816787525e-01
5.208436183369850037e-01 8.469394324078266534e-01 7.153004700725808240e-02
8.085970818657766124e-01 5.950653947723304471e-01 1.040896087773512946e-01
8.085970818657766124e-01 5.950653947723304471e-01 1.040896087773512946e-01
1.081760031151334234e+00 2.295682707069611750e-01 7.835746866555134971e-02
1.109159397807126579e+00 2.394986566751126089e-01 8.266777096793342938e-02
1.454897413847227039e+00 2.446390108365793514e-01 7.328706043161667405e-02
1.341531125115096534e+00 1.159435023371408746e-01 6.520233010410293739e-02
1.341531125115096534e+00 1.159435023371408746e-01 6.520233010410293739e-02
1.341531125115096534e+00 1.159435023371408746e-01 6.520233010410293739e-02
9.069430224398186136e-01 1.979768267107100965e-01 5.090616091316622210e-02
9.069430224398186136e-01 1.979768267107100965e-01 5.090616091316622210e-02
1.195936792126478299e+00 1.624063549788866134e-01 6.829341167288355274e-02
1.195936792126478299e+00 1.624063549788866134e-01 6.829341167288355274e-02
1.040470868328164045e+00 3.622639646106324829e-01 1.023043138322528162e-01
1.040470868328164045e+00 3.622639646106324829e-01 1.023043138322528162e-01
1.040470868328164045e+00 3.622639646106324829e-01 1.023043138322528162e-01
1.040470868328164045e+00 3.622639646106324829e-01 1.023043138322528162e-01
1.098589191781454311e+00 2.431720085056450764e-01 8.298802127734812573e-02
6.411647258065046318e-01 4.333854671349156584e-01 9.884231309649364750e-02
6.411647258065046318e-01 4.333854671349156584e-01 9.884231309649364750e-02
5.971994400929062641e-01 6.891709209904870459e-01 1.128817646313462486e-01
4.553130302591515965e-01 8.107249684071045071e-01 9.786163761314867204e-02
7.022969452144061098e-01 7.869899519743591698e-01 5.987104438629456404e-02
5.709664133732296198e-01 9.648801458149494081e-01 2.615505523290893516e-02
5.709664133732296198e-01 9.648801458149494081e-01 2.615505523290893516e-02
5.709664133732296198e-01 9.648801458149494081e-01 2.615505523290893516e-02
4.383172220087740989e-01 9.803993136163351441e-01 3.880077082454296694e-02
1.269838136546286744e+00 5.172858077695928758e-01 4.640856822221891415e-02
1.514006816377970299e+00 3.527407031640789059e-01 4.869924429047865766e-02
1.514006816377970299e+00 3.527407031640789059e-01 4.869924429047865766e-02
1.514006816377970299e+00 3.527407031640789059e-01 4.869924429047865766e-02
1.047395282787669357e+00 4.473482997394205851e-01 9.873855925476347772e-02
1.047395282787669357e+00 4.473482997394205851e-01 9.873855925476347772e-02
1.400046945589098923e+00 1.628807216640036359e-01 7.446667010495794381e-02
1.400046945589098923e+00 1.628807216640036359e-01 7.446667010495794381e-02
1.453924631865292305e+00 -1.844251338800204087e-02 4.072814307771047831e-02
1.453924631865292305e+00 -1.844251338800204087e-02 4.072814307771047831e-02
1.453924631865292305e+00 -1.844251338800204087e-02 4.072814307771047831e-02
1.453924631865292305e+00 -1.844251338800204087e-02 4.072814307771047831e-02
1.453924631865292305e+00 -1.844251338800204087e-02 4.072814307771047831e-02
1.013615925061310374e+00 3.922742117951079077e-01 1.049476137617589011e-01
1.013615925061310374e+00 3.922742117951079077e-01 1.049476137617589011e-01
1.013615925061310374e+00 3.922742117951079077e-01 1.049476137617589011e-01
1.013615925061310374e+00 3.922742117951079077e-01 1.049476137617589011e-01
1.152092830969989823e+00 1.155964884331290854e-01 5.161912746371431771e-02
1.152092830969989823e+00 1.155964884331290854e-01 5.161912746371431771e-02
1.272670553219856115e+00 1.189348678098588602e-01 6.213773396239957725e-02
1.272670553219856115e+00 1.189348678098588602e-01 6.213773396239957725e-02
1.535488863800878789e+00 3.392054050732959403e-01 4.844342001490693078e-02
1.172360707613876230e+00 4.972546878370546208e-01 6.794178212306448139e-02
1.172360707613876230e+00 4.972546878370546208e-01 6.794178212306448139e-02
1.498771562809558811e+00 2.977559753731100489e-01 6.136746515143055858e-02
1.498771562809558811e+00 2.977559753731100489e-01 6.136746515143055858e-02
1.498771562809558811e+00 2.977559753731100489e-01 6.136746515143055858e-02
1.498771562809558811e+00 2.977559753731100489e-01 6.136746515143055858e-02
1.498771562809558811e+00 2.977559753731100489e-01 6.136746515143055858e-02
2.071662490604319729e+00 6.560636383879769884e-03 3.342483448661494327e-02
2.071662490604319729e+00 6.560636383879769884e-03 3.342483448661494327e-02
1.793353507804270164e+00 -3.152994419830718043e-02 4.778607189432581420e-02
1.915290404334843766e+00 1.883873817654379418e-02 4.440775361388746983e-02
2.299708690894378016e+00 -4.394744973798253573e-01 1.110073500860250979e-02
2.590701204310991379e+00 -3.595392474811998085e-03 5.074790209403247376e-03
2.590701204310991379e+00 -3.595392474811998085e-03 5.074790209403247376e-03
2.590701204310991379e+00 -3.595392474811998085e-03 5.074790209403247376e-03
2.296001349171234551e+00 -2.822435932559018701e-01 2.247150914212385497e-02
1.934539638520754723e+00 -4.238456146628998833e-01 5.535268473519029848e-03
1.934539638520754723e+00 -4.238456146628998833e-01 5.535268473519029848e-03
1.820866669931868076e+00 -5.684908923227677269e-02 4.493692021690677552e-02
1.820866669931868076e+00 -5.684908923227677269e-02 4.493692021690677552e-02
