2.489132485845457765e-01 1.481402749648903505e-01 1.696370560753345230e-03
2.489132485845457765e-01 1.481402749648903505e-01 1.696370560753345230e-03
2.489132485845457765e-01 1.481402749648903505e-01 1.696370560753345230e-03
2.489132485845457765e-01 1.481402749648903505e-01 1.696370560753345230e-03
4.482246885567667261e-01 2.640893408332360970e-01 2.047260605157601165e-02
4.699507057701086676e-01 5.978676306264192331e-01 1.325001833014090857e-01
4.699507057701086676e-01 5.978676306264192331e-01 1.325001833014090857e-01
4.699507057701086676e-01 5.978676306264192331e-01 1.325001833014090857e-01
7.200491863007399962e-01 2.708760988453425833e-01 5.430116827174064770e-02
7.200491863007399962e-01 2.708760988453425833e-01 5.430116827174064770e-02
9.122068413863666514e-01 8.379521040113099839e-02 2.293927453035274691e-02
6.823955765347937685e-01 2.768523923961796473e-01 5.116459901564873042e-02
7.812473042092473730e-01 4.405692134351809619e-01 1.185112360312962076e-01
7.812473042092473730e-01 4.405692134351809619e-01 1.185112360312962076e-01
1.329296934272894859e+00 3.744146569681973125e-01 7.423861551166609229e-02
5.153252492243207694e-01 3.630339334421707753e-01 5.736057553129030734e-02
8.895792751894975314e-01 3.813896178566977269e-01 1.104688255279388104e-01
1.002308687589867020e+00 3.883081232339933297e-01 1.111005866278481080e-01
1.020581485622848117e+00 3.671525391168674601e-01 1.088343216396359114e-01
1.020581485622848117e+00 3.671525391168674601e-01 1.088343216396359114e-01
1.020581485622848117e+00 3.671525391168674601e-01 1.088343216396359114e-01
1.020581485622848117e+00 3.671525391168674601e-01 1.088343216396359114e-01
7.323143513747999434e-01 3.319810600177904303e-01 7.885311465197762659e-02
7.306645189433303988e-01 4.764311631593206586e-01 1.233684741419864839e-01
7.306645189433303988e-01 4.764311631593206586e-01 1.233684741419864839e-01
5.799511237683421250e-01 8.350624762510567844e-01 6.872544618673863404e-02
7.570637296039425257e-01 3.707306933824029427e-01 9.654790438353370863e-02
7.570637296039425257e-01 3.707306933824029427e-01 9.654790438353370863e-02
1.148566646698798710e+00 3.272504781577289523e-01 1.004863142901813722e-01
1.086745171585358660e+00 3.456700767409443542e-01 1.046810278421761026e-01
1.086745171585358660e+00 3.456700767409443542e-01 1.046810278421761026e-01
8.418131681026898017e-01 3.771432609308436601e-01 1.067973827505369899e-01
8.418131681026898017e-01 3.771432609308436601e-01 1.067973827505369899e-01
4.582394367005145353e-01 4.704697312596667902e-01 9.055965545397939853e-02
4.126866081429481081e-01 5.524087196123435017e-01 1.144957379526612140e-01
4.126866081429481081e-01 5.524087196123435017e-01 1.144957379526612140e-01
2.277486184964749860e-01 6.934387895767087917e-01 1.304781370992933454e-01
2.277486184964749860e-01 6.934387895767087917e-01 1.304781370992933454e-01
1.638188085973785735e-01 1.002229538245455132e+00 7.802097194534282631e-02
1.638188085973785735e-01 1.002229538245455132e+00 7.802097194534282631e-02
-2.630197908128767414e-01 8.243597834260040225e-01 8.707741654867606762e-02
-4.161417643030350666e-01 7.957304181765710860e-01 4.862615623817510835e-02
-3.341901861596729417e-01 1.439409905306364923e+00 1.220509828422915513e-02
-5.740755338224681203e-01 1.565043785837827439e+00 8.482819932794817899e-03
-6.264231501085892884e-01 1.254842629539092869e+00 7.720428712945878735e-02
-6.264231501085892884e-01 1.254842629539092869e+00 7.720428712945878735e-02
-6.264231501085892884e-01 1.254842629539092869e+00 7.720428712945878735e-02
-7.625634683555269078e-01 1.223497182122118110e+00 7.827180988624261870e-02
-7.625634683555269078e-01 1.223497182122118110e+00 7.827180988624261870e-02
-7.625634683555269078e-01 1.223497182122118110e+00 7.827180988624261870e-02
-7.625634683555269078e-01 1.223497182122118110e+00 7.827180988624261870e-02
-2.783797812561250029e-01 7.510151067340072872e-01 5.888756180570407783e-02
1.915642488958248513e-01 6.066184008018764562e-01 9.685098658535172544e-02
1.915642488958248513e-01 6.066184008018764562e-01 9.685098658535172544e-02
-4.675188797187007639e-03 7.385614731884111439e-01 1.082802471036836550e-01
1.342390830072890395e-01 5.778195922609694613e-01 7.396842176224743826e-02
1.342390830072890395e-01 5.778195922609694613e-01 7.396842176224743826e-02
1.342390830072890395e-01 5.778195922609694613e-01 7.396842176224743826e-02
1.342390830072890395e-01 5.778195922609694613e-01 7.396842176224743826e-02
-1.923845784717206353e-01 1.102613416051185791e+00 9.093368794852810244e-02
1.067167957179029347e-01 8.130754739190690916e-01 1.349452388443870277e-01
-1.071786956009258829e-01 9.207009030355645107e-01 1.260375322352187133e-01
-2.933087858747859267e-01 1.245410061753357223e+00 5.326934116777838624e-02
-1.591690267777031986e-01 1.270927839874288034e+00 3.088924944158383951e-02
-1.615545164867812633e-01 1.002137295218828328e+00 1.165659185915016299e-01
-1.615545164867812633e-01 1.002137295218828328e+00 1.165659185915016299e-01
-1.615545164867812633e-01 1.002137295218828328e+00 1.165659185915016299e-01
-1.615545164867812633e-01 1.002137295218828328e+00 1.165659185915016299e-01
-1.615545164867812633e-01 1.002137295218828328e+00 1.165659185915016299e-01
-1.615545164867812633e-01 1.002137295218828328e+00 1.165659185915016299e-01
-1.706098650322876442e-02 1.033629729517674178e+00 9.401990372503871152e-02
5.061858917117921519e-02 7.595926419503749027e-01 1.233529578727301651e-01
-5.383006148804589386e-02 1.085607689361894446e+00 7.937131888037120275e-02
-2.646320549941758027e-02 1.247690096069886678e+00 2.374382722876245203e-02
-2.646320549941758027e-02 1.247690096069886678e+00 2.374382722876245203e-02
-2.646320549941758027e-02 1.247690096069886678e+00 2.374382722876245203e-02
3.074811657296586676e-01 8.689076648246669698e-01 1.067181736250957802e-01
3.074811657296586676e-01 8.689076648246669698e-01 1.067181736250957802e-01
3.074811657296586676e-01 8.689076648246669698e-01 1.067181736250957802e-01
3.074811657296586676e-01 8.689076648246669698e-01 1.067181736250957802e-01
-3.369237958417531376e-02 1.066584415073919656e+00 8.379376480346154010e-02
-3.369237958417531376e-02 1.066584415073919656e+00 8.379376480346154010e-02
-3.369237958417531376e-02 1.066584415073919656e+00 8.379376480346154010e-02
-5.441738348057964525e-02 1.061057860478203940e+00 8.884465931537950667e-02
-6.020093307081048062e-01 9.783198307133821325e-01 6.852179091752390316e-02
-6.020093307081048062e-01 9.783198307133821325e-01 6.852179091752390316e-02
-8.926263443905995132e-01 1.345755770278476593e+00 6.283463966404370660e-02
-8.963199369634390345e-01 9.461233155465553768e-01 1.963857821302073328e-02
-7.822422007796101528e-01 9.773625774036551750e-01 3.894736086153921528e-02
-1.058486216934931834e-01 1.139164588544802070e+00 6.646836667718240832e-02
-6.591770595626788021e-01 1.152099848930285386e+00 8.695173067801463540e-02
-6.591770595626788021e-01 1.152099848930285386e+00 8.695173067801463540e-02
-6.591770595626788021e-01 1.152099848930285386e+00 8.695173067801463540e-02
-6.591770595626788021e-01 1.152099848930285386e+00 8.695173067801463540e-02
-6.591770595626788021e-01 1.152099848930285386e+00 8.695173067801463540e-02
-6.591770595626788021e-01 1.152099848930285386e+00 8.695173067801463540e-02
-4.724483732964610549e-01 1.237058681196337773e+00 7.391682501149936246e-02
-2.159639269671492223e-01 1.063462157983163792e+00 1.050826167238679415e-01
-2.159639269671492223e-01 1.063462157983163792e+00 1.050826167238679415e-01
-2.159639269671492223e-01 1.063462157983163792e+00 1.050826167238679415e-01
