2.489132485845457765e-01 1.481402749648903505e-01 1.727536618534368257e-03
1.070172854838306042e-01 2.763744242368589843e-01 2.371441961767096693e-03
-2.960219475868398620e-01 8.348318599658600681e-01 1.500727693120383274e-02
4.070160225380068386e-01 3.425325774916693766e-01 2.327809948726295222e-02
1.046358943349301240e+00 4.159894748256920960e-01 3.764685727177573965e-02
1.046358943349301240e+00 4.159894748256920960e-01 3.764685727177573965e-02
1.046358943349301240e+00 4.159894748256920960e-01 3.764685727177573965e-02
1.046358943349301240e+00 4.159894748256920960e-01 3.764685727177573965e-02
1.046358943349301240e+00 4.159894748256920960e-01 3.764685727177573965e-02
1.451829563956341662e+00 1.836378159251889630e-01 3.382776139456242920e-02
1.322439283960200163e+00 4.674960571200588721e-01 8.222712275335622434e-03
1.322439283960200163e+00 4.674960571200588721e-01 8.222712275335622434e-03
1.262268865860226130e+00 4.055592907948087356e-01 1.854715421649167501e-02
1.262268865860226130e+00 4.055592907948087356e-01 1.854715421649167501e-02
1.262268865860226130e+00 4.055592907948087356e-01 1.854715421649167501e-02
1.262268865860226130e+00 4.055592907948087356e-01 1.854715421649167501e-02
1.299146913575923046e+00 5.249524524918359747e-01 5.446483201384828311e-03
1.299146913575923046e+00 5.249524524918359747e-01 5.446483201384828311e-03
1.012835323610866922e+00 5.666326396585404934e-01 1.750786651093041990e-02
9.356296144911223633e-01 6.691217564970580733e-01 1.127694415392403379e-02
9.356296144911223633e-01 6.691217564970580733e-01 1.127694415392403379e-02
9.356296144911223633e-01 6.691217564970580733e-01 1.127694415392403379e-02
1.206726079169004207e+00 3.729871694224780598e-01 2.852411408279046864e-02
1.206726079169004207e+00 3.729871694224780598e-01 2.852411408279046864e-02
1.206726079169004207e+00 3.729871694224780598e-01 2.852411408279046864e-02
1.206726079169004207e+00 3.729871694224780598e-01 2.852411408279046864e-02
1.206726079169004207e+00 3.729871694224780598e-01 2.852411408279046864e-02
1.206726079169004207e+00 3.729871694224780598e-01 2.852411408279046864e-02
1.206726079169004207e+00 3.729871694224780598e-01 2.852411408279046864e-02
1.269997302537472672e+00 8.067589210147829704e-03 5.974769467153041164e-02
1.269997302537472672e+00 8.067589210147829704e-03 5.974769467153041164e-02
1.364342118276553606e+00 -2.208990033511126216e-01 3.601236384786894729e-02
1.364342118276553606e+00 -2.208990033511126216e-01 3.601236384786894729e-02
1.364342118276553606e+00 -2.208990033511126216e-01 3.601236384786894729e-02
1.398402682280980303e+00 -1.643910286962912970e-01 4.850693726351505003e-02
1.398402682280980303e+00 -1.643910286962912970e-01 4.850693726351505003e-02
1.398402682280980303e+00 -1.643910286962912970e-01 4.850693726351505003e-02
1.398402682280980303e+00 -1.643910286962912970e-01 4.850693726351505003e-02
1.169947058993874078e+00 6.599350603915912772e-02 5.946761770417889614e-02
1.301272977333343350e+00 -1.980957407173170037e-02 5.902107589191141201e-02
1.301272977333343350e+00 -1.980957407173170037e-02 5.902107589191141201e-02
1.699557335254017865e+00 -6.259828038514736806e-03 3.682369064239431056e-02
1.374300183978362844e+00 -1.064073596212828793e-01 5.450413658358688185e-02
1.012075028064103543e+00 9.724740115474171664e-02 5.136367191569023161e-02
1.012075028064103543e+00 9.724740115474171664e-02 5.136367191569023161e-02
8.174708395368978087e-01 2.805665549072191567e-01 5.526415422156417956e-02
1.144641000427115474e+00 3.991197814998828641e-02 5.538500521223751333e-02
9.826335220535147297e-01 1.826225414990143014e-01 5.815664498338047467e-02
1.196276534770778666e+00 -5.402053410761548102e-02 4.680192236017125668e-02
1.572828388222767382e+00 -8.486584115229560410e-02 5.734627424197701745e-02
1.572828388222767382e+00 -8.486584115229560410e-02 5.734627424197701745e-02
1.572828388222767382e+00 -8.486584115229560410e-02 5.734627424197701745e-02
1.572828388222767382e+00 -8.486584115229560410e-02 5.734627424197701745e-02
1.572828388222767382e+00 -8.486584115229560410e-02 5.734627424197701745e-02
1.572828388222767382e+00 -8.486584115229560410e-02 5.734627424197701745e-02
1.572828388222767382e+00 -8.486584115229560410e-02 5.734627424197701745e-02
1.729333631760716861e+00 -3.385710743057142036e-01 4.792276005039080439e-02
1.941993139753562359e+00 -2.163719184203417578e-01 4.002541397888249863e-02
1.763476132817336728e+00 -1.752506883418978312e-01 5.149892477936225677e-02
1.763476132817336728e+00 -1.752506883418978312e-01 5.149892477936225677e-02
1.763476132817336728e+00 -1.752506883418978312e-01 5.149892477936225677e-02
1.763476132817336728e+00 -1.752506883418978312e-01 5.149892477936225677e-02
1.901086201924158781e+00 -3.480752072336666947e-01 5.019890815432490744e-02
1.987066843432142571e+00 2.700262152895943624e-02 8.099381120376239473e-03
1.987066843432142571e+00 2.700262152895943624e-02 8.099381120376239473e-03
1.601783356586641949e+00 8.440465807186262048e-02 3.342670326144806664e-02
1.403965330289089097e+00 2.158867824965561011e-01 3.371712381395588348e-02
1.494311708284667084e+00 1.191266468753867935e-01 3.979933143758518366e-02
1.810820033266097084e+00 5.629761924402593154e-02 1.680846462192718549e-02
1.612838144632223081e+00 8.224603338902528038e-02 3.254782585545588913e-02
1.612838144632223081e+00 8.224603338902528038e-02 3.254782585545588913e-02
1.361322884608780814e+00 3.262069617523938869e-01 2.078375761702789051e-02
1.361322884608780814e+00 3.262069617523938869e-01 2.078375761702789051e-02
1.217474390402404127e+00 5.361017464217374684e-01 8.020738429543448900e-03
1.217474390402404127e+00 5.361017464217374684e-01 8.020738429543448900e-03
1.271261395698539465e+00 1.527462053087932370e-01 5.647731371239839843e-02
1.549194654098129842e+00 -2.620026541244087626e-01 4.635870505332793934e-02
1.706542497668512848e+00 -4.156278753181302799e-02 4.135896540120794634e-02
1.526663619454592613e+00 -1.248275295417260455e-01 5.870412744527172405e-02
1.526663619454592613e+00 -1.248275295417260455e-01 5.870412744527172405e-02
1.383661336545169096e+00 1.343859808816308399e-01 4.921337772206672845e-02
1.383661336545169096e+00 1.343859808816308399e-01 4.921337772206672845e-02
1.383661336545169096e+00 1.343859808816308399e-01 4.921337772206672845e-02
1.383661336545169096e+00 1.343859808816308399e-01 4.921337772206672845e-02
1.383661336545169096e+00 1.343859808816308399e-01 4.921337772206672845e-02
1.383661336545169096e+00 1.343859808816308399e-01 4.921337772206672845e-02
1.355492648409512002e+00 1.009528940124765350e-02 6.117939107540778382e-02
1.476119919228244148e+00 2.595760041155482645e-01 1.970842808727125278e-02
1.564999303042067247e+00 -8.483584182921721784e-02 5.771144550751182434e-02
1.564999303042067247e+00 -8.483584182921721784e-02 5.771144550751182434e-02
1.318093221925779712e+00 2.421677976030039980e-01 3.871699345741633908e-02
1.421396179235426382e+00 -4.937757113556490163e-02 6.038415824414845173e-02
1.554508603012970447e+00 -2.113397325104804381e-01 5.323697567405136916e-02
1.897880132564283562e+00 -4.022671875879594294e-01 4.766375217021546346e-02
1.418960769687447776e+00 -7.126810470316852220e-02 5.955069877153524455e-02
1.418960769687447776e+00 -7.126810470316852220e-02 5.955069877153524455e-02
1.828724978410058100e+00 3.502919958688918700e-02 1.784413586893567050e-02
1.828724978410058100e+00 3.502919958688918700e-02 1.784413586893567050e-02
1.316557518328019372e+00 6.303936616094835133e-01 1.460640971676385649e-03
1.316557518328019372e+00 6.303936616094835133e-01 1.460640971676385649e-03
