2.489132485845457765e-01 1.481402749648903505e-01 3.081999661673513920e-03
6.526028170728439548e-01 1.107177377444215349e-01 1.603462991263202367e-02
6.526028170728439548e-01 1.107177377444215349e-01 1.603462991263202367e-02
6.526028170728439548e-01 1.107177377444215349e-01 1.603462991263202367e-02
7.666543705553288124e-01 5.562365413328674846e-01 2.185373343668363666e-01
7.666543705553288124e-01 5.562365413328674846e-01 2.185373343668363666e-01
7.666543705553288124e-01 5.562365413328674846e-01 2.185373343668363666e-01
1.110493831114598873e+00 4.726846459377858634e-01 1.416650560869886777e-01
7.300750316133337581e-01 3.224170451220894074e-01 1.614499168071105994e-01
6.000970025109383377e-01 7.974391273403609315e-01 7.681054856192365277e-02
5.569786483351455431e-01 9.111808661386214814e-01 2.621735459374378852e-02
5.569786483351455431e-01 9.111808661386214814e-01 2.621735459374378852e-02
5.569786483351455431e-01 9.111808661386214814e-01 2.621735459374378852e-02
8.289556665805370983e-01 9.103325922635724377e-01 5.723601517276173320e-03
6.908960086592660366e-01 2.660875993712694676e-01 1.017077239054829524e-01
6.908960086592660366e-01 2.660875993712694676e-01 1.017077239054829524e-01
6.365768509104378081e-01 5.146432794744610906e-01 2.647907051199370754e-01
8.621749850696137640e-01 4.537567227204858944e-01 2.323463186044026629e-01
8.621749850696137640e-01 4.537567227204858944e-01 2.323463186044026629e-01
4.832112190615768799e-01 4.702808974798391439e-01 2.308255156832418609e-01
6.934549963191019017e-01 4.179466376525464710e-02 6.999525369145718698e-03
1.047642264327194095e+00 8.106777650865713836e-02 4.642008781877790535e-02
9.466665477051438016e-01 4.213537798511393651e-01 2.176662311574329156e-01
9.466665477051438016e-01 4.213537798511393651e-01 2.176662311574329156e-01
9.466665477051438016e-01 4.213537798511393651e-01 2.176662311574329156e-01
9.466665477051438016e-01 4.213537798511393651e-01 2.176662311574329156e-01
8.924691546828242839e-01 3.368720320709614469e-01 1.992452290017456551e-01
8.924691546828242839e-01 3.368720320709614469e-01 1.992452290017456551e-01
8.924691546828242839e-01 3.368720320709614469e-01 1.992452290017456551e-01
1.074296737461695628e+00 2.745671147748919294e-01 1.703799817538417805e-01
9.874926363542427810e-01 4.459561223399691188e-01 2.001439281244788426e-01
9.874926363542427810e-01 4.459561223399691188e-01 2.001439281244788426e-01
9.874926363542427810e-01 4.459561223399691188e-01 2.001439281244788426e-01
9.874926363542427810e-01 4.459561223399691188e-01 2.001439281244788426e-01
9.874926363542427810e-01 4.459561223399691188e-01 2.001439281244788426e-01
9.874926363542427810e-01 4.459561223399691188e-01 2.001439281244788426e-01
9.874926363542427810e-01 4.459561223399691188e-01 2.001439281244788426e-01
8.534494542598211053e-01 3.459305761050679995e-01 2.019299767397045864e-01
8.534494542598211053e-01 3.459305761050679995e-01 2.019299767397045864e-01
2.817283008766618968e-01 4.335561968840922487e-01 1.279986644221938474e-01
2.817283008766618968e-01 4.335561968840922487e-01 1.279986644221938474e-01
8.753903439205379389e-02 9.067285705415581987e-01 1.357320618136573509e-01
9.116670682490007893e-01 9.106211781582478348e-01 3.274517007664019819e-03
7.307679216894249485e-01 9.184251573961998982e-01 9.270589623579631594e-03
7.307679216894249485e-01 9.184251573961998982e-01 9.270589623579631594e-03
7.307679216894249485e-01 9.184251573961998982e-01 9.270589623579631594e-03
7.307679216894249485e-01 9.184251573961998982e-01 9.270589623579631594e-03
4.772056990071298355e-01 1.038597277323340062e+00 6.348543763557298013e-03
4.772056990071298355e-01 1.038597277323340062e+00 6.348543763557298013e-03
4.772056990071298355e-01 1.038597277323340062e+00 6.348543763557298013e-03
4.772056990071298355e-01 1.038597277323340062e+00 6.348543763557298013e-03
4.772056990071298355e-01 1.038597277323340062e+00 6.348543763557298013e-03
5.038755998945624315e-01 8.589248678477514609e-01 6.036131607899408030e-02
5.038755998945624315e-01 8.589248678477514609e-01 6.036131607899408030e-02
6.533269526149045880e-01 7.715856169196565473e-01 8.020086925031238989e-02
6.533269526149045880e-01 7.715856169196565473e-01 8.020086925031238989e-02
6.533269526149045880e-01 7.715856169196565473e-01 8.020086925031238989e-02
7.367784844923151999e-01 8.725210403059054931e-01 1.738150356366626598e-02
7.367784844923151999e-01 8.725210403059054931e-01 1.738150356366626598e-02
7.367784844923151999e-01 8.725210403059054931e-01 1.738150356366626598e-02
7.367784844923151999e-01 8.725210403059054931e-01 1.738150356366626598e-02
7.367784844923151999e-01 8.725210403059054931e-01 1.738150356366626598e-02
-9.883493738939730378e-02 4.480594031792851650e-01 3.446702264887507861e-02
-4.194799155893716991e-01 4.989159728532125415e-01 1.130867318351689785e-02
-1.627201051365905204e-01 7.202807167951491563e-01 1.988931999437434373e-01
-1.627201051365905204e-01 7.202807167951491563e-01 1.988931999437434373e-01
-1.627201051365905204e-01 7.202807167951491563e-01 1.988931999437434373e-01
-1.201124751069865271e-02 8.170136093670167243e-01 2.289831139451647124e-01
-1.201124751069865271e-02 8.170136093670167243e-01 2.289831139451647124e-01
-1.201124751069865271e-02 8.170136093670167243e-01 2.289831139451647124e-01
-1.403382135529872114e-02 8.509899241341962739e-01 2.071983276045119005e-01
-1.403382135529872114e-02 8.509899241341962739e-01 2.071983276045119005e-01
-1.403382135529872114e-02 8.509899241341962739e-01 2.071983276045119005e-01
-1.403382135529872114e-02 8.509899241341962739e-01 2.071983276045119005e-01
2.893629536776674560e-01 5.530575842539543485e-01 2.419322289581761765e-01
2.893629536776674560e-01 5.530575842539543485e-01 2.419322289581761765e-01
7.865719742139823945e-01 3.289909645225944090e-01 1.794586720045871497e-01
7.865719742139823945e-01 3.289909645225944090e-01 1.794586720045871497e-01
6.749331801317512980e-01 7.032801525990917124e-02 9.912864917193217607e-03
6.304014064608823853e-01 1.800694740879553724e-01 3.573649531916400085e-02
4.483485966618963037e-01 3.852724895616779777e-01 1.391617884730837196e-01
4.483485966618963037e-01 3.852724895616779777e-01 1.391617884730837196e-01
1.075483381552241990e+00 4.163141662860181391e-01 1.830054857950974001e-01
1.088102277312568589e+00 2.413761858135853033e-01 1.521660806049241199e-01
1.432457311975302350e+00 2.018398804757257081e-01 1.192487590960411847e-01
1.432457311975302350e+00 2.018398804757257081e-01 1.192487590960411847e-01
1.669408890998441031e+00 -9.989320169194598753e-02 2.744646094053787219e-02
1.539586139295591627e+00 8.770780227157717879e-02 8.331229510762316881e-02
1.236843903310617776e+00 4.587700640726322110e-01 1.045121321879549509e-01
1.236843903310617776e+00 4.587700640726322110e-01 1.045121321879549509e-01
1.061643132109565180e+00 5.727563868709019124e-01 9.225125397844576025e-02
1.061643132109565180e+00 5.727563868709019124e-01 9.225125397844576025e-02
1.061643132109565180e+00 5.727563868709019124e-01 9.225125397844576025e-02
1.381202722182048870e+00 3.305933073865712224e-01 1.172801617552994419e-01
1.381202722182048870e+00 3.305933073865712224e-01 1.172801617552994419e-01
1.381202722182048870e+00 3.305933073865712224e-01 1.172801617552994419e-01
1.501042521517822470e+00 3.660879728801714195e-01 6.997231842240511646e-02
1.658223235973620868e+00 5.775157548556064668e-02 7.006651352095746854e-02
1.739176989836698217e+00 -1.056309548744324978e-01 2.803136804099203017e-02
1.999603175981267800e+00 -4.066733519207037240e-02 3.573838849492642911e-02
