2.489132485845457765e-01 1.481402749648903505e-01 2.955443823160184419e-02
2.812630364583289522e-01 2.262484568335593749e-01 9.591408491457197039e-02
1.800241231243953077e-01 4.048909056798030148e-01 1.188149810864380235e-01
3.878380700414237880e-01 4.482071989708796833e-01 5.118780419891926226e-01
3.942557330813782346e-01 5.713391451963255596e-01 4.335061623641066619e-01
3.942557330813782346e-01 5.713391451963255596e-01 4.335061623641066619e-01
3.942557330813782346e-01 5.713391451963255596e-01 4.335061623641066619e-01
3.942557330813782346e-01 5.713391451963255596e-01 4.335061623641066619e-01
1.960591418205138159e-01 5.897796606444131173e-01 2.864945366680117234e-01
1.960591418205138159e-01 5.897796606444131173e-01 2.864945366680117234e-01
1.960591418205138159e-01 5.897796606444131173e-01 2.864945366680117234e-01
3.499693785484141451e-01 5.903672359998646257e-01 4.239353174549351233e-01
8.026170737786548770e-01 2.279071517106220912e-01 3.593186206368935709e-01
8.026170737786548770e-01 2.279071517106220912e-01 3.593186206368935709e-01
8.026170737786548770e-01 2.279071517106220912e-01 3.593186206368935709e-01
8.026170737786548770e-01 2.279071517106220912e-01 3.593186206368935709e-01
8.026170737786548770e-01 2.279071517106220912e-01 3.593186206368935709e-01
7.027981944237216005e-01 1.646460238455358938e-01 6.408556581276341202e-01
7.027981944237216005e-01 1.646460238455358938e-01 6.408556581276341202e-01
7.027981944237216005e-01 1.646460238455358938e-01 6.408556581276341202e-01
6.741877683613044514e-01 -2.398551492564936494e-01 9.678593542998926991e-02
9.721257784615879860e-01 -1.270055037963069289e-01 4.290182038062359537e-01
9.721257784615879860e-01 -1.270055037963069289e-01 4.290182038062359537e-01
7.609597330919948277e-01 -5.552353364685226611e-02 5.221313216758203257e-01
7.609597330919948277e-01 -5.552353364685226611e-02 5.221313216758203257e-01
7.609597330919948277e-01 -5.552353364685226611e-02 5.221313216758203257e-01
9.366637156089210325e-01 2.059268897996214265e-01 1.328646670933420759e-01
9.366637156089210325e-01 2.059268897996214265e-01 1.328646670933420759e-01
9.366637156089210325e-01 2.059268897996214265e-01 1.328646670933420759e-01
3.956399483918378035e-01 8.003803950465954165e-02 1.000255035871686765e-01
4.036222310264791502e-01 2.919584299137234495e-01 4.046726584336026167e-01
2.364640560128835056e-01 4.577082426243623825e-01 2.566920778906263689e-01
2.364640560128835056e-01 4.577082426243623825e-01 2.566920778906263689e-01
2.364640560128835056e-01 4.577082426243623825e-01 2.566920778906263689e-01
3.439448619640909088e-01 5.331506022503831321e-01 4.604698155902526846e-01
7.102550799730673603e-01 2.979430560528241734e-01 4.411301918334400995e-01
7.102550799730673603e-01 2.979430560528241734e-01 4.411301918334400995e-01
7.102550799730673603e-01 2.979430560528241734e-01 4.411301918334400995e-01
7.102550799730673603e-01 2.979430560528241734e-01 4.411301918334400995e-01
4.286091794461168170e-01 2.944847800997875131e-01 4.642868992512037551e-01
7.479153625915266890e-01 2.115345505011150817e-01 5.134451952402614427e-01
7.479153625915266890e-01 2.115345505011150817e-01 5.134451952402614427e-01
5.632812932734010403e-01 5.368871367017264973e-01 2.767897795233039138e-01
4.159909655051650113e-01 3.344464593528316820e-01 4.867414007374902263e-01
7.798734773477822291e-01 2.045931046027955891e-01 4.539702753871542873e-01
7.798734773477822291e-01 2.045931046027955891e-01 4.539702753871542873e-01
4.946614308185909858e-01 2.708803958365771924e-01 5.673378948639983266e-01
4.946614308185909858e-01 2.708803958365771924e-01 5.673378948639983266e-01
4.946614308185909858e-01 2.708803958365771924e-01 5.673378948639983266e-01
4.946614308185909858e-01 2.708803958365771924e-01 5.673378948639983266e-01
4.946614308185909858e-01 2.708803958365771924e-01 5.673378948639983266e-01
2.615214268244296925e-01 3.877310428739526582e-01 2.292169082137535119e-01
2.615214268244296925e-01 3.877310428739526582e-01 2.292169082137535119e-01
2.615214268244296925e-01 3.877310428739526582e-01 2.292169082137535119e-01
3.263129320986973836e-01 8.462947791799549924e-01 1.231111307602464483e-01
3.263129320986973836e-01 8.462947791799549924e-01 1.231111307602464483e-01
3.263129320986973836e-01 8.462947791799549924e-01 1.231111307602464483e-01
3.263129320986973836e-01 8.462947791799549924e-01 1.231111307602464483e-01
-8.510786370922451827e-03 1.151629902839738318e+00 4.812016077674519804e-02
-2.490386411059426763e-01 1.283838275866439060e+00 2.140249359719822303e-02
-2.490386411059426763e-01 1.283838275866439060e+00 2.140249359719822303e-02
-2.968302402058268230e-01 1.270740513956749584e+00 1.856139264904738129e-02
-2.968302402058268230e-01 1.270740513956749584e+00 1.856139264904738129e-02
-2.968302402058268230e-01 1.270740513956749584e+00 1.856139264904738129e-02
-2.968302402058268230e-01 1.270740513956749584e+00 1.856139264904738129e-02
-2.968302402058268230e-01 1.270740513956749584e+00 1.856139264904738129e-02
-2.968302402058268230e-01 1.270740513956749584e+00 1.856139264904738129e-02
-2.968302402058268230e-01 1.270740513956749584e+00 1.856139264904738129e-02
-2.968302402058268230e-01 1.270740513956749584e+00 1.856139264904738129e-02
-2.968302402058268230e-01 1.270740513956749584e+00 1.856139264904738129e-02
-2.968302402058268230e-01 1.270740513956749584e+00 1.856139264904738129e-02
-1.618431001121096446e-01 1.374255104941343175e+00 1.251319830539695394e-02
-2.118320309039230798e-01 1.232887113591712769e+00 2.888691144344365802e-02
-2.118320309039230798e-01 1.232887113591712769e+00 2.888691144344365802e-02
2.098990375060270919e-01 8.758355494924978668e-01 1.636232188739872029e-01
2.098990375060270919e-01 8.758355494924978668e-01 1.636232188739872029e-01
2.098990375060270919e-01 8.758355494924978668e-01 1.636232188739872029e-01
2.098990375060270919e-01 8.758355494924978668e-01 1.636232188739872029e-01
2.098990375060270919e-01 8.758355494924978668e-01 1.636232188739872029e-01
-6.160733122149483765e-02 9.076142028669044182e-01 9.445746185318935895e-02
-2.002927749530454549e-01 1.116954376821752248e+00 3.993640330315771647e-02
-6.146107529319791429e-02 1.341043654916244554e+00 1.168395778196663903e-02
-2.067775169880608777e-01 1.001553154406358725e+00 3.657920969418279600e-02
-2.067775169880608777e-01 1.001553154406358725e+00 3.657920969418279600e-02
9.217440273475818735e-03 5.973181194024650420e-01 6.242470174019124074e-02
9.217440273475818735e-03 5.973181194024650420e-01 6.242470174019124074e-02
9.217440273475818735e-03 5.973181194024650420e-01 6.242470174019124074e-02
-3.415428889018542330e-02 9.090140967450858200e-01 1.098328834859755715e-01
-3.415428889018542330e-02 9.090140967450858200e-01 1.098328834859755715e-01
-3.415428889018542330e-02 9.090140967450858200e-01 1.098328834859755715e-01
-3.415428889018542330e-02 9.090140967450858200e-01 1.098328834859755715e-01
-3.415428889018542330e-02 9.090140967450858200e-01 1.098328834859755715e-01
-3.415428889018542330e-02 9.090140967450858200e-01 1.098328834859755715e-01
-3.415428889018542330e-02 9.090140967450858200e-01 1.098328834859755715e-01
-3.415428889018542330e-02 9.090140967450858200e-01 1.098328834859755715e-01
-3.415428889018542330e-02 9.090140967450858200e-01 1.098328834859755715e-01
-3.415428889018542330e-02 9.090140967450858200e-01 1.098328834859755715e-01
-3.415428889018542330e-02 9.090140967450858200e-01 1.098328834859755715e-01
-3.415428889018542330e-02 9.090140967450858200e-01 1.098328834859755715e-01
-3.415428889018542330e-02 9.090140967450858200e-01 1.098328834859755715e-01
