2.489132485845457765e-01 1.481402749648903505e-01 3.362559128354269695e-03
2.489132485845457765e-01 1.481402749648903505e-01 3.362559128354269695e-03
2.489132485845457765e-01 1.481402749648903505e-01 3.362559128354269695e-03
7.725756660294728073e-01 2.690333628643999386e-01 1.164303198026917369e-01
8.195462267421255165e-01 2.329527939130700831e-01 1.068568744979303264e-01
8.195462267421255165e-01 2.329527939130700831e-01 1.068568744979303264e-01
1.002330286758954969e+00 1.650665123816633939e-01 9.933225352457017432e-02
1.002330286758954969e+00 1.650665123816633939e-01 9.933225352457017432e-02
1.002330286758954969e+00 1.650665123816633939e-01 9.933225352457017432e-02
1.179309707470611368e+00 -1.740026639777740025e-01 1.535754474340171247e-02
7.421897826238097462e-01 2.798984776120909679e-01 1.168957418657353975e-01
1.039784405531179345e+00 3.397070068096177398e-01 1.074755891160061871e-01
1.115133156783620239e+00 5.108942500392877895e-01 3.360383592344408366e-02
1.115133156783620239e+00 5.108942500392877895e-01 3.360383592344408366e-02
1.115133156783620239e+00 5.108942500392877895e-01 3.360383592344408366e-02
1.490761956491827966e+00 6.130038108747787318e-01 4.594903915305649207e-04
1.490761956491827966e+00 6.130038108747787318e-01 4.594903915305649207e-04
1.490761956491827966e+00 6.130038108747787318e-01 4.594903915305649207e-04
1.229193272306331242e+00 6.274581034224795406e-01 4.452311835563769679e-03
7.869436844233388406e-01 4.050776982504605828e-01 1.509056646975074356e-01
7.387276996723322053e-01 5.280548640688067508e-01 1.363127286884197875e-01
7.387276996723322053e-01 5.280548640688067508e-01 1.363127286884197875e-01
7.387276996723322053e-01 5.280548640688067508e-01 1.363127286884197875e-01
8.507430031144207483e-01 3.727016548064098211e-01 1.422427877880223512e-01
4.120626300291452271e-01 4.175631793704692729e-01 1.200123690094275775e-01
4.120626300291452271e-01 4.175631793704692729e-01 1.200123690094275775e-01
4.120626300291452271e-01 4.175631793704692729e-01 1.200123690094275775e-01
7.230758512001325133e-01 4.467517732872804959e-01 1.590438897168880983e-01
1.145201011338346841e+00 4.268569062965125172e-01 5.221658034378499208e-02
7.115579332797936640e-01 2.200397524843608899e-01 8.106182147318970188e-02
1.058410959310424282e+00 3.301202912784816368e-01 1.050195466643057546e-01
1.058410959310424282e+00 3.301202912784816368e-01 1.050195466643057546e-01
7.791318219473051254e-01 3.888560573173873158e-01 1.514280127543878030e-01
6.598337983093668369e-01 4.225194358825589691e-01 1.622873516252036352e-01
6.598337983093668369e-01 4.225194358825589691e-01 1.622873516252036352e-01
6.598337983093668369e-01 4.225194358825589691e-01 1.622873516252036352e-01
6.598337983093668369e-01 4.225194358825589691e-01 1.622873516252036352e-01
6.598337983093668369e-01 4.225194358825589691e-01 1.622873516252036352e-01
6.257664577264361316e-01 4.448318172538319182e-01 1.671253204284064986e-01
6.257664577264361316e-01 4.448318172538319182e-01 1.671253204284064986e-01
6.257664577264361316e-01 4.448318172538319182e-01 1.671253204284064986e-01
6.257664577264361316e-01 4.448318172538319182e-01 1.671253204284064986e-01
4.041349456533402384e-01 5.577845000765686567e-01 1.879542122608093557e-01
6.708011780814543412e-01 5.939891637719099116e-01 1.307603519116265767e-01
6.708011780814543412e-01 5.939891637719099116e-01 1.307603519116265767e-01
9.895888545147084603e-01 -2.560784339585875369e-02 3.013869925800909122e-02
9.895888545147084603e-01 -2.560784339585875369e-02 3.013869925800909122e-02
9.895888545147084603e-01 -2.560784339585875369e-02 3.013869925800909122e-02
7.853110060242549650e-01 3.808994173131316496e-01 1.502468717122758535e-01
7.853110060242549650e-01 3.808994173131316496e-01 1.502468717122758535e-01
5.158112649109867220e-01 7.071497896000981109e-01 1.283222171028948755e-01
5.158112649109867220e-01 7.071497896000981109e-01 1.283222171028948755e-01
-1.020956357329605435e-01 7.101323440722859814e-01 1.398812940301569496e-01
-1.020956357329605435e-01 7.101323440722859814e-01 1.398812940301569496e-01
-1.020956357329605435e-01 7.101323440722859814e-01 1.398812940301569496e-01
-4.645070577332782169e-01 6.674995598399592334e-01 1.804635449200845190e-02
-2.147441246819732086e-01 1.089655736203148928e+00 1.490059822804565282e-01
-2.147441246819732086e-01 1.089655736203148928e+00 1.490059822804565282e-01
-2.147441246819732086e-01 1.089655736203148928e+00 1.490059822804565282e-01
-2.710438739629614235e-01 1.210109765070455312e+00 8.961840010975548332e-02
-2.710438739629614235e-01 1.210109765070455312e+00 8.961840010975548332e-02
-2.710438739629614235e-01 1.210109765070455312e+00 8.961840010975548332e-02
-2.710438739629614235e-01 1.210109765070455312e+00 8.961840010975548332e-02
-3.561006440958399688e-01 1.213747041193810494e+00 1.120526934854746554e-01
-5.547005893758475414e-01 1.081490943964528828e+00 1.685927765023002567e-01
-2.724861947801567874e-01 1.236923497632772762e+00 7.452348987641221889e-02
-3.862129944874092558e-01 1.488495450783615448e+00 1.041171266944265587e-02
-3.862129944874092558e-01 1.488495450783615448e+00 1.041171266944265587e-02
-3.862129944874092558e-01 1.488495450783615448e+00 1.041171266944265587e-02
-4.329152463248148730e-01 1.538398643146502209e+00 7.349660655766084710e-03
-9.608395129499671672e-01 1.237197351545723301e+00 1.019757911431385389e-01
-9.608395129499671672e-01 1.237197351545723301e+00 1.019757911431385389e-01
-9.608395129499671672e-01 1.237197351545723301e+00 1.019757911431385389e-01
-7.815265939595960054e-01 1.175209105444460889e+00 1.340200051750717603e-01
-9.826189800981423028e-01 1.387718895128567276e+00 1.139261163403001015e-01
-9.826189800981423028e-01 1.387718895128567276e+00 1.139261163403001015e-01
-9.826189800981423028e-01 1.387718895128567276e+00 1.139261163403001015e-01
-1.031647220488709937e+00 1.302056156277101362e+00 1.002728241817725519e-01
-1.031647220488709937e+00 1.302056156277101362e+00 1.002728241817725519e-01
-1.031647220488709937e+00 1.302056156277101362e+00 1.002728241817725519e-01
-1.031647220488709937e+00 1.302056156277101362e+00 1.002728241817725519e-01
-1.031647220488709937e+00 1.302056156277101362e+00 1.002728241817725519e-01
-1.031647220488709937e+00 1.302056156277101362e+00 1.002728241817725519e-01
-1.031647220488709937e+00 1.302056156277101362e+00 1.002728241817725519e-01
-9.753607745706468490e-01 1.328137445120570082e+00 1.160602286874315853e-01
-9.753607745706468490e-01 1.328137445120570082e+00 1.160602286874315853e-01
-9.753607745706468490e-01 1.328137445120570082e+00 1.160602286874315853e-01
-9.753607745706468490e-01 1.328137445120570082e+00 1.160602286874315853e-01
-9.753607745706468490e-01 1.328137445120570082e+00 1.160602286874315853e-01
-8.547942108204164002e-01 1.071399731045416637e+00 7.068396076325959843e-02
-5.923828500323908841e-01 9.031712960186861761e-01 7.508472407700983453e-02
-5.923828500323908841e-01 9.031712960186861761e-01 7.508472407700983453e-02
-6.560596628174677480e-01 4.903459137722847583e-01 2.173853928356532007e-04
-6.081335236952386536e-01 6.805947032157637633e-01 7.459065329632249414e-03
-4.338289640174390893e-01 8.022773101941442775e-01 7.456170569523484781e-02
-6.928532421338212677e-01 9.249452484650390049e-01 5.503780502742268432e-02
-6.928532421338212677e-01 9.249452484650390049e-01 5.503780502742268432e-02
-5.441237518561735653e-01 1.007996146147229544e+00 1.471642956114873890e-01
-5.441237518561735653e-01 1.007996146147229544e+00 1.471642956114873890e-01
-5.441237518561735653e-01 1.007996146147229544e+00 1.471642956114873890e-01
