2.489132485845457765e-01 1.481402749648903505e-01 1.300985534510476190e-03
6.407271692425215992e-01 3.629390262938133604e-01 4.325446789509731355e-02
6.407271692425215992e-01 3.629390262938133604e-01 4.325446789509731355e-02
6.407271692425215992e-01 3.629390262938133604e-01 4.325446789509731355e-02
6.407271692425215992e-01 3.629390262938133604e-01 4.325446789509731355e-02
9.557735974936437673e-01 7.041547673749741776e-01 2.068951661187629423e-02
7.150604298529489311e-01 4.290782624365001574e-01 5.823403204699038188e-02
7.150604298529489311e-01 4.290782624365001574e-01 5.823403204699038188e-02
7.725272756662646678e-01 5.468795587535344449e-01 6.033444912944001953e-02
7.725272756662646678e-01 5.468795587535344449e-01 6.033444912944001953e-02
3.186182082011965733e-01 7.300985299406377305e-01 7.075778182003436556e-02
7.219479920090967617e-01 4.409813129751423144e-01 5.974902705496445282e-02
7.219479920090967617e-01 4.409813129751423144e-01 5.974902705496445282e-02
7.219479920090967617e-01 4.409813129751423144e-01 5.974902705496445282e-02
4.111003524570471246e-01 3.808202235120161094e-01 2.778856617920976574e-02
2.964313352505658639e-01 4.965657087197324349e-01 3.990422008543168669e-02
1.206838957714877203e-01 7.040379055131055219e-01 6.343244293825343882e-02
1.206838957714877203e-01 7.040379055131055219e-01 6.343244293825343882e-02
7.477515879833693258e-02 6.667921270284626889e-01 5.291069287796962284e-02
3.013128284852463479e-02 9.601496407577245762e-01 6.323782274578276796e-02
-1.074245697253421589e-01 9.472590821885100709e-01 7.008402723571789672e-02
5.164767040091426675e-02 9.133484285108246503e-01 6.798397782613566087e-02
5.164767040091426675e-02 9.133484285108246503e-01 6.798397782613566087e-02
5.164767040091426675e-02 9.133484285108246503e-01 6.798397782613566087e-02
5.164767040091426675e-02 9.133484285108246503e-01 6.798397782613566087e-02
-1.154903396268893850e-01 8.118653464274714349e-01 6.112688828064496288e-02
1.879485813506621972e-02 9.658887527049131450e-01 6.315827247576270842e-02
2.204137368885853432e-01 7.789822671031281232e-01 7.141832618302290658e-02
4.308704280652138063e-01 6.895805992302098675e-01 6.890566459864912174e-02
8.842232395110777299e-01 3.486148166508289403e-01 5.413079288359930880e-02
8.842232395110777299e-01 3.486148166508289403e-01 5.413079288359930880e-02
1.115292633706849390e+00 4.772925507119057942e-01 3.986819751566918202e-02
8.587237417201505352e-01 3.074136747160187699e-01 4.772545040099851477e-02
8.587237417201505352e-01 3.074136747160187699e-01 4.772545040099851477e-02
1.035574019681420266e+00 2.725108076389289313e-01 4.947205786328830873e-02
7.938987380600804888e-01 2.496538701596935639e-01 3.386544549383568165e-02
7.166335910501708817e-01 4.739628187578666108e-01 6.239339978031022138e-02
7.166335910501708817e-01 4.739628187578666108e-01 6.239339978031022138e-02
7.764405084465217932e-01 3.981995989505660583e-01 5.664302359809231247e-02
7.764405084465217932e-01 3.981995989505660583e-01 5.664302359809231247e-02
7.764405084465217932e-01 3.981995989505660583e-01 5.664302359809231247e-02
4.324718153265484921e-01 5.653137143157300759e-01 6.325256578617596825e-02
4.324718153265484921e-01 5.653137143157300759e-01 6.325256578617596825e-02
4.324718153265484921e-01 5.653137143157300759e-01 6.325256578617596825e-02
4.324718153265484921e-01 5.653137143157300759e-01 6.325256578617596825e-02
4.324718153265484921e-01 5.653137143157300759e-01 6.325256578617596825e-02
4.324718153265484921e-01 5.653137143157300759e-01 6.325256578617596825e-02
4.324718153265484921e-01 5.653137143157300759e-01 6.325256578617596825e-02
5.017452452027940657e-01 5.399830546043753454e-01 6.329080499307136731e-02
5.257164199748803890e-01 7.181551949418661929e-01 6.011440661919891654e-02
3.002211207791726233e-01 5.140423360178896228e-01 4.381835729753832259e-02
-3.130375480205327410e-02 7.599216079166302151e-01 6.005243438570121578e-02
-4.721186043538802557e-01 1.001473831319095620e+00 5.738852789867773807e-02
-4.721186043538802557e-01 1.001473831319095620e+00 5.738852789867773807e-02
-1.391284886888885519e-01 8.905753390548164505e-01 6.860409697066736923e-02
4.141313460067910790e-02 6.654221237516457776e-01 4.933064317028026946e-02
4.141313460067910790e-02 6.654221237516457776e-01 4.933064317028026946e-02
4.141313460067910790e-02 6.654221237516457776e-01 4.933064317028026946e-02
4.070611574479352512e-01 6.029542423528815309e-01 6.650794687597634536e-02
2.993323906062783091e-01 6.360129334553714653e-01 6.539997733450735040e-02
5.287799006577027505e-01 4.973186822855150124e-01 5.887853686140758630e-02
7.894268991583978101e-01 4.682756643554767395e-01 6.174048352820402791e-02
7.710102552276910659e-01 6.125954218278475416e-01 5.321225667681397931e-02
9.737619784710958015e-01 4.703587100832869461e-01 5.281361325848507593e-02
9.737619784710958015e-01 4.703587100832869461e-01 5.281361325848507593e-02
8.395087172147026600e-01 3.481404521494024795e-01 5.265748935624353644e-02
1.307501205601506067e+00 3.505729266231659147e-01 3.826758336225932061e-02
1.307501205601506067e+00 3.505729266231659147e-01 3.826758336225932061e-02
1.307501205601506067e+00 3.505729266231659147e-01 3.826758336225932061e-02
1.078664193818869466e+00 3.381626550978494850e-01 5.285014676882272833e-02
1.078664193818869466e+00 3.381626550978494850e-01 5.285014676882272833e-02
9.559239203444290789e-01 4.545555244924782690e-01 5.524797720359226477e-02
9.663289729688565588e-01 3.421590089326743689e-01 5.466711492299573122e-02
9.663289729688565588e-01 3.421590089326743689e-01 5.466711492299573122e-02
1.109913047490564963e+00 9.801210100794927049e-02 2.874171754242436233e-02
1.694915702686667025e+00 1.074252964371904401e-01 2.985559863518971735e-02
1.763508414463346829e+00 -1.679987607797351346e-01 2.046584145868864460e-02
1.763508414463346829e+00 -1.679987607797351346e-01 2.046584145868864460e-02
1.764777655475947116e+00 -3.198544081071891254e-02 2.848084900109059889e-02
1.337185786239390772e+00 2.447548570982825411e-01 4.339057412642673833e-02
1.337185786239390772e+00 2.447548570982825411e-01 4.339057412642673833e-02
1.337185786239390772e+00 2.447548570982825411e-01 4.339057412642673833e-02
1.337185786239390772e+00 2.447548570982825411e-01 4.339057412642673833e-02
1.337185786239390772e+00 2.447548570982825411e-01 4.339057412642673833e-02
1.337185786239390772e+00 2.447548570982825411e-01 4.339057412642673833e-02
1.384931637978814800e+00 -2.299746359109196003e-01 5.677423453826985558e-03
1.384931637978814800e+00 -2.299746359109196003e-01 5.677423453826985558e-03
1.384931637978814800e+00 -2.299746359109196003e-01 5.677423453826985558e-03
1.356265676431983813e+00 2.153081417767348515e-01 4.305418802085946017e-02
1.356265676431983813e+00 2.153081417767348515e-01 4.305418802085946017e-02
6.938397580965741662e-01 7.489989689163245590e-01 3.784590984382687345e-02
8.548022546054433457e-01 6.427380226948069541e-01 4.003468090815663627e-02
8.548022546054433457e-01 6.427380226948069541e-01 4.003468090815663627e-02
1.028565833675789465e+00 5.982246610254131625e-01 3.011616265284625810e-02
2.959672593570729093e-01 4.210426826756625829e-01 2.547404412348229855e-02
7.272640022509309077e-01 4.545016687426796653e-01 6.109273831308688341e-02
7.272640022509309077e-01 4.545016687426796653e-01 6.109273831308688341e-02
7.925362935997494196e-01 5.382849911615992244e-01 5.971537399124324935e-02
7.925362935997494196e-01 5.382849911615992244e-01 5.971537399124324935e-02
7.925362935997494196e-01 5.382849911615992244e-01 5.971537399124324935e-02
