2.489132485845457765e-01 1.481402749648903505e-01 2.081431121901316204e-03
2.489132485845457765e-01 1.481402749648903505e-01 2.081431121901316204e-03
2.489132485845457765e-01 1.481402749648903505e-01 2.081431121901316204e-03
2.586250421776775110e-01 4.204236456167081415e-01 3.011840463033954932e-02
4.856495942658185516e-01 5.053481652548066361e-01 7.579815449646838676e-02
4.856495942658185516e-01 5.053481652548066361e-01 7.579815449646838676e-02
7.254005710622861702e-01 5.703799655663452928e-01 6.292860166011167433e-02
1.149364774227835673e+00 5.625458759913484208e-01 1.249006506987748732e-02
7.433554293906874388e-01 3.716620951512508708e-01 7.699257431457054435e-02
1.088840896838840111e+00 3.228206081112685588e-01 6.156242344988883258e-02
8.444715779068131534e-01 4.993027881318389261e-01 6.133484661431269636e-02
8.444715779068131534e-01 4.993027881318389261e-01 6.133484661431269636e-02
8.444715779068131534e-01 4.993027881318389261e-01 6.133484661431269636e-02
1.005006804368589135e+00 4.024306453866938194e-01 5.845607614115938544e-02
1.166745339665484105e+00 2.828315470718562041e-01 5.834152279695740267e-02
1.334758172873423465e+00 3.958510276426549512e-01 1.760699768853078023e-02
1.367752318067149142e+00 1.267618681564514072e-01 5.671357191575938234e-02
1.298233219286692552e+00 2.618090704093412047e-01 4.459128747817244637e-02
9.245816396059916009e-01 3.827447328352571732e-01 7.099023917626015590e-02
9.245816396059916009e-01 3.827447328352571732e-01 7.099023917626015590e-02
9.245816396059916009e-01 3.827447328352571732e-01 7.099023917626015590e-02
9.245816396059916009e-01 3.827447328352571732e-01 7.099023917626015590e-02
4.694879917424491511e-01 6.781444390110500375e-01 7.215566093615752297e-02
4.694879917424491511e-01 6.781444390110500375e-01 7.215566093615752297e-02
4.694879917424491511e-01 6.781444390110500375e-01 7.215566093615752297e-02
5.659092887530754457e-01 8.141351567988814875e-01 3.139557685618384747e-02
5.659092887530754457e-01 8.141351567988814875e-01 3.139557685618384747e-02
6.139085787665163885e-01 5.385442859966029783e-01 7.816093463809789532e-02
6.139085787665163885e-01 5.385442859966029783e-01 7.816093463809789532e-02
7.647533524219730650e-01 4.965696699058205765e-01 7.131356653354666009e-02
8.444101394994446563e-01 2.547298256845676456e-01 6.903688140565368558e-02
6.935145986804630569e-01 1.111904001060125269e-01 2.251609708632366230e-02
1.074272754375792172e+00 2.789876769741396201e-01 6.881347559809913861e-02
8.478278430462409254e-01 5.195808563941403113e-01 5.673247417465369230e-02
8.478278430462409254e-01 5.195808563941403113e-01 5.673247417465369230e-02
8.478278430462409254e-01 5.195808563941403113e-01 5.673247417465369230e-02
8.763810796156603633e-01 7.271389823312949252e-01 1.391343770462624349e-02
8.763810796156603633e-01 7.271389823312949252e-01 1.391343770462624349e-02
8.763810796156603633e-01 7.271389823312949252e-01 1.391343770462624349e-02
1.064208812070783994e+00 3.440123873983196856e-01 6.115041485513753733e-02
1.064208812070783994e+00 3.440123873983196856e-01 6.115041485513753733e-02
8.822341031508671438e-01 7.309783931214453023e-01 1.301638056073588061e-02
7.186667754240638750e-01 4.765252490025945198e-01 7.729222906533199378e-02
8.818542405874040258e-01 4.584117755825864449e-01 6.420531544233758214e-02
4.434836969232407444e-01 8.166543538421418003e-01 4.697800119143959868e-02
4.434836969232407444e-01 8.166543538421418003e-01 4.697800119143959868e-02
4.434836969232407444e-01 8.166543538421418003e-01 4.697800119143959868e-02
2.582747345652670612e-01 1.203520763476449318e+00 5.223515557313933473e-03
2.582747345652670612e-01 1.203520763476449318e+00 5.223515557313933473e-03
2.582747345652670612e-01 1.203520763476449318e+00 5.223515557313933473e-03
2.582747345652670612e-01 1.203520763476449318e+00 5.223515557313933473e-03
3.959483798593413928e-01 9.165145240317784658e-01 3.133642721566091971e-02
4.119101191006399043e-01 8.379251803113858532e-01 4.637727650177149441e-02
4.119101191006399043e-01 8.379251803113858532e-01 4.637727650177149441e-02
4.119101191006399043e-01 8.379251803113858532e-01 4.637727650177149441e-02
3.159597439051306522e-01 6.721481982564153634e-01 7.836449983645399353e-02
3.159597439051306522e-01 6.721481982564153634e-01 7.836449983645399353e-02
3.556127841034251724e-01 7.725975957531540095e-01 6.716440056123045010e-02
3.603778069886670599e-01 9.458003186280712349e-01 2.967838345464550789e-02
3.603778069886670599e-01 9.458003186280712349e-01 2.967838345464550789e-02
1.816780058281454169e-01 1.109633165820671064e+00 1.920898105310862858e-02
8.560128375306057247e-02 1.024087461139302047e+00 4.573346747219586561e-02
-5.075273561110336951e-02 1.131198818841965048e+00 3.849510012061502923e-02
-5.075273561110336951e-02 1.131198818841965048e+00 3.849510012061502923e-02
-5.075273561110336951e-02 1.131198818841965048e+00 3.849510012061502923e-02
2.844900434769948028e-01 9.829655553823340997e-01 3.106873769083700471e-02
1.122317070597991517e-01 9.108690336399765108e-01 6.506971225698666983e-02
1.122317070597991517e-01 9.108690336399765108e-01 6.506971225698666983e-02
1.122317070597991517e-01 9.108690336399765108e-01 6.506971225698666983e-02
-2.933843710381259240e-02 9.945292796274056712e-01 6.205350915475307122e-02
-2.933843710381259240e-02 9.945292796274056712e-01 6.205350915475307122e-02
-1.310077040340055232e-01 8.944125131220191927e-01 6.520944544015752631e-02
9.590426516558608894e-02 1.088328848113211178e+00 3.133679329634093957e-02
-3.170381342056234342e-01 1.003043653889699627e+00 5.825711509250362796e-02
-5.542421456986722506e-01 1.306515004272014169e+00 4.541728307011589499e-02
-5.542421456986722506e-01 1.306515004272014169e+00 4.541728307011589499e-02
-1.766485208432420073e-01 1.096929956230854541e+00 5.591533829389461890e-02
-1.766485208432420073e-01 1.096929956230854541e+00 5.591533829389461890e-02
-1.766485208432420073e-01 1.096929956230854541e+00 5.591533829389461890e-02
-1.998191759223158226e-01 1.080777545707350518e+00 5.928445076913111539e-02
-1.998191759223158226e-01 1.080777545707350518e+00 5.928445076913111539e-02
-1.998191759223158226e-01 1.080777545707350518e+00 5.928445076913111539e-02
-1.998191759223158226e-01 1.080777545707350518e+00 5.928445076913111539e-02
3.349459429193714088e-01 7.852483710349156265e-01 6.694229211166370652e-02
-9.366639055187025997e-02 1.128803029873632680e+00 4.332790525646360025e-02
-2.409114523484762738e-01 1.278621846923475802e+00 2.927410173540829358e-02
-7.275884774880975181e-01 1.515914458173545531e+00 2.732435556927736292e-02
-7.275884774880975181e-01 1.515914458173545531e+00 2.732435556927736292e-02
-7.275884774880975181e-01 1.515914458173545531e+00 2.732435556927736292e-02
-7.275884774880975181e-01 1.515914458173545531e+00 2.732435556927736292e-02
-7.275884774880975181e-01 1.515914458173545531e+00 2.732435556927736292e-02
-7.275884774880975181e-01 1.515914458173545531e+00 2.732435556927736292e-02
-1.002835847070392861e+00 1.856322973585109004e+00 6.639771386678846102e-03
-8.206537296596163600e-01 1.835322220455220199e+00 3.474302095386050046e-03
-1.110176034992746086e+00 2.067625091802105075e+00 1.344475668785791644e-03
-1.110176034992746086e+00 2.067625091802105075e+00 1.344475668785791644e-03
-1.110176034992746086e+00 2.067625091802105075e+00 1.344475668785791644e-03
-1.110176034992746086e+00 2.067625091802105075e+00 1.344475668785791644e-03
-8.390663680658040358e-01 2.042090483926692901e+00 2.894389787768755101e-04
-8.390663680658040358e-01 2.042090483926692901e+00 2.894389787768755101e-04
