2.489132485845457765e-01 1.481402749648903505e-01 1.281172189930067894e-03
1.122328439464369998e+00 6.023246535257291423e-02 3.289686270627863174e-02
1.122328439464369998e+00 6.023246535257291423e-02 3.289686270627863174e-02
7.786059516335416264e-01 1.840684542142038138e-01 2.454827366460406862e-02
7.786059516335416264e-01 1.840684542142038138e-01 2.454827366460406862e-02
7.786059516335416264e-01 1.840684542142038138e-01 2.454827366460406862e-02
8.333616546598197061e-01 9.591510503343839145e-02 1.775680176973795654e-02
8.333616546598197061e-01 9.591510503343839145e-02 1.775680176973795654e-02
8.333616546598197061e-01 9.591510503343839145e-02 1.775680176973795654e-02
1.060298187969252348e+00 1.703660306540881464e-02 2.328975799073154315e-02
1.060298187969252348e+00 1.703660306540881464e-02 2.328975799073154315e-02
1.317490758258224037e+00 -2.084131658614973848e-01 1.325820872747951636e-02
1.116651565529557466e+00 2.501497594319790352e-01 4.576842651276079310e-02
9.006183540022877354e-01 3.983649148572271370e-01 4.525723293794123303e-02
8.950999620101240950e-01 2.910179888767147061e-01 4.358117486731456769e-02
9.807313841224911677e-01 5.310925190722062261e-01 2.829612187835832404e-02
1.028548542969448532e+00 4.090557412068650533e-01 3.961907648649253683e-02
1.028548542969448532e+00 4.090557412068650533e-01 3.961907648649253683e-02
5.259372201562130256e-01 3.972101990181021725e-01 3.187317480190530322e-02
5.999694643309656517e-01 2.518329708137814205e-01 2.009157860001690998e-02
5.999694643309656517e-01 2.518329708137814205e-01 2.009157860001690998e-02
4.590914707153298524e-01 6.618275732450715765e-01 4.023870864318202650e-02
6.436280662985112144e-01 3.449023330508012020e-01 3.434819072450448485e-02
6.436280662985112144e-01 3.449023330508012020e-01 3.434819072450448485e-02
6.436280662985112144e-01 3.449023330508012020e-01 3.434819072450448485e-02
9.574076305460703651e-01 4.463737921966268729e-01 3.980599106184527086e-02
9.574076305460703651e-01 4.463737921966268729e-01 3.980599106184527086e-02
1.537524638471723826e+00 2.072868998002371788e-01 2.748726535281919431e-02
8.852769279479977271e-01 9.159249940169525428e-02 2.064288936960772050e-02
8.852769279479977271e-01 9.159249940169525428e-02 2.064288936960772050e-02
8.323714053454250861e-01 7.172796827458741142e-02 1.509607022902459926e-02
1.487910213897979173e+00 1.415480310043244760e-01 3.757560549514264020e-02
1.487910213897979173e+00 1.415480310043244760e-01 3.757560549514264020e-02
1.487910213897979173e+00 1.415480310043244760e-01 3.757560549514264020e-02
9.730836998713816577e-01 2.850191360749120273e-01 4.552286483227496738e-02
9.716763662763177045e-01 1.619532553548375664e-01 3.542787818728355270e-02
1.019121572817925925e+00 3.489715386401432418e-01 4.465821475622688136e-02
1.239264416872023933e+00 -7.427681713019090859e-02 2.363855886775234963e-02
1.120653627009935649e+00 4.423965232451458340e-01 2.962739572585516151e-02
1.239400525364565908e+00 2.804473956487474329e-02 3.606930666691882115e-02
1.174396356233841310e+00 3.232116928685813129e-01 3.970515751345318062e-02
8.384339700706191501e-01 3.081525074253611551e-01 4.239455349144367891e-02
8.384339700706191501e-01 3.081525074253611551e-01 4.239455349144367891e-02
8.384339700706191501e-01 3.081525074253611551e-01 4.239455349144367891e-02
5.775247186215024531e-01 2.146386304797259781e-01 1.466429461760019454e-02
2.786253970945835046e-01 4.003371684934201591e-01 1.502329378494634930e-02
2.786253970945835046e-01 4.003371684934201591e-01 1.502329378494634930e-02
2.446703067465102466e-01 6.320434883058783093e-01 3.507322696191238903e-02
1.125793215109292533e-01 5.913149890385748231e-01 2.312696352097828173e-02
1.125793215109292533e-01 5.913149890385748231e-01 2.312696352097828173e-02
5.095194090316520485e-01 8.869556995845903069e-01 1.521360932781300537e-02
6.100516320097706391e-01 7.714453716216057577e-01 2.244200676256338789e-02
5.055019351476984779e-01 3.696465227246144569e-01 2.719093729795722322e-02
3.885459352837359326e-01 6.912744754598439956e-01 3.955055162527897766e-02
3.165397202614901317e-01 7.667898023866999146e-01 3.634378790191315767e-02
3.165397202614901317e-01 7.667898023866999146e-01 3.634378790191315767e-02
2.434444187262007064e-01 8.349819295839351341e-01 3.300931734405107565e-02
-7.663131485461033288e-02 8.694070916587187670e-01 3.070638245080332257e-02
-7.663131485461033288e-02 8.694070916587187670e-01 3.070638245080332257e-02
1.095589607394058806e-01 6.442575049179769531e-01 2.785216012386931839e-02
1.095589607394058806e-01 6.442575049179769531e-01 2.785216012386931839e-02
2.236117314765119490e-02 9.065742286507656456e-01 3.173355808840531284e-02
-3.968235349240726850e-01 1.161918186750340087e+00 2.147265376073513241e-02
-3.968235349240726850e-01 1.161918186750340087e+00 2.147265376073513241e-02
-3.968235349240726850e-01 1.161918186750340087e+00 2.147265376073513241e-02
-3.968235349240726850e-01 1.161918186750340087e+00 2.147265376073513241e-02
-9.790405008653996211e-02 1.238455717721285820e+00 9.602809002343625638e-03
-2.740505309547254242e-01 1.075262422483197255e+00 2.490001743547129789e-02
-2.912552742794832228e-01 1.116848486685431574e+00 2.310691679180195551e-02
-2.912552742794832228e-01 1.116848486685431574e+00 2.310691679180195551e-02
-1.271197551158126382e-02 1.221292771949783695e+00 8.249758382822705224e-03
-1.271197551158126382e-02 1.221292771949783695e+00 8.249758382822705224e-03
-1.271197551158126382e-02 1.221292771949783695e+00 8.249758382822705224e-03
-8.615459685932116973e-02 1.107451032481538755e+00 1.958510661314201776e-02
-2.724515703518583520e-01 1.182256532342325972e+00 1.876129141981423137e-02
-9.639460622305255910e-01 1.497550988190945676e+00 1.041059897486197594e-02
-9.914480970167969254e-01 1.614796372269953206e+00 7.007137289085741544e-03
-9.914480970167969254e-01 1.614796372269953206e+00 7.007137289085741544e-03
-9.914480970167969254e-01 1.614796372269953206e+00 7.007137289085741544e-03
-1.215087663748291469e+00 1.427972993488426656e+00 7.579577429387208617e-03
-1.305771344783327903e+00 1.652192126660237737e+00 6.663738108760030275e-03
-1.305771344783327903e+00 1.652192126660237737e+00 6.663738108760030275e-03
-1.305771344783327903e+00 1.652192126660237737e+00 6.663738108760030275e-03
-1.305771344783327903e+00 1.652192126660237737e+00 6.663738108760030275e-03
-1.097680487298795304e+00 1.750522675905519909e+00 3.961838618614184696e-03
-8.410327542506215170e-01 1.742485062467170165e+00 2.066230430911513132e-03
-1.187358453555233728e+00 1.766478338006977955e+00 4.201902804735858227e-03
-1.017640876323319787e+00 1.902544795814206768e+00 8.834167633784610705e-04
-1.017640876323319787e+00 1.902544795814206768e+00 8.834167633784610705e-04
-1.349212723056927743e+00 1.478360158291294635e+00 5.808978942252750015e-03
-1.901685126455234798e+00 1.658276083200961981e+00 1.323412554531734489e-03
-2.021399252489250564e+00 1.447811096887378302e+00 1.167702041405239380e-04
-1.830815613600226710e+00 1.982334132694133721e+00 2.345569593514697498e-03
-1.664759345370297794e+00 1.672526199795942414e+00 3.480517296782315983e-03
-1.664759345370297794e+00 1.672526199795942414e+00 3.480517296782315983e-03
-1.664759345370297794e+00 1.672526199795942414e+00 3.480517296782315983e-03
-8.987086247563461638e-01 1.242677156173046971e+00 1.170502152146864899e-02
-4.195957294022151229e-01 1.277382797521677382e+00 1.542812648130080337e-02
3.009819532516305740e-02 1.321080476486279132e+00 2.847777307519576331e-03
3.009819532516305740e-02 1.321080476486279132e+00 2.847777307519576331e-03
