2.489132485845457765e-01 1.481402749648903505e-01 1.572501411477113470e-03
3.057315507185734971e-01 5.116503432337283774e-01 5.490071166392961749e-02
7.318411627306731226e-01 3.505106532509839612e-01 7.670013777065952387e-02
5.389695610565240491e-01 4.650239523261086583e-01 7.882102678179182809e-02
5.389695610565240491e-01 4.650239523261086583e-01 7.882102678179182809e-02
4.288091135116965935e-01 4.861465991162764455e-01 6.753005509228890424e-02
3.618092555467100624e-01 7.625964518427652550e-01 8.643226325495875773e-02
5.809084753171055437e-01 5.398317715747056322e-01 9.709819591969814923e-02
5.809084753171055437e-01 5.398317715747056322e-01 9.709819591969814923e-02
5.809084753171055437e-01 5.398317715747056322e-01 9.709819591969814923e-02
9.432990622474202169e-01 3.380562342496669093e-01 9.680912063869893946e-02
9.432990622474202169e-01 3.380562342496669093e-01 9.680912063869893946e-02
9.432990622474202169e-01 3.380562342496669093e-01 9.680912063869893946e-02
9.432990622474202169e-01 3.380562342496669093e-01 9.680912063869893946e-02
1.142112868254897329e+00 1.910235635114746755e-01 8.360661887823804539e-02
1.142112868254897329e+00 1.910235635114746755e-01 8.360661887823804539e-02
1.146219097740233117e+00 2.094701371662683331e-01 8.774572870539330827e-02
1.218444659358475901e+00 4.459082429702094230e-01 6.817629369490091351e-02
1.218444659358475901e+00 4.459082429702094230e-01 6.817629369490091351e-02
9.448744262607180477e-01 6.322557300670550440e-02 2.742980742342262038e-02
1.307450568296978366e+00 1.760194725106482561e-01 8.880190761155147550e-02
1.307207057809965711e+00 3.640332997077549981e-01 7.482863115864468728e-02
1.307207057809965711e+00 3.640332997077549981e-01 7.482863115864468728e-02
1.307207057809965711e+00 3.640332997077549981e-01 7.482863115864468728e-02
1.007281901554325287e+00 3.538479358160425692e-01 1.006449128431796680e-01
1.302989349033103483e+00 6.740433414022999337e-01 1.031177634135539527e-02
1.302989349033103483e+00 6.740433414022999337e-01 1.031177634135539527e-02
1.211682903390472132e+00 7.117698365469269373e-01 1.148445203898475729e-02
1.278708232628274155e+00 6.533051650801660060e-01 1.422471112598163931e-02
1.278708232628274155e+00 6.533051650801660060e-01 1.422471112598163931e-02
1.280491262728726598e+00 1.108823529714763056e-01 7.655034277253541797e-02
1.227539803466928037e+00 2.391909778691013733e-01 9.406152002776593801e-02
1.227539803466928037e+00 2.391909778691013733e-01 9.406152002776593801e-02
1.348090340651788122e+00 2.372055074778949280e-01 8.898785095966037229e-02
1.037100524315467398e+00 4.066335549056677712e-01 9.834777522990836851e-02
8.885408866915971426e-01 7.477333970275096275e-02 2.430654692688228799e-02
8.885408866915971426e-01 7.477333970275096275e-02 2.430654692688228799e-02
8.885408866915971426e-01 7.477333970275096275e-02 2.430654692688228799e-02
8.885408866915971426e-01 7.477333970275096275e-02 2.430654692688228799e-02
8.013700051161075644e-01 3.574804025207782843e-01 8.759673441207899147e-02
8.877045067867379569e-01 6.220120517381242387e-01 6.929409754175887282e-02
5.785343905694486644e-01 9.296183415024683594e-01 2.653506062177305239e-02
5.785343905694486644e-01 9.296183415024683594e-01 2.653506062177305239e-02
2.234037888801882477e-01 7.522286619875502289e-01 8.450916210038524057e-02
3.987277656873343124e-01 8.957374088776668408e-01 5.367332096162007876e-02
1.519258245870066804e-01 5.911515044548638631e-01 5.082347323459866784e-02
1.519258245870066804e-01 5.911515044548638631e-01 5.082347323459866784e-02
5.437573824309738235e-01 3.421156975248637599e-01 4.605057660874272568e-02
8.684879311856046336e-01 1.357894833246609534e-01 3.561499676340548759e-02
8.684879311856046336e-01 1.357894833246609534e-01 3.561499676340548759e-02
1.148653373418896839e+00 2.275680083908161455e-01 9.109508166884447422e-02
1.148653373418896839e+00 2.275680083908161455e-01 9.109508166884447422e-02
8.802943990078622161e-01 5.101056040719713636e-01 9.685254763822298552e-02
1.241450392654830814e+00 1.857908976713619209e-01 8.857782397491370530e-02
1.241450392654830814e+00 1.857908976713619209e-01 8.857782397491370530e-02
1.241450392654830814e+00 1.857908976713619209e-01 8.857782397491370530e-02
1.241450392654830814e+00 1.857908976713619209e-01 8.857782397491370530e-02
1.571841727956660106e+00 1.926860116734644968e-01 7.059650345943825622e-02
1.757141103997031717e+00 -3.198983549903420820e-01 1.984622696058773936e-02
1.341444593094096360e+00 4.525356473051134198e-02 6.594855433716796667e-02
1.341444593094096360e+00 4.525356473051134198e-02 6.594855433716796667e-02
1.336920988351269157e+00 1.109210875399859186e-01 8.007785915341961158e-02
1.336920988351269157e+00 1.109210875399859186e-01 8.007785915341961158e-02
1.527112183283179103e+00 -1.370738491884414267e-02 6.549693833472207405e-02
1.527112183283179103e+00 -1.370738491884414267e-02 6.549693833472207405e-02
1.527112183283179103e+00 -1.370738491884414267e-02 6.549693833472207405e-02
1.527112183283179103e+00 -1.370738491884414267e-02 6.549693833472207405e-02
1.527112183283179103e+00 -1.370738491884414267e-02 6.549693833472207405e-02
1.527112183283179103e+00 -1.370738491884414267e-02 6.549693833472207405e-02
1.527112183283179103e+00 -1.370738491884414267e-02 6.549693833472207405e-02
1.527112183283179103e+00 -1.370738491884414267e-02 6.549693833472207405e-02
1.527112183283179103e+00 -1.370738491884414267e-02 6.549693833472207405e-02
1.527112183283179103e+00 -1.370738491884414267e-02 6.549693833472207405e-02
1.430477249608257617e+00 -3.165832912189939230e-02 5.468705780131519895e-02
2.129968910400905191e+00 -5.361926056989343298e-03 3.163821349755361473e-02
1.993543448724411915e+00 1.879680576451094320e-01 1.956564632309468199e-02
1.456538685185804205e+00 3.702541223023908534e-02 7.192964003850242649e-02
1.456538685185804205e+00 3.702541223023908534e-02 7.192964003850242649e-02
1.456538685185804205e+00 3.702541223023908534e-02 7.192964003850242649e-02
1.477735091634663434e+00 -3.336683203159829247e-02 5.810311239554267343e-02
1.605288680963587344e+00 2.877639282008289667e-01 4.753183023899291981e-02
1.753125765822569182e+00 -1.877357633780906143e-01 4.287168783950238982e-02
2.187828111612309723e+00 -1.593508861872958426e-01 3.926088013125014764e-02
2.187828111612309723e+00 -1.593508861872958426e-01 3.926088013125014764e-02
2.187828111612309723e+00 -1.593508861872958426e-01 3.926088013125014764e-02
1.810627799768076862e+00 -6.904854804113481903e-02 6.111148870608245492e-02
1.810627799768076862e+00 -6.904854804113481903e-02 6.111148870608245492e-02
1.810627799768076862e+00 -6.904854804113481903e-02 6.111148870608245492e-02
1.816168483329104966e+00 7.229666432356858519e-02 5.697224681352790893e-02
1.526137402441888336e+00 3.045675319135788262e-01 5.545374686404708209e-02
1.667978081682930824e+00 4.586079559049859311e-01 1.144785852211450267e-02
1.667978081682930824e+00 4.586079559049859311e-01 1.144785852211450267e-02
1.667978081682930824e+00 4.586079559049859311e-01 1.144785852211450267e-02
1.667978081682930824e+00 4.586079559049859311e-01 1.144785852211450267e-02
9.031736946561726986e-01 3.333026070840991451e-01 9.294586822841202634e-02
9.031736946561726986e-01 3.333026070840991451e-01 9.294586822841202634e-02
9.342413969594580703e-01 3.501737528452469328e-01 9.799328993059737425e-02
9.342413969594580703e-01 3.501737528452469328e-01 9.799328993059737425e-02
6.243760650167133885e-01 4.862647743300107517e-01 9.391316147238373824e-02
6.243760650167133885e-01 4.862647743300107517e-01 9.391316147238373824e-02
