2.489132485845457765e-01 1.481402749648903505e-01 1.842839753274442827e-01
2.489132485845457765e-01 1.481402749648903505e-01 1.842839753274442827e-01
2.196749389300983180e-01 1.405708853987256979e-01 1.068787241298020940e-01
2.196749389300983180e-01 1.405708853987256979e-01 1.068787241298020940e-01
5.202958356561790954e-01 9.370950583337395168e-03 2.813852353757589908e-01
1.578812520851159973e-01 4.719700778522930573e-01 3.237178810422005060e-01
1.578812520851159973e-01 4.719700778522930573e-01 3.237178810422005060e-01
2.797106703881245826e-01 4.726308644747834187e-01 7.622796972845217178e-01
2.797106703881245826e-01 4.726308644747834187e-01 7.622796972845217178e-01
2.797106703881245826e-01 4.726308644747834187e-01 7.622796972845217178e-01
2.797106703881245826e-01 4.726308644747834187e-01 7.622796972845217178e-01
3.876429474180030366e-01 5.679555455588125579e-01 2.951188505412072338e-01
2.870479875215896093e-01 7.401517325280027038e-01 2.812115719425178351e-01
2.870479875215896093e-01 7.401517325280027038e-01 2.812115719425178351e-01
2.870479875215896093e-01 7.401517325280027038e-01 2.812115719425178351e-01
2.870479875215896093e-01 7.401517325280027038e-01 2.812115719425178351e-01
2.870479875215896093e-01 7.401517325280027038e-01 2.812115719425178351e-01
2.870479875215896093e-01 7.401517325280027038e-01 2.812115719425178351e-01
2.870479875215896093e-01 7.401517325280027038e-01 2.812115719425178351e-01
2.754106729812620391e-01 1.994955365383193069e-01 3.653186299465884801e-01
2.754106729812620391e-01 1.994955365383193069e-01 3.653186299465884801e-01
2.754106729812620391e-01 1.994955365383193069e-01 3.653186299465884801e-01
1.627401292787301612e-01 4.037047158317158546e-01 2.590570322912021384e-01
1.627401292787301612e-01 4.037047158317158546e-01 2.590570322912021384e-01
1.627401292787301612e-01 4.037047158317158546e-01 2.590570322912021384e-01
2.127952290373526789e-01 2.293297913844792313e-01 1.939667861825910833e-01
2.127952290373526789e-01 2.293297913844792313e-01 1.939667861825910833e-01
2.127952290373526789e-01 2.293297913844792313e-01 1.939667861825910833e-01
2.127952290373526789e-01 2.293297913844792313e-01 1.939667861825910833e-01
3.085971583221421288e-01 2.966151568915692538e-01 6.935604085136108932e-01
3.085971583221421288e-01 2.966151568915692538e-01 6.935604085136108932e-01
3.387585158407674935e-01 1.680021633086581090e-01 5.195742640673232104e-01
3.387585158407674935e-01 1.680021633086581090e-01 5.195742640673232104e-01
2.812677720509245693e-01 3.361138894091417195e-01 6.703009819661943647e-01
2.812677720509245693e-01 3.361138894091417195e-01 6.703009819661943647e-01
2.812677720509245693e-01 3.361138894091417195e-01 6.703009819661943647e-01
1.890668379259343723e-01 4.086644375758681225e-01 3.770565127179296150e-01
1.890668379259343723e-01 4.086644375758681225e-01 3.770565127179296150e-01
1.890668379259343723e-01 4.086644375758681225e-01 3.770565127179296150e-01
6.166927597870364153e-02 9.194868101364873647e-01 1.321481434196778437e-01
1.091305983345634001e-01 8.444294823694685759e-01 2.262126068827660375e-01
-1.105335529321722909e-01 8.781835151918586657e-01 7.656228664514565935e-03
1.240070020740897117e-01 1.072228165395061827e+00 5.971142388112261890e-02
1.240070020740897117e-01 1.072228165395061827e+00 5.971142388112261890e-02
1.837448098628090554e-01 6.322883502313590975e-01 5.078870987662430503e-01
1.837448098628090554e-01 6.322883502313590975e-01 5.078870987662430503e-01
3.371935129555844179e-01 2.300012627254759412e-01 6.464347369033534019e-01
3.371935129555844179e-01 2.300012627254759412e-01 6.464347369033534019e-01
3.371935129555844179e-01 2.300012627254759412e-01 6.464347369033534019e-01
3.371935129555844179e-01 2.300012627254759412e-01 6.464347369033534019e-01
2.843272196701338572e-01 2.049418437686739147e-01 4.118913077788213251e-01
2.843272196701338572e-01 2.049418437686739147e-01 4.118913077788213251e-01
2.843272196701338572e-01 2.049418437686739147e-01 4.118913077788213251e-01
2.843272196701338572e-01 2.049418437686739147e-01 4.118913077788213251e-01
2.843272196701338572e-01 2.049418437686739147e-01 4.118913077788213251e-01
2.843272196701338572e-01 2.049418437686739147e-01 4.118913077788213251e-01
2.986540354461216240e-01 1.266041823837003588e-01 2.993733325935372114e-01
2.986540354461216240e-01 1.266041823837003588e-01 2.993733325935372114e-01
2.986540354461216240e-01 1.266041823837003588e-01 2.993733325935372114e-01
2.986540354461216240e-01 1.266041823837003588e-01 2.993733325935372114e-01
2.986540354461216240e-01 1.266041823837003588e-01 2.993733325935372114e-01
2.986540354461216240e-01 1.266041823837003588e-01 2.993733325935372114e-01
2.986540354461216240e-01 1.266041823837003588e-01 2.993733325935372114e-01
4.377234866669422741e-01 2.743734295989168626e-01 5.430118387106618316e-01
4.377234866669422741e-01 2.743734295989168626e-01 5.430118387106618316e-01
4.377234866669422741e-01 2.743734295989168626e-01 5.430118387106618316e-01
4.377234866669422741e-01 2.743734295989168626e-01 5.430118387106618316e-01
4.377234866669422741e-01 2.743734295989168626e-01 5.430118387106618316e-01
4.307525515963974705e-01 3.829131834107168952e-01 4.426643226289689870e-01
4.307525515963974705e-01 3.829131834107168952e-01 4.426643226289689870e-01
4.307525515963974705e-01 3.829131834107168952e-01 4.426643226289689870e-01
4.307525515963974705e-01 3.829131834107168952e-01 4.426643226289689870e-01
4.307525515963974705e-01 3.829131834107168952e-01 4.426643226289689870e-01
4.112704999365419112e-01 4.154323852008411366e-01 4.809798369611648083e-01
4.168627560346816474e-01 4.561687261638313062e-01 3.816900529518140184e-01
4.388210869295615657e-01 1.891115702392587861e-01 5.601918450632166202e-01
2.056122409426129338e-01 5.278204843036017335e-01 5.804344276870302410e-01
2.056122409426129338e-01 5.278204843036017335e-01 5.804344276870302410e-01
2.056122409426129338e-01 5.278204843036017335e-01 5.804344276870302410e-01
2.056122409426129338e-01 5.278204843036017335e-01 5.804344276870302410e-01
1.825364851293484469e-01 4.063417746971757505e-01 3.444263604923385458e-01
1.825364851293484469e-01 4.063417746971757505e-01 3.444263604923385458e-01
1.825364851293484469e-01 4.063417746971757505e-01 3.444263604923385458e-01
3.249093750994039298e-01 4.136391767248807083e-01 7.848393235955143377e-01
3.249093750994039298e-01 4.136391767248807083e-01 7.848393235955143377e-01
3.249093750994039298e-01 4.136391767248807083e-01 7.848393235955143377e-01
5.369871808275189506e-01 1.042377893987396220e-01 2.508679845753157278e-01
5.369871808275189506e-01 1.042377893987396220e-01 2.508679845753157278e-01
5.369871808275189506e-01 1.042377893987396220e-01 2.508679845753157278e-01
5.369871808275189506e-01 1.042377893987396220e-01 2.508679845753157278e-01
5.369871808275189506e-01 1.042377893987396220e-01 2.508679845753157278e-01
5.369871808275189506e-01 1.042377893987396220e-01 2.508679845753157278e-01
5.369871808275189506e-01 1.042377893987396220e-01 2.508679845753157278e-01
5.369871808275189506e-01 1.042377893987396220e-01 2.508679845753157278e-01
4.266665317753490783e-01 1.753288836331758083e-01 5.824957280247883284e-01
4.266665317753490783e-01 1.753288836331758083e-01 5.824957280247883284e-01
4.266665317753490783e-01 1.753288836331758083e-01 5.824957280247883284e-01
4.266665317753490783e-01 1.753288836331758083e-01 5.824957280247883284e-01
4.266665317753490783e-01 1.753288836331758083e-01 5.824957280247883284e-01
4.266665317753490783e-01 1.753288836331758083e-01 5.824957280247883284e-01
