2.489132485845457765e-01 1.481402749648903505e-01 1.963006122989451319e-01
2.489132485845457765e-01 1.481402749648903505e-01 1.963006122989451319e-01
2.489132485845457765e-01 1.481402749648903505e-01 1.963006122989451319e-01
4.756431513731094185e-01 -1.084704763882520795e-01 1.717065260204197474e-01
4.756431513731094185e-01 -1.084704763882520795e-01 1.717065260204197474e-01
4.756431513731094185e-01 -1.084704763882520795e-01 1.717065260204197474e-01
4.756431513731094185e-01 -1.084704763882520795e-01 1.717065260204197474e-01
4.756431513731094185e-01 -1.084704763882520795e-01 1.717065260204197474e-01
3.934124802393119125e-01 -1.951377466850707232e-01 5.309457926753611418e-02
3.934124802393119125e-01 -1.951377466850707232e-01 5.309457926753611418e-02
6.237872309495606782e-01 -2.230465781952516435e-01 4.926982212296564939e-02
6.237872309495606782e-01 -2.230465781952516435e-01 4.926982212296564939e-02
6.237872309495606782e-01 -2.230465781952516435e-01 4.926982212296564939e-02
6.237872309495606782e-01 -2.230465781952516435e-01 4.926982212296564939e-02
6.237872309495606782e-01 -2.230465781952516435e-01 4.926982212296564939e-02
6.237872309495606782e-01 -2.230465781952516435e-01 4.926982212296564939e-02
6.237872309495606782e-01 -2.230465781952516435e-01 4.926982212296564939e-02
6.103635245986108737e-01 -1.978960419049299313e-01 6.032122544008011733e-02
6.103635245986108737e-01 -1.978960419049299313e-01 6.032122544008011733e-02
6.103635245986108737e-01 -1.978960419049299313e-01 6.032122544008011733e-02
6.103635245986108737e-01 -1.978960419049299313e-01 6.032122544008011733e-02
6.826684018986941549e-01 -3.015419277752097726e-01 1.990440094370912391e-02
3.705383814028229139e-01 -2.221467572489117526e-01 2.867976473342830068e-02
3.705383814028229139e-01 -2.221467572489117526e-01 2.867976473342830068e-02
6.539260653358780484e-01 -1.299984263831384101e-01 3.407395043057687145e-02
6.539260653358780484e-01 -1.299984263831384101e-01 3.407395043057687145e-02
6.539260653358780484e-01 -1.299984263831384101e-01 3.407395043057687145e-02
6.539260653358780484e-01 -1.299984263831384101e-01 3.407395043057687145e-02
6.539260653358780484e-01 -1.299984263831384101e-01 3.407395043057687145e-02
6.539260653358780484e-01 -1.299984263831384101e-01 3.407395043057687145e-02
6.539260653358780484e-01 -1.299984263831384101e-01 3.407395043057687145e-02
6.539260653358780484e-01 -1.299984263831384101e-01 3.407395043057687145e-02
6.539260653358780484e-01 -1.299984263831384101e-01 3.407395043057687145e-02
6.539260653358780484e-01 -1.299984263831384101e-01 3.407395043057687145e-02
3.450593783518561275e-01 4.475046185196489557e-01 5.120396998553249368e-01
3.450593783518561275e-01 4.475046185196489557e-01 5.120396998553249368e-01
2.468917592380878157e-01 2.646563172136544573e-01 4.040342650889691689e-01
2.468917592380878157e-01 2.646563172136544573e-01 4.040342650889691689e-01
2.556931598488519919e-01 3.773773159121172061e-01 6.342384006194574653e-01
1.100632700526162355e-01 5.562584940950240364e-01 3.050869402117088458e-01
1.175203315673787052e-01 8.369606989431961352e-01 2.890833282039461105e-01
1.175203315673787052e-01 8.369606989431961352e-01 2.890833282039461105e-01
1.175203315673787052e-01 8.369606989431961352e-01 2.890833282039461105e-01
1.175203315673787052e-01 8.369606989431961352e-01 2.890833282039461105e-01
1.175203315673787052e-01 8.369606989431961352e-01 2.890833282039461105e-01
1.175203315673787052e-01 8.369606989431961352e-01 2.890833282039461105e-01
1.175203315673787052e-01 8.369606989431961352e-01 2.890833282039461105e-01
1.175203315673787052e-01 8.369606989431961352e-01 2.890833282039461105e-01
1.175203315673787052e-01 8.369606989431961352e-01 2.890833282039461105e-01
1.175203315673787052e-01 8.369606989431961352e-01 2.890833282039461105e-01
1.175203315673787052e-01 8.369606989431961352e-01 2.890833282039461105e-01
1.175203315673787052e-01 8.369606989431961352e-01 2.890833282039461105e-01
1.175203315673787052e-01 8.369606989431961352e-01 2.890833282039461105e-01
1.175203315673787052e-01 8.369606989431961352e-01 2.890833282039461105e-01
1.175203315673787052e-01 8.369606989431961352e-01 2.890833282039461105e-01
1.175203315673787052e-01 8.369606989431961352e-01 2.890833282039461105e-01
1.175203315673787052e-01 8.369606989431961352e-01 2.890833282039461105e-01
1.433213641259981075e-01 9.445072182626294000e-01 1.456751003925452759e-01
2.448803813629041870e-01 5.360264418255247243e-01 6.452825992432422719e-01
2.448803813629041870e-01 5.360264418255247243e-01 6.452825992432422719e-01
2.448803813629041870e-01 5.360264418255247243e-01 6.452825992432422719e-01
2.417930549363277171e-01 4.675130713229307955e-01 6.717030085303897780e-01
2.417930549363277171e-01 4.675130713229307955e-01 6.717030085303897780e-01
2.417930549363277171e-01 4.675130713229307955e-01 6.717030085303897780e-01
2.417930549363277171e-01 4.675130713229307955e-01 6.717030085303897780e-01
2.417930549363277171e-01 4.675130713229307955e-01 6.717030085303897780e-01
2.669851946998725856e-01 6.265250319013760949e-01 4.511241536559453258e-01
2.669851946998725856e-01 6.265250319013760949e-01 4.511241536559453258e-01
2.669851946998725856e-01 6.265250319013760949e-01 4.511241536559453258e-01
2.669851946998725856e-01 6.265250319013760949e-01 4.511241536559453258e-01
3.849909472591212523e-01 5.359039323682428524e-01 2.058808311775872091e-01
3.849909472591212523e-01 5.359039323682428524e-01 2.058808311775872091e-01
-6.026462300701224128e-02 1.045567346690791322e+00 5.384793839449025787e-02
-6.026462300701224128e-02 1.045567346690791322e+00 5.384793839449025787e-02
-6.026462300701224128e-02 1.045567346690791322e+00 5.384793839449025787e-02
7.708708183579673912e-02 9.399292956047575753e-01 1.779344078947619479e-01
7.708708183579673912e-02 9.399292956047575753e-01 1.779344078947619479e-01
7.708708183579673912e-02 9.399292956047575753e-01 1.779344078947619479e-01
7.708708183579673912e-02 9.399292956047575753e-01 1.779344078947619479e-01
7.708708183579673912e-02 9.399292956047575753e-01 1.779344078947619479e-01
7.708708183579673912e-02 9.399292956047575753e-01 1.779344078947619479e-01
7.708708183579673912e-02 9.399292956047575753e-01 1.779344078947619479e-01
2.309295074910464041e-01 8.238753406728740458e-01 1.788755138861304606e-01
1.278150007989925507e-01 7.856641516045448359e-01 3.499731686027529043e-01
1.278150007989925507e-01 7.856641516045448359e-01 3.499731686027529043e-01
1.278150007989925507e-01 7.856641516045448359e-01 3.499731686027529043e-01
1.278150007989925507e-01 7.856641516045448359e-01 3.499731686027529043e-01
1.076557274723478480e-01 6.734516724129815390e-01 3.682156566057417368e-01
1.076557274723478480e-01 6.734516724129815390e-01 3.682156566057417368e-01
1.076557274723478480e-01 6.734516724129815390e-01 3.682156566057417368e-01
1.352485270347474344e-01 5.278382255567823922e-01 3.738554043325219567e-01
1.352485270347474344e-01 5.278382255567823922e-01 3.738554043325219567e-01
1.352485270347474344e-01 5.278382255567823922e-01 3.738554043325219567e-01
1.352485270347474344e-01 5.278382255567823922e-01 3.738554043325219567e-01
1.352485270347474344e-01 5.278382255567823922e-01 3.738554043325219567e-01
1.352485270347474344e-01 5.278382255567823922e-01 3.738554043325219567e-01
1.727428031870529568e-01 6.746979039604055206e-01 4.968614195443896153e-01
3.887036465308127409e-01 3.274897319952707053e-01 4.964108485518687330e-01
3.887036465308127409e-01 3.274897319952707053e-01 4.964108485518687330e-01
3.089441365676061646e-01 6.043918577710560847e-02 2.078841283688505071e-01
