2.489132485845457765e-01 1.481402749648903505e-01 3.661856845480186088e-03
2.489132485845457765e-01 1.481402749648903505e-01 3.661856845480186088e-03
4.315071134924767238e-01 4.651971381411158513e-01 1.791400956844273751e-01
4.315071134924767238e-01 4.651971381411158513e-01 1.791400956844273751e-01
1.079075556501280508e-01 7.881748851251377808e-01 2.172624690738723940e-01
1.079075556501280508e-01 7.881748851251377808e-01 2.172624690738723940e-01
1.079075556501280508e-01 7.881748851251377808e-01 2.172624690738723940e-01
1.665982996325652277e-01 6.188221978852330718e-01 2.350984955513101826e-01
-9.661556674534732547e-02 9.781885295021688354e-01 1.276002052764579342e-01
-9.661556674534732547e-02 9.781885295021688354e-01 1.276002052764579342e-01
-2.307206649378467922e-01 9.236919426050642645e-01 2.013011523391026181e-01
-2.307206649378467922e-01 9.236919426050642645e-01 2.013011523391026181e-01
-2.307206649378467922e-01 9.236919426050642645e-01 2.013011523391026181e-01
-2.307206649378467922e-01 9.236919426050642645e-01 2.013011523391026181e-01
-2.307206649378467922e-01 9.236919426050642645e-01 2.013011523391026181e-01
-1.220693375949188503e-01 7.741213371860850012e-01 2.387776962913831791e-01
-1.220693375949188503e-01 7.741213371860850012e-01 2.387776962913831791e-01
-1.220693375949188503e-01 7.741213371860850012e-01 2.387776962913831791e-01
-1.220693375949188503e-01 7.741213371860850012e-01 2.387776962913831791e-01
2.995396450784926778e-01 5.463365442852980980e-01 2.138284723948750965e-01
-2.237965943706297645e-01 7.021959149690888413e-01 1.623371803528541601e-01
-3.378259911231197843e-01 9.219299897215125217e-01 2.008963357139615935e-01
-3.378259911231197843e-01 9.219299897215125217e-01 2.008963357139615935e-01
-3.378259911231197843e-01 9.219299897215125217e-01 2.008963357139615935e-01
-2.457342731014947046e-01 8.263509171880730753e-01 2.206151226330201331e-01
1.072808890795643455e-01 8.749978534181356293e-01 1.451411696853092403e-01
1.072808890795643455e-01 8.749978534181356293e-01 1.451411696853092403e-01
1.072808890795643455e-01 8.749978534181356293e-01 1.451411696853092403e-01
1.072808890795643455e-01 8.749978534181356293e-01 1.451411696853092403e-01
2.050685151142684348e-01 9.252491452252949999e-01 6.902050950023791431e-02
2.849022660806402873e-01 7.976233811013866415e-01 1.369584136165382382e-01
2.849022660806402873e-01 7.976233811013866415e-01 1.369584136165382382e-01
-1.984242904745397440e-01 6.237383849650641743e-01 1.101619432996479714e-01
-2.435952049833716437e-01 1.008370050253111661e+00 1.430561902345779401e-01
-2.435952049833716437e-01 1.008370050253111661e+00 1.430561902345779401e-01
-7.758238496936434303e-02 6.291580382193483478e-01 1.670319113838354685e-01
-7.758238496936434303e-02 6.291580382193483478e-01 1.670319113838354685e-01
-3.119967453993739981e-01 9.102336956471969165e-01 2.063241899843630267e-01
-3.119967453993739981e-01 9.102336956471969165e-01 2.063241899843630267e-01
-3.119967453993739981e-01 9.102336956471969165e-01 2.063241899843630267e-01
-1.439733410657225710e-01 7.700292587569412817e-01 2.329380408238135303e-01
-1.439733410657225710e-01 7.700292587569412817e-01 2.329380408238135303e-01
-1.439733410657225710e-01 7.700292587569412817e-01 2.329380408238135303e-01
-1.439733410657225710e-01 7.700292587569412817e-01 2.329380408238135303e-01
-1.439733410657225710e-01 7.700292587569412817e-01 2.329380408238135303e-01
-1.439733410657225710e-01 7.700292587569412817e-01 2.329380408238135303e-01
-1.439733410657225710e-01 7.700292587569412817e-01 2.329380408238135303e-01
2.464853457077881282e-02 1.007043218746980218e+00 6.807591685853647823e-02
2.464853457077881282e-02 1.007043218746980218e+00 6.807591685853647823e-02
-6.973860688721400525e-01 1.123548342647006537e+00 1.062589622263676592e-01
-6.973860688721400525e-01 1.123548342647006537e+00 1.062589622263676592e-01
-5.825539306623387370e-01 1.132511843202829382e+00 1.050783438632732492e-01
-6.217585299331107596e-01 8.653567152113633698e-01 9.454740769720781923e-02
-6.217585299331107596e-01 8.653567152113633698e-01 9.454740769720781923e-02
-5.731410737252315979e-01 1.193797610493653405e+00 7.228816299820281510e-02
-5.731410737252315979e-01 1.193797610493653405e+00 7.228816299820281510e-02
-6.521130416981043565e-01 1.217562965271794084e+00 6.746748700187014947e-02
-6.521130416981043565e-01 1.217562965271794084e+00 6.746748700187014947e-02
-4.755296911208757304e-01 6.807721966403887937e-01 4.954987064527094365e-02
-4.755296911208757304e-01 6.807721966403887937e-01 4.954987064527094365e-02
-4.755296911208757304e-01 6.807721966403887937e-01 4.954987064527094365e-02
-4.755296911208757304e-01 6.807721966403887937e-01 4.954987064527094365e-02
-6.215399702862507425e-01 7.154321056123901235e-01 2.980818597183398228e-02
-6.215399702862507425e-01 7.154321056123901235e-01 2.980818597183398228e-02
-6.215399702862507425e-01 7.154321056123901235e-01 2.980818597183398228e-02
-6.215399702862507425e-01 7.154321056123901235e-01 2.980818597183398228e-02
-6.918582110720604694e-01 5.708650355006890109e-01 2.523347566675146047e-03
-5.476476720341543203e-01 8.939258359813260224e-01 1.367312084203366751e-01
-2.585895254963611056e-01 6.870602098339346764e-01 1.344956802719949329e-01
-2.585895254963611056e-01 6.870602098339346764e-01 1.344956802719949329e-01
-2.585895254963611056e-01 6.870602098339346764e-01 1.344956802719949329e-01
-2.026490203213874020e-01 9.341591785934165726e-01 1.911328134892394670e-01
-2.026490203213874020e-01 9.341591785934165726e-01 1.911328134892394670e-01
-1.502205634887300578e-01 9.238653942101181515e-01 1.884276421236021626e-01
-1.502205634887300578e-01 9.238653942101181515e-01 1.884276421236021626e-01
-7.098480779014835207e-01 8.503038714121664565e-01 5.818260152549240005e-02
-4.024026737144547061e-01 9.353072218868905274e-01 1.892254037359910879e-01
-4.024026737144547061e-01 9.353072218868905274e-01 1.892254037359910879e-01
-4.024026737144547061e-01 9.353072218868905274e-01 1.892254037359910879e-01
-4.355137964747464729e-01 1.074055687924365676e+00 1.278657419964670805e-01
-6.470835204209478553e-01 8.974110357935681792e-01 9.978435532827702181e-02
-6.470835204209478553e-01 8.974110357935681792e-01 9.978435532827702181e-02
-3.597494137921744550e-01 1.097984540391769182e+00 9.992654274043120954e-02
-3.597494137921744550e-01 1.097984540391769182e+00 9.992654274043120954e-02
-6.912637950677371634e-01 1.047031158057891043e+00 1.201761071162468775e-01
-6.912637950677371634e-01 1.047031158057891043e+00 1.201761071162468775e-01
-6.912637950677371634e-01 1.047031158057891043e+00 1.201761071162468775e-01
-1.664133152202530441e-01 8.336649471200680006e-01 2.339897434478126759e-01
9.723775327831030157e-02 8.777215933232785927e-01 1.467388533931850425e-01
4.432470993574673668e-01 6.545224979626901307e-01 1.731112458037100121e-01
4.432470993574673668e-01 6.545224979626901307e-01 1.731112458037100121e-01
4.432470993574673668e-01 6.545224979626901307e-01 1.731112458037100121e-01
4.432470993574673668e-01 6.545224979626901307e-01 1.731112458037100121e-01
1.459234918770617173e-01 6.847420277179816495e-01 2.486510637596822115e-01
1.444709497873182813e-01 7.339232677546768668e-01 2.374512784319209591e-01
1.444709497873182813e-01 7.339232677546768668e-01 2.374512784319209591e-01
4.006401573273371541e-01 4.421447481886762176e-01 1.600272448729291863e-01
8.673227472848554775e-01 4.504180725238751681e-01 9.510782581758038534e-02
8.673227472848554775e-01 4.504180725238751681e-01 9.510782581758038534e-02
8.673227472848554775e-01 4.504180725238751681e-01 9.510782581758038534e-02
