2.489132485845457765e-01 1.481402749648903505e-01 1.336465491531807232e-03
1.681309790434352136e-01 1.042878583027344597e-01 4.170210338212064732e-04
1.390317404326845974e-01 3.837802235129688100e-01 6.947227232289795301e-03
1.390317404326845974e-01 3.837802235129688100e-01 6.947227232289795301e-03
1.390317404326845974e-01 3.837802235129688100e-01 6.947227232289795301e-03
6.841845450772544579e-01 7.034920361669910749e-01 1.125540042828095458e-02
5.819631550813657572e-01 4.380018347501738463e-01 2.672781214847294584e-02
5.819631550813657572e-01 4.380018347501738463e-01 2.672781214847294584e-02
5.819631550813657572e-01 4.380018347501738463e-01 2.672781214847294584e-02
1.148359263527230389e+00 4.609134914444895648e-02 1.693882522260930709e-02
1.583721563986595582e+00 -1.633293650079368498e-01 1.131696742136730806e-02
1.583721563986595582e+00 -1.633293650079368498e-01 1.131696742136730806e-02
1.583721563986595582e+00 -1.633293650079368498e-01 1.131696742136730806e-02
1.509117836784328315e+00 8.120186000491649847e-02 8.860435991377863321e-03
1.509117836784328315e+00 8.120186000491649847e-02 8.860435991377863321e-03
1.411392302670346099e+00 9.497715332902630092e-02 1.159575210292399135e-02
1.411392302670346099e+00 9.497715332902630092e-02 1.159575210292399135e-02
1.163836590803933424e+00 9.703309356962207255e-02 1.785255177155257306e-02
1.334045526324360686e+00 1.207228810553761245e-01 1.337024106721044180e-02
1.334045526324360686e+00 1.207228810553761245e-01 1.337024106721044180e-02
1.334045526324360686e+00 1.207228810553761245e-01 1.337024106721044180e-02
1.334045526324360686e+00 1.207228810553761245e-01 1.337024106721044180e-02
1.334045526324360686e+00 1.207228810553761245e-01 1.337024106721044180e-02
1.334045526324360686e+00 1.207228810553761245e-01 1.337024106721044180e-02
1.334045526324360686e+00 1.207228810553761245e-01 1.337024106721044180e-02
1.334045526324360686e+00 1.207228810553761245e-01 1.337024106721044180e-02
1.154306719231210865e+00 3.442771431201001597e-01 1.094705981166999888e-02
1.154306719231210865e+00 3.442771431201001597e-01 1.094705981166999888e-02
1.154306719231210865e+00 3.442771431201001597e-01 1.094705981166999888e-02
1.154306719231210865e+00 3.442771431201001597e-01 1.094705981166999888e-02
9.404581601529446999e-01 1.957504186167405846e-01 2.080519456475180690e-02
9.404581601529446999e-01 1.957504186167405846e-01 2.080519456475180690e-02
1.004990662958573200e+00 2.682445153049523023e-01 2.012833677515334097e-02
1.004990662958573200e+00 2.682445153049523023e-01 2.012833677515334097e-02
1.004990662958573200e+00 2.682445153049523023e-01 2.012833677515334097e-02
1.004990662958573200e+00 2.682445153049523023e-01 2.012833677515334097e-02
7.541845304843507458e-01 4.108435924978279807e-01 2.450715370942735394e-02
7.541845304843507458e-01 4.108435924978279807e-01 2.450715370942735394e-02
5.093696112661583175e-01 4.390344474687098431e-01 2.591816540737928651e-02
4.928865776001137844e-01 3.517751235906666496e-01 1.953065372111299769e-02
8.800874912346631218e-01 4.367134324812081969e-01 1.859542299632667428e-02
8.800874912346631218e-01 4.367134324812081969e-01 1.859542299632667428e-02
8.800874912346631218e-01 4.367134324812081969e-01 1.859542299632667428e-02
8.800874912346631218e-01 4.367134324812081969e-01 1.859542299632667428e-02
7.716975992495390679e-01 3.599129462526264311e-01 2.450237389717760048e-02
7.716975992495390679e-01 3.599129462526264311e-01 2.450237389717760048e-02
7.716975992495390679e-01 3.599129462526264311e-01 2.450237389717760048e-02
1.688421709697516038e+00 -1.052888751565170811e-01 8.820662733357763352e-03
1.688421709697516038e+00 -1.052888751565170811e-01 8.820662733357763352e-03
1.416579062300650005e+00 -6.900395109707696539e-02 1.371382687974237978e-02
1.276144457820838296e+00 1.773148301657800630e-01 1.350688686252054030e-02
6.035071211546443326e-01 3.250783797755194549e-01 2.155151179782118301e-02
3.232153044490109761e-01 3.717231713696256268e-01 1.360436806653762647e-02
1.601258484169990060e-01 4.382333199520364042e-01 1.134321881064497516e-02
1.601258484169990060e-01 4.382333199520364042e-01 1.134321881064497516e-02
1.601258484169990060e-01 4.382333199520364042e-01 1.134321881064497516e-02
1.601258484169990060e-01 4.382333199520364042e-01 1.134321881064497516e-02
-1.058266149503063192e-01 6.015209676283074236e-01 1.134987528172017555e-02
-1.058266149503063192e-01 6.015209676283074236e-01 1.134987528172017555e-02
-2.659932385398386390e-02 5.103751002456778929e-01 8.437758516667484901e-03
-2.659932385398386390e-02 5.103751002456778929e-01 8.437758516667484901e-03
4.443875798954706191e-01 6.009870684446823041e-01 2.895895519148912467e-02
3.651592554496372323e-01 3.005964346780505836e-01 1.012305498976634292e-02
5.277082545832838534e-01 2.323865899859398065e-01 1.178282408059249005e-02
5.324344432881972233e-01 2.342529704289357251e-01 1.210270936396080216e-02
7.568016924911245003e-01 2.455877932369114336e-01 2.070977461846202836e-02
6.899478690220255395e-01 4.731786233660698615e-01 2.498767227224784476e-02
9.614163418383254722e-01 6.451501171903787357e-01 4.049348497388083334e-03
5.542489206376133293e-01 4.411561723327198647e-01 2.665751291573282070e-02
2.583308816470832880e-01 4.812429651019594634e-01 1.969546774786089596e-02
2.583308816470832880e-01 4.812429651019594634e-01 1.969546774786089596e-02
2.583308816470832880e-01 4.812429651019594634e-01 1.969546774786089596e-02
2.583308816470832880e-01 4.812429651019594634e-01 1.969546774786089596e-02
2.583308816470832880e-01 4.812429651019594634e-01 1.969546774786089596e-02
1.834441225019965704e-01 6.847120327466342804e-01 3.083272295264678428e-02
1.834441225019965704e-01 6.847120327466342804e-01 3.083272295264678428e-02
1.834441225019965704e-01 6.847120327466342804e-01 3.083272295264678428e-02
1.734534846348649295e-01 5.286458950767836118e-01 1.957652137006016604e-02
7.923431346916699758e-02 5.324776713870273959e-01 1.500481404222032619e-02
-4.166444342412911617e-01 1.034983527248786839e+00 2.978711015683673316e-02
-4.166444342412911617e-01 1.034983527248786839e+00 2.978711015683673316e-02
-8.283955715267805608e-01 1.328956024695297833e+00 2.690391068230809854e-02
-8.283955715267805608e-01 1.328956024695297833e+00 2.690391068230809854e-02
-8.283955715267805608e-01 1.328956024695297833e+00 2.690391068230809854e-02
-9.420833654120167600e-01 1.357353416003959756e+00 2.375386461042822139e-02
-6.930214935008240928e-01 1.623270346257184471e+00 9.150706875187797004e-03
-5.062872908903537361e-01 1.175734372918872506e+00 3.122004640035863296e-02
-5.062872908903537361e-01 1.175734372918872506e+00 3.122004640035863296e-02
-5.062872908903537361e-01 1.175734372918872506e+00 3.122004640035863296e-02
-6.583010955494481564e-01 1.286554512609529244e+00 2.959447407885418616e-02
-6.583010955494481564e-01 1.286554512609529244e+00 2.959447407885418616e-02
-6.680829223356404833e-01 1.377673854910544726e+00 2.646016896334722410e-02
-6.680829223356404833e-01 1.377673854910544726e+00 2.646016896334722410e-02
-3.160259450167490214e-01 9.639783165776667495e-01 2.990549136127450963e-02
-1.265673150574104511e-01 7.574392174747249795e-01 2.379881391801117255e-02
-1.265673150574104511e-01 7.574392174747249795e-01 2.379881391801117255e-02
-1.265673150574104511e-01 7.574392174747249795e-01 2.379881391801117255e-02
3.954647646964974950e-01 6.636560330114228412e-01 2.867468099938356996e-02
5.880955473880047357e-01 8.603117324272944177e-01 6.099507469493484560e-03
5.880955473880047357e-01 8.603117324272944177e-01 6.099507469493484560e-03
