2.489132485845457765e-01 1.481402749648903505e-01 1.403452602556815552e-03
5.480721517571403023e-01 3.943278677007970856e-01 2.779815443890929286e-02
5.480721517571403023e-01 3.943278677007970856e-01 2.779815443890929286e-02
7.957754394374048079e-01 3.616613539974444791e-01 2.952450753152157867e-02
7.957754394374048079e-01 3.616613539974444791e-01 2.952450753152157867e-02
7.957754394374048079e-01 3.616613539974444791e-01 2.952450753152157867e-02
9.458587874118695726e-01 3.893195791686426821e-01 2.318860680467168048e-02
9.321174959621454370e-01 2.347632430733734843e-01 2.738214583373830766e-02
3.761404872770101049e-01 2.877112332609820244e-01 1.051276957617966468e-02
-8.577617621313093910e-02 8.181801917593924944e-01 2.961929935398456559e-02
-8.577617621313093910e-02 8.181801917593924944e-01 2.961929935398456559e-02
1.329696531687665495e-01 1.132349848803325232e+00 8.366630879151633338e-03
1.329696531687665495e-01 1.132349848803325232e+00 8.366630879151633338e-03
1.329696531687665495e-01 1.132349848803325232e+00 8.366630879151633338e-03
1.123861118568617035e-02 9.081503266915639250e-01 3.145434344212397204e-02
2.668995982890904894e-01 7.960063315119123573e-01 2.928396928279652922e-02
2.838270631365748531e-01 7.239559606910840328e-01 3.240679962316732332e-02
2.838270631365748531e-01 7.239559606910840328e-01 3.240679962316732332e-02
2.838270631365748531e-01 7.239559606910840328e-01 3.240679962316732332e-02
2.838270631365748531e-01 7.239559606910840328e-01 3.240679962316732332e-02
2.838270631365748531e-01 7.239559606910840328e-01 3.240679962316732332e-02
5.734279382729869923e-01 2.849633020138316875e-01 2.008113511318111721e-02
4.683741411561554435e-01 5.126156055933471789e-01 3.177373599740419136e-02
7.486362466038901653e-01 2.041484267627975968e-01 2.137889381709882561e-02
6.648271327167218914e-01 -3.744215325755501089e-02 2.917885730754714822e-03
1.059992473095978882e+00 4.168987435833713673e-01 1.504142575088394072e-02
1.059992473095978882e+00 4.168987435833713673e-01 1.504142575088394072e-02
7.227891893332480944e-01 4.937292016041169851e-01 2.775333689131121231e-02
7.227891893332480944e-01 4.937292016041169851e-01 2.775333689131121231e-02
8.140063420148605511e-01 4.158267459796777255e-01 2.775883205987804067e-02
1.465479353151512232e+00 2.282512795562080532e-01 7.794085263120976471e-03
1.465479353151512232e+00 2.282512795562080532e-01 7.794085263120976471e-03
1.465479353151512232e+00 2.282512795562080532e-01 7.794085263120976471e-03
1.298852303583768464e+00 -3.447633906776998991e-01 4.627511756862210009e-03
1.272483799700905971e+00 -2.562293889300436556e-01 8.001969773291962851e-03
6.824587177836566321e-01 8.659247786730167595e-02 9.194699411743102041e-03
4.684410611204385955e-01 2.970553179147809031e-01 1.574850285500227487e-02
4.684410611204385955e-01 2.970553179147809031e-01 1.574850285500227487e-02
8.608815487259026122e-01 3.241441132357698041e-01 2.868331543042332635e-02
8.608815487259026122e-01 3.241441132357698041e-01 2.868331543042332635e-02
8.608815487259026122e-01 3.241441132357698041e-01 2.868331543042332635e-02
1.177426217302248945e+00 1.056354835564270456e-01 2.392702909420631185e-02
9.304494025998564233e-01 1.120398964749749482e-01 2.130494310868390542e-02
1.092108574375254992e+00 3.705543605581668176e-02 2.106162962643211289e-02
1.092108574375254992e+00 3.705543605581668176e-02 2.106162962643211289e-02
1.145113333219142326e+00 3.788331893052548915e-01 1.322555760966315393e-02
1.145113333219142326e+00 3.788331893052548915e-01 1.322555760966315393e-02
5.533007442395455611e-01 1.905484005419090798e-01 1.118446108008698536e-02
8.824449138474188548e-01 2.863808160876591957e-01 2.836122739544467974e-02
8.824449138474188548e-01 2.863808160876591957e-01 2.836122739544467974e-02
8.824449138474188548e-01 2.863808160876591957e-01 2.836122739544467974e-02
8.824449138474188548e-01 2.863808160876591957e-01 2.836122739544467974e-02
1.519807851342437344e+00 8.665160344279629334e-02 1.270607585544956779e-02
1.233881936750439667e+00 -7.789525815705955480e-02 1.766433234777481029e-02
1.233881936750439667e+00 -7.789525815705955480e-02 1.766433234777481029e-02
1.178770856057897776e+00 1.893902581861161560e-01 2.260064899477402800e-02
1.615302344982507687e+00 -9.450436074586004986e-02 1.588791428860880303e-02
1.693823324324768231e+00 -4.698535691709308515e-01 7.398581199800955722e-03
1.693823324324768231e+00 -4.698535691709308515e-01 7.398581199800955722e-03
2.064538309391757309e+00 -5.474765534536454314e-01 8.695900335928893540e-03
2.064538309391757309e+00 -5.474765534536454314e-01 8.695900335928893540e-03
2.399173190487666751e+00 -6.420750727778554712e-01 6.075680179160800748e-03
2.060176413459569922e+00 -1.438239562720740605e-01 4.038678773510208549e-03
2.060176413459569922e+00 -1.438239562720740605e-01 4.038678773510208549e-03
2.060176413459569922e+00 -1.438239562720740605e-01 4.038678773510208549e-03
2.097444283373611995e+00 -1.909549569782315048e-01 4.421147333966017438e-03
1.822073393364808780e+00 -3.595705217998850234e-01 1.256120812431789878e-02
1.822073393364808780e+00 -3.595705217998850234e-01 1.256120812431789878e-02
1.573053391241569399e+00 -2.284586984903616558e-01 1.564217144823461941e-02
1.194594351996360659e+00 2.269750173017066053e-01 2.028197120871869444e-02
1.058643359756882285e+00 3.319849186756266834e-01 2.096913229448091678e-02
1.058643359756882285e+00 3.319849186756266834e-01 2.096913229448091678e-02
8.160169225565758744e-01 6.552047348864433740e-01 1.050050542347864650e-02
7.092021690299286085e-01 7.602598598438675692e-01 8.389283869353666295e-03
7.092021690299286085e-01 7.602598598438675692e-01 8.389283869353666295e-03
5.513718693467650755e-01 9.756612634221549785e-01 3.228536444065040114e-03
6.952998566365155009e-01 1.002931628805011410e+00 8.478326905281909119e-04
6.952998566365155009e-01 1.002931628805011410e+00 8.478326905281909119e-04
6.952998566365155009e-01 1.002931628805011410e+00 8.478326905281909119e-04
6.952998566365155009e-01 1.002931628805011410e+00 8.478326905281909119e-04
8.719355931885763855e-01 9.507211198722413936e-01 3.723554763694315807e-04
2.119446765232746444e-01 1.094684628191004983e+00 7.660366545117329798e-03
-2.640633165493617152e-01 1.006153876075693177e+00 3.053980332925796543e-02
-2.640633165493617152e-01 1.006153876075693177e+00 3.053980332925796543e-02
-9.629985973039623115e-02 9.114665223980412678e-01 3.209178562225271231e-02
-9.629985973039623115e-02 9.114665223980412678e-01 3.209178562225271231e-02
1.157816890495622086e-02 3.850646445330616618e-01 3.526899337444114758e-03
3.855003390666807417e-01 6.943017576175812833e-01 3.067377828510469903e-02
3.855003390666807417e-01 6.943017576175812833e-01 3.067377828510469903e-02
1.118368924328654757e+00 1.559844485596986186e-01 2.491223548702242371e-02
7.524963502450099373e-01 3.418610761755244143e-01 2.953895023791861321e-02
6.237188222204975707e-01 5.218070797221001644e-01 3.025139761998712346e-02
6.237188222204975707e-01 5.218070797221001644e-01 3.025139761998712346e-02
5.250703836858396922e-01 4.990522326631172123e-01 3.195056712345149125e-02
5.250703836858396922e-01 4.990522326631172123e-01 3.195056712345149125e-02
5.250703836858396922e-01 4.990522326631172123e-01 3.195056712345149125e-02
4.843272542885789234e-01 3.150651471837702111e-01 1.817160388298685175e-02
7.166198623952219071e-01 3.479247922316436314e-01 2.943596374616165579e-02
7.166198623952219071e-01 3.479247922316436314e-01 2.943596374616165579e-02
7.166198623952219071e-01 3.479247922316436314e-01 2.943596374616165579e-02
