2.489132485845457765e-01 1.481402749648903505e-01 2.278235291622000835e-03
5.653747178380267302e-01 -5.201718344959693763e-02 1.348770129190360019e-03
6.143029081654322043e-01 -6.760503579486576431e-02 1.549522922892416143e-03
7.110304730385315075e-01 1.464416879359986545e-02 9.038087179342483776e-03
9.997716128512974532e-01 2.232927576461656849e-01 1.235395614275314885e-01
1.261208596438662122e+00 5.888833447396746301e-02 9.249304693001507427e-02
1.311186028866918152e+00 4.405744495335584543e-01 6.406304336995963244e-02
1.282015426507351563e+00 4.423645250315381139e-01 7.053840300552052800e-02
1.360621762895989573e+00 8.395853707707451319e-02 1.081902805794041356e-01
1.360621762895989573e+00 8.395853707707451319e-02 1.081902805794041356e-01
1.360621762895989573e+00 8.395853707707451319e-02 1.081902805794041356e-01
1.360621762895989573e+00 8.395853707707451319e-02 1.081902805794041356e-01
1.445973449813699130e+00 1.305244360569392248e-01 1.111604515999447401e-01
1.422290578813935724e+00 2.010251018183563110e-01 1.101660983720137293e-01
1.130512034115803477e+00 1.872650987416207835e-01 1.255567623372235153e-01
1.529213147705871911e+00 4.005640250518938128e-02 9.797173475235515516e-02
1.676498995800678404e+00 2.186449148280743826e-01 5.275811551446565884e-02
1.676498995800678404e+00 2.186449148280743826e-01 5.275811551446565884e-02
1.916248190252780814e+00 -1.231329806731577270e-01 5.913271005777908512e-02
1.560505251198185617e+00 8.694204115447512482e-02 9.794344015299608075e-02
1.560505251198185617e+00 8.694204115447512482e-02 9.794344015299608075e-02
1.006977281285847958e+00 1.041233018923609921e-01 7.121169918771629026e-02
1.006977281285847958e+00 1.041233018923609921e-01 7.121169918771629026e-02
1.040117856024573850e+00 5.183412111596163996e-02 5.540388789196708935e-02
6.699055615177320622e-01 3.037209888180023021e-01 9.276113919585422807e-02
6.699055615177320622e-01 3.037209888180023021e-01 9.276113919585422807e-02
8.016738726737573373e-01 2.618841736557588340e-01 1.031849191391214365e-01
8.841375061013545533e-01 3.556896578911856732e-01 1.548734398974161153e-01
1.362766604388628622e+00 1.454231275507159304e-01 1.190536954165039574e-01
1.362766604388628622e+00 1.454231275507159304e-01 1.190536954165039574e-01
1.362766604388628622e+00 1.454231275507159304e-01 1.190536954165039574e-01
1.533606673306208812e+00 4.383060723151123161e-01 2.367575355814356686e-02
1.480984154424378696e+00 3.976568912386607701e-01 4.173626588930177267e-02
1.480984154424378696e+00 3.976568912386607701e-01 4.173626588930177267e-02
1.480984154424378696e+00 3.976568912386607701e-01 4.173626588930177267e-02
1.474899402841373552e+00 1.899627156088943281e-01 1.020241596431838288e-01
1.969402754591644156e+00 -1.625839369468312090e-01 5.362957098557998015e-02
1.969402754591644156e+00 -1.625839369468312090e-01 5.362957098557998015e-02
2.078011186399121524e+00 -2.118455309304246859e-01 4.447909672985114055e-02
2.078011186399121524e+00 -2.118455309304246859e-01 4.447909672985114055e-02
1.909741212835313506e+00 1.124799815216032672e-01 3.550160755614552993e-02
1.629251675084800066e+00 -3.646803845274916300e-01 1.174434525581142218e-02
1.629251675084800066e+00 -3.646803845274916300e-01 1.174434525581142218e-02
1.629251675084800066e+00 -3.646803845274916300e-01 1.174434525581142218e-02
1.794658049873208761e+00 -3.933011223388924171e-01 1.551877045263875404e-02
1.767846806213512201e+00 -1.900862641935332498e-01 5.361207142121634378e-02
1.863404189272518385e+00 2.200337036232761778e-01 2.286512675545595771e-02
1.863404189272518385e+00 2.200337036232761778e-01 2.286512675545595771e-02
1.863404189272518385e+00 2.200337036232761778e-01 2.286512675545595771e-02
1.731458480185008142e+00 6.096132236650233516e-01 7.798616747496878382e-04
1.731458480185008142e+00 6.096132236650233516e-01 7.798616747496878382e-04
1.731458480185008142e+00 6.096132236650233516e-01 7.798616747496878382e-04
1.731458480185008142e+00 6.096132236650233516e-01 7.798616747496878382e-04
1.731458480185008142e+00 6.096132236650233516e-01 7.798616747496878382e-04
1.774243490681435942e+00 2.859007079870526380e-01 2.236693963483871866e-02
1.774243490681435942e+00 2.859007079870526380e-01 2.236693963483871866e-02
1.774243490681435942e+00 2.859007079870526380e-01 2.236693963483871866e-02
2.004732003527332829e+00 4.732005602187561166e-02 3.295821776436504841e-02
1.816189180841232931e+00 1.694523139060550299e-01 3.898525252931015622e-02
1.850989924917606499e+00 -1.165081577383692002e-02 6.367147807987658115e-02
1.854955146347275097e+00 -9.756928660888257443e-02 6.495773467666404732e-02
1.842041335496499732e+00 1.852271899682138567e-01 3.185986791543139046e-02
1.842041335496499732e+00 1.852271899682138567e-01 3.185986791543139046e-02
1.842041335496499732e+00 1.852271899682138567e-01 3.185986791543139046e-02
2.301131261748357026e+00 -1.772513312459448875e-01 2.469567619481801216e-02
2.301131261748357026e+00 -1.772513312459448875e-01 2.469567619481801216e-02
2.301131261748357026e+00 -1.772513312459448875e-01 2.469567619481801216e-02
2.336025994204655731e+00 -7.327159819723054468e-02 1.364565177500549724e-02
2.336025994204655731e+00 -7.327159819723054468e-02 1.364565177500549724e-02
2.743687085465106978e+00 -4.198696347034618359e-01 9.022627638255415611e-03
2.803113828834020715e+00 -6.978858283479079105e-01 6.410107370750519652e-03
2.860450574482890751e+00 -4.882279414858800570e-01 6.686652056295617000e-03
2.860450574482890751e+00 -4.882279414858800570e-01 6.686652056295617000e-03
2.521336268277541315e+00 -3.817337827664302186e-01 1.755986268783451404e-02
2.446524933638864141e+00 -5.153704962156069325e-01 1.598414692803088594e-02
2.446524933638864141e+00 -5.153704962156069325e-01 1.598414692803088594e-02
2.446524933638864141e+00 -5.153704962156069325e-01 1.598414692803088594e-02
2.446524933638864141e+00 -5.153704962156069325e-01 1.598414692803088594e-02
2.925078434446403364e+00 -4.980888048136664636e-01 5.273246744262976432e-03
2.925078434446403364e+00 -4.980888048136664636e-01 5.273246744262976432e-03
2.925078434446403364e+00 -4.980888048136664636e-01 5.273246744262976432e-03
2.925078434446403364e+00 -4.980888048136664636e-01 5.273246744262976432e-03
2.925078434446403364e+00 -4.980888048136664636e-01 5.273246744262976432e-03
2.925078434446403364e+00 -4.980888048136664636e-01 5.273246744262976432e-03
2.925078434446403364e+00 -4.980888048136664636e-01 5.273246744262976432e-03
2.925078434446403364e+00 -4.980888048136664636e-01 5.273246744262976432e-03
2.375733733479889587e+00 -5.996118281156730401e-01 1.016716737118217306e-02
2.375733733479889587e+00 -5.996118281156730401e-01 1.016716737118217306e-02
2.375733733479889587e+00 -5.996118281156730401e-01 1.016716737118217306e-02
2.292870421964050998e+00 -1.673273082704889725e-01 2.471699495133071120e-02
2.635017766986676335e+00 -3.540842973685226491e-01 1.165192336705067437e-02
1.851436781620543259e+00 -3.119661644090421238e-01 3.175074479973252761e-02
1.699926357469473848e+00 -2.457214943838260668e-01 3.726883236709954000e-02
1.629478416748558534e+00 -1.748946461370486927e-01 5.015372898434503068e-02
1.622310987067825172e+00 1.983795933059419592e-01 6.913250353897258671e-02
1.622310987067825172e+00 1.983795933059419592e-01 6.913250353897258671e-02
1.622310987067825172e+00 1.983795933059419592e-01 6.913250353897258671e-02
1.808351648106709231e+00 3.342145562349152499e-01 1.226010459811348145e-02
1.636256837222432647e+00 -1.338633734853046930e-01 6.153839773386709372e-02
1.636256837222432647e+00 -1.338633734853046930e-01 6.153839773386709372e-02
