2.489132485845457765e-01 1.481402749648903505e-01 6.149802900949164451e-03
2.489132485845457765e-01 1.481402749648903505e-01 6.149802900949164451e-03
2.830370676751395309e-01 9.625277626845071821e-02 5.456398428912387702e-03
2.830370676751395309e-01 9.625277626845071821e-02 5.456398428912387702e-03
4.119453354829695213e-01 2.119674630190204467e-01 4.323981930797355516e-02
4.119453354829695213e-01 2.119674630190204467e-01 4.323981930797355516e-02
4.119453354829695213e-01 2.119674630190204467e-01 4.323981930797355516e-02
4.314124361866746860e-01 4.519062363644839042e-01 8.333977791112431865e-02
4.314124361866746860e-01 4.519062363644839042e-01 8.333977791112431865e-02
4.314124361866746860e-01 4.519062363644839042e-01 8.333977791112431865e-02
5.489096838260890676e-01 4.809992164079582855e-01 7.666980826278084471e-02
4.540445797228376268e-01 4.702144227682027999e-01 8.391937241659325197e-02
8.709306081890056950e-01 -1.353637773413451928e-02 1.311084007240814198e-01
8.709306081890056950e-01 -1.353637773413451928e-02 1.311084007240814198e-01
6.594632571630141271e-01 1.751619741805351127e-01 1.106827170492512974e-01
6.220897560357934175e-01 1.978864887491590396e-01 1.048869155780015744e-01
8.154818949156326102e-01 1.868576848418337100e-01 1.104363985693935790e-01
1.072796754999812308e+00 -4.666217533029592968e-03 9.978753582165883484e-02
9.896888891525366105e-01 2.799424178696158227e-02 1.155150419369157105e-01
9.896888891525366105e-01 2.799424178696158227e-02 1.155150419369157105e-01
9.896888891525366105e-01 2.799424178696158227e-02 1.155150419369157105e-01
9.307866375707068984e-01 1.530534869717082025e-01 9.022563551912984869e-02
9.307866375707068984e-01 1.530534869717082025e-01 9.022563551912984869e-02
5.093216543128535889e-01 3.303765412444588656e-01 9.295889872147013178e-02
4.577296246082459552e-01 4.478644715850373936e-01 8.591345496455894681e-02
5.215594343862774984e-01 6.188938655025157942e-01 4.495378439719455860e-02
5.215594343862774984e-01 6.188938655025157942e-01 4.495378439719455860e-02
1.616308218898921401e-01 7.755249807011168617e-01 4.611843699752966180e-02
1.970261414477615380e-01 1.016513721533847114e+00 1.440030787281109358e-02
3.854791920531758787e-01 9.933058345840656278e-01 4.971610828500177756e-03
3.854791920531758787e-01 9.933058345840656278e-01 4.971610828500177756e-03
3.854791920531758787e-01 9.933058345840656278e-01 4.971610828500177756e-03
3.854791920531758787e-01 9.933058345840656278e-01 4.971610828500177756e-03
6.426517759949437192e-01 7.300119787476591071e-01 8.396891482756284678e-03
4.741853502642377483e-01 8.664257589881994015e-01 8.791555141748235921e-03
4.741853502642377483e-01 8.664257589881994015e-01 8.791555141748235921e-03
4.741853502642377483e-01 8.664257589881994015e-01 8.791555141748235921e-03
9.009008406893576071e-01 5.106087620018833206e-01 7.401586988987139508e-03
8.758081311773677768e-01 6.161651131920048430e-01 2.785508664865974249e-03
8.758081311773677768e-01 6.161651131920048430e-01 2.785508664865974249e-03
8.758081311773677768e-01 6.161651131920048430e-01 2.785508664865974249e-03
1.177108821428810348e+00 2.932600408671116599e-01 4.262119461610974248e-03
1.280395142120711816e+00 1.646372209886760030e-01 5.723731971388317137e-03
1.280395142120711816e+00 1.646372209886760030e-01 5.723731971388317137e-03
1.280395142120711816e+00 1.646372209886760030e-01 5.723731971388317137e-03
1.280395142120711816e+00 1.646372209886760030e-01 5.723731971388317137e-03
1.127735846524019481e+00 -3.014233112412125215e-01 1.305198377694851697e-01
1.127735846524019481e+00 -3.014233112412125215e-01 1.305198377694851697e-01
9.654320988980483742e-01 1.577690961793443147e-03 1.280748667763580984e-01
8.313274457176655918e-01 -1.511204357881902882e-01 8.386760130594650420e-02
8.313274457176655918e-01 -1.511204357881902882e-01 8.386760130594650420e-02
8.313274457176655918e-01 -1.511204357881902882e-01 8.386760130594650420e-02
8.313274457176655918e-01 -1.511204357881902882e-01 8.386760130594650420e-02
7.896844731841111686e-01 1.957517718063351286e-01 1.127210985612600302e-01
7.896844731841111686e-01 1.957517718063351286e-01 1.127210985612600302e-01
6.422973653812538153e-01 1.838961398026818239e-01 1.078886036706877966e-01
8.616716552040840638e-01 -5.263130475150207266e-02 1.238998952083978505e-01
8.616716552040840638e-01 -5.263130475150207266e-02 1.238998952083978505e-01
8.874273051583486671e-01 1.333986718623239587e-02 1.328369196455579659e-01
8.874273051583486671e-01 1.333986718623239587e-02 1.328369196455579659e-01
9.000668117050792949e-01 6.278708647009192956e-02 1.258374282498192220e-01
9.783079213103546001e-01 -7.550335831191223868e-02 1.367270336800809893e-01
9.783079213103546001e-01 -7.550335831191223868e-02 1.367270336800809893e-01
1.393749628902520188e+00 -3.592936243461897772e-01 9.940310486662515266e-02
1.019351784712616116e+00 -1.219557644716196543e-01 1.377339966103901803e-01
1.019351784712616116e+00 -1.219557644716196543e-01 1.377339966103901803e-01
1.093705322428933258e+00 -2.277631586557631038e-02 9.887874774282999490e-02
8.400349375549394093e-01 -2.124105349943759546e-01 6.530381452939480746e-02
8.400349375549394093e-01 -2.124105349943759546e-01 6.530381452939480746e-02
1.211166326585082054e+00 -4.023688447925249934e-01 1.230528168606156714e-01
1.485578419871163236e+00 -4.122488207981345743e-01 8.119725892588060268e-02
1.485578419871163236e+00 -4.122488207981345743e-01 8.119725892588060268e-02
1.100617141287035361e+00 -2.618621219813153100e-01 1.333659792968615865e-01
1.100617141287035361e+00 -2.618621219813153100e-01 1.333659792968615865e-01
1.136947315500262290e+00 -2.913902939805106951e-01 1.333425024924119462e-01
1.136947315500262290e+00 -2.913902939805106951e-01 1.333425024924119462e-01
1.136947315500262290e+00 -2.913902939805106951e-01 1.333425024924119462e-01
1.136947315500262290e+00 -2.913902939805106951e-01 1.333425024924119462e-01
1.273934956472872582e+00 -7.301326091887732073e-01 3.429314498895438823e-02
1.483016185968553780e+00 -6.014621015142658234e-01 1.078888358162618244e-01
1.483016185968553780e+00 -6.014621015142658234e-01 1.078888358162618244e-01
1.483016185968553780e+00 -6.014621015142658234e-01 1.078888358162618244e-01
1.483016185968553780e+00 -6.014621015142658234e-01 1.078888358162618244e-01
1.483016185968553780e+00 -6.014621015142658234e-01 1.078888358162618244e-01
1.483016185968553780e+00 -6.014621015142658234e-01 1.078888358162618244e-01
1.483016185968553780e+00 -6.014621015142658234e-01 1.078888358162618244e-01
1.027903709076563477e+00 3.315396499198985936e-03 1.121264266621169875e-01
1.101254445901005408e+00 7.658090044727053347e-02 5.891771550781423755e-02
9.907360342372090178e-01 5.992841668492999985e-02 1.045347690938881607e-01
9.907360342372090178e-01 5.992841668492999985e-02 1.045347690938881607e-01
9.907360342372090178e-01 5.992841668492999985e-02 1.045347690938881607e-01
1.346877931667463502e+00 -2.969540946110610369e-01 9.826204930549503613e-02
1.220176276640720481e+00 -1.346100695619545928e-01 9.198240548295774643e-02
1.220176276640720481e+00 -1.346100695619545928e-01 9.198240548295774643e-02
1.157150647167282109e+00 -2.043760854895984025e-01 1.315059642477723334e-01
7.370050175782379975e-01 5.315673406704179982e-02 1.113114063919071334e-01
9.920032127251883214e-01 4.689709043870084887e-02 1.086588332342813407e-01
1.309652174421191084e+00 -6.020070992462681625e-01 8.560221614756857722e-02
1.290140137726557779e+00 -6.308405683197175762e-01 6.975934927522364770e-02
1.073751738116942356e+00 -4.245577668999016563e-01 7.414049086550225653e-02
