2.489132485845457765e-01 1.481402749648903505e-01 3.084899110813485879e-03
2.489132485845457765e-01 1.481402749648903505e-01 3.084899110813485879e-03
2.489132485845457765e-01 1.481402749648903505e-01 3.084899110813485879e-03
2.489132485845457765e-01 1.481402749648903505e-01 3.084899110813485879e-03
-2.948896745115316964e-01 7.698374259727763791e-01 4.366092354548983812e-02
-2.948896745115316964e-01 7.698374259727763791e-01 4.366092354548983812e-02
-3.268102712582516278e-01 1.127911860405186317e+00 9.681501303175024664e-02
-1.583984621944112270e-01 1.132986093380628834e+00 8.115711841640850521e-02
-1.583984621944112270e-01 1.132986093380628834e+00 8.115711841640850521e-02
-2.117249811271594284e-01 1.243459807619504476e+00 5.170902192879973241e-02
-2.117249811271594284e-01 1.243459807619504476e+00 5.170902192879973241e-02
-3.205008778840671146e-01 1.125876691597845314e+00 9.708869792178255465e-02
-2.063093113963647696e-01 1.171226297665927785e+00 7.506013757979725087e-02
-2.063093113963647696e-01 1.171226297665927785e+00 7.506013757979725087e-02
-1.839722411399534463e-01 1.009055304091876604e+00 1.140342530813989869e-01
-1.703381862982148442e-01 6.994355805099128354e-01 4.988955075637649395e-02
7.284000775891996682e-02 9.533548847614872201e-01 1.091380952147623373e-01
5.384107378210128969e-01 8.093009405385539479e-01 6.221470610700864656e-02
5.384107378210128969e-01 8.093009405385539479e-01 6.221470610700864656e-02
1.459550787572437835e-01 5.236327443678964189e-01 6.596744852127307823e-02
-1.599279669556213923e-01 1.094251507290145753e+00 9.421978777759726364e-02
-1.599279669556213923e-01 1.094251507290145753e+00 9.421978777759726364e-02
-1.599279669556213923e-01 1.094251507290145753e+00 9.421978777759726364e-02
-2.729801631166253739e-01 1.165600077102530996e+00 8.506279082594563057e-02
-2.729801631166253739e-01 1.165600077102530996e+00 8.506279082594563057e-02
-3.948224725929894707e-01 8.100752821339309850e-01 3.466671328461369550e-02
-3.948224725929894707e-01 8.100752821339309850e-01 3.466671328461369550e-02
-3.948224725929894707e-01 8.100752821339309850e-01 3.466671328461369550e-02
-3.948224725929894707e-01 8.100752821339309850e-01 3.466671328461369550e-02
-3.948224725929894707e-01 8.100752821339309850e-01 3.466671328461369550e-02
-6.398350717085514727e-01 1.274576387214915840e+00 7.214191010487033817e-02
-6.398350717085514727e-01 1.274576387214915840e+00 7.214191010487033817e-02
-3.387505104651578058e-01 1.152458048178948813e+00 9.264591543796063533e-02
-3.387505104651578058e-01 1.152458048178948813e+00 9.264591543796063533e-02
-7.085080655515407777e-01 1.045063565362966518e+00 3.233558743534978991e-02
-1.073820538338528863e+00 1.302056555244672786e+00 2.256394201641293701e-02
-9.421444850750373412e-01 1.293486739762136573e+00 3.773195136316102177e-02
-9.421444850750373412e-01 1.293486739762136573e+00 3.773195136316102177e-02
-1.292593103749553496e+00 1.528123006836144437e+00 2.169984952924226135e-02
-6.854613255827193274e-01 1.529438808809991723e+00 3.121824683314089119e-02
-1.010429263607667938e+00 1.333936200963913077e+00 3.368164507170807315e-02
-1.010429263607667938e+00 1.333936200963913077e+00 3.368164507170807315e-02
-1.124707958332948232e+00 1.643872126663769251e+00 3.042040493819756636e-02
-8.494812366688531124e-01 1.495549242513813049e+00 4.552289693925749836e-02
-8.494812366688531124e-01 1.495549242513813049e+00 4.552289693925749836e-02
-1.015364155003457336e+00 1.790662248404757850e+00 1.236966624324429588e-02
-1.015364155003457336e+00 1.790662248404757850e+00 1.236966624324429588e-02
-1.015364155003457336e+00 1.790662248404757850e+00 1.236966624324429588e-02
-7.051231531722838008e-01 1.722809469918093139e+00 6.625725410409974946e-03
-7.811850078451451074e-01 1.310129336965147884e+00 5.984861519303013438e-02
-7.397887655809592955e-01 1.233413657796176732e+00 5.966695968859391658e-02
-5.877255761052022631e-01 1.465939894387661813e+00 3.632502093575334240e-02
-5.877255761052022631e-01 1.465939894387661813e+00 3.632502093575334240e-02
-7.513232036394517088e-01 1.300228482863333479e+00 6.263401613670209478e-02
-7.513232036394517088e-01 1.300228482863333479e+00 6.263401613670209478e-02
-7.513232036394517088e-01 1.300228482863333479e+00 6.263401613670209478e-02
-7.513232036394517088e-01 1.300228482863333479e+00 6.263401613670209478e-02
-7.513232036394517088e-01 1.300228482863333479e+00 6.263401613670209478e-02
-7.513232036394517088e-01 1.300228482863333479e+00 6.263401613670209478e-02
-6.416471422930789537e-01 6.253754303797706138e-01 6.477217672345241505e-04
-3.090111085715139816e-01 4.154103265431743353e-01 8.051960939886487799e-04
1.399078721459635077e-01 2.689400382298282599e-01 6.076959774627781023e-03
-2.324485425389498650e-01 8.423539725841958647e-01 8.183777369100996013e-02
2.311499680861889283e-02 1.060008059700830563e+00 7.688704396814129149e-02
-3.018582563723823387e-01 8.842389575342045616e-01 7.708781459407446079e-02
-3.386960160363605699e-02 9.492371050868669835e-01 1.217532484079877769e-01
8.726957442640256857e-02 1.084120463287509439e+00 5.479515313299775092e-02
8.726957442640256857e-02 1.084120463287509439e+00 5.479515313299775092e-02
8.726957442640256857e-02 1.084120463287509439e+00 5.479515313299775092e-02
3.407030995009647373e-02 7.804870540986033056e-01 1.278854901124755750e-01
-2.886371006995849114e-02 1.116401094265097704e+00 6.505757209307544420e-02
-1.975090975746449373e-01 1.270836278561356059e+00 4.122950851672264883e-02
-4.732204651889727609e-01 1.403058113163004217e+00 3.989234624742964141e-02
-5.601434212150521175e-01 9.838529358982113227e-01 4.563183202960249124e-02
-5.601434212150521175e-01 9.838529358982113227e-01 4.563183202960249124e-02
-5.601434212150521175e-01 9.838529358982113227e-01 4.563183202960249124e-02
-5.601434212150521175e-01 9.838529358982113227e-01 4.563183202960249124e-02
-5.601434212150521175e-01 9.838529358982113227e-01 4.563183202960249124e-02
-6.294177908218162587e-02 9.595385601427857125e-01 1.208900848252170840e-01
-6.294177908218162587e-02 9.595385601427857125e-01 1.208900848252170840e-01
-4.022210232720917211e-03 7.571853373995951486e-01 1.139247181032909534e-01
-4.022210232720917211e-03 7.571853373995951486e-01 1.139247181032909534e-01
-4.022210232720917211e-03 7.571853373995951486e-01 1.139247181032909534e-01
-4.022210232720917211e-03 7.571853373995951486e-01 1.139247181032909534e-01
-4.022210232720917211e-03 7.571853373995951486e-01 1.139247181032909534e-01
5.005102544326509584e-01 6.939790340110857381e-01 1.229859137369507111e-01
5.098053012672137951e-01 7.469874371656858303e-01 9.748515143212922729e-02
5.098053012672137951e-01 7.469874371656858303e-01 9.748515143212922729e-02
5.098053012672137951e-01 7.469874371656858303e-01 9.748515143212922729e-02
5.098053012672137951e-01 7.469874371656858303e-01 9.748515143212922729e-02
3.055946776635023454e-01 5.706649094920144272e-01 1.295251121368904412e-01
3.870306584861951116e-01 6.802259783257946779e-01 1.464245341178079529e-01
3.870306584861951116e-01 6.802259783257946779e-01 1.464245341178079529e-01
6.193970654825808886e-02 8.424707345195525665e-01 1.351689360588064215e-01
-2.772449916519177382e-01 1.164957055485246862e+00 8.566382908059730350e-02
-5.636972209992312521e-01 1.020340277450620725e+00 5.362433279470806002e-02
-5.636972209992312521e-01 1.020340277450620725e+00 5.362433279470806002e-02
-3.481840701784315595e-01 1.234493200610390362e+00 7.284296941588164209e-02
-3.481840701784315595e-01 1.234493200610390362e+00 7.284296941588164209e-02
-4.786118814079015626e-01 1.073899053611303778e+00 8.201747970491697626e-02
