2.489132485845457765e-01 1.481402749648903505e-01 2.022875739191721221e-03
2.489132485845457765e-01 1.481402749648903505e-01 2.022875739191721221e-03
2.489132485845457765e-01 1.481402749648903505e-01 2.022875739191721221e-03
1.151097605682890324e+00 1.613536151356245452e-01 4.981457654595788931e-02
1.151097605682890324e+00 1.613536151356245452e-01 4.981457654595788931e-02
9.982276857723151320e-01 4.952247760082584271e-02 1.686256701408228240e-02
1.272683352841807780e+00 4.798771277673369862e-01 3.745517415179654142e-02
1.272683352841807780e+00 4.798771277673369862e-01 3.745517415179654142e-02
8.831366065600723125e-01 2.103000618059265303e-01 4.961425237444228031e-02
8.501611098332728655e-01 1.828966668860800837e-01 3.817326504717487301e-02
8.501611098332728655e-01 1.828966668860800837e-01 3.817326504717487301e-02
6.730480760467214552e-01 4.385875958724995138e-01 1.219744310338551074e-01
6.730480760467214552e-01 4.385875958724995138e-01 1.219744310338551074e-01
6.730480760467214552e-01 4.385875958724995138e-01 1.219744310338551074e-01
8.579501949248535819e-02 7.102324119909626532e-01 1.893782615144539716e-01
8.579501949248535819e-02 7.102324119909626532e-01 1.893782615144539716e-01
8.579501949248535819e-02 7.102324119909626532e-01 1.893782615144539716e-01
8.579501949248535819e-02 7.102324119909626532e-01 1.893782615144539716e-01
8.579501949248535819e-02 7.102324119909626532e-01 1.893782615144539716e-01
-5.339183771691152769e-02 7.726988162018857409e-01 1.970695358361034266e-01
1.216201994396103603e-01 8.901282140265355247e-01 1.682197624825089721e-01
1.216201994396103603e-01 8.901282140265355247e-01 1.682197624825089721e-01
-3.929227954648534249e-03 1.008372510201238414e+00 1.326775551036870615e-01
1.722099925146755028e-01 9.034783332515496923e-01 1.448050520779815553e-01
1.722099925146755028e-01 9.034783332515496923e-01 1.448050520779815553e-01
1.722099925146755028e-01 9.034783332515496923e-01 1.448050520779815553e-01
-3.167904951248411982e-01 7.120580683463407778e-01 9.110018721017595911e-02
-3.167904951248411982e-01 7.120580683463407778e-01 9.110018721017595911e-02
-5.362961570421894697e-01 8.573561087060355135e-01 1.183282428400895814e-01
-5.362961570421894697e-01 8.573561087060355135e-01 1.183282428400895814e-01
-2.665298075064266303e-01 8.279861485604420590e-01 1.812804645218359378e-01
5.861785543142705723e-02 9.457291368565478029e-01 1.542710774653542061e-01
5.861785543142705723e-02 9.457291368565478029e-01 1.542710774653542061e-01
5.861785543142705723e-02 9.457291368565478029e-01 1.542710774653542061e-01
4.980471252638191126e-01 7.691213091601933893e-01 1.173930085603573648e-01
6.465690212198260678e-01 5.555030801576382737e-01 1.444039557477423130e-01
6.465690212198260678e-01 5.555030801576382737e-01 1.444039557477423130e-01
-1.621221968469210850e-02 8.894927626770257056e-01 2.017855833924563635e-01
3.198648665647100819e-01 7.047359534078926346e-01 1.851051947555245603e-01
8.244937405554777499e-01 5.323313874579256311e-01 1.143819067939338546e-01
5.264905538143679342e-01 7.302589915660895326e-01 1.276227281264538937e-01
5.264905538143679342e-01 7.302589915660895326e-01 1.276227281264538937e-01
7.484817040398532573e-01 6.592381333984891345e-01 9.457427895141269636e-02
7.484817040398532573e-01 6.592381333984891345e-01 9.457427895141269636e-02
7.484817040398532573e-01 6.592381333984891345e-01 9.457427895141269636e-02
7.574163327395250223e-01 4.294972318859847649e-01 1.193066235032985700e-01
7.574163327395250223e-01 4.294972318859847649e-01 1.193066235032985700e-01
8.578791877275293576e-01 1.748682324565453694e-02 7.294295305379193406e-03
5.256101007981641704e-01 1.909108894311619120e-01 1.512113182721799322e-02
7.511458000204869201e-01 4.439714240925222155e-01 1.228796195439005035e-01
7.511458000204869201e-01 4.439714240925222155e-01 1.228796195439005035e-01
7.511458000204869201e-01 4.439714240925222155e-01 1.228796195439005035e-01
7.511458000204869201e-01 4.439714240925222155e-01 1.228796195439005035e-01
7.511458000204869201e-01 4.439714240925222155e-01 1.228796195439005035e-01
5.393311105161557872e-01 5.273074103915982302e-01 1.487494177499915082e-01
5.393311105161557872e-01 5.273074103915982302e-01 1.487494177499915082e-01
5.393311105161557872e-01 5.273074103915982302e-01 1.487494177499915082e-01
5.393311105161557872e-01 5.273074103915982302e-01 1.487494177499915082e-01
4.203027633109506223e-01 5.653003832487013547e-01 1.587635371580944921e-01
1.572277429702717000e-01 1.048689595952819520e+00 6.171474024009580145e-02
1.572277429702717000e-01 1.048689595952819520e+00 6.171474024009580145e-02
-2.410569972813214612e-01 1.266753006070296728e+00 4.252752717883616362e-02
-8.617263934030083838e-02 1.118440626042586095e+00 8.464040993507501720e-02
6.750848394162550781e-02 1.144936004984242972e+00 3.778585988506164006e-02
4.466525202716190579e-01 1.068017904703700616e+00 1.252771722214829526e-02
5.619495502318622160e-01 3.904263962330967175e-01 9.098288139018539944e-02
8.954587769762240024e-01 7.560501744795632417e-01 2.859966753709683798e-02
2.593336305262939900e-01 1.026051239381077895e+00 4.957578281143366211e-02
2.593336305262939900e-01 1.026051239381077895e+00 4.957578281143366211e-02
2.511299688439765365e-01 1.025057011151823128e+00 5.173904128770649008e-02
6.520986173042597756e-01 7.305588075304304541e-01 9.050428467860836823e-02
3.796127471751006288e-01 3.210421072889378391e-01 3.460996497499876229e-02
1.636981801403029069e-01 3.967366858013113839e-01 3.326478462451058771e-02
3.976754954206664361e-01 1.200553280294246461e-01 3.178777044469841256e-03
3.955665037833636655e-01 1.332119246960982439e-01 3.817700352834574318e-03
9.673376003409808188e-01 5.174012163640595574e-01 8.656226890319226874e-02
1.258041715906216718e+00 1.568916179582639514e-01 5.013607662970597650e-02
1.258041715906216718e+00 1.568916179582639514e-01 5.013607662970597650e-02
1.843983859717512219e+00 2.064150041046400874e-01 1.392083520073629163e-02
1.998660051812924721e+00 -3.574880963471394058e-02 1.374161710158508000e-02
1.998660051812924721e+00 -3.574880963471394058e-02 1.374161710158508000e-02
1.998660051812924721e+00 -3.574880963471394058e-02 1.374161710158508000e-02
1.941280683528837647e+00 1.236513506020251452e-01 1.299207049428301695e-02
1.941280683528837647e+00 1.236513506020251452e-01 1.299207049428301695e-02
1.941280683528837647e+00 1.236513506020251452e-01 1.299207049428301695e-02
1.941280683528837647e+00 1.236513506020251452e-01 1.299207049428301695e-02
2.066148848689099093e+00 2.483228075203604002e-01 3.363523077855671770e-03
2.225693104595704686e+00 1.229023177857796467e-02 5.986576272850391116e-03
1.607859805800573305e+00 6.163814372680397058e-02 3.066884841130928380e-02
1.737473481700225975e+00 4.811487850485876572e-02 2.496638433554260184e-02
1.737473481700225975e+00 4.811487850485876572e-02 2.496638433554260184e-02
1.838051902151278227e+00 -3.965957495506360064e-02 1.831347424255810180e-02
1.948858559866528672e+00 -2.518554660722696625e-01 6.416614845188685703e-03
1.772470985208855598e+00 -1.056522201617189072e-01 1.499717067499201605e-02
1.715975687111162884e+00 2.070939831183266355e-01 2.276236211587303812e-02
1.715975687111162884e+00 2.070939831183266355e-01 2.276236211587303812e-02
1.376205462757249087e+00 3.171573813143805376e-01 4.886450153397491752e-02
1.376205462757249087e+00 3.171573813143805376e-01 4.886450153397491752e-02
1.376205462757249087e+00 3.171573813143805376e-01 4.886450153397491752e-02
1.376205462757249087e+00 3.171573813143805376e-01 4.886450153397491752e-02
