2.489132485845457765e-01 1.481402749648903505e-01 1.439186787737021947e-03
1.941901726399108963e-02 6.849952910913358339e-01 2.596370429364392579e-02
1.941901726399108963e-02 6.849952910913358339e-01 2.596370429364392579e-02
-1.610624569793583649e-01 8.459122945345562972e-01 2.251934067574483389e-02
4.225052857660394068e-02 1.005635029420389515e+00 2.550654240852550519e-02
2.907755322898748496e-01 8.836087210590125585e-01 3.587634467311163339e-02
2.907755322898748496e-01 8.836087210590125585e-01 3.587634467311163339e-02
2.907755322898748496e-01 8.836087210590125585e-01 3.587634467311163339e-02
5.523342650204452475e-01 3.880978130154462136e-01 4.742066918279272403e-02
5.523342650204452475e-01 3.880978130154462136e-01 4.742066918279272403e-02
7.998088733610846379e-01 6.665883339463904989e-01 4.802145477856925582e-02
6.558455507744784807e-01 6.438690432598436209e-01 6.198494079580352256e-02
6.558455507744784807e-01 6.438690432598436209e-01 6.198494079580352256e-02
6.415063755857632888e-01 7.165535011775860941e-01 4.925151148962941122e-02
6.415063755857632888e-01 7.165535011775860941e-01 4.925151148962941122e-02
6.348092617313134678e-01 4.081048066062215041e-01 6.205806248086369326e-02
6.348092617313134678e-01 4.081048066062215041e-01 6.205806248086369326e-02
6.348092617313134678e-01 4.081048066062215041e-01 6.205806248086369326e-02
6.348092617313134678e-01 4.081048066062215041e-01 6.205806248086369326e-02
6.299914506076946807e-01 4.793426546116564269e-01 6.992020896628921289e-02
4.820686189946804534e-01 7.624720980241200818e-01 4.852065602364447755e-02
1.459177923089279294e-01 6.519047422059256469e-01 3.480138659572435539e-02
1.459177923089279294e-01 6.519047422059256469e-01 3.480138659572435539e-02
1.459177923089279294e-01 6.519047422059256469e-01 3.480138659572435539e-02
5.523714255186502609e-01 5.239145238405729099e-01 6.565394162618788665e-02
6.959930942037390045e-01 6.199130150624875268e-01 6.447177521070815431e-02
6.959930942037390045e-01 6.199130150624875268e-01 6.447177521070815431e-02
6.121388304612320752e-01 7.827337586312265172e-01 3.806136717649880041e-02
5.340472944897359797e-01 9.325140080747741367e-01 1.785916258737541007e-02
4.193011013110137242e-01 7.469976278977378259e-01 5.180784544630654548e-02
4.193011013110137242e-01 7.469976278977378259e-01 5.180784544630654548e-02
5.758403509805163356e-01 3.307420768805097167e-01 3.987940935162991724e-02
1.148915131105133103e+00 5.597980196004157527e-01 3.668473996058100456e-02
1.148915131105133103e+00 5.597980196004157527e-01 3.668473996058100456e-02
8.059910334077726723e-01 6.031730346819956790e-01 6.152169858819064169e-02
5.974931795652004274e-01 6.577463102080127744e-01 6.147498422594006168e-02
5.974931795652004274e-01 6.577463102080127744e-01 6.147498422594006168e-02
5.974931795652004274e-01 6.577463102080127744e-01 6.147498422594006168e-02
5.974931795652004274e-01 6.577463102080127744e-01 6.147498422594006168e-02
4.836522825227675404e-01 1.066976376502550172e+00 6.715732893437177838e-03
6.880334788820110514e-01 9.967255141414388397e-01 5.686549224805752083e-03
2.415959207884332827e-02 1.067861341194741742e+00 1.981722218270152644e-02
-7.338165956109256316e-02 1.042986543761591944e+00 2.258571319826755200e-02
-3.989123946208676386e-01 1.134273411478917470e+00 1.411766327158411362e-02
-3.989123946208676386e-01 1.134273411478917470e+00 1.411766327158411362e-02
2.198475645582642635e-02 7.192500802330370480e-01 2.895581659373788752e-02
3.477591392321142671e-01 5.560349558443790086e-01 4.653446118047440544e-02
3.477591392321142671e-01 5.560349558443790086e-01 4.653446118047440544e-02
1.932690284194430730e-01 4.728941469861531743e-01 1.922525193197343468e-02
8.283421147971402332e-02 3.069838233699302976e-01 2.609429481279182655e-03
8.283421147971402332e-02 3.069838233699302976e-01 2.609429481279182655e-03
8.283421147971402332e-02 3.069838233699302976e-01 2.609429481279182655e-03
5.147757801626647867e-01 1.036321745816587425e-02 1.922527099171098897e-03
5.147757801626647867e-01 1.036321745816587425e-02 1.922527099171098897e-03
1.045453002078322591e-01 7.579047546678565478e-03 5.361055623119343925e-05
2.767687732621398888e-01 8.673101043239880847e-02 8.240354855532509067e-04
2.767687732621398888e-01 8.673101043239880847e-02 8.240354855532509067e-04
2.767687732621398888e-01 8.673101043239880847e-02 8.240354855532509067e-04
5.535162032152249889e-01 6.738058663297191719e-01 5.997082670190700265e-02
5.535162032152249889e-01 6.738058663297191719e-01 5.997082670190700265e-02
5.535162032152249889e-01 6.738058663297191719e-01 5.997082670190700265e-02
8.651883232572936677e-01 2.692099436977608562e-01 6.821872838823089813e-02
1.089416972112025039e+00 3.791112321310421973e-02 4.539215569248272047e-02
6.100078419199361779e-01 4.131228869608881693e-01 5.959034596964338931e-02
6.100078419199361779e-01 4.131228869608881693e-01 5.959034596964338931e-02
7.880036426271156413e-01 2.486372109479756676e-01 5.270250848059739035e-02
9.612845596232862944e-01 6.940045503402526572e-01 2.727164052388715218e-02
9.612845596232862944e-01 6.940045503402526572e-01 2.727164052388715218e-02
9.612845596232862944e-01 6.940045503402526572e-01 2.727164052388715218e-02
4.745376613028693402e-01 1.234418247391250834e+00 1.041521726886471266e-03
4.745376613028693402e-01 1.234418247391250834e+00 1.041521726886471266e-03
4.796228216968244085e-01 1.064893711040468594e+00 6.960977424051206612e-03
7.164399488023591722e-01 6.731388364173584993e-01 5.316651286601579984e-02
6.956674210725901641e-01 6.929754629156136270e-01 5.047894447497056070e-02
6.956674210725901641e-01 6.929754629156136270e-01 5.047894447497056070e-02
6.956674210725901641e-01 6.929754629156136270e-01 5.047894447497056070e-02
6.956674210725901641e-01 6.929754629156136270e-01 5.047894447497056070e-02
1.055472300116470530e+00 4.640540663545155708e-01 7.076382728885655116e-02
1.456970930513839857e+00 4.184352540814791355e-01 3.207264538195814252e-02
1.456970930513839857e+00 4.184352540814791355e-01 3.207264538195814252e-02
1.456970930513839857e+00 4.184352540814791355e-01 3.207264538195814252e-02
1.495044481016693627e+00 1.543397352301459913e-01 8.378417768886586847e-02
1.495044481016693627e+00 1.543397352301459913e-01 8.378417768886586847e-02
1.504332066661666856e+00 -6.200414881646026943e-02 7.038091302148263839e-02
1.504332066661666856e+00 -6.200414881646026943e-02 7.038091302148263839e-02
1.504332066661666856e+00 -6.200414881646026943e-02 7.038091302148263839e-02
1.631641467701741455e+00 6.055135959524146627e-02 8.100448551764373450e-02
1.631641467701741455e+00 6.055135959524146627e-02 8.100448551764373450e-02
1.631641467701741455e+00 6.055135959524146627e-02 8.100448551764373450e-02
1.876754917754674512e+00 1.177506484219435767e-01 4.057919752903323130e-02
1.876754917754674512e+00 1.177506484219435767e-01 4.057919752903323130e-02
1.876754917754674512e+00 1.177506484219435767e-01 4.057919752903323130e-02
1.876754917754674512e+00 1.177506484219435767e-01 4.057919752903323130e-02
1.603122564958601171e+00 -9.426868243821204252e-02 7.101392634666355008e-02
1.967174534965212551e+00 -2.504158541515775216e-01 5.797501036335944713e-02
2.297224879001114051e+00 -3.670856123642323166e-01 4.177802425320068652e-02
1.867042646051711996e+00 -1.275215922083961506e-01 6.961253202939700346e-02
1.867042646051711996e+00 -1.275215922083961506e-01 6.961253202939700346e-02
1.867042646051711996e+00 -1.275215922083961506e-01 6.961253202939700346e-02
1.867042646051711996e+00 -1.275215922083961506e-01 6.961253202939700346e-02
