2.489132485845457765e-01 1.481402749648903505e-01 4.016319527726298390e-03
2.489132485845457765e-01 1.481402749648903505e-01 4.016319527726298390e-03
6.457685896799398861e-01 2.985022542046520400e-01 1.651163272768305934e-01
1.284584450472130435e+00 2.398921202189644997e-01 1.763159452908391600e-01
1.284584450472130435e+00 2.398921202189644997e-01 1.763159452908391600e-01
1.284584450472130435e+00 2.398921202189644997e-01 1.763159452908391600e-01
1.258637535661506934e+00 3.704882304034230467e-01 1.329578978102119446e-01
9.805215438426586605e-01 5.270344488374790748e-01 1.410657495316930132e-01
7.806368748731767893e-01 5.095182965327905711e-01 2.527819950770809343e-01
7.460982826316538974e-01 4.484897910258658915e-01 2.881392979253070141e-01
7.036391877948066087e-01 5.712531315697760848e-01 2.358885122082556296e-01
7.036391877948066087e-01 5.712531315697760848e-01 2.358885122082556296e-01
4.700231476783625628e-01 4.080997279266558309e-01 2.107142362820508541e-01
4.700231476783625628e-01 4.080997279266558309e-01 2.107142362820508541e-01
4.700231476783625628e-01 4.080997279266558309e-01 2.107142362820508541e-01
4.700231476783625628e-01 4.080997279266558309e-01 2.107142362820508541e-01
4.700231476783625628e-01 4.080997279266558309e-01 2.107142362820508541e-01
4.700231476783625628e-01 4.080997279266558309e-01 2.107142362820508541e-01
4.700231476783625628e-01 4.080997279266558309e-01 2.107142362820508541e-01
6.376518709655647488e-01 3.141374221975837266e-01 1.786959690799112821e-01
3.490956767397540572e-01 6.247562270190591960e-01 2.984465607305811785e-01
3.490956767397540572e-01 6.247562270190591960e-01 2.984465607305811785e-01
4.421629318411738341e-01 4.897961241904505991e-01 2.762822205315860757e-01
6.660758198856351342e-01 4.439544281566798478e-01 2.923316501675883305e-01
8.127521625013105488e-01 4.003214515810732954e-01 2.777328681307264513e-01
8.127521625013105488e-01 4.003214515810732954e-01 2.777328681307264513e-01
5.985375714969928262e-01 5.845025997404486029e-01 2.684294089511942150e-01
5.985375714969928262e-01 5.845025997404486029e-01 2.684294089511942150e-01
5.985375714969928262e-01 5.845025997404486029e-01 2.684294089511942150e-01
5.985375714969928262e-01 5.845025997404486029e-01 2.684294089511942150e-01
5.985375714969928262e-01 5.845025997404486029e-01 2.684294089511942150e-01
5.985375714969928262e-01 5.845025997404486029e-01 2.684294089511942150e-01
5.985375714969928262e-01 5.845025997404486029e-01 2.684294089511942150e-01
8.229129403875082849e-01 3.477528290024732294e-01 2.584050719886612502e-01
8.229129403875082849e-01 3.477528290024732294e-01 2.584050719886612502e-01
8.229129403875082849e-01 3.477528290024732294e-01 2.584050719886612502e-01
8.229129403875082849e-01 3.477528290024732294e-01 2.584050719886612502e-01
8.229129403875082849e-01 3.477528290024732294e-01 2.584050719886612502e-01
8.229129403875082849e-01 3.477528290024732294e-01 2.584050719886612502e-01
7.469455305970348347e-01 3.746970714716036377e-01 2.663423847945761147e-01
4.064276385697061511e-01 3.872432407821432276e-01 1.591939536559245361e-01
6.400470374973763477e-01 2.830281149349559433e-01 1.466604769120750662e-01
1.065014598543250868e+00 2.915082380596569767e-01 2.274277498718842994e-01
1.065014598543250868e+00 2.915082380596569767e-01 2.274277498718842994e-01
1.100887646526077734e+00 3.201241533936517447e-01 2.192915994256158518e-01
1.100887646526077734e+00 3.201241533936517447e-01 2.192915994256158518e-01
1.100887646526077734e+00 3.201241533936517447e-01 2.192915994256158518e-01
7.205885987994131714e-01 4.249976800726721349e-01 2.876177534733364016e-01
1.087192505179165547e+00 2.863709394946232778e-01 2.229846053841590403e-01
1.087192505179165547e+00 2.863709394946232778e-01 2.229846053841590403e-01
1.087192505179165547e+00 2.863709394946232778e-01 2.229846053841590403e-01
1.087192505179165547e+00 2.863709394946232778e-01 2.229846053841590403e-01
1.087192505179165547e+00 2.863709394946232778e-01 2.229846053841590403e-01
1.192007415415763161e+00 3.035786188564527643e-01 1.934595094955402217e-01
1.192007415415763161e+00 3.035786188564527643e-01 1.934595094955402217e-01
1.192007415415763161e+00 3.035786188564527643e-01 1.934595094955402217e-01
1.192007415415763161e+00 3.035786188564527643e-01 1.934595094955402217e-01
7.938900257688095152e-01 5.687101969019086045e-01 1.943844953722555502e-01
7.938900257688095152e-01 5.687101969019086045e-01 1.943844953722555502e-01
9.665733052515486090e-01 1.685268398711721738e-01 1.383500138300278459e-01
9.665733052515486090e-01 1.685268398711721738e-01 1.383500138300278459e-01
9.665733052515486090e-01 1.685268398711721738e-01 1.383500138300278459e-01
1.237668428495018791e+00 2.533339946358132422e-01 1.880874140222633384e-01
1.237668428495018791e+00 2.533339946358132422e-01 1.880874140222633384e-01
1.237668428495018791e+00 2.533339946358132422e-01 1.880874140222633384e-01
1.106903571106385042e+00 3.378670752605486549e-01 2.131144163531394353e-01
5.414027851922563750e-01 2.525786259863492811e-01 8.331653406895384029e-02
5.414027851922563750e-01 2.525786259863492811e-01 8.331653406895384029e-02
5.414027851922563750e-01 2.525786259863492811e-01 8.331653406895384029e-02
8.069494535026279225e-01 2.692421516280631977e-01 1.904162721584046203e-01
8.069494535026279225e-01 2.692421516280631977e-01 1.904162721584046203e-01
8.069494535026279225e-01 2.692421516280631977e-01 1.904162721584046203e-01
5.992303805502128267e-01 7.532196983501683318e-01 1.001803133041477556e-01
1.530774278594104199e-01 1.128692238784921198e+00 8.583607169171163231e-03
-8.761255554355962261e-02 7.239671372818519135e-01 2.190061817447812309e-01
3.703305029567344753e-01 5.693889020947078272e-01 2.990132098870893484e-01
2.394215586515628102e-01 5.014633472713884155e-01 2.002586853097780006e-01
2.394215586515628102e-01 5.014633472713884155e-01 2.002586853097780006e-01
2.394215586515628102e-01 5.014633472713884155e-01 2.002586853097780006e-01
-1.634584929240875673e-01 5.056031062163330869e-01 4.218461842779509113e-02
3.448119821882210667e-01 5.564987975430819578e-01 2.886714023838401477e-01
3.448119821882210667e-01 5.564987975430819578e-01 2.886714023838401477e-01
4.810930690473237958e-01 5.723319121571969204e-01 3.029072154402490669e-01
4.810930690473237958e-01 5.723319121571969204e-01 3.029072154402490669e-01
4.810930690473237958e-01 5.723319121571969204e-01 3.029072154402490669e-01
2.552916184622385232e-01 3.901384402057748169e-01 9.745793249280707005e-02
2.552916184622385232e-01 3.901384402057748169e-01 9.745793249280707005e-02
2.552916184622385232e-01 3.901384402057748169e-01 9.745793249280707005e-02
2.552916184622385232e-01 3.901384402057748169e-01 9.745793249280707005e-02
7.394821389690847679e-01 2.263456213114747873e-01 1.255297105340133501e-01
1.231537530731219077e+00 1.531793594578362006e-01 1.634838583858718719e-01
1.231537530731219077e+00 1.531793594578362006e-01 1.634838583858718719e-01
1.673682100958479690e+00 1.541260014129433031e-01 8.010516502349564194e-02
1.400978919960618185e+00 2.282327353308379325e-01 1.426883673184719536e-01
1.173870179083173593e+00 2.180923980479441693e-01 1.947364661486622739e-01
1.138469278611189628e+00 3.019915352369232364e-01 2.109711657893161285e-01
1.356877579932986855e+00 3.839770944147082865e-01 8.565256692600448085e-02
1.356877579932986855e+00 3.839770944147082865e-01 8.565256692600448085e-02
1.356877579932986855e+00 3.839770944147082865e-01 8.565256692600448085e-02
1.232116933402915393e+00 3.678828995893755893e-01 1.461360924273401862e-01
