2.489132485845457765e-01 1.481402749648903505e-01 2.699753421534739888e-03
3.544508208982441455e-01 2.568761849084869597e-01 1.889925705897074065e-02
1.186731945847346037e-01 6.202743989872088193e-01 5.827543206664857756e-02
1.186731945847346037e-01 6.202743989872088193e-01 5.827543206664857756e-02
1.744865753515438822e-01 4.647898303612653104e-01 3.298628501374915867e-02
2.044240897124092182e-01 7.155437609612503858e-01 8.792477269761855840e-02
2.699615250596726357e-01 8.380577474373085423e-01 7.511385525653997697e-02
2.323101373392527091e-01 9.645113630060628829e-01 4.686348439666780663e-02
-5.937899071793151240e-02 1.033847448914941625e+00 5.560702149055467974e-02
-5.937899071793151240e-02 1.033847448914941625e+00 5.560702149055467974e-02
-5.937899071793151240e-02 1.033847448914941625e+00 5.560702149055467974e-02
-5.937899071793151240e-02 1.033847448914941625e+00 5.560702149055467974e-02
-5.937899071793151240e-02 1.033847448914941625e+00 5.560702149055467974e-02
-5.937899071793151240e-02 1.033847448914941625e+00 5.560702149055467974e-02
8.930872567288977715e-02 9.368012281185253975e-01 6.638431009711878716e-02
3.184703286761983998e-01 8.446507426263909490e-01 6.838644733853982416e-02
3.184703286761983998e-01 8.446507426263909490e-01 6.838644733853982416e-02
7.613651117330446638e-01 4.696006254276458569e-01 1.132172136317544792e-01
7.613651117330446638e-01 4.696006254276458569e-01 1.132172136317544792e-01
6.815321237147874411e-01 4.462143366529218724e-01 1.195623433768358834e-01
6.179802200683899294e-01 6.275303373766674131e-01 9.042620824441144345e-02
6.641309245590193422e-01 6.090739796062655254e-01 8.866461677307620193e-02
4.799607397790553454e-01 4.213365975419803844e-01 8.683115007520526840e-02
9.915769398714970873e-01 3.359833682313264624e-01 1.133855482407156307e-01
9.915769398714970873e-01 3.359833682313264624e-01 1.133855482407156307e-01
9.915769398714970873e-01 3.359833682313264624e-01 1.133855482407156307e-01
9.915769398714970873e-01 3.359833682313264624e-01 1.133855482407156307e-01
7.850306053722647670e-01 5.973650241978440967e-01 6.925905626614646537e-02
7.850306053722647670e-01 5.973650241978440967e-01 6.925905626614646537e-02
8.868819690477336426e-01 5.870227200883241236e-01 5.172000521327211470e-02
8.868819690477336426e-01 5.870227200883241236e-01 5.172000521327211470e-02
4.832568052291113525e-01 7.199535994459023147e-01 8.250556010743473334e-02
4.832568052291113525e-01 7.199535994459023147e-01 8.250556010743473334e-02
5.283743294450967687e-01 7.960116778376654656e-01 5.172747334575069494e-02
-1.227845512798292349e-01 1.182182962898193690e+00 3.314296098491228276e-02
-1.227845512798292349e-01 1.182182962898193690e+00 3.314296098491228276e-02
-1.227845512798292349e-01 1.182182962898193690e+00 3.314296098491228276e-02
-1.261584745315598999e-01 1.081797957602910865e+00 5.027071035074322236e-02
-1.261584745315598999e-01 1.081797957602910865e+00 5.027071035074322236e-02
-1.261584745315598999e-01 1.081797957602910865e+00 5.027071035074322236e-02
-2.476930383530542013e-01 1.187335206326848080e+00 3.872656685560136453e-02
-2.476930383530542013e-01 1.187335206326848080e+00 3.872656685560136453e-02
-2.476930383530542013e-01 1.187335206326848080e+00 3.872656685560136453e-02
-2.476930383530542013e-01 1.187335206326848080e+00 3.872656685560136453e-02
-2.476930383530542013e-01 1.187335206326848080e+00 3.872656685560136453e-02
-4.944868258935959937e-01 8.674678985505632767e-01 1.146668695077183303e-02
-7.796703381381042686e-01 1.089504800997270317e+00 8.678632554368544486e-03
-4.488323807835153945e-01 1.061431405317934118e+00 3.424152660843188950e-02
-4.488323807835153945e-01 1.061431405317934118e+00 3.424152660843188950e-02
-4.488323807835153945e-01 1.061431405317934118e+00 3.424152660843188950e-02
-9.621498433873770795e-02 9.152356222369385508e-01 6.346243203079331152e-02
-9.621498433873770795e-02 9.152356222369385508e-01 6.346243203079331152e-02
-9.621498433873770795e-02 9.152356222369385508e-01 6.346243203079331152e-02
-2.618742156992572845e-01 8.540902306273199240e-01 3.513478626021505208e-02
-6.912353463309925394e-02 8.545235828585763249e-01 6.338153114608048588e-02
2.500158585736906858e-01 7.982561536527847945e-01 8.444868713698609752e-02
2.500158585736906858e-01 7.982561536527847945e-01 8.444868713698609752e-02
2.500158585736906858e-01 7.982561536527847945e-01 8.444868713698609752e-02
2.500158585736906858e-01 7.982561536527847945e-01 8.444868713698609752e-02
2.500158585736906858e-01 7.982561536527847945e-01 8.444868713698609752e-02
2.500158585736906858e-01 7.982561536527847945e-01 8.444868713698609752e-02
4.070702283270211108e-01 4.338503551496779020e-01 7.352317492296385482e-02
4.070702283270211108e-01 4.338503551496779020e-01 7.352317492296385482e-02
4.070702283270211108e-01 4.338503551496779020e-01 7.352317492296385482e-02
2.042143933927302313e-01 1.218265321984410399e+00 6.825434782138662879e-03
-3.794769200759502970e-01 8.099321816238336247e-01 1.548072674915347557e-02
-9.025762016649168107e-01 1.142400688930451436e+00 5.660473937891027929e-03
-9.025762016649168107e-01 1.142400688930451436e+00 5.660473937891027929e-03
-7.077952190205772931e-01 9.537543422617449362e-01 5.286746324999119784e-03
-5.697233352946564633e-01 1.055383768618229912e+00 2.158408915612662626e-02
-5.697233352946564633e-01 1.055383768618229912e+00 2.158408915612662626e-02
-5.697233352946564633e-01 1.055383768618229912e+00 2.158408915612662626e-02
-6.661569178120216872e-01 1.142242797291175949e+00 1.972599681580341352e-02
-6.661569178120216872e-01 1.142242797291175949e+00 1.972599681580341352e-02
-6.661569178120216872e-01 1.142242797291175949e+00 1.972599681580341352e-02
-6.661569178120216872e-01 1.142242797291175949e+00 1.972599681580341352e-02
-6.661569178120216872e-01 1.142242797291175949e+00 1.972599681580341352e-02
-6.661569178120216872e-01 1.142242797291175949e+00 1.972599681580341352e-02
-5.782928311303705549e-01 1.278603827408668625e+00 2.936593050562599783e-02
-1.002208234781298835e-02 1.199810811978969882e+00 2.182271835161294499e-02
-3.863994167276103009e-01 1.436548095050854235e+00 1.313124675025514887e-02
-3.863994167276103009e-01 1.436548095050854235e+00 1.313124675025514887e-02
-3.863994167276103009e-01 1.436548095050854235e+00 1.313124675025514887e-02
-3.863994167276103009e-01 1.436548095050854235e+00 1.313124675025514887e-02
-1.059884583870277952e+00 1.587121996753328990e+00 1.047571794949195452e-02
-1.059884583870277952e+00 1.587121996753328990e+00 1.047571794949195452e-02
-9.879603023368946912e-01 1.479622055606655051e+00 1.266977532867532771e-02
-9.879603023368946912e-01 1.479622055606655051e+00 1.266977532867532771e-02
-1.102636512549248327e+00 1.186894565243792554e+00 1.883653424858439986e-03
-1.102636512549248327e+00 1.186894565243792554e+00 1.883653424858439986e-03
-9.603223573942227809e-01 1.477441353903807375e+00 1.355230856414461026e-02
-9.364983346926855079e-01 1.510848141331055716e+00 1.396622317691103947e-02
-9.364983346926855079e-01 1.510848141331055716e+00 1.396622317691103947e-02
-7.395048195792294221e-01 9.684286074743458927e-01 4.740588800016581200e-03
-4.537075259637597946e-01 1.222893589433728057e+00 3.561219510986901593e-02
-4.537075259637597946e-01 1.222893589433728057e+00 3.561219510986901593e-02
-4.537075259637597946e-01 1.222893589433728057e+00 3.561219510986901593e-02
-4.537075259637597946e-01 1.222893589433728057e+00 3.561219510986901593e-02
-1.891764826155230561e-01 9.423826659813562268e-01 5.486469339121160388e-02
-1.891764826155230561e-01 9.423826659813562268e-01 5.486469339121160388e-02
