2.489132485845457765e-01 1.481402749648903505e-01 4.338624279546053099e-03
2.361954505483428723e-01 2.759300484570503809e-02 3.844403254489612903e-04
2.019320135967070107e-01 1.477306089576191361e-01 2.988086651936881256e-03
2.019320135967070107e-01 1.477306089576191361e-01 2.988086651936881256e-03
-4.711612848986673763e-02 5.231913544428408169e-01 8.770588439628614064e-02
-4.711612848986673763e-02 5.231913544428408169e-01 8.770588439628614064e-02
-1.348081264017177150e-01 5.694816416532134662e-01 8.795239002360763503e-02
-1.148570037312366399e-01 5.206737828208528596e-01 6.260092506532104195e-02
5.167708716935243141e-02 4.855419324491067057e-01 9.708450284148115172e-02
3.310916874625690620e-01 5.404970219450869751e-01 2.570419551782792134e-01
3.310916874625690620e-01 5.404970219450869751e-01 2.570419551782792134e-01
3.310916874625690620e-01 5.404970219450869751e-01 2.570419551782792134e-01
3.310916874625690620e-01 5.404970219450869751e-01 2.570419551782792134e-01
1.950563021639933059e-01 6.609155488785665167e-01 2.693482370773152557e-01
-2.585412604813352999e-02 1.000514009709428054e+00 8.653861573812866859e-02
3.585729952966634215e-01 7.865606719915699818e-01 1.356658072183992148e-01
9.928605565496179119e-02 8.130741492188037212e-01 2.100701321412752343e-01
8.087373611816334185e-02 5.718237644177023293e-01 1.874605466106745999e-01
2.951646481548697021e-01 4.973816063128053688e-01 2.145419883066558009e-01
2.951646481548697021e-01 4.973816063128053688e-01 2.145419883066558009e-01
4.190697929706481695e-01 7.318718788827585087e-01 1.615767571689125381e-01
5.274540835702226094e-01 5.525315733044330324e-01 2.553034316551768268e-01
5.274540835702226094e-01 5.525315733044330324e-01 2.553034316551768268e-01
5.274540835702226094e-01 5.525315733044330324e-01 2.553034316551768268e-01
5.274540835702226094e-01 5.525315733044330324e-01 2.553034316551768268e-01
5.274540835702226094e-01 5.525315733044330324e-01 2.553034316551768268e-01
5.275657026014740625e-01 6.226546568256977610e-01 2.124026542756459746e-01
6.394758048538334849e-01 4.630758798796860698e-01 2.493036659365320262e-01
6.394758048538334849e-01 4.630758798796860698e-01 2.493036659365320262e-01
7.425861027057050201e-01 4.189113347608861004e-01 2.332083349835417652e-01
7.425861027057050201e-01 4.189113347608861004e-01 2.332083349835417652e-01
7.425861027057050201e-01 4.189113347608861004e-01 2.332083349835417652e-01
7.425861027057050201e-01 4.189113347608861004e-01 2.332083349835417652e-01
7.849831281004532313e-01 3.263505264535768169e-01 2.056032090855564598e-01
7.849831281004532313e-01 3.263505264535768169e-01 2.056032090855564598e-01
7.849831281004532313e-01 3.263505264535768169e-01 2.056032090855564598e-01
7.849831281004532313e-01 3.263505264535768169e-01 2.056032090855564598e-01
7.849831281004532313e-01 3.263505264535768169e-01 2.056032090855564598e-01
7.849831281004532313e-01 3.263505264535768169e-01 2.056032090855564598e-01
1.135338814580739486e+00 1.774278418160251392e-01 1.409816446868277784e-01
1.135338814580739486e+00 1.774278418160251392e-01 1.409816446868277784e-01
1.135338814580739486e+00 1.774278418160251392e-01 1.409816446868277784e-01
1.135338814580739486e+00 1.774278418160251392e-01 1.409816446868277784e-01
1.056150664091034752e+00 2.629077767729506299e-01 1.691675076854699811e-01
1.056150664091034752e+00 2.629077767729506299e-01 1.691675076854699811e-01
9.222047912063765507e-01 8.057580989317164599e-02 6.183848792760208296e-02
6.037901644862462280e-01 3.496174893529270244e-01 1.896355266134691908e-01
6.037901644862462280e-01 3.496174893529270244e-01 1.896355266134691908e-01
6.037901644862462280e-01 3.496174893529270244e-01 1.896355266134691908e-01
1.090200617601647215e+00 3.494269448197239725e-01 1.437675551165596977e-01
1.304100763304551824e+00 1.088729858425373509e-01 1.097290379378658282e-01
9.614414343423888232e-01 4.996080705677362066e-01 1.097360912758794382e-01
9.614414343423888232e-01 4.996080705677362066e-01 1.097360912758794382e-01
6.008939148669525387e-01 3.299389104633613234e-01 1.714335303353939355e-01
6.008939148669525387e-01 3.299389104633613234e-01 1.714335303353939355e-01
6.008939148669525387e-01 3.299389104633613234e-01 1.714335303353939355e-01
4.441116473864847314e-01 5.567872409397013334e-01 2.687344585607236436e-01
1.110964111126481191e-01 5.498608075327797717e-01 1.816768664149031043e-01
1.110964111126481191e-01 5.498608075327797717e-01 1.816768664149031043e-01
1.110964111126481191e-01 5.498608075327797717e-01 1.816768664149031043e-01
4.488091632139336040e-01 4.211893751225008753e-01 2.037396943222328782e-01
3.987407289837031632e-01 5.135377006668709887e-01 2.569955102923079382e-01
3.987407289837031632e-01 5.135377006668709887e-01 2.569955102923079382e-01
3.987407289837031632e-01 5.135377006668709887e-01 2.569955102923079382e-01
3.987407289837031632e-01 5.135377006668709887e-01 2.569955102923079382e-01
3.987407289837031632e-01 5.135377006668709887e-01 2.569955102923079382e-01
5.269926934563126109e-01 5.959877372394092321e-01 2.326600446020010149e-01
5.699237170780055983e-01 5.243596067992039034e-01 2.539436562995134872e-01
5.699237170780055983e-01 5.243596067992039034e-01 2.539436562995134872e-01
5.699237170780055983e-01 5.243596067992039034e-01 2.539436562995134872e-01
5.699237170780055983e-01 5.243596067992039034e-01 2.539436562995134872e-01
5.699237170780055983e-01 5.243596067992039034e-01 2.539436562995134872e-01
4.249974481191121090e-02 7.454092027403014242e-01 2.539570422246952841e-01
-5.892756534136183166e-01 1.075455677370046992e+00 1.226111620056615503e-01
-5.892756534136183166e-01 1.075455677370046992e+00 1.226111620056615503e-01
-5.670623033719035533e-01 9.589608938985527686e-01 1.361751664261197370e-01
-3.239698031989656224e-01 9.372000607562022134e-01 1.830744113990412647e-01
-3.239698031989656224e-01 9.372000607562022134e-01 1.830744113990412647e-01
-4.625134668021905204e-01 6.998888086210774961e-01 5.540130093469532863e-02
-7.471075641258640987e-01 9.318800562672042709e-01 7.272405358348674187e-02
-3.452113394482506648e-01 9.001998211574683273e-01 1.868669602490749537e-01
-3.452113394482506648e-01 9.001998211574683273e-01 1.868669602490749537e-01
-3.452113394482506648e-01 9.001998211574683273e-01 1.868669602490749537e-01
-5.282848876639284486e-01 1.152518593261097291e+00 8.568338155327083483e-02
-5.101738958823687220e-01 1.019194726224923020e+00 1.445479255312236699e-01
-5.101738958823687220e-01 1.019194726224923020e+00 1.445479255312236699e-01
-5.101738958823687220e-01 1.019194726224923020e+00 1.445479255312236699e-01
-5.101738958823687220e-01 1.019194726224923020e+00 1.445479255312236699e-01
-5.101738958823687220e-01 1.019194726224923020e+00 1.445479255312236699e-01
-5.101738958823687220e-01 1.019194726224923020e+00 1.445479255312236699e-01
-5.101738958823687220e-01 1.019194726224923020e+00 1.445479255312236699e-01
-5.101738958823687220e-01 1.019194726224923020e+00 1.445479255312236699e-01
-5.101738958823687220e-01 1.019194726224923020e+00 1.445479255312236699e-01
-5.101738958823687220e-01 1.019194726224923020e+00 1.445479255312236699e-01
-5.101738958823687220e-01 1.019194726224923020e+00 1.445479255312236699e-01
-2.618181806384859422e-01 1.102338019144289083e+00 7.286657335997370755e-02
-2.618181806384859422e-01 1.102338019144289083e+00 7.286657335997370755e-02
-2.618181806384859422e-01 1.102338019144289083e+00 7.286657335997370755e-02
-1.093813317939374696e-01 7.073397345359710986e-01 2.056372966514606881e-01
-1.093813317939374696e-01 7.073397345359710986e-01 2.056372966514606881e-01
