2.489132485845457765e-01 1.481402749648903505e-01 1.417459193727753277e-03
2.489132485845457765e-01 1.481402749648903505e-01 1.417459193727753277e-03
2.489132485845457765e-01 1.481402749648903505e-01 1.417459193727753277e-03
2.489132485845457765e-01 1.481402749648903505e-01 1.417459193727753277e-03
2.489132485845457765e-01 1.481402749648903505e-01 1.417459193727753277e-03
2.489132485845457765e-01 1.481402749648903505e-01 1.417459193727753277e-03
4.014839934822307388e-01 8.418134136288715763e-02 2.028427819688888127e-03
6.722377644164108101e-01 2.760654446435549803e-01 3.134680690835681821e-02
6.722377644164108101e-01 2.760654446435549803e-01 3.134680690835681821e-02
9.362524179078262065e-01 4.068011777708141485e-01 4.252561715701585338e-02
6.052771781674755047e-01 4.244882512195002899e-01 4.168360286815857990e-02
5.794682535113068189e-01 3.371895753787811367e-01 3.141305239817371309e-02
5.794682535113068189e-01 3.371895753787811367e-01 3.141305239817371309e-02
5.794682535113068189e-01 3.371895753787811367e-01 3.141305239817371309e-02
5.794682535113068189e-01 3.371895753787811367e-01 3.141305239817371309e-02
5.794682535113068189e-01 3.371895753787811367e-01 3.141305239817371309e-02
5.794682535113068189e-01 3.371895753787811367e-01 3.141305239817371309e-02
5.794682535113068189e-01 3.371895753787811367e-01 3.141305239817371309e-02
9.905090646999608062e-01 6.010718973171453872e-01 1.572367145304280275e-02
9.905090646999608062e-01 6.010718973171453872e-01 1.572367145304280275e-02
1.203433104608137461e+00 2.740465810882264375e-01 3.999874640868120168e-02
1.203433104608137461e+00 2.740465810882264375e-01 3.999874640868120168e-02
8.281885144872014326e-01 5.323722951948530735e-01 3.551487642634360009e-02
7.310641932267361032e-01 3.353774275151433226e-01 4.178279997708973098e-02
6.289469353215796366e-01 3.001482474738075279e-01 3.086781620977193871e-02
3.414332681346724518e-01 4.199543314701549290e-01 2.247410372606475221e-02
2.513259866059447956e-01 5.564411373382455173e-01 3.017086248888750655e-02
-1.062914425436001231e-02 1.001955770481262720e+00 2.621156444957312842e-02
-1.062914425436001231e-02 1.001955770481262720e+00 2.621156444957312842e-02
-1.062914425436001231e-02 1.001955770481262720e+00 2.621156444957312842e-02
-1.062914425436001231e-02 1.001955770481262720e+00 2.621156444957312842e-02
2.830821749229354145e-01 1.068351612859654409e+00 8.587723615121922380e-03
2.631897295030671824e-02 7.381958209646694025e-01 3.000723199096265101e-02
3.785318953183473001e-01 6.810390740636851348e-01 3.982113162331676892e-02
2.877429303112845616e-01 8.301843606659191632e-01 3.139003048939950635e-02
1.586650519354117772e-01 8.654484310084464838e-01 3.238690054656549050e-02
4.703279137141539445e-01 5.748658358062804785e-01 4.237083948668896038e-02
5.052864483446257715e-01 7.843915115399853200e-01 2.527637064907833908e-02
9.270492843661957139e-01 7.598568897306866576e-01 5.868148000256656789e-03
6.986602945196107584e-01 7.154178523029141035e-01 2.137567973526589490e-02
6.986602945196107584e-01 7.154178523029141035e-01 2.137567973526589490e-02
1.112041724246147556e+00 8.524708294699374633e-01 5.944597038056864549e-04
1.112041724246147556e+00 8.524708294699374633e-01 5.944597038056864549e-04
1.112041724246147556e+00 8.524708294699374633e-01 5.944597038056864549e-04
9.633238840625522048e-01 8.517159602526345186e-01 1.790575376462897727e-03
9.633238840625522048e-01 8.517159602526345186e-01 1.790575376462897727e-03
9.633238840625522048e-01 8.517159602526345186e-01 1.790575376462897727e-03
9.633238840625522048e-01 8.517159602526345186e-01 1.790575376462897727e-03
6.128221928913679672e-01 8.553921878175400062e-01 1.156873892980632944e-02
6.128221928913679672e-01 8.553921878175400062e-01 1.156873892980632944e-02
6.128221928913679672e-01 8.553921878175400062e-01 1.156873892980632944e-02
6.128221928913679672e-01 8.553921878175400062e-01 1.156873892980632944e-02
6.128221928913679672e-01 8.553921878175400062e-01 1.156873892980632944e-02
6.128221928913679672e-01 8.553921878175400062e-01 1.156873892980632944e-02
6.128221928913679672e-01 8.553921878175400062e-01 1.156873892980632944e-02
9.945352956624462504e-01 4.491138713272488925e-01 3.431022840284937009e-02
6.259099401930501294e-01 4.910724137651027998e-01 4.462152206137012106e-02
6.259099401930501294e-01 4.910724137651027998e-01 4.462152206137012106e-02
5.485054563275895134e-01 4.471861412595817820e-01 4.023452285630300246e-02
6.250654008486488111e-01 4.535748208046555541e-01 4.399403580594369451e-02
6.250654008486488111e-01 4.535748208046555541e-01 4.399403580594369451e-02
6.250654008486488111e-01 4.535748208046555541e-01 4.399403580594369451e-02
2.799266004694874188e-01 5.213204701474993819e-01 2.878728849773281445e-02
2.799266004694874188e-01 5.213204701474993819e-01 2.878728849773281445e-02
7.496448573167349139e-01 3.615193033601638017e-02 9.975226967897163691e-03
7.496448573167349139e-01 3.615193033601638017e-02 9.975226967897163691e-03
7.496448573167349139e-01 3.615193033601638017e-02 9.975226967897163691e-03
7.496448573167349139e-01 3.615193033601638017e-02 9.975226967897163691e-03
7.496448573167349139e-01 3.615193033601638017e-02 9.975226967897163691e-03
1.295730447044625810e+00 1.212258052948673448e-01 4.561762185092131661e-02
9.407062420381846479e-01 3.127566464800394241e-01 4.698387917543812159e-02
9.407062420381846479e-01 3.127566464800394241e-01 4.698387917543812159e-02
6.175551556080316473e-01 4.864354951450097220e-01 4.448899190579004570e-02
5.099472500714394840e-01 8.466600785007967200e-01 1.782951050544753779e-02
4.315208557717968851e-01 5.562539341790049274e-01 4.080439703051465944e-02
5.455841616212857570e-01 3.798296077859587561e-01 3.368974192894485381e-02
5.455841616212857570e-01 3.798296077859587561e-01 3.368974192894485381e-02
5.364859183933845532e-02 4.251523709057863365e-01 6.502345454128898201e-03
5.364859183933845532e-02 4.251523709057863365e-01 6.502345454128898201e-03
5.429614606535331234e-01 6.285111182750197090e-01 3.990429128859357411e-02
6.966550333144583274e-01 3.444870317145988792e-01 4.055358688735256206e-02
6.966550333144583274e-01 3.444870317145988792e-01 4.055358688735256206e-02
6.966550333144583274e-01 3.444870317145988792e-01 4.055358688735256206e-02
1.120997862509854670e+00 1.267288850558604407e-01 4.421898161146554235e-02
1.120997862509854670e+00 1.267288850558604407e-01 4.421898161146554235e-02
1.120997862509854670e+00 1.267288850558604407e-01 4.421898161146554235e-02
8.012732302018646946e-01 3.329276479287098245e-01 4.489736500196656738e-02
1.201536151281539455e+00 3.542700701865838520e-01 3.069690173014031492e-02
1.201536151281539455e+00 3.542700701865838520e-01 3.069690173014031492e-02
1.201536151281539455e+00 3.542700701865838520e-01 3.069690173014031492e-02
1.201536151281539455e+00 3.542700701865838520e-01 3.069690173014031492e-02
1.096800153242299292e+00 2.478250076755760811e-01 4.649589548347970308e-02
1.096800153242299292e+00 2.478250076755760811e-01 4.649589548347970308e-02
9.828145903713344511e-01 3.767151095425322893e-01 4.286736836855644522e-02
1.024833694340347323e+00 3.257644885348813246e-01 4.486892498879944263e-02
1.024833694340347323e+00 3.257644885348813246e-01 4.486892498879944263e-02
1.024833694340347323e+00 3.257644885348813246e-01 4.486892498879944263e-02
1.024833694340347323e+00 3.257644885348813246e-01 4.486892498879944263e-02
1.047428768517471687e+00 2.160611287209274201e-02 2.793946205910374792e-02
9.655572364669796626e-01 3.074982166594741884e-01 4.693988405189163104e-02
