2.489132485845457765e-01 1.481402749648903505e-01 4.124914476705189570e-03
2.489132485845457765e-01 1.481402749648903505e-01 4.124914476705189570e-03
3.827216533341446514e-01 7.471306828048390747e-03 1.479666807046488806e-03
6.938090776260841253e-01 4.272141169839840380e-01 2.162664082879021121e-01
7.268515895469491728e-01 3.821620647553899408e-01 2.102867451963825463e-01
7.268515895469491728e-01 3.821620647553899408e-01 2.102867451963825463e-01
7.268515895469491728e-01 3.821620647553899408e-01 2.102867451963825463e-01
7.268515895469491728e-01 3.821620647553899408e-01 2.102867451963825463e-01
4.241334360356989186e-01 5.694548723079383423e-01 2.295569208626770108e-01
5.548841228957404059e-01 2.508930896594343540e-01 8.756723747379303868e-02
2.335786469935669518e-01 3.929409387231785344e-01 6.487139242750990242e-02
2.335786469935669518e-01 3.929409387231785344e-01 6.487139242750990242e-02
5.058466835446021603e-01 6.978571571427867326e-01 1.604415849232493640e-01
5.058466835446021603e-01 6.978571571427867326e-01 1.604415849232493640e-01
-2.712407777981069579e-01 1.184625577122410345e+00 9.707317975506840613e-02
-2.712407777981069579e-01 1.184625577122410345e+00 9.707317975506840613e-02
-2.712407777981069579e-01 1.184625577122410345e+00 9.707317975506840613e-02
-3.666960021484723109e-01 7.223916396138674312e-01 4.277451207135109928e-02
-1.582964379055446513e-01 8.925839326136953966e-01 1.911975585001060574e-01
-1.582964379055446513e-01 8.925839326136953966e-01 1.911975585001060574e-01
-1.582964379055446513e-01 8.925839326136953966e-01 1.911975585001060574e-01
-3.416313532688770582e-01 9.545092665797093590e-01 1.573912451431831172e-01
-3.416313532688770582e-01 9.545092665797093590e-01 1.573912451431831172e-01
-1.578547015257199815e-01 9.522929288268660031e-01 1.884700481446063558e-01
-1.578547015257199815e-01 9.522929288268660031e-01 1.884700481446063558e-01
-1.578547015257199815e-01 9.522929288268660031e-01 1.884700481446063558e-01
-2.898657524173648414e-01 8.653780878968997392e-01 1.410266442178542690e-01
-2.898657524173648414e-01 8.653780878968997392e-01 1.410266442178542690e-01
-3.305756730196630633e-01 9.340875572571121221e-01 1.546320904008972319e-01
-3.305756730196630633e-01 9.340875572571121221e-01 1.546320904008972319e-01
-3.635645165851126293e-01 8.427325113034517257e-01 1.000056331646797525e-01
-3.635645165851126293e-01 8.427325113034517257e-01 1.000056331646797525e-01
1.320143485519446047e-01 6.905395324801704149e-01 2.114062006856780029e-01
1.320143485519446047e-01 6.905395324801704149e-01 2.114062006856780029e-01
1.320143485519446047e-01 6.905395324801704149e-01 2.114062006856780029e-01
1.320143485519446047e-01 6.905395324801704149e-01 2.114062006856780029e-01
-2.540967092256318782e-04 6.615930043494084867e-01 1.454068687294394480e-01
-2.540967092256318782e-04 6.615930043494084867e-01 1.454068687294394480e-01
-2.540967092256318782e-04 6.615930043494084867e-01 1.454068687294394480e-01
-2.540967092256318782e-04 6.615930043494084867e-01 1.454068687294394480e-01
-2.657122028967708882e-01 1.066483104115425462e+00 1.577309428723602802e-01
-5.332620860428791687e-01 1.025273222015920860e+00 1.185813473990473127e-01
-7.601445237110764364e-01 1.289370164553410358e+00 9.976347885587014130e-02
-8.390147376826941894e-01 1.272653577860551000e+00 8.949122468831767485e-02
-4.874551511017771177e-01 9.635170062691907900e-01 1.109050602012381370e-01
-4.874551511017771177e-01 9.635170062691907900e-01 1.109050602012381370e-01
-4.874551511017771177e-01 9.635170062691907900e-01 1.109050602012381370e-01
-4.874551511017771177e-01 9.635170062691907900e-01 1.109050602012381370e-01
-4.874551511017771177e-01 9.635170062691907900e-01 1.109050602012381370e-01
-3.939495028208293559e-01 7.418127915273602380e-01 4.313964044816379073e-02
-3.939495028208293559e-01 7.418127915273602380e-01 4.313964044816379073e-02
-1.637828569886302099e-01 1.061607480921457070e+00 1.430542460650226499e-01
-1.637828569886302099e-01 1.061607480921457070e+00 1.430542460650226499e-01
-1.637828569886302099e-01 1.061607480921457070e+00 1.430542460650226499e-01
-1.637828569886302099e-01 1.061607480921457070e+00 1.430542460650226499e-01
-1.637828569886302099e-01 1.061607480921457070e+00 1.430542460650226499e-01
-1.637828569886302099e-01 1.061607480921457070e+00 1.430542460650226499e-01
-1.637828569886302099e-01 1.061607480921457070e+00 1.430542460650226499e-01
-3.401764672712110915e-01 1.109647448004072334e+00 1.474777860125656426e-01
1.339526614921698888e-02 1.053397090067035968e+00 9.712145192763008139e-02
-2.801298302090202696e-01 8.059381220207763041e-01 1.134622663507582480e-01
1.482436793932362384e-01 8.820829839256962845e-01 1.688884651150981686e-01
1.482436793932362384e-01 8.820829839256962845e-01 1.688884651150981686e-01
1.482436793932362384e-01 8.820829839256962845e-01 1.688884651150981686e-01
1.482436793932362384e-01 8.820829839256962845e-01 1.688884651150981686e-01
1.482436793932362384e-01 8.820829839256962845e-01 1.688884651150981686e-01
-3.475013116640961464e-01 1.268321700226320292e+00 7.014404942701571444e-02
-5.057462768106476547e-01 1.127048124085589853e+00 1.401732693373381466e-01
-5.057462768106476547e-01 1.127048124085589853e+00 1.401732693373381466e-01
-4.811959063860549168e-01 9.317372454614023525e-01 9.918210213352542104e-02
-4.559679563747197073e-01 8.880932961928293956e-01 8.796180554558485909e-02
-2.491615661537459614e-01 9.989743771704624464e-01 1.770815270821666232e-01
-5.217629205639257028e-01 1.078916363948720480e+00 1.351721165102585387e-01
-8.600078147743800416e-01 1.204553778588505875e+00 7.486336239262307568e-02
-8.600078147743800416e-01 1.204553778588505875e+00 7.486336239262307568e-02
-8.600078147743800416e-01 1.204553778588505875e+00 7.486336239262307568e-02
-7.094525696061959597e-01 1.194169878093233272e+00 1.076938639651176394e-01
-7.094525696061959597e-01 1.194169878093233272e+00 1.076938639651176394e-01
-8.365885019814253143e-01 1.323347673749973197e+00 8.972671474367713285e-02
-8.365885019814253143e-01 1.323347673749973197e+00 8.972671474367713285e-02
-8.365885019814253143e-01 1.323347673749973197e+00 8.972671474367713285e-02
-4.778754805684480300e-01 1.419644025377290397e+00 3.301362803078480845e-02
-4.778754805684480300e-01 1.419644025377290397e+00 3.301362803078480845e-02
-7.389680677211448723e-01 1.249047845126129985e+00 1.046217307159290205e-01
-9.525409150417960547e-01 1.167494060951596468e+00 4.429960333090689206e-02
-9.525409150417960547e-01 1.167494060951596468e+00 4.429960333090689206e-02
-7.736523178625795971e-01 1.207014915332597749e+00 9.562793552102309691e-02
-7.736523178625795971e-01 1.207014915332597749e+00 9.562793552102309691e-02
-5.954981736698560235e-01 8.999105404926736052e-01 4.901730569899391543e-02
-5.954981736698560235e-01 8.999105404926736052e-01 4.901730569899391543e-02
-5.954981736698560235e-01 8.999105404926736052e-01 4.901730569899391543e-02
-5.954981736698560235e-01 8.999105404926736052e-01 4.901730569899391543e-02
-5.954981736698560235e-01 8.999105404926736052e-01 4.901730569899391543e-02
-5.954981736698560235e-01 8.999105404926736052e-01 4.901730569899391543e-02
-5.954981736698560235e-01 8.999105404926736052e-01 4.901730569899391543e-02
-7.849693616728152801e-01 1.105516024051113044e+00 6.791580760323319421e-02
-4.132806226117741177e-01 1.023709952306704585e+00 1.527853525754230279e-01
-6.320078122063849113e-02 9.675414752353352910e-01 1.736859733290548324e-01
-6.320078122063849113e-02 9.675414752353352910e-01 1.736859733290548324e-01
-4.354789981611312810e-01 1.067551783355019435e+00 1.517898198095129214e-01
