2.489132485845457765e-01 1.481402749648903505e-01 1.066050063495803694e-03
1.058021203642258712e+00 -7.860306368753039452e-03 1.116797754900348064e-02
1.258208164896137626e+00 7.048727831234440078e-03 1.904874631876637275e-02
1.145803874828583924e+00 2.042703868002475678e-02 1.645515196437852615e-02
1.494296697530173468e+00 -1.662231239431363194e-01 1.301911477284394339e-02
1.685208430245177524e+00 -5.948860014114568107e-02 2.066030379929045813e-02
1.685208430245177524e+00 -5.948860014114568107e-02 2.066030379929045813e-02
1.589717095875693875e+00 2.997514072575530042e-02 2.265102753322623466e-02
1.143525377741226201e+00 9.948022923800119155e-02 2.280992903436977401e-02
7.027873239684419016e-01 2.066681149382152971e-01 1.493465316544816991e-02
6.135618843953634105e-01 6.148701343859468427e-01 3.252204539615449752e-02
6.135618843953634105e-01 6.148701343859468427e-01 3.252204539615449752e-02
5.740801611891160894e-01 7.779557695174570409e-01 2.075433976462149471e-02
5.977915251426652032e-01 4.776867734723651560e-01 3.331703200948866322e-02
6.446822986158965429e-01 4.383373093872253712e-01 3.239000372913709846e-02
6.446822986158965429e-01 4.383373093872253712e-01 3.239000372913709846e-02
6.446822986158965429e-01 4.383373093872253712e-01 3.239000372913709846e-02
6.446822986158965429e-01 4.383373093872253712e-01 3.239000372913709846e-02
6.446822986158965429e-01 4.383373093872253712e-01 3.239000372913709846e-02
5.277198360900192675e-01 5.691257931227124978e-01 3.498104186931672022e-02
5.277198360900192675e-01 5.691257931227124978e-01 3.498104186931672022e-02
5.277198360900192675e-01 5.691257931227124978e-01 3.498104186931672022e-02
4.769258819496982049e-01 4.946248081802168128e-01 3.081739878113600589e-02
3.649458312221353085e-01 5.056437278209413577e-01 2.690797477605638005e-02
7.104822318381438517e-01 3.348010131229637310e-01 2.712583907196627203e-02
8.163741805106007332e-01 6.368114553892008090e-01 2.138591190680094734e-02
8.163741805106007332e-01 6.368114553892008090e-01 2.138591190680094734e-02
8.163741805106007332e-01 6.368114553892008090e-01 2.138591190680094734e-02
7.983529943294055409e-01 6.845511099444264724e-01 1.789734781121753160e-02
7.983529943294055409e-01 6.845511099444264724e-01 1.789734781121753160e-02
3.118312450677529490e-01 8.207748415255933239e-01 2.922467070523510416e-02
5.008255113853693485e-02 5.249611029125070827e-01 1.272244171440393805e-02
-1.749495441474595292e-02 5.524675190596313179e-01 1.187713007852116663e-02
4.197604325434780015e-01 3.182673941270669493e-01 1.221143799031216594e-02
4.197604325434780015e-01 3.182673941270669493e-01 1.221143799031216594e-02
4.197604325434780015e-01 3.182673941270669493e-01 1.221143799031216594e-02
4.197604325434780015e-01 3.182673941270669493e-01 1.221143799031216594e-02
6.505829843621944164e-01 6.432471823859611249e-01 2.918816145139554660e-02
1.458966436004927480e+00 3.256587618783846061e-02 2.387855137855559445e-02
1.458966436004927480e+00 3.256587618783846061e-02 2.387855137855559445e-02
1.657729076102465227e+00 6.353503921350589501e-02 2.036641254803983267e-02
1.940078034151127895e+00 -2.749155953063621705e-01 1.420894188862265387e-02
1.940078034151127895e+00 -2.749155953063621705e-01 1.420894188862265387e-02
1.940078034151127895e+00 -2.749155953063621705e-01 1.420894188862265387e-02
1.831179907657577433e+00 -1.722936497900536268e-01 1.737158118777800547e-02
1.831179907657577433e+00 -1.722936497900536268e-01 1.737158118777800547e-02
1.831179907657577433e+00 -1.722936497900536268e-01 1.737158118777800547e-02
1.831179907657577433e+00 -1.722936497900536268e-01 1.737158118777800547e-02
1.831179907657577433e+00 -1.722936497900536268e-01 1.737158118777800547e-02
1.831179907657577433e+00 -1.722936497900536268e-01 1.737158118777800547e-02
2.201790013035053839e+00 -4.463214105080239857e-01 9.606885476974002733e-03
2.061591371542381701e+00 6.155179474135663575e-02 6.478471889403081101e-03
1.948618581420626272e+00 -2.516997790098042254e-01 1.499281880893621986e-02
1.894509553235284915e+00 -2.233772814659287786e-01 1.583142067761952529e-02
1.869239822295424958e+00 -2.004086290879824317e-01 1.652386571572256324e-02
1.869239822295424958e+00 -2.004086290879824317e-01 1.652386571572256324e-02
1.730026784689549624e+00 -3.017404030665853942e-01 1.009141993298116879e-02
1.730026784689549624e+00 -3.017404030665853942e-01 1.009141993298116879e-02
1.824124480009210902e+00 -5.144687619980503612e-01 2.889559530816873840e-03
1.824124480009210902e+00 -5.144687619980503612e-01 2.889559530816873840e-03
1.824124480009210902e+00 -5.144687619980503612e-01 2.889559530816873840e-03
1.387824679245175385e+00 -2.784581911807719745e-01 4.420350123177839430e-03
1.736549436137621250e+00 -1.587866323469433461e-02 1.986240614579208932e-02
1.923425567230367950e+00 -3.991522339726190083e-01 8.560640776592551987e-03
2.153615446180746407e+00 -9.552585711439631755e-02 9.755806502527053503e-03
2.456599839446218070e+00 -3.676791919905437189e-01 8.718364567999330877e-03
2.456599839446218070e+00 -3.676791919905437189e-01 8.718364567999330877e-03
2.456599839446218070e+00 -3.676791919905437189e-01 8.718364567999330877e-03
2.779227053285580062e+00 -5.971281442185322197e-01 5.589297797749175761e-03
2.779227053285580062e+00 -5.971281442185322197e-01 5.589297797749175761e-03
2.779227053285580062e+00 -5.971281442185322197e-01 5.589297797749175761e-03
2.593516877832073853e+00 -2.688662060263569131e-01 4.382497610484595123e-03
2.593516877832073853e+00 -2.688662060263569131e-01 4.382497610484595123e-03
2.468830597636070934e+00 -1.288908660537334272e-01 3.458015263071993056e-03
2.468830597636070934e+00 -1.288908660537334272e-01 3.458015263071993056e-03
2.468830597636070934e+00 -1.288908660537334272e-01 3.458015263071993056e-03
2.468830597636070934e+00 -1.288908660537334272e-01 3.458015263071993056e-03
2.468830597636070934e+00 -1.288908660537334272e-01 3.458015263071993056e-03
2.430420242685471521e+00 -4.103786933821337302e-01 9.312383118572825635e-03
2.430420242685471521e+00 -4.103786933821337302e-01 9.312383118572825635e-03
2.430420242685471521e+00 -4.103786933821337302e-01 9.312383118572825635e-03
2.398064486575813170e+00 -3.365585628412128827e-01 9.422329284732246582e-03
2.398064486575813170e+00 -3.365585628412128827e-01 9.422329284732246582e-03
2.415022748132162889e+00 -3.531708071892433742e-01 9.289733662102844444e-03
2.415022748132162889e+00 -3.531708071892433742e-01 9.289733662102844444e-03
2.620749878337873540e+00 -2.117668052477828244e-01 2.857617573258489519e-03
2.533209608854768646e+00 -1.978111636939748619e-01 3.899161540683028677e-03
2.481591461346152716e+00 -2.600452252753350235e-01 6.309264151883522444e-03
2.481591461346152716e+00 -2.600452252753350235e-01 6.309264151883522444e-03
2.481591461346152716e+00 -2.600452252753350235e-01 6.309264151883522444e-03
2.337920909158017757e+00 -3.031293156625880503e-01 1.016258196512789987e-02
2.337920909158017757e+00 -3.031293156625880503e-01 1.016258196512789987e-02
1.841414591621644448e+00 -3.615052265736898307e-01 9.027775056369835918e-03
1.965286228754069775e+00 -3.546967965810978729e-01 1.115378028305961597e-02
2.105235899814449585e+00 -5.298387178922712160e-01 5.736255346374504599e-03
2.105235899814449585e+00 -5.298387178922712160e-01 5.736255346374504599e-03
2.105235899814449585e+00 -5.298387178922712160e-01 5.736255346374504599e-03
1.914009728928798504e+00 -9.182462428931476017e-02 1.660819419230213229e-02
1.578073671936847999e+00 7.798242030342258935e-02 2.240118784338506960e-02
1.578073671936847999e+00 7.798242030342258935e-02 2.240118784338506960e-02
