2.489132485845457765e-01 1.481402749648903505e-01 1.192136449644921447e-03
6.250039010101992032e-01 1.636348697142436248e-01 1.189261544685761042e-02
6.353783956684985190e-01 8.435247820339235592e-01 2.244062870926914754e-02
3.429423613576713659e-01 8.268156552782728319e-01 3.794274340275273494e-02
3.714847765484859399e-01 9.561615664502879364e-01 2.057689562590718502e-02
3.714847765484859399e-01 9.561615664502879364e-01 2.057689562590718502e-02
3.714847765484859399e-01 9.561615664502879364e-01 2.057689562590718502e-02
4.534736935596590524e-01 6.397001398018868912e-01 5.087457793366492037e-02
8.121793461773816336e-01 5.739168146145949834e-01 5.397761556625207957e-02
3.933623013975520166e-01 6.423792878494178904e-01 4.839448813544400263e-02
3.487129850492931560e-01 5.441014958214515085e-01 3.814879822288999578e-02
3.487129850492931560e-01 5.441014958214515085e-01 3.814879822288999578e-02
2.934263003117357771e-01 8.020264588886391044e-01 4.089205042284014407e-02
2.934263003117357771e-01 8.020264588886391044e-01 4.089205042284014407e-02
4.838018636475494016e-01 7.419700738547896357e-01 4.432562195039985165e-02
6.488112584120070414e-01 4.772117959853459657e-01 5.541050017106143033e-02
8.032686387449816667e-01 5.782689852802364028e-01 5.379828069060312024e-02
8.032686387449816667e-01 5.782689852802364028e-01 5.379828069060312024e-02
1.074261647884619642e+00 3.896585238134397944e-01 6.346974983786192459e-02
1.074261647884619642e+00 3.896585238134397944e-01 6.346974983786192459e-02
1.371777171317680288e+00 2.581536037166469733e-01 6.108711449194506593e-02
1.300806700501869084e+00 1.379111920748277154e-01 6.059097482488939868e-02
8.627804291747103171e-01 2.711984510201382870e-01 4.766661162830694576e-02
8.627804291747103171e-01 2.711984510201382870e-01 4.766661162830694576e-02
8.627804291747103171e-01 2.711984510201382870e-01 4.766661162830694576e-02
8.627804291747103171e-01 2.711984510201382870e-01 4.766661162830694576e-02
8.627804291747103171e-01 2.711984510201382870e-01 4.766661162830694576e-02
1.041791497211924433e+00 3.967237144850232489e-01 6.387750085374732656e-02
7.349019587156044864e-01 4.419127469503224548e-01 5.824319565428604656e-02
1.486493138087666921e+00 5.690414696184633581e-01 8.382523069943734195e-03
1.848427628963691394e+00 4.501616029965732069e-01 3.963447745135880232e-03
1.848427628963691394e+00 4.501616029965732069e-01 3.963447745135880232e-03
1.848427628963691394e+00 4.501616029965732069e-01 3.963447745135880232e-03
1.531742644111780294e+00 2.316437674297253946e-01 5.242515157705020939e-02
1.531742644111780294e+00 2.316437674297253946e-01 5.242515157705020939e-02
1.764385770431999401e+00 5.448278707423689915e-02 5.246230755337149415e-02
2.055834467798277387e+00 -2.023693745581479353e-01 4.163501095557055331e-02
2.055834467798277387e+00 -2.023693745581479353e-01 4.163501095557055331e-02
2.039778133895037371e+00 -1.143278171182362107e-01 4.354590288998894110e-02
2.039778133895037371e+00 -1.143278171182362107e-01 4.354590288998894110e-02
1.978220473652279709e+00 1.137184589387367079e-01 2.776644310863536289e-02
1.823683739212363930e+00 1.007998789549188201e-01 4.340229925418157692e-02
1.845729269938242156e+00 2.489504817773361134e-01 2.107251231824839796e-02
1.682295978499308120e+00 -1.490903940324397881e-02 5.546501036535828044e-02
1.682295978499308120e+00 -1.490903940324397881e-02 5.546501036535828044e-02
1.670304775958493027e+00 -3.725723546069072134e-02 5.370168200158107613e-02
1.643075037236604308e+00 -2.265086816107417245e-01 2.524386447684896437e-02
1.643075037236604308e+00 -2.265086816107417245e-01 2.524386447684896437e-02
1.680371064682651738e+00 3.754773951447030744e-01 1.725134628821903965e-02
1.885064411768431203e+00 2.888376760592314962e-02 4.579292463295323024e-02
1.885064411768431203e+00 2.888376760592314962e-02 4.579292463295323024e-02
2.309034684068609788e+00 6.430513927168896027e-02 1.034807204689014090e-02
2.339315294614952911e+00 4.080326208179878983e-02 1.059226287402727402e-02
2.237835100753283957e+00 1.274394423794377174e-01 9.142047235579859807e-03
2.141451020956848694e+00 1.676538352580708713e-01 1.066184218811798423e-02
2.176870328560958523e+00 -2.622924273221980407e-01 3.679706232291703877e-02
2.165591467916836876e+00 -3.240404765299055856e-01 3.268083306796314841e-02
2.025781628765550124e+00 -2.349973213977645803e-01 3.949536000738790298e-02
2.025781628765550124e+00 -2.349973213977645803e-01 3.949536000738790298e-02
2.025781628765550124e+00 -2.349973213977645803e-01 3.949536000738790298e-02
1.957188358676829276e+00 -6.731049446521988888e-02 4.667104924251181536e-02
1.957188358676829276e+00 -6.731049446521988888e-02 4.667104924251181536e-02
1.892692288341997875e+00 -7.153924390216666318e-02 4.959220895037718541e-02
1.892692288341997875e+00 -7.153924390216666318e-02 4.959220895037718541e-02
1.728676022969126480e+00 -2.227222390781204153e-02 5.476239125438268213e-02
1.536500209937748496e+00 -6.301392014543039100e-02 4.506448809620660495e-02
1.536500209937748496e+00 -6.301392014543039100e-02 4.506448809620660495e-02
1.536500209937748496e+00 -6.301392014543039100e-02 4.506448809620660495e-02
1.904130699039553676e+00 1.073976119980262489e-01 3.522748866166862391e-02
1.904130699039553676e+00 1.073976119980262489e-01 3.522748866166862391e-02
1.904130699039553676e+00 1.073976119980262489e-01 3.522748866166862391e-02
2.148709786941723543e+00 6.838036776567914254e-02 1.956168830291753549e-02
2.566651435166153128e+00 -4.866538242800880765e-01 2.113952671342494982e-02
2.283238023051286980e+00 -3.260952850306509943e-01 3.209796651994423905e-02
2.283238023051286980e+00 -3.260952850306509943e-01 3.209796651994423905e-02
2.283238023051286980e+00 -3.260952850306509943e-01 3.209796651994423905e-02
2.283238023051286980e+00 -3.260952850306509943e-01 3.209796651994423905e-02
2.236652146816966447e+00 -2.997889142170184207e-01 3.406209482735367278e-02
2.236652146816966447e+00 -2.997889142170184207e-01 3.406209482735367278e-02
2.236652146816966447e+00 -2.997889142170184207e-01 3.406209482735367278e-02
2.419926086024587253e+00 -3.556869713753946227e-01 2.815971724720547215e-02
2.419926086024587253e+00 -3.556869713753946227e-01 2.815971724720547215e-02
2.419926086024587253e+00 -3.556869713753946227e-01 2.815971724720547215e-02
2.119877189204682377e+00 1.573841547297437637e-01 1.265641622808872518e-02
2.171378268295868441e+00 -7.539320072127364547e-02 3.256981968893482571e-02
1.512267880199685610e+00 2.509183142354218243e-02 5.623164932371285674e-02
1.979372888604892466e+00 -7.890775960321372295e-02 4.581922606521007801e-02
1.694656895982458389e+00 5.956409709942511732e-02 5.615666241857748125e-02
1.694656895982458389e+00 5.956409709942511732e-02 5.615666241857748125e-02
1.694656895982458389e+00 5.956409709942511732e-02 5.615666241857748125e-02
1.694656895982458389e+00 5.956409709942511732e-02 5.615666241857748125e-02
1.881130376186803455e+00 4.124673214579547831e-01 4.825798408142518980e-03
1.881130376186803455e+00 4.124673214579547831e-01 4.825798408142518980e-03
1.557798118984015767e+00 2.976111850196218045e-01 3.976550410299632687e-02
1.337358066015120528e+00 5.230305838521982498e-01 2.231546825093604428e-02
1.034064459499149713e+00 5.054210878223199810e-01 5.102526451222683807e-02
1.248489876052467196e+00 4.579111826944565755e-01 4.123615228352220385e-02
1.248489876052467196e+00 4.579111826944565755e-01 4.123615228352220385e-02
1.248489876052467196e+00 4.579111826944565755e-01 4.123615228352220385e-02
1.248489876052467196e+00 4.579111826944565755e-01 4.123615228352220385e-02
