2.489132485845457765e-01 1.481402749648903505e-01 3.244129062484086591e-03
2.489132485845457765e-01 1.481402749648903505e-01 3.244129062484086591e-03
9.258255469616638589e-01 -5.913020597761106667e-02 1.576054494708528306e-02
1.163559033530083164e+00 1.658409451827508041e-01 1.166063124285741937e-01
1.483385746268522487e+00 -4.947206397246298182e-02 6.796411308329333711e-02
1.483385746268522487e+00 -4.947206397246298182e-02 6.796411308329333711e-02
1.483385746268522487e+00 -4.947206397246298182e-02 6.796411308329333711e-02
1.435435458959645194e+00 4.440030736593664207e-02 8.383230911927427864e-02
1.259084017495781138e+00 2.902718077768589033e-01 8.959956831747947770e-02
1.259084017495781138e+00 2.902718077768589033e-01 8.959956831747947770e-02
7.918336456708312543e-01 6.552797155752605462e-01 7.672823970555336937e-02
7.918336456708312543e-01 6.552797155752605462e-01 7.672823970555336937e-02
1.058034491690996504e+00 5.950116956700010062e-01 3.322052050931697392e-02
1.483857674408289640e+00 5.526379205486995350e-01 2.546545433668006338e-03
1.483857674408289640e+00 5.526379205486995350e-01 2.546545433668006338e-03
1.441261416268545315e+00 4.350247489223710851e-01 1.433821788078557327e-02
1.375615815781100260e+00 2.724929687254080135e-01 6.508588709901039215e-02
1.375615815781100260e+00 2.724929687254080135e-01 6.508588709901039215e-02
1.194381598999459726e+00 3.187887088171913463e-01 9.853220038534298009e-02
1.194381598999459726e+00 3.187887088171913463e-01 9.853220038534298009e-02
9.145163458395726419e-01 2.305399527573194773e-01 1.277182019060785489e-01
9.557470002617296512e-01 5.433383265020155228e-01 7.978910908123598711e-02
9.557470002617296512e-01 5.433383265020155228e-01 7.978910908123598711e-02
9.557470002617296512e-01 5.433383265020155228e-01 7.978910908123598711e-02
6.436870832114715002e-01 8.066543512726724874e-01 4.713779642875430553e-02
3.460780399109756322e-01 7.411751965624301386e-01 1.857798506968984520e-01
3.430203991963038379e-01 7.427978832110628815e-01 1.858705617582247227e-01
3.430203991963038379e-01 7.427978832110628815e-01 1.858705617582247227e-01
2.407879869676632367e-01 9.241402104122916628e-01 1.060671007157695522e-01
2.407879869676632367e-01 9.241402104122916628e-01 1.060671007157695522e-01
-1.132681980465340410e-01 9.858939567685566230e-01 1.763901221390075380e-01
-1.132681980465340410e-01 9.858939567685566230e-01 1.763901221390075380e-01
-6.910324988675726754e-01 8.332503716538587346e-01 2.525744388236992113e-02
-7.933791262061431482e-01 1.335101639048899447e+00 1.079241308733319415e-01
-7.933791262061431482e-01 1.335101639048899447e+00 1.079241308733319415e-01
-9.549008199939553743e-01 1.279703133353111477e+00 9.969123134662458141e-02
-2.186258120662050164e-01 8.946931807470297482e-01 1.910329763342609455e-01
-2.186258120662050164e-01 8.946931807470297482e-01 1.910329763342609455e-01
-2.107974350309312628e-01 9.469007529241302290e-01 1.962393250166755143e-01
-1.554455695070646459e-01 7.921079681915066395e-01 1.685231859301545010e-01
4.691796666487465517e-01 7.414135772819779868e-01 1.430352834570995102e-01
3.216863184169944656e-01 8.216826948198435732e-01 1.458821858367940760e-01
7.754156310797939433e-01 4.595127051652641015e-01 1.711794325435383457e-01
7.754156310797939433e-01 4.595127051652641015e-01 1.711794325435383457e-01
7.754156310797939433e-01 4.595127051652641015e-01 1.711794325435383457e-01
7.754156310797939433e-01 4.595127051652641015e-01 1.711794325435383457e-01
2.902273494554706290e-01 6.276176290972304006e-01 2.067722130317335427e-01
2.902273494554706290e-01 6.276176290972304006e-01 2.067722130317335427e-01
2.823534599459276428e-02 5.884977341122934469e-01 1.068677756801201251e-01
-2.013687614517447599e-01 1.070142359270832122e+00 1.493778880176262480e-01
-2.013687614517447599e-01 1.070142359270832122e+00 1.493778880176262480e-01
-2.013687614517447599e-01 1.070142359270832122e+00 1.493778880176262480e-01
-1.545953209680720197e-01 1.145974072109008368e+00 8.916282171610290241e-02
-3.016453231383257050e-01 9.224485491482541377e-01 1.792297325012047193e-01
-3.016453231383257050e-01 9.224485491482541377e-01 1.792297325012047193e-01
-3.016453231383257050e-01 9.224485491482541377e-01 1.792297325012047193e-01
-3.016453231383257050e-01 9.224485491482541377e-01 1.792297325012047193e-01
-3.113752718198800062e-01 9.685358234750471862e-01 1.861192308133751139e-01
-3.113752718198800062e-01 9.685358234750471862e-01 1.861192308133751139e-01
-1.148455361834509747e-01 6.602042159677117272e-01 1.015165192217529627e-01
-1.148455361834509747e-01 6.602042159677117272e-01 1.015165192217529627e-01
1.188787577483645386e-01 5.363388475601509331e-01 1.045551255649174588e-01
2.002922570478561370e-01 6.250273347090220533e-01 1.888415805171866635e-01
9.559299460661860315e-02 4.456096871031637874e-01 4.695056127521390898e-02
9.559299460661860315e-02 4.456096871031637874e-01 4.695056127521390898e-02
3.771256952962778186e-01 8.261672091237161064e-01 1.220560196963930699e-01
3.771256952962778186e-01 8.261672091237161064e-01 1.220560196963930699e-01
3.771256952962778186e-01 8.261672091237161064e-01 1.220560196963930699e-01
5.845124619148067691e-01 5.992504106567968503e-01 1.793615382987089613e-01
3.356943296528970277e-01 7.369261817237502399e-01 1.907608522524592565e-01
5.606666089412087883e-01 5.335414693480348136e-01 1.971355111776047220e-01
4.305001853345751250e-01 5.641011162896488740e-01 2.028395880247986782e-01
9.396196332577664290e-01 3.507372419632313054e-01 1.527738416206656513e-01
9.396196332577664290e-01 3.507372419632313054e-01 1.527738416206656513e-01
9.396196332577664290e-01 3.507372419632313054e-01 1.527738416206656513e-01
1.153833983282553932e+00 3.570074883992139236e-01 9.742619773148181173e-02
1.153833983282553932e+00 3.570074883992139236e-01 9.742619773148181173e-02
1.153833983282553932e+00 3.570074883992139236e-01 9.742619773148181173e-02
1.153833983282553932e+00 3.570074883992139236e-01 9.742619773148181173e-02
1.292594485108684577e+00 -1.271737194427906559e-01 3.409306927398507436e-02
1.237301504372549266e+00 2.697358476186351162e-05 6.955046548117260752e-02
1.237301504372549266e+00 2.697358476186351162e-05 6.955046548117260752e-02
1.303536374260989117e+00 4.646881273433202397e-02 8.840744455805327195e-02
1.419611377274268227e+00 6.140919675503578312e-03 7.932188987529195656e-02
1.419611377274268227e+00 6.140919675503578312e-03 7.932188987529195656e-02
1.639761217349306799e+00 -1.166823113415308144e-01 5.487668789984390116e-02
1.639761217349306799e+00 -1.166823113415308144e-01 5.487668789984390116e-02
1.340750280626686664e+00 1.957543919923336040e-01 9.202370294731883338e-02
1.340750280626686664e+00 1.957543919923336040e-01 9.202370294731883338e-02
1.340750280626686664e+00 1.957543919923336040e-01 9.202370294731883338e-02
1.264471051530604351e+00 3.723905712207499219e-01 6.088342428514630089e-02
1.196875604198819998e+00 -2.106148566181792470e-02 5.740861216710937270e-02
1.196875604198819998e+00 -2.106148566181792470e-02 5.740861216710937270e-02
1.372184946542810202e+00 -7.877612109546847097e-02 5.557053773144732950e-02
1.345098652566245390e+00 -5.014928000309996914e-02 6.222352333009598113e-02
1.570973384931025674e+00 1.791076043296221387e-01 4.678424458297077149e-02
1.570973384931025674e+00 1.791076043296221387e-01 4.678424458297077149e-02
1.761813488037090591e+00 -1.314068504947980554e-01 4.847232760803215496e-02
1.765987061763034216e+00 1.537679014476990846e-01 2.159887826540182049e-02
1.765987061763034216e+00 1.537679014476990846e-01 2.159887826540182049e-02
