2.489132485845457765e-01 1.481402749648903505e-01 2.066054094377305778e-03
5.526330719797563074e-01 1.951601010230366862e-01 1.793839548666522482e-02
5.526330719797563074e-01 1.951601010230366862e-01 1.793839548666522482e-02
5.526330719797563074e-01 1.951601010230366862e-01 1.793839548666522482e-02
3.785796992637235348e-01 2.102187381894708162e-01 9.689737657219211694e-03
3.785796992637235348e-01 2.102187381894708162e-01 9.689737657219211694e-03
3.785796992637235348e-01 2.102187381894708162e-01 9.689737657219211694e-03
4.030024748747683128e-01 3.032441792312688400e-01 2.553144494945950443e-02
7.432132739834810264e-01 3.529695179065973076e-01 5.766240695573086189e-02
4.056252634737407825e-01 5.197535319557022859e-01 8.153481532717954394e-02
5.455125812440080324e-01 5.683318407006675566e-01 8.078494797373894643e-02
3.429285101170157501e-01 6.122992747375332057e-01 9.718892448134293371e-02
3.429285101170157501e-01 6.122992747375332057e-01 9.718892448134293371e-02
2.942784201342766859e-01 7.154668513677009400e-01 1.047384162095467419e-01
2.942784201342766859e-01 7.154668513677009400e-01 1.047384162095467419e-01
6.165144709760932429e-01 4.332358224991085249e-01 6.924935075314807287e-02
9.063398590616520423e-01 4.180433520108886025e-01 4.631994600641321791e-02
8.647478226546708724e-01 3.014534667142130808e-01 4.992941577382992852e-02
8.647478226546708724e-01 3.014534667142130808e-01 4.992941577382992852e-02
1.322919068423239031e+00 -3.669385021414328651e-02 1.824546297192569319e-02
1.009813683321734601e+00 1.597602362241188345e-01 3.448212062602184352e-02
1.125497903914405740e+00 4.242898235471824764e-01 2.055435474184141506e-02
1.083900704115515534e+00 2.644074566990434194e-01 3.662080353803914834e-02
6.396594468585489190e-01 4.333743650180396090e-01 6.879762750410564620e-02
6.396594468585489190e-01 4.333743650180396090e-01 6.879762750410564620e-02
9.534408495037687281e-01 2.943404576286088314e-01 4.557279353230695579e-02
8.499957537075107927e-01 4.557285461111861835e-01 4.998934853677266393e-02
9.220730808776562704e-01 4.650931929948039500e-01 3.936022176860772687e-02
9.220730808776562704e-01 4.650931929948039500e-01 3.936022176860772687e-02
8.645163994387290440e-01 7.097811945262553213e-01 1.280853416090774362e-02
8.645163994387290440e-01 7.097811945262553213e-01 1.280853416090774362e-02
8.645163994387290440e-01 7.097811945262553213e-01 1.280853416090774362e-02
8.645163994387290440e-01 7.097811945262553213e-01 1.280853416090774362e-02
8.645163994387290440e-01 7.097811945262553213e-01 1.280853416090774362e-02
9.328168558326030979e-01 6.760861422077744098e-01 1.102020533670077310e-02
9.328168558326030979e-01 6.760861422077744098e-01 1.102020533670077310e-02
6.764679057408367058e-01 5.949834313746783510e-01 5.795962531576609456e-02
6.764679057408367058e-01 5.949834313746783510e-01 5.795962531576609456e-02
6.764679057408367058e-01 5.949834313746783510e-01 5.795962531576609456e-02
6.431658179160733013e-01 6.528079460628583019e-01 5.310211705643939906e-02
6.074470450009097355e-01 4.787261980822258289e-01 7.403547083978267995e-02
1.055807690402698729e+00 5.464177266926636412e-01 1.420765269447880723e-02
9.829437492059254211e-01 2.483600517464700230e-01 4.227394883068058551e-02
9.829437492059254211e-01 2.483600517464700230e-01 4.227394883068058551e-02
4.089699612543580276e-01 7.108833571198697188e-01 8.679441275924806853e-02
-1.467133753840631494e-01 8.567660867876117914e-01 1.285179292469239010e-01
-1.487434091874421938e-01 8.209415056916535836e-01 1.168188664708295355e-01
-1.487434091874421938e-01 8.209415056916535836e-01 1.168188664708295355e-01
-1.487434091874421938e-01 8.209415056916535836e-01 1.168188664708295355e-01
-1.487434091874421938e-01 8.209415056916535836e-01 1.168188664708295355e-01
-1.487434091874421938e-01 8.209415056916535836e-01 1.168188664708295355e-01
-3.634762068610529751e-01 1.082917999344913396e+00 1.509617015719081357e-01
-3.634762068610529751e-01 1.082917999344913396e+00 1.509617015719081357e-01
-3.634762068610529751e-01 1.082917999344913396e+00 1.509617015719081357e-01
-4.558010484800112949e-01 1.285639161637171402e+00 1.106267326014148261e-01
-7.666721906430891131e-01 1.635884108026224748e+00 3.776319904430960189e-02
-1.056567456534186711e+00 1.512753362398574275e+00 1.300212355991251234e-01
-1.086311887367676254e+00 1.828169793061097170e+00 3.048189478643000688e-02
-1.312085522461992282e+00 1.447980832618116498e+00 8.147329288997670615e-02
-1.437126101233634712e+00 1.634749460445577895e+00 9.766719997862839675e-02
-1.259474769680881234e+00 1.330803391499444821e+00 5.494089766419002485e-02
-1.259474769680881234e+00 1.330803391499444821e+00 5.494089766419002485e-02
-1.423731867256820216e+00 1.179293309329026984e+00 5.195488459646007730e-03
-1.138082594869795905e+00 1.122641290976698958e+00 2.039166151065806634e-02
-1.138082594869795905e+00 1.122641290976698958e+00 2.039166151065806634e-02
-1.138082594869795905e+00 1.122641290976698958e+00 2.039166151065806634e-02
-1.138082594869795905e+00 1.122641290976698958e+00 2.039166151065806634e-02
-1.138082594869795905e+00 1.122641290976698958e+00 2.039166151065806634e-02
-1.138523493627624061e+00 1.184455991798336827e+00 3.480968612069977597e-02
-1.198932169982199980e+00 1.721832432347319086e+00 8.385878381422728900e-02
-1.198932169982199980e+00 1.721832432347319086e+00 8.385878381422728900e-02
-1.291503850232219808e+00 1.729946591212539353e+00 9.242884375186728729e-02
-1.610256025314063866e+00 1.826302932888242303e+00 8.141675840956116850e-02
-1.422519407495322019e+00 1.750437199409303535e+00 9.457754258341706521e-02
-1.422519407495322019e+00 1.750437199409303535e+00 9.457754258341706521e-02
-7.153118557263672406e-01 1.674183637579686357e+00 2.076012221585993300e-02
-7.153118557263672406e-01 1.674183637579686357e+00 2.076012221585993300e-02
-9.892883131541616581e-01 1.938861965543626109e+00 5.660790632640717336e-03
-9.892883131541616581e-01 1.938861965543626109e+00 5.660790632640717336e-03
-9.892883131541616581e-01 1.938861965543626109e+00 5.660790632640717336e-03
-9.892883131541616581e-01 1.938861965543626109e+00 5.660790632640717336e-03
-1.316932674349375221e+00 2.034826168426770554e+00 1.283280104485978214e-02
-1.316932674349375221e+00 2.034826168426770554e+00 1.283280104485978214e-02
-1.696822225684431862e+00 1.882032888953111938e+00 7.285636023573394127e-02
-1.696822225684431862e+00 1.882032888953111938e+00 7.285636023573394127e-02
-1.696822225684431862e+00 1.882032888953111938e+00 7.285636023573394127e-02
-1.693748473627498585e+00 1.910710879444910804e+00 6.956500277518018471e-02
-1.693748473627498585e+00 1.910710879444910804e+00 6.956500277518018471e-02
-1.693748473627498585e+00 1.910710879444910804e+00 6.956500277518018471e-02
-1.693748473627498585e+00 1.910710879444910804e+00 6.956500277518018471e-02
-1.693748473627498585e+00 1.910710879444910804e+00 6.956500277518018471e-02
-1.693748473627498585e+00 1.910710879444910804e+00 6.956500277518018471e-02
-1.828164659245498758e+00 2.152927435783623444e+00 2.994624746882687885e-02
-1.820870228504864130e+00 2.137827240203377777e+00 3.226807405347800056e-02
-2.004023600724577747e+00 1.936035047867712633e+00 4.614736835808335574e-02
-1.584381328980637438e+00 1.633360477283855916e+00 6.958631138273013716e-02
-1.149270705893880695e+00 1.357396050278301125e+00 9.272328213502760430e-02
-1.149270705893880695e+00 1.357396050278301125e+00 9.272328213502760430e-02
-1.162543877378308110e+00 1.452957339116869973e+00 1.177761570798951940e-01
-1.170586015261348312e+00 1.721029889650785405e+00 7.983628066860830319e-02
