2.489132485845457765e-01 1.481402749648903505e-01 2.135929327209616993e-03
2.489132485845457765e-01 1.481402749648903505e-01 2.135929327209616993e-03
2.489132485845457765e-01 1.481402749648903505e-01 2.135929327209616993e-03
2.489132485845457765e-01 1.481402749648903505e-01 2.135929327209616993e-03
4.271319467012757443e-01 2.260737790266824643e-01 1.743677661741568213e-02
8.559085270098136800e-01 5.525480570171292793e-01 1.351307446024260783e-01
8.620018623326410889e-01 1.298474941150180584e-01 4.858091346720970483e-02
7.750803080962367364e-01 5.241218325950476320e-01 1.561973926017544700e-01
7.750803080962367364e-01 5.241218325950476320e-01 1.561973926017544700e-01
7.750803080962367364e-01 5.241218325950476320e-01 1.561973926017544700e-01
7.750803080962367364e-01 5.241218325950476320e-01 1.561973926017544700e-01
7.928857157097086716e-01 5.110471796810100997e-01 1.562801412123232814e-01
7.928857157097086716e-01 5.110471796810100997e-01 1.562801412123232814e-01
8.815132520327965127e-01 1.627281414555749595e-01 6.504480487177327630e-02
8.815132520327965127e-01 1.627281414555749595e-01 6.504480487177327630e-02
1.128189134350214395e+00 2.061229476810630123e-01 1.216641117040028752e-01
1.221735782160346950e+00 2.723220581296253995e-01 1.301520851693456216e-01
7.841449975980248066e-01 2.427466337744852709e-01 8.131830804590936546e-02
8.830427538821468136e-01 4.322662924025659770e-01 1.551491605319804956e-01
8.830427538821468136e-01 4.322662924025659770e-01 1.551491605319804956e-01
9.929112545128140344e-01 4.487499091490242953e-01 1.394110521707196404e-01
7.353610055773399656e-01 7.373243157687323635e-01 8.183528676720316919e-02
5.971659100420256827e-01 5.125851435430199832e-01 1.559658021498506741e-01
5.971659100420256827e-01 5.125851435430199832e-01 1.559658021498506741e-01
4.154573269331398588e-01 5.363258439306444192e-01 1.325559081351012358e-01
3.223463862715686412e-01 7.554261771741717091e-01 1.499474335866838592e-01
6.969343829474733409e-01 7.193272287935419396e-01 9.987619482248658032e-02
4.512391006975798868e-01 8.255856538995948180e-01 1.056595226573259355e-01
4.161767107110100339e-01 6.877091202641959500e-01 1.571878938651009583e-01
6.049078113634330789e-01 4.914245040530788033e-01 1.517159975572923147e-01
1.104763445325641635e+00 6.006862213943410245e-01 5.426026597357583303e-02
1.104763445325641635e+00 6.006862213943410245e-01 5.426026597357583303e-02
1.290769939165121505e+00 1.508332769820532326e-01 1.146252385135252544e-01
1.290769939165121505e+00 1.508332769820532326e-01 1.146252385135252544e-01
1.290769939165121505e+00 1.508332769820532326e-01 1.146252385135252544e-01
6.178799413759815673e-01 2.816047611864330724e-01 6.353576568816472758e-02
1.273361346050335019e+00 2.254032527951371767e-02 7.114225432227411217e-02
1.273361346050335019e+00 2.254032527951371767e-02 7.114225432227411217e-02
1.273361346050335019e+00 2.254032527951371767e-02 7.114225432227411217e-02
1.273361346050335019e+00 2.254032527951371767e-02 7.114225432227411217e-02
1.273361346050335019e+00 2.254032527951371767e-02 7.114225432227411217e-02
1.609822140541747215e+00 -3.101110847840969353e-01 1.510422859816998309e-02
1.609822140541747215e+00 -3.101110847840969353e-01 1.510422859816998309e-02
1.491346659757835758e+00 -3.570180430464292565e-01 5.649919858101253890e-03
1.528983800501982460e+00 -9.440058530635025980e-02 5.865958168855205102e-02
1.528983800501982460e+00 -9.440058530635025980e-02 5.865958168855205102e-02
1.396430975312299871e+00 1.485261121136109141e-01 1.118176317078886650e-01
1.469607287325706446e+00 4.224899526689865903e-01 4.060107190240207220e-02
1.356321170361797224e+00 -1.646155715722352753e-03 7.221073643495543037e-02
1.356321170361797224e+00 -1.646155715722352753e-03 7.221073643495543037e-02
1.042243130981916899e+00 2.035405312297923139e-02 3.829303567363810668e-02
1.042243130981916899e+00 2.035405312297923139e-02 3.829303567363810668e-02
8.983678130718307786e-01 4.239466067913909286e-02 2.678534280256542749e-02
8.624923027753685911e-01 1.295998849368417138e-01 4.857108325308086977e-02
8.624923027753685911e-01 1.295998849368417138e-01 4.857108325308086977e-02
8.524746990520664092e-01 5.071749721076632689e-01 1.492923093233791410e-01
5.664265997505766315e-01 4.565237104774267918e-01 1.328313838817861692e-01
5.664265997505766315e-01 4.565237104774267918e-01 1.328313838817861692e-01
5.664265997505766315e-01 4.565237104774267918e-01 1.328313838817861692e-01
8.303312836535075014e-01 6.150700686970068665e-01 1.155154366124706566e-01
8.303312836535075014e-01 6.150700686970068665e-01 1.155154366124706566e-01
2.442246541429227147e-01 6.405290744737617281e-01 1.326669889668174729e-01
2.442246541429227147e-01 6.405290744737617281e-01 1.326669889668174729e-01
2.442246541429227147e-01 6.405290744737617281e-01 1.326669889668174729e-01
2.442246541429227147e-01 6.405290744737617281e-01 1.326669889668174729e-01
2.442246541429227147e-01 6.405290744737617281e-01 1.326669889668174729e-01
3.904422270922599525e-01 6.235257029097071024e-01 1.537332360080412852e-01
9.831962359673985796e-01 4.230955882906300980e-01 1.461278718695128709e-01
9.831962359673985796e-01 4.230955882906300980e-01 1.461278718695128709e-01
6.773728832075138762e-01 5.103665493709126366e-01 1.609681860460037417e-01
8.287190335062245561e-01 5.008328561531575351e-01 1.538282004118265156e-01
6.933037719288175360e-01 3.394837615176939938e-01 1.075513751326371420e-01
6.933037719288175360e-01 3.394837615176939938e-01 1.075513751326371420e-01
6.933037719288175360e-01 3.394837615176939938e-01 1.075513751326371420e-01
9.397749336997985870e-01 3.946326904977244254e-01 1.519914418902655051e-01
9.397749336997985870e-01 3.946326904977244254e-01 1.519914418902655051e-01
7.960867220042614489e-01 6.971598585275071702e-01 8.579395391082134115e-02
7.960867220042614489e-01 6.971598585275071702e-01 8.579395391082134115e-02
7.960867220042614489e-01 6.971598585275071702e-01 8.579395391082134115e-02
4.317724373589371667e-01 6.165654102855644414e-01 1.572065615694912821e-01
5.629688083220998340e-01 4.753096866103486140e-01 1.395652630651855464e-01
5.629688083220998340e-01 4.753096866103486140e-01 1.395652630651855464e-01
5.629688083220998340e-01 4.753096866103486140e-01 1.395652630651855464e-01
5.629688083220998340e-01 4.753096866103486140e-01 1.395652630651855464e-01
5.629688083220998340e-01 4.753096866103486140e-01 1.395652630651855464e-01
6.736888517542617416e-01 3.975076056326505292e-01 1.298683746365897340e-01
6.519587015348788928e-01 6.232096186355655654e-01 1.497085774573302941e-01
6.519587015348788928e-01 6.232096186355655654e-01 1.497085774573302941e-01
6.519587015348788928e-01 6.232096186355655654e-01 1.497085774573302941e-01
3.278490341314763690e-01 9.058688101283998151e-01 9.324688948862365490e-02
3.278490341314763690e-01 9.058688101283998151e-01 9.324688948862365490e-02
-5.665041240176155179e-02 8.783179947958431599e-01 1.256966691471733677e-01
-5.665041240176155179e-02 8.783179947958431599e-01 1.256966691471733677e-01
-5.665041240176155179e-02 8.783179947958431599e-01 1.256966691471733677e-01
-2.881851770387764411e-01 9.130121833748097160e-01 9.268488434926135111e-02
-2.881851770387764411e-01 9.130121833748097160e-01 9.268488434926135111e-02
-4.463794470276058468e-02 8.118360321811630698e-01 1.193386124828738071e-01
-4.463794470276058468e-02 8.118360321811630698e-01 1.193386124828738071e-01
2.845380711152104558e-01 6.970488789390457685e-01 1.516363536114170851e-01
2.845380711152104558e-01 6.970488789390457685e-01 1.516363536114170851e-01
