2.489132485845457765e-01 1.481402749648903505e-01 9.385755282500111985e-02
3.818701736211670972e-01 2.839807159196946484e-01 6.524793851712080706e-01
3.818701736211670972e-01 2.839807159196946484e-01 6.524793851712080706e-01
3.818701736211670972e-01 2.839807159196946484e-01 6.524793851712080706e-01
3.818701736211670972e-01 2.839807159196946484e-01 6.524793851712080706e-01
3.818701736211670972e-01 2.839807159196946484e-01 6.524793851712080706e-01
3.013001755278479354e-01 5.554148490883341616e-01 6.035694013287654647e-01
3.925704774758733695e-01 3.245050776229169709e-01 7.003446013826644112e-01
3.925704774758733695e-01 3.245050776229169709e-01 7.003446013826644112e-01
4.813901513458966885e-01 1.858119138032214568e-01 5.791684337197430255e-01
4.534325144196931778e-01 3.377801520073455688e-01 6.254291612007552015e-01
4.534325144196931778e-01 3.377801520073455688e-01 6.254291612007552015e-01
3.960619086378576181e-01 4.303904888586981281e-01 6.627456514671210552e-01
3.960619086378576181e-01 4.303904888586981281e-01 6.627456514671210552e-01
5.090017777695462486e-01 2.439495032906072169e-01 5.329459297112185689e-01
2.567508214165781788e-01 5.174972267419026828e-01 5.591350247504250914e-01
2.567508214165781788e-01 5.174972267419026828e-01 5.591350247504250914e-01
2.567508214165781788e-01 5.174972267419026828e-01 5.591350247504250914e-01
2.567508214165781788e-01 5.174972267419026828e-01 5.591350247504250914e-01
2.567508214165781788e-01 5.174972267419026828e-01 5.591350247504250914e-01
1.985294157655173863e-01 5.593756536041888383e-01 4.111184917840151609e-01
1.921260049091065014e-01 7.159643527643644312e-01 3.669448438921850686e-01
1.921260049091065014e-01 7.159643527643644312e-01 3.669448438921850686e-01
1.921260049091065014e-01 7.159643527643644312e-01 3.669448438921850686e-01
1.921260049091065014e-01 7.159643527643644312e-01 3.669448438921850686e-01
1.921260049091065014e-01 7.159643527643644312e-01 3.669448438921850686e-01
1.921260049091065014e-01 7.159643527643644312e-01 3.669448438921850686e-01
4.031135945022232825e-01 5.961508771297535647e-01 3.473006012813492638e-01
4.031135945022232825e-01 5.961508771297535647e-01 3.473006012813492638e-01
4.031135945022232825e-01 5.961508771297535647e-01 3.473006012813492638e-01
2.935881471289573663e-01 6.339063746891194784e-01 4.979383287281103909e-01
2.935881471289573663e-01 6.339063746891194784e-01 4.979383287281103909e-01
2.935881471289573663e-01 6.339063746891194784e-01 4.979383287281103909e-01
2.935881471289573663e-01 6.339063746891194784e-01 4.979383287281103909e-01
2.935881471289573663e-01 6.339063746891194784e-01 4.979383287281103909e-01
3.758675085438486496e-01 6.302246408635647779e-01 3.533778145295058404e-01
3.758675085438486496e-01 6.302246408635647779e-01 3.533778145295058404e-01
3.758675085438486496e-01 6.302246408635647779e-01 3.533778145295058404e-01
3.344934973109289778e-01 6.598646850050114976e-01 3.896598436876117511e-01
2.319814455529848884e-01 4.445457803959473875e-01 4.266470410509289879e-01
3.192255544850728377e-01 3.777103256471429638e-01 6.308101900815502594e-01
3.192255544850728377e-01 3.777103256471429638e-01 6.308101900815502594e-01
3.192255544850728377e-01 3.777103256471429638e-01 6.308101900815502594e-01
3.192255544850728377e-01 3.777103256471429638e-01 6.308101900815502594e-01
2.010306310356340664e-01 7.615622342940766565e-01 3.292411018904382036e-01
3.324534792175595221e-01 2.580169825303697539e-01 4.825010459205414937e-01
3.324534792175595221e-01 2.580169825303697539e-01 4.825010459205414937e-01
3.324534792175595221e-01 2.580169825303697539e-01 4.825010459205414937e-01
3.324534792175595221e-01 2.580169825303697539e-01 4.825010459205414937e-01
3.735302160620797007e-01 1.366448436893410445e-01 3.617610675219693483e-01
3.735302160620797007e-01 1.366448436893410445e-01 3.617610675219693483e-01
3.499255460379134264e-01 1.718121518073150722e-01 3.659714475047459725e-01
3.499255460379134264e-01 1.718121518073150722e-01 3.659714475047459725e-01
3.335962026519305734e-01 5.147203765720820279e-01 6.414457560263001623e-01
3.335962026519305734e-01 5.147203765720820279e-01 6.414457560263001623e-01
3.335962026519305734e-01 5.147203765720820279e-01 6.414457560263001623e-01
3.335962026519305734e-01 5.147203765720820279e-01 6.414457560263001623e-01
3.335962026519305734e-01 5.147203765720820279e-01 6.414457560263001623e-01
3.335962026519305734e-01 5.147203765720820279e-01 6.414457560263001623e-01
3.335962026519305734e-01 5.147203765720820279e-01 6.414457560263001623e-01
3.335962026519305734e-01 5.147203765720820279e-01 6.414457560263001623e-01
2.409822832801792880e-01 7.538041520229532555e-01 3.385004733943375310e-01
2.519571059353847287e-01 1.027331918573546554e+00 3.934563446545732285e-02
2.519571059353847287e-01 1.027331918573546554e+00 3.934563446545732285e-02
2.519571059353847287e-01 1.027331918573546554e+00 3.934563446545732285e-02
2.519571059353847287e-01 1.027331918573546554e+00 3.934563446545732285e-02
2.519571059353847287e-01 1.027331918573546554e+00 3.934563446545732285e-02
2.519571059353847287e-01 1.027331918573546554e+00 3.934563446545732285e-02
2.519571059353847287e-01 1.027331918573546554e+00 3.934563446545732285e-02
5.871568602773857837e-02 9.255643322745410462e-01 1.132788004297033690e-01
5.871568602773857837e-02 9.255643322745410462e-01 1.132788004297033690e-01
5.871568602773857837e-02 9.255643322745410462e-01 1.132788004297033690e-01
5.871568602773857837e-02 9.255643322745410462e-01 1.132788004297033690e-01
-1.599375601149309600e-02 7.220047884077239742e-01 4.288050220060372897e-02
-1.599375601149309600e-02 7.220047884077239742e-01 4.288050220060372897e-02
-1.599375601149309600e-02 7.220047884077239742e-01 4.288050220060372897e-02
-1.599375601149309600e-02 7.220047884077239742e-01 4.288050220060372897e-02
-1.599375601149309600e-02 7.220047884077239742e-01 4.288050220060372897e-02
-1.599375601149309600e-02 7.220047884077239742e-01 4.288050220060372897e-02
1.866090612363413559e-01 7.327546199116451442e-01 3.471967170676885095e-01
1.866090612363413559e-01 7.327546199116451442e-01 3.471967170676885095e-01
1.866090612363413559e-01 7.327546199116451442e-01 3.471967170676885095e-01
3.311724575186986153e-01 8.992960436646210143e-01 6.388764054211004684e-02
3.311724575186986153e-01 8.992960436646210143e-01 6.388764054211004684e-02
3.311724575186986153e-01 8.992960436646210143e-01 6.388764054211004684e-02
1.187510636304357214e-01 1.026175685047312269e+00 8.150422299360596257e-02
1.187510636304357214e-01 1.026175685047312269e+00 8.150422299360596257e-02
1.187510636304357214e-01 1.026175685047312269e+00 8.150422299360596257e-02
1.187510636304357214e-01 1.026175685047312269e+00 8.150422299360596257e-02
1.187510636304357214e-01 1.026175685047312269e+00 8.150422299360596257e-02
1.187510636304357214e-01 1.026175685047312269e+00 8.150422299360596257e-02
1.680265718161581268e-01 9.184023851138367611e-01 1.567577807445001692e-01
1.680265718161581268e-01 9.184023851138367611e-01 1.567577807445001692e-01
1.680265718161581268e-01 9.184023851138367611e-01 1.567577807445001692e-01
1.680265718161581268e-01 9.184023851138367611e-01 1.567577807445001692e-01
1.680265718161581268e-01 9.184023851138367611e-01 1.567577807445001692e-01
1.680265718161581268e-01 9.184023851138367611e-01 1.567577807445001692e-01
1.680265718161581268e-01 9.184023851138367611e-01 1.567577807445001692e-01
-1.278377230450653268e-01 1.152671476381601723e+00 9.994273944432864945e-03
1.899960153114510775e-01 1.220526287957954370e+00 7.364225626368428763e-03
