2.489132485845457765e-01 1.481402749648903505e-01 1.051485453450469731e-01
2.489132485845457765e-01 1.481402749648903505e-01 1.051485453450469731e-01
3.061933124373505954e-01 3.644701259841428564e-01 6.339439075163018078e-01
3.061933124373505954e-01 3.644701259841428564e-01 6.339439075163018078e-01
3.061933124373505954e-01 3.644701259841428564e-01 6.339439075163018078e-01
3.061933124373505954e-01 3.644701259841428564e-01 6.339439075163018078e-01
3.061933124373505954e-01 3.644701259841428564e-01 6.339439075163018078e-01
3.061933124373505954e-01 3.644701259841428564e-01 6.339439075163018078e-01
2.286870110021533287e-01 9.211881928766080252e-01 1.255400322901154275e-01
1.620422934357577671e-01 5.784862244945454535e-01 3.228050187705328589e-01
1.620422934357577671e-01 5.784862244945454535e-01 3.228050187705328589e-01
2.957262149010656538e-01 6.001304614504550106e-01 5.742914417923254966e-01
2.957262149010656538e-01 6.001304614504550106e-01 5.742914417923254966e-01
2.957262149010656538e-01 6.001304614504550106e-01 5.742914417923254966e-01
2.957262149010656538e-01 6.001304614504550106e-01 5.742914417923254966e-01
3.597145181249359891e-01 9.280817216131311831e-01 3.105296527905106185e-02
3.597145181249359891e-01 9.280817216131311831e-01 3.105296527905106185e-02
3.597145181249359891e-01 9.280817216131311831e-01 3.105296527905106185e-02
3.169333469173342688e-01 8.779991757995367907e-01 9.142147370696879216e-02
2.557592419722082289e-02 8.409998583904654268e-01 9.664119048791343369e-02
2.557592419722082289e-02 8.409998583904654268e-01 9.664119048791343369e-02
2.557592419722082289e-02 8.409998583904654268e-01 9.664119048791343369e-02
3.755493228657845739e-01 4.255267408269897689e-01 7.646819451515506350e-01
3.755493228657845739e-01 4.255267408269897689e-01 7.646819451515506350e-01
3.755493228657845739e-01 4.255267408269897689e-01 7.646819451515506350e-01
3.755493228657845739e-01 4.255267408269897689e-01 7.646819451515506350e-01
3.755493228657845739e-01 4.255267408269897689e-01 7.646819451515506350e-01
1.918586185311435821e-01 6.233149462006873920e-01 4.195745254202586372e-01
5.176901208909091556e-01 3.963224581337821406e-01 3.772482890639053954e-01
5.176901208909091556e-01 3.963224581337821406e-01 3.772482890639053954e-01
5.176901208909091556e-01 3.963224581337821406e-01 3.772482890639053954e-01
5.176901208909091556e-01 3.963224581337821406e-01 3.772482890639053954e-01
5.176901208909091556e-01 3.963224581337821406e-01 3.772482890639053954e-01
5.176901208909091556e-01 3.963224581337821406e-01 3.772482890639053954e-01
5.176901208909091556e-01 3.963224581337821406e-01 3.772482890639053954e-01
6.258157199297277318e-01 4.954290947013445523e-02 3.534579307584700958e-01
3.015876675134848695e-01 1.020986101003245466e-01 1.565429049966543251e-01
3.015876675134848695e-01 1.020986101003245466e-01 1.565429049966543251e-01
3.015876675134848695e-01 1.020986101003245466e-01 1.565429049966543251e-01
3.015876675134848695e-01 1.020986101003245466e-01 1.565429049966543251e-01
3.015876675134848695e-01 1.020986101003245466e-01 1.565429049966543251e-01
3.486179563088098177e-01 1.958260853089766607e-01 4.724918393759633961e-01
4.448604118041050715e-01 2.537962973099305297e-01 7.639529894390133524e-01
4.448604118041050715e-01 2.537962973099305297e-01 7.639529894390133524e-01
6.015421453692596510e-01 -4.339257655458417240e-02 3.621073976035967812e-01
6.015421453692596510e-01 -4.339257655458417240e-02 3.621073976035967812e-01
6.015421453692596510e-01 -4.339257655458417240e-02 3.621073976035967812e-01
6.015421453692596510e-01 -4.339257655458417240e-02 3.621073976035967812e-01
3.927990597418545837e-01 -1.488645471134290854e-02 1.859507121096395932e-01
3.927990597418545837e-01 -1.488645471134290854e-02 1.859507121096395932e-01
4.141671230799784942e-01 1.663696337259612523e-01 6.139573501013053658e-01
3.357025419908614139e-01 -2.594432678486083277e-02 8.016696824008469335e-02
3.357025419908614139e-01 -2.594432678486083277e-02 8.016696824008469335e-02
4.612018763689561540e-01 7.867051255895311790e-02 5.272532512922879500e-01
3.171964867011953793e-01 -1.055175527468718427e-01 2.408523523653212720e-02
5.042987475269711251e-01 -1.707785053219730287e-01 1.460215137495100846e-01
5.042987475269711251e-01 -1.707785053219730287e-01 1.460215137495100846e-01
5.042987475269711251e-01 -1.707785053219730287e-01 1.460215137495100846e-01
2.777659103671101803e-01 1.641526212659408790e-01 1.836086824024544262e-01
2.777659103671101803e-01 1.641526212659408790e-01 1.836086824024544262e-01
5.593051553694510236e-01 4.694423558579965960e-01 1.407861408809089054e-01
5.593051553694510236e-01 4.694423558579965960e-01 1.407861408809089054e-01
5.593051553694510236e-01 4.694423558579965960e-01 1.407861408809089054e-01
5.587282493109781978e-01 3.741853055099650383e-01 2.665031798411759412e-01
3.907686671496721775e-01 9.522850885061695525e-02 3.884379916834519997e-01
3.907686671496721775e-01 9.522850885061695525e-02 3.884379916834519997e-01
3.907686671496721775e-01 9.522850885061695525e-02 3.884379916834519997e-01
3.907686671496721775e-01 9.522850885061695525e-02 3.884379916834519997e-01
5.330402042634027060e-01 6.317205517839244444e-02 5.383666257361527929e-01
5.163461067486737610e-01 1.295771975887174410e-01 6.189755029875598780e-01
5.163461067486737610e-01 1.295771975887174410e-01 6.189755029875598780e-01
5.163461067486737610e-01 1.295771975887174410e-01 6.189755029875598780e-01
5.163461067486737610e-01 1.295771975887174410e-01 6.189755029875598780e-01
3.992209597620659522e-01 1.496382662665950991e-01 5.370439528728948586e-01
3.992209597620659522e-01 1.496382662665950991e-01 5.370439528728948586e-01
3.992209597620659522e-01 1.496382662665950991e-01 5.370439528728948586e-01
3.992209597620659522e-01 1.496382662665950991e-01 5.370439528728948586e-01
3.992209597620659522e-01 1.496382662665950991e-01 5.370439528728948586e-01
3.992209597620659522e-01 1.496382662665950991e-01 5.370439528728948586e-01
5.027954000824748082e-01 5.871084670456960808e-01 1.258299342538914678e-01
2.532673052099637112e-01 1.929964243072203045e-01 1.617991058164254814e-01
2.532673052099637112e-01 1.929964243072203045e-01 1.617991058164254814e-01
2.634990265572148549e-01 7.612549035111658702e-01 3.151052361724924200e-01
2.634990265572148549e-01 7.612549035111658702e-01 3.151052361724924200e-01
2.634990265572148549e-01 7.612549035111658702e-01 3.151052361724924200e-01
2.658749250476551418e-01 2.659995908275175069e-01 3.074050870148480885e-01
2.658749250476551418e-01 2.659995908275175069e-01 3.074050870148480885e-01
2.658749250476551418e-01 2.659995908275175069e-01 3.074050870148480885e-01
2.658749250476551418e-01 2.659995908275175069e-01 3.074050870148480885e-01
2.658749250476551418e-01 2.659995908275175069e-01 3.074050870148480885e-01
4.517980301222612738e-01 6.432069975415113383e-01 1.579206798529581846e-01
1.028848751568967601e-01 5.295205362739540123e-01 1.346814563533675346e-01
1.028848751568967601e-01 5.295205362739540123e-01 1.346814563533675346e-01
1.028848751568967601e-01 5.295205362739540123e-01 1.346814563533675346e-01
1.519948384488943594e-01 6.179371057868916495e-01 3.108007858150237945e-01
1.519948384488943594e-01 6.179371057868916495e-01 3.108007858150237945e-01
1.929610009786352220e-01 8.015114630804385243e-01 2.835138730064694634e-01
1.929610009786352220e-01 8.015114630804385243e-01 2.835138730064694634e-01
3.170957320014677894e-01 3.141889368420053841e-01 5.949549595226146792e-01
3.439334142884021839e-01 2.122500319218321718e-01 4.914124939581359652e-01
