2.489132485845457765e-01 1.481402749648903505e-01 2.422716908590258258e-03
2.489132485845457765e-01 1.481402749648903505e-01 2.422716908590258258e-03
3.468606814329585619e-01 5.092631999357830619e-01 1.529379169116605874e-01
5.257650700135515498e-01 6.609055691764048612e-01 2.076714584982403966e-01
6.314565962426957890e-01 4.058191787916272109e-01 1.579516569874091503e-01
5.009288675910072985e-01 4.004319205029315820e-01 1.205565979483912281e-01
1.173628566029248366e-01 5.429689704147564466e-01 1.038049200999366650e-01
1.173628566029248366e-01 5.429689704147564466e-01 1.038049200999366650e-01
-1.775331790586876513e-01 8.112170827552140917e-01 1.729728805383423385e-01
-1.775331790586876513e-01 8.112170827552140917e-01 1.729728805383423385e-01
-1.775331790586876513e-01 8.112170827552140917e-01 1.729728805383423385e-01
3.480257510623271933e-01 5.638100959853180605e-01 1.891482285707908884e-01
3.480257510623271933e-01 5.638100959853180605e-01 1.891482285707908884e-01
3.480257510623271933e-01 5.638100959853180605e-01 1.891482285707908884e-01
3.480257510623271933e-01 5.638100959853180605e-01 1.891482285707908884e-01
4.877308884359845553e-01 5.128669980250248894e-01 1.917215175418572615e-01
8.238860696359355806e-01 3.021058753260765783e-01 1.321363192879325410e-01
8.401816195564472123e-01 8.107439318257003702e-01 3.538188904728967882e-02
4.554065863901619604e-01 5.724916451455976940e-01 2.130332108257596002e-01
-3.602726391972820297e-01 9.824828194524097835e-01 1.707779828836754887e-01
-3.602726391972820297e-01 9.824828194524097835e-01 1.707779828836754887e-01
-3.602726391972820297e-01 9.824828194524097835e-01 1.707779828836754887e-01
-1.403988922543418227e-01 7.868812379815262048e-01 1.727921095495137394e-01
3.317833822220018214e-01 8.749519706314029532e-01 1.329629627026059635e-01
3.317833822220018214e-01 8.749519706314029532e-01 1.329629627026059635e-01
-1.918406855466540661e-01 1.334588908937874185e+00 1.495223348623533552e-02
-6.481353262767706180e-01 1.388785500820444607e+00 4.175136068645755177e-02
-6.481353262767706180e-01 1.388785500820444607e+00 4.175136068645755177e-02
-8.101827843602817936e-01 1.411757783076359463e+00 4.831136045178626576e-02
-8.101827843602817936e-01 1.411757783076359463e+00 4.831136045178626576e-02
-8.101827843602817936e-01 1.411757783076359463e+00 4.831136045178626576e-02
-8.101827843602817936e-01 1.411757783076359463e+00 4.831136045178626576e-02
-6.518251434610494721e-01 1.390026537923724659e+00 4.169467347525342843e-02
-8.899162656958069517e-01 1.138151888799507239e+00 8.928643726648403944e-02
-8.641628090991584354e-01 1.000094839370718525e+00 5.759208781939430255e-02
-7.011407516683799690e-01 8.795244195834218681e-01 5.188859932819146065e-02
-1.010089674098269663e+00 1.255771164816466889e+00 8.015777340768151515e-02
-1.010089674098269663e+00 1.255771164816466889e+00 8.015777340768151515e-02
-1.142343591750396792e+00 1.417310444540510472e+00 5.630863135044565648e-02
-8.906117282688608139e-01 1.313639270056971675e+00 8.188738258355829358e-02
-8.906117282688608139e-01 1.313639270056971675e+00 8.188738258355829358e-02
-8.906117282688608139e-01 1.313639270056971675e+00 8.188738258355829358e-02
-8.906117282688608139e-01 1.313639270056971675e+00 8.188738258355829358e-02
-8.906117282688608139e-01 1.313639270056971675e+00 8.188738258355829358e-02
-9.048338532191637640e-01 1.418095366426400883e+00 5.253477345060060533e-02
-6.729436679715470326e-01 1.179095581582041197e+00 1.189931885664992361e-01
-4.316703136599555624e-01 1.136242623305260269e+00 1.291015891762982426e-01
-4.316703136599555624e-01 1.136242623305260269e+00 1.291015891762982426e-01
-8.468744422246016201e-02 1.002856449109350345e+00 1.535178218537714967e-01
-1.716248969803028657e-01 1.031493567536773570e+00 1.517396362281122901e-01
-6.093363297240426135e-01 8.209587407873524256e-01 5.022792417724000757e-02
-6.093363297240426135e-01 8.209587407873524256e-01 5.022792417724000757e-02
-6.093363297240426135e-01 8.209587407873524256e-01 5.022792417724000757e-02
-6.093363297240426135e-01 8.209587407873524256e-01 5.022792417724000757e-02
-4.126907443754744831e-01 9.187650559413942375e-01 1.483367964700534336e-01
-4.126907443754744831e-01 9.187650559413942375e-01 1.483367964700534336e-01
-4.126907443754744831e-01 9.187650559413942375e-01 1.483367964700534336e-01
-2.636883473244242548e-01 1.407287770228214718e+00 8.468003513420061662e-03
-3.531159806535301704e-01 1.221510987953890348e+00 7.436512434767042490e-02
-4.681219911999732752e-01 1.224267953603768389e+00 9.011756746488780445e-02
-4.251406037149243478e-01 1.271759486353220003e+00 6.114264712282500153e-02
-2.588550337234901688e-01 1.096118126129633330e+00 1.286452165845770601e-01
-2.500046752950424445e-01 8.706861037206893306e-01 1.755071513644688719e-01
-2.500046752950424445e-01 8.706861037206893306e-01 1.755071513644688719e-01
-2.500046752950424445e-01 8.706861037206893306e-01 1.755071513644688719e-01
-2.106565484038379621e-01 1.009028711084134500e+00 1.678961064086554322e-01
-2.106565484038379621e-01 1.009028711084134500e+00 1.678961064086554322e-01
2.289308558139772076e-01 5.876671477026347290e-01 1.709288509107078358e-01
-7.800800406922958619e-02 5.631152148967177862e-01 6.044624076183546801e-02
-7.800800406922958619e-02 5.631152148967177862e-01 6.044624076183546801e-02
-7.800800406922958619e-02 5.631152148967177862e-01 6.044624076183546801e-02
-4.423115294410976950e-01 7.291833308145423409e-01 5.080590335722943995e-02
-4.436480751749294904e-01 1.013240951996651429e+00 1.592390749246602177e-01
-1.235044270808317024e-01 1.101539315012816100e+00 9.906343555065512396e-02
2.109396952862135910e-03 9.714643414380930153e-01 1.554476980562115307e-01
1.668315860432565767e-03 7.155020108486225272e-01 1.791051972382640689e-01
1.668315860432565767e-03 7.155020108486225272e-01 1.791051972382640689e-01
-5.820122398721656598e-01 9.589802118773449457e-01 1.152487133545706532e-01
-5.820122398721656598e-01 9.589802118773449457e-01 1.152487133545706532e-01
-7.524858340970506099e-01 1.172094694285731764e+00 1.138052636843699950e-01
-4.693348528676729581e-01 1.258499710339298527e+00 7.352758385876285996e-02
-4.693348528676729581e-01 1.258499710339298527e+00 7.352758385876285996e-02
-4.693348528676729581e-01 1.258499710339298527e+00 7.352758385876285996e-02
-4.693348528676729581e-01 1.258499710339298527e+00 7.352758385876285996e-02
-4.693348528676729581e-01 1.258499710339298527e+00 7.352758385876285996e-02
-5.246403522368134897e-01 1.090552259408119840e+00 1.444258811250726249e-01
-2.920919981860568004e-01 1.117586521292366797e+00 1.216769186626219246e-01
3.219880283406206800e-01 8.698747622446325600e-01 1.396511878121169115e-01
-1.730168356836833121e-01 9.714203675945530803e-01 1.804508503693336152e-01
-4.095021752408918303e-01 1.215084957951899192e+00 8.649715212533953812e-02
-4.095021752408918303e-01 1.215084957951899192e+00 8.649715212533953812e-02
-1.283146242447347207e-01 8.070272694527660384e-01 1.847697078114572677e-01
-1.283146242447347207e-01 8.070272694527660384e-01 1.847697078114572677e-01
-1.283146242447347207e-01 8.070272694527660384e-01 1.847697078114572677e-01
-1.159453075893902702e-01 6.476235058448560622e-01 9.753834648583058209e-02
3.939363227700044545e-01 4.148625774979118330e-01 1.002884627023030439e-01
1.029523468485292192e-01 6.339205364857656289e-01 1.616524197449284717e-01
1.029523468485292192e-01 6.339205364857656289e-01 1.616524197449284717e-01
2.858802455675805987e-02 5.552653110585671348e-01 8.470394677237223779e-02
2.858802455675805987e-02 5.552653110585671348e-01 8.470394677237223779e-02
