2.489132485845457765e-01 1.481402749648903505e-01 4.203615784383212851e-03
2.489132485845457765e-01 1.481402749648903505e-01 4.203615784383212851e-03
2.764118593801930812e-01 4.716296833641696606e-01 1.747362137289790729e-01
2.764118593801930812e-01 4.716296833641696606e-01 1.747362137289790729e-01
6.092693584183800359e-01 6.365720208053097240e-01 1.422032588099252370e-01
6.092693584183800359e-01 6.365720208053097240e-01 1.422032588099252370e-01
2.377552445458079311e-01 6.371250160434860366e-01 2.602702771590160724e-01
4.709066550296119313e-01 4.894575728235549539e-01 2.353177564180131409e-01
4.709066550296119313e-01 4.894575728235549539e-01 2.353177564180131409e-01
2.102704555700296574e-01 5.252230972000406783e-01 1.973693880538861800e-01
2.102704555700296574e-01 5.252230972000406783e-01 1.973693880538861800e-01
2.102704555700296574e-01 5.252230972000406783e-01 1.973693880538861800e-01
1.869213327782352774e-01 5.128612805490420090e-01 1.769358654901222461e-01
7.366121436008066237e-02 5.224919089461304011e-01 1.370961532345423561e-01
5.860889500955012155e-01 4.869395317833329906e-01 2.282665939735616933e-01
5.860889500955012155e-01 4.869395317833329906e-01 2.282665939735616933e-01
5.860889500955012155e-01 4.869395317833329906e-01 2.282665939735616933e-01
7.474543065663523667e-01 3.933879383744980363e-01 1.976300478293306906e-01
7.474543065663523667e-01 3.933879383744980363e-01 1.976300478293306906e-01
2.792836268770195751e-01 6.039648459827315907e-01 2.580128544052561756e-01
2.792836268770195751e-01 6.039648459827315907e-01 2.580128544052561756e-01
-2.608177709592685023e-01 7.339014839410027413e-01 1.612218056216331852e-01
2.746316324669278996e-01 3.884239602763837063e-01 9.939891445008536275e-02
1.870600659872296290e-01 5.912865369446670405e-01 2.388759246020063787e-01
1.870600659872296290e-01 5.912865369446670405e-01 2.388759246020063787e-01
1.870600659872296290e-01 5.912865369446670405e-01 2.388759246020063787e-01
1.870600659872296290e-01 5.912865369446670405e-01 2.388759246020063787e-01
2.601029082000718695e-01 6.062568886874939444e-01 2.574642823962783322e-01
7.166510122318160425e-01 5.347929034632822320e-01 1.676757396463793848e-01
6.427427106918880417e-01 1.901192421528803966e-01 6.129745761408864069e-02
6.427427106918880417e-01 1.901192421528803966e-01 6.129745761408864069e-02
3.264085995814468566e-01 4.691330007278861070e-01 1.907512727000931774e-01
3.340314316941646600e-01 3.758056756025834888e-01 1.096248359943069323e-01
2.728926798765848316e-01 4.341821014857158434e-01 1.386949097048263968e-01
2.728926798765848316e-01 4.341821014857158434e-01 1.386949097048263968e-01
-4.564219350702614086e-03 5.322194409618589139e-01 1.122150652828013406e-01
1.909798397018705185e-01 6.434671634054690559e-01 2.592078900620161663e-01
1.909798397018705185e-01 6.434671634054690559e-01 2.592078900620161663e-01
1.909798397018705185e-01 6.434671634054690559e-01 2.592078900620161663e-01
1.909798397018705185e-01 6.434671634054690559e-01 2.592078900620161663e-01
4.434631344594524016e-01 7.112397829277351535e-01 1.555866879431480609e-01
4.434631344594524016e-01 7.112397829277351535e-01 1.555866879431480609e-01
7.608640724415205447e-01 5.681514276257247920e-01 1.253705092802454846e-01
7.608640724415205447e-01 5.681514276257247920e-01 1.253705092802454846e-01
7.608640724415205447e-01 5.681514276257247920e-01 1.253705092802454846e-01
7.608640724415205447e-01 5.681514276257247920e-01 1.253705092802454846e-01
8.538713766458464471e-01 5.273461406325942180e-01 1.128804680908763181e-01
5.994631982981259988e-01 4.989694653277406133e-01 2.245790385261584310e-01
5.994631982981259988e-01 4.989694653277406133e-01 2.245790385261584310e-01
3.879298359120922357e-01 9.475569784210000623e-01 2.175267688561222101e-02
3.879298359120922357e-01 9.475569784210000623e-01 2.175267688561222101e-02
3.118866700208959841e-01 1.028414127023905777e+00 1.150165537186260273e-02
-6.816936272302498434e-02 4.220923091307771102e-01 2.778070174166595574e-02
-6.816936272302498434e-02 4.220923091307771102e-01 2.778070174166595574e-02
-6.816936272302498434e-02 4.220923091307771102e-01 2.778070174166595574e-02
-1.344180705067639647e-01 4.009510842538556719e-01 1.375490637312036524e-02
3.378332421734675517e-01 1.674721277505837880e-01 1.056380714806839927e-02
4.478787178713541928e-01 2.510273119251049678e-01 5.394839644817350094e-02
6.810250227408574109e-01 6.110483328863780539e-01 1.294789946297470185e-01
6.810250227408574109e-01 6.110483328863780539e-01 1.294789946297470185e-01
6.810250227408574109e-01 6.110483328863780539e-01 1.294789946297470185e-01
6.810250227408574109e-01 6.110483328863780539e-01 1.294789946297470185e-01
6.810250227408574109e-01 6.110483328863780539e-01 1.294789946297470185e-01
8.579070915253383944e-01 6.891625581292588620e-01 2.811688195716001773e-02
2.920671618478420939e-01 4.358536532299592814e-01 1.476716509925941889e-01
2.920671618478420939e-01 4.358536532299592814e-01 1.476716509925941889e-01
2.920671618478420939e-01 4.358536532299592814e-01 1.476716509925941889e-01
2.314849518684306828e-01 5.893232929426117650e-01 2.480939922725235725e-01
2.648547850486426825e-01 4.232570614170701462e-01 1.256801037686856304e-01
2.648547850486426825e-01 4.232570614170701462e-01 1.256801037686856304e-01
7.740203810386639405e-02 5.014573316198361885e-01 1.199403362671612600e-01
3.335509203503044251e-01 5.118425065951964781e-01 2.263633646036533054e-01
-1.330331938999643748e-01 9.723223781027030554e-01 1.418271774012339892e-01
-2.997586294777381810e-01 7.984611753588108929e-01 1.842354225920141142e-01
-2.997586294777381810e-01 7.984611753588108929e-01 1.842354225920141142e-01
-6.530976663795244885e-01 9.467167905222970692e-01 1.150223026736879178e-01
-5.169537546475249101e-01 9.107685609663449533e-01 1.496095964822301838e-01
-5.169537546475249101e-01 9.107685609663449533e-01 1.496095964822301838e-01
-1.138658882529501315e-01 1.038488298239006680e+00 8.376645569318402762e-02
-4.667423683087207897e-01 7.725055602556657464e-01 9.812851586478221755e-02
3.231905797595269192e-02 8.559796526282236195e-01 1.918408477571432180e-01
3.231905797595269192e-02 8.559796526282236195e-01 1.918408477571432180e-01
3.231905797595269192e-02 8.559796526282236195e-01 1.918408477571432180e-01
6.434160335119091245e-01 6.507413639158954322e-01 1.156530533135400468e-01
6.978848100622401240e-01 4.606847291802721456e-01 2.064194367159420396e-01
9.679198559606074781e-01 3.926535650576781222e-01 1.379275926855964285e-01
9.342480573072966532e-01 9.000615776136078328e-02 5.794919124335774774e-02
1.049952295635536048e+00 1.483076838229454020e-01 9.990943449722550218e-02
1.049952295635536048e+00 1.483076838229454020e-01 9.990943449722550218e-02
1.049952295635536048e+00 1.483076838229454020e-01 9.990943449722550218e-02
1.049952295635536048e+00 1.483076838229454020e-01 9.990943449722550218e-02
1.049952295635536048e+00 1.483076838229454020e-01 9.990943449722550218e-02
1.322444618823214402e+00 3.273205162442511251e-01 5.049816405758076471e-02
1.556119190366203942e+00 8.476659545764247961e-02 4.779274099460888853e-02
1.556119190366203942e+00 8.476659545764247961e-02 4.779274099460888853e-02
1.556119190366203942e+00 8.476659545764247961e-02 4.779274099460888853e-02
1.556119190366203942e+00 8.476659545764247961e-02 4.779274099460888853e-02
1.556119190366203942e+00 8.476659545764247961e-02 4.779274099460888853e-02
1.556119190366203942e+00 8.476659545764247961e-02 4.779274099460888853e-02
1.556119190366203942e+00 8.476659545764247961e-02 4.779274099460888853e-02
