2.489132485845457765e-01 1.481402749648903505e-01 4.986736927181904117e-02
4.618440134717390344e-01 2.905146623644471182e-01 5.493211451982037419e-01
4.618440134717390344e-01 2.905146623644471182e-01 5.493211451982037419e-01
4.618440134717390344e-01 2.905146623644471182e-01 5.493211451982037419e-01
7.193658761408152635e-01 3.947552662379911759e-01 5.984967457527350793e-02
5.229296917632348940e-01 4.787106153047703816e-01 1.939705310116102699e-01
4.335352637402533071e-01 6.996311696903083632e-01 4.292383426993688633e-02
4.335352637402533071e-01 6.996311696903083632e-01 4.292383426993688633e-02
2.888415869802060110e-01 7.505216084016628209e-01 1.065152362050802853e-01
2.888415869802060110e-01 7.505216084016628209e-01 1.065152362050802853e-01
2.888415869802060110e-01 7.505216084016628209e-01 1.065152362050802853e-01
8.107258266263354107e-01 2.118342001520397977e-01 1.520425892670159429e-01
8.081668980531729884e-01 1.148815075815315806e-01 3.196700444776270911e-01
8.081668980531729884e-01 1.148815075815315806e-01 3.196700444776270911e-01
8.081668980531729884e-01 1.148815075815315806e-01 3.196700444776270911e-01
8.081668980531729884e-01 1.148815075815315806e-01 3.196700444776270911e-01
4.847860095832648986e-01 8.611807452816518105e-02 3.108876338461098454e-01
4.847860095832648986e-01 8.611807452816518105e-02 3.108876338461098454e-01
4.847860095832648986e-01 8.611807452816518105e-02 3.108876338461098454e-01
4.545885355620256640e-01 1.667299707873793890e-01 4.041998865262018126e-01
5.863376199902403663e-01 3.047143897348491004e-01 4.140509858275512323e-01
5.863376199902403663e-01 3.047143897348491004e-01 4.140509858275512323e-01
5.863376199902403663e-01 3.047143897348491004e-01 4.140509858275512323e-01
4.955811241457574456e-01 2.495664439716330785e-01 5.584504149051920940e-01
4.955811241457574456e-01 2.495664439716330785e-01 5.584504149051920940e-01
4.955811241457574456e-01 2.495664439716330785e-01 5.584504149051920940e-01
6.608819185709406963e-01 7.116504332271345046e-03 4.915441981031356544e-01
1.036363911464441845e+00 -3.526117054176727272e-01 3.176356368417472265e-01
1.036363911464441845e+00 -3.526117054176727272e-01 3.176356368417472265e-01
1.036363911464441845e+00 -3.526117054176727272e-01 3.176356368417472265e-01
1.036363911464441845e+00 -3.526117054176727272e-01 3.176356368417472265e-01
1.036363911464441845e+00 -3.526117054176727272e-01 3.176356368417472265e-01
1.036363911464441845e+00 -3.526117054176727272e-01 3.176356368417472265e-01
1.036363911464441845e+00 -3.526117054176727272e-01 3.176356368417472265e-01
1.036363911464441845e+00 -3.526117054176727272e-01 3.176356368417472265e-01
1.036363911464441845e+00 -3.526117054176727272e-01 3.176356368417472265e-01
8.064593658872145632e-01 -3.561134967709285171e-01 9.616817385742502944e-02
8.064593658872145632e-01 -3.561134967709285171e-01 9.616817385742502944e-02
1.335248927713300171e+00 -4.038472389946763941e-01 9.649594073893576207e-02
1.139433565296459561e+00 -2.931116095337565342e-01 2.486759804519874106e-01
1.172266969029262862e+00 -1.895897732338874264e-01 1.127139021203451275e-01
9.580885422197918944e-01 -1.355437574046710614e-01 3.882353916487804590e-01
9.580885422197918944e-01 -1.355437574046710614e-01 3.882353916487804590e-01
9.580885422197918944e-01 -1.355437574046710614e-01 3.882353916487804590e-01
9.580885422197918944e-01 -1.355437574046710614e-01 3.882353916487804590e-01
9.580885422197918944e-01 -1.355437574046710614e-01 3.882353916487804590e-01
9.580885422197918944e-01 -1.355437574046710614e-01 3.882353916487804590e-01
9.580885422197918944e-01 -1.355437574046710614e-01 3.882353916487804590e-01
9.580885422197918944e-01 -1.355437574046710614e-01 3.882353916487804590e-01
9.580885422197918944e-01 -1.355437574046710614e-01 3.882353916487804590e-01
9.580885422197918944e-01 -1.355437574046710614e-01 3.882353916487804590e-01
9.580885422197918944e-01 -1.355437574046710614e-01 3.882353916487804590e-01
7.288192564932788331e-01 -1.834987578689650511e-01 2.473499999085687351e-01
1.140329738684860761e+00 -3.935167751222268806e-01 2.760143082538309423e-01
1.084023542895666825e+00 -2.984041411875993921e-01 3.170398525409000023e-01
1.209332829894415262e+00 -4.435756295987708375e-01 2.292818691869360215e-01
1.010449555340006578e+00 -2.393223936263427776e-02 1.572061912814255724e-01
1.010449555340006578e+00 -2.393223936263427776e-02 1.572061912814255724e-01
1.010449555340006578e+00 -2.393223936263427776e-02 1.572061912814255724e-01
9.176107878242809601e-01 -1.399934363571319618e-01 4.401978690100420977e-01
9.176107878242809601e-01 -1.399934363571319618e-01 4.401978690100420977e-01
8.057938312035534123e-01 -1.588147418832115410e-01 4.095149277211390104e-01
9.767554336664985293e-01 -2.583127356820515419e-01 3.863916927489750575e-01
9.767554336664985293e-01 -2.583127356820515419e-01 3.863916927489750575e-01
7.170465300584103474e-01 -1.332962831203989840e-01 3.235555930834098648e-01
7.170465300584103474e-01 -1.332962831203989840e-01 3.235555930834098648e-01
9.358098477882501598e-01 -1.387433740868777854e-01 4.203405623420740089e-01
1.153447249694727450e+00 -5.081879150300071257e-02 3.715737565999780584e-02
1.153447249694727450e+00 -5.081879150300071257e-02 3.715737565999780584e-02
1.153447249694727450e+00 -5.081879150300071257e-02 3.715737565999780584e-02
1.153447249694727450e+00 -5.081879150300071257e-02 3.715737565999780584e-02
1.153447249694727450e+00 -5.081879150300071257e-02 3.715737565999780584e-02
1.153447249694727450e+00 -5.081879150300071257e-02 3.715737565999780584e-02
1.153447249694727450e+00 -5.081879150300071257e-02 3.715737565999780584e-02
1.318930908076684672e+00 -2.590033581388207495e-01 3.692342825017848329e-02
1.355170178633509304e+00 -3.202597452727454219e-01 4.165993469991994408e-02
1.355170178633509304e+00 -3.202597452727454219e-01 4.165993469991994408e-02
1.355170178633509304e+00 -3.202597452727454219e-01 4.165993469991994408e-02
1.355170178633509304e+00 -3.202597452727454219e-01 4.165993469991994408e-02
9.409276976681195670e-01 -1.218583413007356397e-01 4.023784025159335975e-01
3.721905295239072986e-01 -2.815889004729837941e-02 2.818485187716711013e-02
3.721905295239072986e-01 -2.815889004729837941e-02 2.818485187716711013e-02
2.400996236577271903e-01 3.399604945003728007e-01 2.598920448935501115e-01
2.400996236577271903e-01 3.399604945003728007e-01 2.598920448935501115e-01
2.400996236577271903e-01 3.399604945003728007e-01 2.598920448935501115e-01
2.400996236577271903e-01 3.399604945003728007e-01 2.598920448935501115e-01
2.400996236577271903e-01 3.399604945003728007e-01 2.598920448935501115e-01
2.400996236577271903e-01 3.399604945003728007e-01 2.598920448935501115e-01
2.400996236577271903e-01 3.399604945003728007e-01 2.598920448935501115e-01
1.669317164753747473e-02 8.267935501681760169e-01 2.208844335879419918e-01
1.669317164753747473e-02 8.267935501681760169e-01 2.208844335879419918e-01
1.669317164753747473e-02 8.267935501681760169e-01 2.208844335879419918e-01
1.669317164753747473e-02 8.267935501681760169e-01 2.208844335879419918e-01
1.669317164753747473e-02 8.267935501681760169e-01 2.208844335879419918e-01
4.878573568769226099e-02 8.559533686541895836e-01 1.828811965600377620e-01
4.878573568769226099e-02 8.559533686541895836e-01 1.828811965600377620e-01
4.878573568769226099e-02 8.559533686541895836e-01 1.828811965600377620e-01
-5.398536807415678374e-02 6.700070377673644773e-01 1.610440156725783667e-01
-5.398536807415678374e-02 6.700070377673644773e-01 1.610440156725783667e-01
4.060269530825172390e-01 2.840242633435656749e-01 4.930079580614633583e-01
