2.489132485845457765e-01 1.481402749648903505e-01 2.706550768487569862e-03
2.489132485845457765e-01 1.481402749648903505e-01 2.706550768487569862e-03
2.489132485845457765e-01 1.481402749648903505e-01 2.706550768487569862e-03
3.537137810548046102e-01 2.640761992387775647e-01 2.010754731351351368e-02
7.446388273983410855e-01 2.216499226009815138e-01 8.836731300708411396e-02
7.977125101661098894e-01 7.318214391255964957e-01 2.752031552328648711e-02
2.717155571291786087e-01 1.031275220174572071e+00 2.701812229542279592e-02
2.717155571291786087e-01 1.031275220174572071e+00 2.701812229542279592e-02
1.648470003487853830e-01 1.084461838889751562e+00 2.724276484669294757e-02
1.648470003487853830e-01 1.084461838889751562e+00 2.724276484669294757e-02
-1.148237589678549331e-01 1.116977914128200133e+00 4.398295367129619743e-02
-1.148237589678549331e-01 1.116977914128200133e+00 4.398295367129619743e-02
-1.148237589678549331e-01 1.116977914128200133e+00 4.398295367129619743e-02
-1.148237589678549331e-01 1.116977914128200133e+00 4.398295367129619743e-02
-1.148237589678549331e-01 1.116977914128200133e+00 4.398295367129619743e-02
-2.763702486493236354e-01 8.112150565446574202e-01 2.691239306649000768e-02
-2.570335706577384083e-01 7.620577650183425478e-01 2.252581881054837795e-02
-2.570335706577384083e-01 7.620577650183425478e-01 2.252581881054837795e-02
-2.570335706577384083e-01 7.620577650183425478e-01 2.252581881054837795e-02
-2.570335706577384083e-01 7.620577650183425478e-01 2.252581881054837795e-02
1.077225139615445304e-01 9.953092421682171453e-01 5.282752453644367491e-02
-1.631801908770670329e-01 1.155845365024019467e+00 3.988256453240917460e-02
-1.759537568529170037e-01 1.042692852593249953e+00 5.462902937685767957e-02
-3.782027782242100566e-02 6.378210678249693899e-01 3.309015687909142023e-02
-3.782027782242100566e-02 6.378210678249693899e-01 3.309015687909142023e-02
-3.782027782242100566e-02 6.378210678249693899e-01 3.309015687909142023e-02
1.588488594866754589e-01 5.462120931710724436e-01 4.911567392050054937e-02
5.934710812989739404e-02 7.320402621541409749e-01 6.861916757077225759e-02
5.934710812989739404e-02 7.320402621541409749e-01 6.861916757077225759e-02
5.934710812989739404e-02 7.320402621541409749e-01 6.861916757077225759e-02
5.934710812989739404e-02 7.320402621541409749e-01 6.861916757077225759e-02
5.934710812989739404e-02 7.320402621541409749e-01 6.861916757077225759e-02
-3.789469951675646098e-02 1.030469725910887036e+00 5.532558767627453189e-02
-3.789469951675646098e-02 1.030469725910887036e+00 5.532558767627453189e-02
-1.749542892861873922e-01 9.326987938048080240e-01 5.571935328403196386e-02
-1.749542892861873922e-01 9.326987938048080240e-01 5.571935328403196386e-02
-1.749542892861873922e-01 9.326987938048080240e-01 5.571935328403196386e-02
-3.288176808081624269e-01 8.459445046412068514e-01 2.500957071437866566e-02
-3.288176808081624269e-01 8.459445046412068514e-01 2.500957071437866566e-02
-3.288176808081624269e-01 8.459445046412068514e-01 2.500957071437866566e-02
-3.288176808081624269e-01 8.459445046412068514e-01 2.500957071437866566e-02
-4.040816654263701957e-01 8.296293898721345261e-01 1.519222950045560731e-02
-3.197762052557407420e-01 1.011212519853696534e+00 4.428152232929046667e-02
-1.748885564605042187e-01 9.417003803789903982e-01 5.620572242625956200e-02
-1.748885564605042187e-01 9.417003803789903982e-01 5.620572242625956200e-02
2.404970279255222443e-02 8.821165894892468717e-01 7.289855159852169642e-02
6.847987762530689526e-01 3.571408231718614656e-01 1.138914326726295917e-01
6.847987762530689526e-01 3.571408231718614656e-01 1.138914326726295917e-01
7.139741391424632155e-01 5.733230292010302875e-01 9.319940951316954547e-02
3.549831463800472986e-01 6.412562342021765893e-01 1.009807483185131555e-01
7.796509629292049937e-01 5.598945673383857180e-01 8.528335858152875926e-02
8.539412260480605532e-01 3.917672263101575902e-01 1.215352591258469783e-01
8.539412260480605532e-01 3.917672263101575902e-01 1.215352591258469783e-01
1.086167713979955263e+00 4.437605554890967086e-01 5.888956809904090373e-02
8.161501411049822963e-01 1.710586957010077347e-01 8.817011105186876863e-02
5.188190250272508575e-01 4.295567775310197844e-01 9.837573701364886458e-02
5.670871679309394953e-01 5.860556291711134236e-01 1.081380139223039744e-01
8.286364786548565675e-01 2.703073018172442721e-01 1.195382004398130305e-01
8.286364786548565675e-01 2.703073018172442721e-01 1.195382004398130305e-01
1.154395894425742863e+00 4.419177636602090731e-01 4.479621545370170849e-02
8.778365619460887226e-01 5.793850812273210193e-02 6.233167054984808941e-02
8.778365619460887226e-01 5.793850812273210193e-02 6.233167054984808941e-02
8.778365619460887226e-01 5.793850812273210193e-02 6.233167054984808941e-02
8.778365619460887226e-01 5.793850812273210193e-02 6.233167054984808941e-02
8.778365619460887226e-01 5.793850812273210193e-02 6.233167054984808941e-02
7.297788967752142364e-01 1.512542826092072024e-01 6.003447740297195717e-02
4.695167961926128841e-01 5.411969977867160386e-01 1.082645506383432960e-01
4.695167961926128841e-01 5.411969977867160386e-01 1.082645506383432960e-01
4.695167961926128841e-01 5.411969977867160386e-01 1.082645506383432960e-01
4.695167961926128841e-01 5.411969977867160386e-01 1.082645506383432960e-01
7.088517862830050476e-01 6.222888223048749223e-01 7.739806690988876303e-02
2.088944891927755898e-01 6.499815665094839101e-01 8.211583693797545880e-02
2.088944891927755898e-01 6.499815665094839101e-01 8.211583693797545880e-02
2.088944891927755898e-01 6.499815665094839101e-01 8.211583693797545880e-02
7.997540181748783450e-01 5.687490922988422959e-01 7.795228006511353835e-02
7.997540181748783450e-01 5.687490922988422959e-01 7.795228006511353835e-02
7.649546181562023595e-01 6.181448148735291248e-01 6.752634481837045677e-02
7.649546181562023595e-01 6.181448148735291248e-01 6.752634481837045677e-02
1.306470236864134327e+00 3.372615228947543620e-01 4.536859295434404055e-02
1.306470236864134327e+00 3.372615228947543620e-01 4.536859295434404055e-02
1.306470236864134327e+00 3.372615228947543620e-01 4.536859295434404055e-02
1.375901735140933502e+00 1.485480873030319282e-01 9.122108386138211289e-02
1.375901735140933502e+00 1.485480873030319282e-01 9.122108386138211289e-02
1.162013367004044673e+00 2.854409837309787035e-01 9.735312258183735634e-02
8.807782081026329646e-01 3.338478669662161002e-01 1.270852434131224118e-01
1.136124382729430948e+00 1.774721692285996522e-02 1.055400971322843773e-01
8.755195825769527262e-01 3.276168022803319091e-02 5.316262749628545420e-02
8.755195825769527262e-01 3.276168022803319091e-02 5.316262749628545420e-02
8.755195825769527262e-01 3.276168022803319091e-02 5.316262749628545420e-02
7.775909716683575557e-01 2.466348253672538682e-01 1.041665543408618472e-01
7.775909716683575557e-01 2.466348253672538682e-01 1.041665543408618472e-01
7.775909716683575557e-01 2.466348253672538682e-01 1.041665543408618472e-01
7.775909716683575557e-01 2.466348253672538682e-01 1.041665543408618472e-01
7.775909716683575557e-01 2.466348253672538682e-01 1.041665543408618472e-01
6.316900183687386150e-01 5.823590812997802013e-01 1.029412154750439790e-01
6.316900183687386150e-01 5.823590812997802013e-01 1.029412154750439790e-01
4.004919331047734343e-01 6.547224160942305415e-01 1.025646000046144118e-01
4.545857378351668143e-01 8.170414547144432271e-01 5.796892280525427904e-02
1.682129594232621428e-01 6.749556371154827872e-01 7.884681305711903343e-02
1.682129594232621428e-01 6.749556371154827872e-01 7.884681305711903343e-02
