2.489132485845457765e-01 1.481402749648903505e-01 2.371401309747030520e-03
2.489132485845457765e-01 1.481402749648903505e-01 2.371401309747030520e-03
4.201004695146561274e-01 3.454542644422496922e-01 6.313920415333391933e-02
4.201004695146561274e-01 3.454542644422496922e-01 6.313920415333391933e-02
4.722594460598708022e-01 6.792555038842333914e-01 2.096903709963313100e-01
1.832396627351215446e-01 8.353525745013008486e-01 1.974056229484723313e-01
1.053986370056263777e-01 8.297108050021609893e-01 2.098806992181916076e-01
7.473126296293786108e-02 8.806492157784777675e-01 1.935900789396244326e-01
-2.383702043234337542e-01 9.727194039138697956e-01 1.822324342551536747e-01
-7.511285870218353811e-02 7.607943224375501856e-01 1.800663109811370954e-01
-1.935957741534712340e-01 8.778923950356264383e-01 1.905510652417405915e-01
-3.677412274137271675e-01 9.000386368215349542e-01 1.563696802781834871e-01
-3.677412274137271675e-01 9.000386368215349542e-01 1.563696802781834871e-01
-3.677412274137271675e-01 9.000386368215349542e-01 1.563696802781834871e-01
-3.677412274137271675e-01 9.000386368215349542e-01 1.563696802781834871e-01
1.824589821395509182e-01 9.044810496853299409e-01 1.556300250718791744e-01
1.824589821395509182e-01 9.044810496853299409e-01 1.556300250718791744e-01
1.824589821395509182e-01 9.044810496853299409e-01 1.556300250718791744e-01
1.824589821395509182e-01 9.044810496853299409e-01 1.556300250718791744e-01
7.936190203253053188e-02 7.873463447151346495e-01 2.160074819083467323e-01
7.936190203253053188e-02 7.873463447151346495e-01 2.160074819083467323e-01
-2.951678739088290926e-01 1.326153488548044823e+00 2.522132641403069739e-02
-2.951678739088290926e-01 1.326153488548044823e+00 2.522132641403069739e-02
-4.806492034537270808e-01 1.141010427825722706e+00 1.315136871913352989e-01
-4.806492034537270808e-01 1.141010427825722706e+00 1.315136871913352989e-01
-4.806492034537270808e-01 1.141010427825722706e+00 1.315136871913352989e-01
-4.806492034537270808e-01 1.141010427825722706e+00 1.315136871913352989e-01
-4.806492034537270808e-01 1.141010427825722706e+00 1.315136871913352989e-01
-5.457349985488343380e-01 1.016740749128111743e+00 1.436239459284829878e-01
-8.112389248625673233e-02 8.402456213604370117e-01 2.031529720341033740e-01
-8.112389248625673233e-02 8.402456213604370117e-01 2.031529720341033740e-01
-7.413747014676934366e-02 1.031217500275032783e+00 1.334648032855896282e-01
-7.413747014676934366e-02 1.031217500275032783e+00 1.334648032855896282e-01
-7.413747014676934366e-02 1.031217500275032783e+00 1.334648032855896282e-01
1.418049345925722626e-01 9.600780860186507448e-01 1.279313034527306270e-01
-7.638349878455349962e-02 9.968747691427549684e-01 1.557362689182154591e-01
-7.589249780234741394e-01 1.399609633454054869e+00 4.841785113421699649e-02
-6.477371154038050749e-01 1.283333884443136563e+00 8.336643065128164498e-02
-7.786463663475763353e-01 1.069353810389136683e+00 1.020909866071712663e-01
-3.674842559429710720e-01 1.162900943794441977e+00 1.084327835675818891e-01
-3.674842559429710720e-01 1.162900943794441977e+00 1.084327835675818891e-01
-8.721460410878825176e-01 1.143700839579925965e+00 9.688947086007813903e-02
-8.721460410878825176e-01 1.143700839579925965e+00 9.688947086007813903e-02
-8.721460410878825176e-01 1.143700839579925965e+00 9.688947086007813903e-02
-8.721460410878825176e-01 1.143700839579925965e+00 9.688947086007813903e-02
-8.721460410878825176e-01 1.143700839579925965e+00 9.688947086007813903e-02
-5.226072231349999653e-01 9.054924479139250248e-01 1.132326791878690286e-01
-9.077229804450759332e-01 1.269280861694761509e+00 9.186764014727744065e-02
-9.077229804450759332e-01 1.269280861694761509e+00 9.186764014727744065e-02
-9.077229804450759332e-01 1.269280861694761509e+00 9.186764014727744065e-02
-9.077229804450759332e-01 1.269280861694761509e+00 9.186764014727744065e-02
-9.077229804450759332e-01 1.269280861694761509e+00 9.186764014727744065e-02
-8.805559417758554996e-01 1.257045092762246741e+00 9.543185915144349052e-02
-8.805559417758554996e-01 1.257045092762246741e+00 9.543185915144349052e-02
-8.805559417758554996e-01 1.257045092762246741e+00 9.543185915144349052e-02
-5.721073906987687030e-01 8.134913254821417583e-01 5.750803337154988815e-02
-3.527245491046124282e-01 1.131942709900972233e+00 1.231954743829396237e-01
-3.527245491046124282e-01 1.131942709900972233e+00 1.231954743829396237e-01
-2.330607278192788068e-01 1.142593751426688620e+00 9.668614683567278156e-02
-2.330607278192788068e-01 1.142593751426688620e+00 9.668614683567278156e-02
-1.635609618204971749e-01 6.526774795952118291e-01 8.665201033127857555e-02
4.174022011992503112e-01 3.626381219179384829e-01 7.197098336487618708e-02
6.869325602593268076e-01 5.913104504904469483e-01 1.951228567214043086e-01
6.869325602593268076e-01 5.913104504904469483e-01 1.951228567214043086e-01
7.423545960800497223e-01 5.230369531908541925e-01 1.994880960153796734e-01
7.423545960800497223e-01 5.230369531908541925e-01 1.994880960153796734e-01
5.449342214272308027e-01 6.084623782919025281e-01 2.148796579769298443e-01
1.175544144418599890e-01 8.796066236806783234e-01 1.866851332500810423e-01
1.175544144418599890e-01 8.796066236806783234e-01 1.866851332500810423e-01
1.175544144418599890e-01 8.796066236806783234e-01 1.866851332500810423e-01
-4.246273055609233182e-01 1.085245279372491156e+00 1.502265631033878612e-01
-4.246273055609233182e-01 1.085245279372491156e+00 1.502265631033878612e-01
-4.246273055609233182e-01 1.085245279372491156e+00 1.502265631033878612e-01
-3.094632753139353598e-01 1.007885627565039188e+00 1.727322996225303942e-01
1.691181255581555298e-01 8.968584454369896708e-01 1.643215528996856689e-01
-1.730654622926743325e-01 1.136799989747482087e+00 8.819881801664138099e-02
-1.730654622926743325e-01 1.136799989747482087e+00 8.819881801664138099e-02
-1.730654622926743325e-01 1.136799989747482087e+00 8.819881801664138099e-02
-4.014827148837418758e-01 1.031631686791874225e+00 1.642227356320989373e-01
-4.014827148837418758e-01 1.031631686791874225e+00 1.642227356320989373e-01
-4.014827148837418758e-01 1.031631686791874225e+00 1.642227356320989373e-01
-4.014827148837418758e-01 1.031631686791874225e+00 1.642227356320989373e-01
-4.014827148837418758e-01 1.031631686791874225e+00 1.642227356320989373e-01
-4.014827148837418758e-01 1.031631686791874225e+00 1.642227356320989373e-01
-6.166277099804399198e-01 1.283858790380390857e+00 8.011730808448046248e-02
-5.464605926551455717e-01 1.330390676183668131e+00 5.213153799024625168e-02
-5.464605926551455717e-01 1.330390676183668131e+00 5.213153799024625168e-02
-7.820835844101994283e-01 1.462108272193598513e+00 3.132011209564516258e-02
-7.207778895452874313e-01 1.497104460407624460e+00 1.904501709615235433e-02
-9.396329443208386589e-01 1.144695222593365980e+00 8.376038508852901021e-02
-9.396329443208386589e-01 1.144695222593365980e+00 8.376038508852901021e-02
-9.396329443208386589e-01 1.144695222593365980e+00 8.376038508852901021e-02
-9.396329443208386589e-01 1.144695222593365980e+00 8.376038508852901021e-02
-1.054065994776162363e+00 1.052637681382280421e+00 3.884598399159557708e-02
-1.054065994776162363e+00 1.052637681382280421e+00 3.884598399159557708e-02
-5.292696728506666171e-01 1.137876923760613668e+00 1.343505041805833078e-01
-5.292696728506666171e-01 1.137876923760613668e+00 1.343505041805833078e-01
-6.836305299375716737e-01 1.002862498494839771e+00 1.061653383007166024e-01
-1.600071488478307380e-01 5.568421828684293473e-01 4.053565482362607442e-02
-5.481224121208632116e-01 6.174911331476804488e-01 9.645138893519740117e-03
