2.489132485845457765e-01 1.481402749648903505e-01 2.743168368140526565e-03
6.355718722983112468e-01 3.136111276948820858e-01 1.149032706970272016e-01
6.355718722983112468e-01 3.136111276948820858e-01 1.149032706970272016e-01
3.317560393274856523e-01 3.148481673492798949e-01 3.874676653385274866e-02
7.193792500442293125e-01 4.582259305391316317e-01 2.184408388442244109e-01
9.503822216411885737e-01 2.021413467444356238e-01 1.188259595611484282e-01
9.503822216411885737e-01 2.021413467444356238e-01 1.188259595611484282e-01
9.503822216411885737e-01 2.021413467444356238e-01 1.188259595611484282e-01
9.503822216411885737e-01 2.021413467444356238e-01 1.188259595611484282e-01
4.789427391983408500e-01 2.743591142370692126e-01 5.013084342378117120e-02
4.789427391983408500e-01 2.743591142370692126e-01 5.013084342378117120e-02
4.789427391983408500e-01 2.743591142370692126e-01 5.013084342378117120e-02
7.735493153768113750e-02 7.528562391242741292e-01 2.149057276596035571e-01
8.211071312082374174e-02 4.956707012166319259e-01 6.687757122355927897e-02
8.211071312082374174e-02 4.956707012166319259e-01 6.687757122355927897e-02
2.416253523294407402e-01 7.947578095332297199e-01 2.115436061740873508e-01
5.333962743738625001e-01 6.418098420112018365e-01 2.230620882741491118e-01
1.974032058190641203e-01 6.240643349934781314e-01 1.925923122434923529e-01
1.974032058190641203e-01 6.240643349934781314e-01 1.925923122434923529e-01
5.694321745923915934e-01 8.028934727999761378e-01 1.063860037229917427e-01
5.694321745923915934e-01 8.028934727999761378e-01 1.063860037229917427e-01
5.694321745923915934e-01 8.028934727999761378e-01 1.063860037229917427e-01
5.694321745923915934e-01 8.028934727999761378e-01 1.063860037229917427e-01
8.359349598165108919e-01 4.721101818343743650e-01 2.097750498104056782e-01
9.430027830779359466e-01 4.076925924005125879e-01 1.985573189568161645e-01
9.430027830779359466e-01 4.076925924005125879e-01 1.985573189568161645e-01
9.436885368835318255e-01 4.507382460789323142e-01 1.907306066587582116e-01
6.899411486027163809e-01 4.299920705286716105e-01 2.057323947661827968e-01
8.855276075876544750e-01 5.961945892465447816e-01 1.353250229015240669e-01
8.855276075876544750e-01 5.961945892465447816e-01 1.353250229015240669e-01
8.855276075876544750e-01 5.961945892465447816e-01 1.353250229015240669e-01
8.855276075876544750e-01 5.961945892465447816e-01 1.353250229015240669e-01
8.855276075876544750e-01 5.961945892465447816e-01 1.353250229015240669e-01
8.855276075876544750e-01 5.961945892465447816e-01 1.353250229015240669e-01
1.025266706720391552e+00 6.263891379791899361e-01 6.917902456545721446e-02
1.518205824082291766e+00 2.573036258674296639e-01 8.967350052574594999e-02
1.140396657002876069e+00 5.968350785481926213e-01 5.264943700263920862e-02
5.878154614345899587e-01 6.430339479194384644e-01 2.096684757644586006e-01
5.963470231387130172e-01 5.876079818089291473e-01 2.280257155291323945e-01
5.963470231387130172e-01 5.876079818089291473e-01 2.280257155291323945e-01
6.616586076844267472e-01 3.446406942782267446e-01 1.451105154853928325e-01
7.698961551023402183e-01 5.380500109883694648e-01 2.069934097211633128e-01
7.995734397627694001e-01 5.670609980148633156e-01 1.847705624572075767e-01
7.995734397627694001e-01 5.670609980148633156e-01 1.847705624572075767e-01
7.995734397627694001e-01 5.670609980148633156e-01 1.847705624572075767e-01
4.936457137693398556e-01 5.788980843413102928e-01 2.338752253330200204e-01
4.936457137693398556e-01 5.788980843413102928e-01 2.338752253330200204e-01
4.117953377521996750e-01 5.551584561764452141e-01 2.147287799787068463e-01
4.117953377521996750e-01 5.551584561764452141e-01 2.147287799787068463e-01
5.130117512055458739e-01 7.135857582759477236e-01 1.908795684422167627e-01
5.130117512055458739e-01 7.135857582759477236e-01 1.908795684422167627e-01
6.261836133154558004e-01 7.591924211135687717e-01 1.177742843532867956e-01
6.261836133154558004e-01 7.591924211135687717e-01 1.177742843532867956e-01
5.044363352545250256e-01 8.483486257803359853e-01 9.628208111987655859e-02
5.044363352545250256e-01 8.483486257803359853e-01 9.628208111987655859e-02
9.710676159166389265e-01 6.000114324076323280e-01 1.015543955257001557e-01
3.484477715321857572e-01 5.334975488812616629e-01 1.838744543364641548e-01
3.484477715321857572e-01 5.334975488812616629e-01 1.838744543364641548e-01
3.484477715321857572e-01 5.334975488812616629e-01 1.838744543364641548e-01
3.484477715321857572e-01 5.334975488812616629e-01 1.838744543364641548e-01
3.484477715321857572e-01 5.334975488812616629e-01 1.838744543364641548e-01
8.406463347792474394e-01 3.585993159684848219e-01 1.913549652214822927e-01
8.157204013398712261e-01 5.008108579299019869e-01 2.077478387515234171e-01
8.157204013398712261e-01 5.008108579299019869e-01 2.077478387515234171e-01
8.157204013398712261e-01 5.008108579299019869e-01 2.077478387515234171e-01
8.157204013398712261e-01 5.008108579299019869e-01 2.077478387515234171e-01
8.157204013398712261e-01 5.008108579299019869e-01 2.077478387515234171e-01
8.157204013398712261e-01 5.008108579299019869e-01 2.077478387515234171e-01
8.157204013398712261e-01 5.008108579299019869e-01 2.077478387515234171e-01
5.320625082131680283e-01 3.729051260602646023e-01 1.264368642135981491e-01
3.347327777851977215e-01 4.366782745852277881e-01 1.079581726274481401e-01
4.314641685163764784e-01 8.781632564713017786e-01 9.895162115599583086e-02
9.049849784637636896e-02 1.014966057114688125e+00 1.040837219485535314e-01
-9.290661657130008799e-03 9.149980138270558117e-01 1.890597079476386000e-01
2.076635930307912381e-01 7.494665616474216474e-01 2.281494154550610665e-01
2.076635930307912381e-01 7.494665616474216474e-01 2.281494154550610665e-01
2.076635930307912381e-01 7.494665616474216474e-01 2.281494154550610665e-01
2.845142724468258111e-01 5.459306800010126359e-01 1.707536170089534733e-01
2.845142724468258111e-01 5.459306800010126359e-01 1.707536170089534733e-01
3.749214460429584062e-03 9.613349129545385452e-01 1.615631414649391362e-01
-2.157994053336956611e-02 9.796290058879155715e-01 1.550967726527477386e-01
-1.481251765853144609e-01 8.317800119770356604e-01 1.826639057380080033e-01
-1.804228348478276178e-01 7.658326903385073159e-01 1.422774346952039581e-01
-5.683208668226857885e-02 7.500818691264492521e-01 1.773878569756692780e-01
4.416662017434777598e-02 9.256688858612283077e-01 1.756049292661381045e-01
-1.460580489443136232e-02 7.613258524511272718e-01 1.954157517136992928e-01
-1.460580489443136232e-02 7.613258524511272718e-01 1.954157517136992928e-01
-2.877838301161732004e-01 8.869302243566331567e-01 1.606837447983830436e-01
-2.877838301161732004e-01 8.869302243566331567e-01 1.606837447983830436e-01
-2.877838301161732004e-01 8.869302243566331567e-01 1.606837447983830436e-01
-2.877838301161732004e-01 8.869302243566331567e-01 1.606837447983830436e-01
-2.877838301161732004e-01 8.869302243566331567e-01 1.606837447983830436e-01
-6.132088010200711370e-01 1.305004779684293625e+00 6.750929418126434822e-02
-3.363866435085512974e-01 1.183239159887788272e+00 9.050364600963937967e-02
-3.363866435085512974e-01 1.183239159887788272e+00 9.050364600963937967e-02
-3.363866435085512974e-01 1.183239159887788272e+00 9.050364600963937967e-02
-6.244675924776542653e-01 1.094954207249310585e+00 1.175346099897791596e-01
-6.244675924776542653e-01 1.094954207249310585e+00 1.175346099897791596e-01
-6.244675924776542653e-01 1.094954207249310585e+00 1.175346099897791596e-01
-8.697458563669929754e-01 1.094998583188184771e+00 6.599828483477737651e-02
