2.489132485845457765e-01 1.481402749648903505e-01 3.256120758453461429e-03
2.489132485845457765e-01 1.481402749648903505e-01 3.256120758453461429e-03
2.489132485845457765e-01 1.481402749648903505e-01 3.256120758453461429e-03
4.591062352736265950e-01 3.175829997236320201e-01 6.876812575294466434e-02
5.093545400324037686e-01 2.885091027606909164e-01 7.001998658900882022e-02
9.228428256972908139e-01 4.179697819871058817e-01 1.299465396736997347e-01
1.395215722743694764e+00 2.570903671236524080e-01 5.562090004100145313e-02
1.395215722743694764e+00 2.570903671236524080e-01 5.562090004100145313e-02
1.395215722743694764e+00 2.570903671236524080e-01 5.562090004100145313e-02
1.049716162283548471e+00 5.660957460755355886e-01 3.446940421469374405e-02
8.078985093499480019e-01 6.608998941181696285e-01 5.635042726935497043e-02
8.078985093499480019e-01 6.608998941181696285e-01 5.635042726935497043e-02
8.078985093499480019e-01 6.608998941181696285e-01 5.635042726935497043e-02
5.873699679061702428e-01 8.238824888255636969e-01 4.645658906108821734e-02
3.915003310527979674e-01 5.242190834148758860e-01 1.403024460330967449e-01
2.883517982044757622e-01 9.919453984499770893e-01 4.882929157851438606e-02
2.883517982044757622e-01 9.919453984499770893e-01 4.882929157851438606e-02
2.883517982044757622e-01 9.919453984499770893e-01 4.882929157851438606e-02
2.841627169003375086e-01 4.599768562370831759e-01 8.102351669651783328e-02
2.841627169003375086e-01 4.599768562370831759e-01 8.102351669651783328e-02
3.350354774452461992e-01 6.776398555780132060e-01 1.544885099525691030e-01
3.350354774452461992e-01 6.776398555780132060e-01 1.544885099525691030e-01
3.350354774452461992e-01 6.776398555780132060e-01 1.544885099525691030e-01
3.582005603596205567e-01 9.684110784699428986e-01 4.314433445190090505e-02
3.425157253702624804e-01 1.011628767438092158e+00 3.245603519345263005e-02
3.241335972758880857e-01 9.838668966365375912e-01 4.451999015142062144e-02
3.241335972758880857e-01 9.838668966365375912e-01 4.451999015142062144e-02
3.241335972758880857e-01 9.838668966365375912e-01 4.451999015142062144e-02
3.241335972758880857e-01 9.838668966365375912e-01 4.451999015142062144e-02
2.856344242462906524e-01 1.054848023840553983e+00 2.953501639380224503e-02
3.827187738719671772e-01 7.277727961543221102e-01 1.394994252955505387e-01
3.827187738719671772e-01 7.277727961543221102e-01 1.394994252955505387e-01
3.827187738719671772e-01 7.277727961543221102e-01 1.394994252955505387e-01
3.827187738719671772e-01 7.277727961543221102e-01 1.394994252955505387e-01
3.827187738719671772e-01 7.277727961543221102e-01 1.394994252955505387e-01
3.827187738719671772e-01 7.277727961543221102e-01 1.394994252955505387e-01
7.481217765153651555e-01 5.312008580432512339e-01 1.327371506222193576e-01
4.756374601265915825e-01 5.869095523149203686e-01 1.601449533681410242e-01
6.687039296057259996e-01 5.813390947404842857e-01 1.330507399440768457e-01
5.124748039233048003e-01 6.591030171421126127e-01 1.392402074432060322e-01
6.226527770913778959e-01 2.192830002010683899e-01 7.051205750099022451e-02
6.226527770913778959e-01 2.192830002010683899e-01 7.051205750099022451e-02
8.609641693241327776e-01 -9.473781312079043726e-03 3.697575430692776055e-02
9.081097637501990283e-01 1.413585117525109347e-01 1.113522931641662689e-01
1.202438530279510198e+00 1.274440288181392100e-01 1.351810853314323879e-01
1.202438530279510198e+00 1.274440288181392100e-01 1.351810853314323879e-01
1.202438530279510198e+00 1.274440288181392100e-01 1.351810853314323879e-01
1.202438530279510198e+00 1.274440288181392100e-01 1.351810853314323879e-01
8.336732621116429431e-01 3.029937840216487821e-01 1.540072010597905439e-01
8.336732621116429431e-01 3.029937840216487821e-01 1.540072010597905439e-01
6.403098546164260885e-01 3.333134492296573326e-01 1.292487697202032992e-01
7.304953419534810921e-01 5.499108115577600042e-01 1.297270906826250847e-01
7.304953419534810921e-01 5.499108115577600042e-01 1.297270906826250847e-01
7.304953419534810921e-01 5.499108115577600042e-01 1.297270906826250847e-01
7.304953419534810921e-01 5.499108115577600042e-01 1.297270906826250847e-01
6.854690597494703663e-01 5.479550901772856086e-01 1.419226138510313318e-01
8.743728304684824648e-01 5.713512799176526658e-01 7.630788423574731694e-02
6.680411920626241340e-01 6.985413770120099120e-01 7.836194537894457246e-02
5.070922676333454726e-01 1.843028728841250574e-01 3.118983811216041388e-02
5.070922676333454726e-01 1.843028728841250574e-01 3.118983811216041388e-02
5.921940567339504247e-01 4.276579732968106562e-01 1.524647561665073703e-01
5.921940567339504247e-01 4.276579732968106562e-01 1.524647561665073703e-01
5.921940567339504247e-01 4.276579732968106562e-01 1.524647561665073703e-01
6.300605927701052877e-01 5.792663221477698521e-01 1.431274909920692007e-01
6.421786176445710703e-01 6.411029020410371482e-01 1.136330850303202133e-01
6.086388898033757711e-01 6.380103012028586207e-01 1.245426033984755182e-01
6.086388898033757711e-01 6.380103012028586207e-01 1.245426033984755182e-01
6.086388898033757711e-01 6.380103012028586207e-01 1.245426033984755182e-01
3.725843275439590929e-01 5.365778617273238016e-01 1.398660537314103669e-01
3.725843275439590929e-01 5.365778617273238016e-01 1.398660537314103669e-01
4.511226265625603027e-01 4.227137789464032180e-01 1.155722965941927277e-01
4.511226265625603027e-01 4.227137789464032180e-01 1.155722965941927277e-01
3.650913120351659269e-01 2.722827761030171545e-01 3.062885708889540037e-02
2.889518946682673173e-01 4.851084402095682813e-01 9.393425649027266344e-02
1.126315887475992650e-02 7.772669821781109656e-01 1.229082930950148034e-01
-9.157075224300019467e-02 7.382775415539887254e-01 8.295706789226126032e-02
-1.418072114216188395e-01 6.372180210207416540e-01 3.630326640473830607e-02
-1.418072114216188395e-01 6.372180210207416540e-01 3.630326640473830607e-02
-1.418072114216188395e-01 6.372180210207416540e-01 3.630326640473830607e-02
-1.418072114216188395e-01 6.372180210207416540e-01 3.630326640473830607e-02
9.128213222344566669e-02 5.457683853322411460e-01 6.107366441650292910e-02
9.128213222344566669e-02 5.457683853322411460e-01 6.107366441650292910e-02
4.708856162879284102e-01 4.062393048666139705e-01 1.139428352709187520e-01
7.804473779230125530e-01 5.567056028282225677e-01 1.121029555041741788e-01
1.030549624021645627e+00 6.736591556616988719e-01 1.390106119931483301e-02
8.688569000941492870e-01 3.123250081206596085e-01 1.566101208273544820e-01
7.160771363066253947e-01 2.513842470305511223e-01 1.124701427851167723e-01
3.859480246029667327e-01 4.408139005104813046e-01 1.038739426640230834e-01
1.612494785251538387e-01 4.589165028919381384e-01 4.688338531128053571e-02
4.475551088618747730e-01 6.351862802529031349e-01 1.556187685110412555e-01
4.475551088618747730e-01 6.351862802529031349e-01 1.556187685110412555e-01
4.475551088618747730e-01 6.351862802529031349e-01 1.556187685110412555e-01
4.475551088618747730e-01 6.351862802529031349e-01 1.556187685110412555e-01
4.475551088618747730e-01 6.351862802529031349e-01 1.556187685110412555e-01
4.475551088618747730e-01 6.351862802529031349e-01 1.556187685110412555e-01
4.475551088618747730e-01 6.351862802529031349e-01 1.556187685110412555e-01
4.475551088618747730e-01 6.351862802529031349e-01 1.556187685110412555e-01
9.407272691443946400e-01 2.476271623988490211e-01 1.509220228066326108e-01
1.062956924715875440e+00 2.500091691847276532e-01 1.437026923974373260e-01
1.062956924715875440e+00 2.500091691847276532e-01 1.437026923974373260e-01
