2.489132485845457765e-01 1.481402749648903505e-01 2.687420902393904826e-02
4.524617899031057044e-01 1.918232672033174935e-01 3.085894059686812296e-01
4.524617899031057044e-01 1.918232672033174935e-01 3.085894059686812296e-01
4.524617899031057044e-01 1.918232672033174935e-01 3.085894059686812296e-01
5.793499741698096006e-01 5.997612682165248676e-02 3.122262338932575432e-01
5.793499741698096006e-01 5.997612682165248676e-02 3.122262338932575432e-01
4.889420006517656292e-01 1.689462186326528281e-01 3.400801185153740080e-01
4.889420006517656292e-01 1.689462186326528281e-01 3.400801185153740080e-01
8.516781431494934163e-01 4.124539457882571702e-01 6.501964649254703132e-02
8.516781431494934163e-01 4.124539457882571702e-01 6.501964649254703132e-02
8.516781431494934163e-01 4.124539457882571702e-01 6.501964649254703132e-02
9.438638200135092138e-01 4.601010897887258810e-02 4.104658943437539120e-01
9.438638200135092138e-01 4.601010897887258810e-02 4.104658943437539120e-01
9.438638200135092138e-01 4.601010897887258810e-02 4.104658943437539120e-01
7.886437025428943981e-01 1.606450290961138616e-01 5.331419592848594124e-01
9.682654835045848563e-01 2.668127993120924524e-01 8.049413793828265329e-02
9.682654835045848563e-01 2.668127993120924524e-01 8.049413793828265329e-02
5.703350423828814630e-01 -1.561311488758621024e-02 1.687744222409804928e-01
5.703350423828814630e-01 -1.561311488758621024e-02 1.687744222409804928e-01
5.703350423828814630e-01 -1.561311488758621024e-02 1.687744222409804928e-01
5.703350423828814630e-01 -1.561311488758621024e-02 1.687744222409804928e-01
7.546815216271829385e-01 -1.252406491083940532e-01 2.695325751694412908e-01
7.546815216271829385e-01 -1.252406491083940532e-01 2.695325751694412908e-01
7.546815216271829385e-01 -1.252406491083940532e-01 2.695325751694412908e-01
9.276793924402766400e-01 -1.413059696900871298e-01 4.453356492582372650e-01
9.276793924402766400e-01 -1.413059696900871298e-01 4.453356492582372650e-01
9.276793924402766400e-01 -1.413059696900871298e-01 4.453356492582372650e-01
5.286251326804862760e-01 3.764949647305090297e-01 5.727857711262899221e-01
5.286251326804862760e-01 3.764949647305090297e-01 5.727857711262899221e-01
7.388881831013909274e-01 6.936466130149587794e-02 5.726026913522350714e-01
7.388881831013909274e-01 6.936466130149587794e-02 5.726026913522350714e-01
7.388881831013909274e-01 6.936466130149587794e-02 5.726026913522350714e-01
7.388881831013909274e-01 6.936466130149587794e-02 5.726026913522350714e-01
7.388881831013909274e-01 6.936466130149587794e-02 5.726026913522350714e-01
7.388881831013909274e-01 6.936466130149587794e-02 5.726026913522350714e-01
7.388881831013909274e-01 6.936466130149587794e-02 5.726026913522350714e-01
7.388881831013909274e-01 6.936466130149587794e-02 5.726026913522350714e-01
7.388881831013909274e-01 6.936466130149587794e-02 5.726026913522350714e-01
7.388881831013909274e-01 6.936466130149587794e-02 5.726026913522350714e-01
7.388881831013909274e-01 6.936466130149587794e-02 5.726026913522350714e-01
7.388881831013909274e-01 6.936466130149587794e-02 5.726026913522350714e-01
7.388881831013909274e-01 6.936466130149587794e-02 5.726026913522350714e-01
7.105972038079488851e-01 -1.338546138606343805e-01 1.900545548783378058e-01
7.105972038079488851e-01 -1.338546138606343805e-01 1.900545548783378058e-01
8.576562499846395182e-01 -2.674766236567386324e-01 1.780580812713984384e-01
8.576562499846395182e-01 -2.674766236567386324e-01 1.780580812713984384e-01
7.947322027848184867e-01 8.974559714540547573e-02 5.782530239847111231e-01
7.947322027848184867e-01 8.974559714540547573e-02 5.782530239847111231e-01
3.485185215284179461e-01 3.905641202368581033e-01 4.198162972283704386e-01
7.180824092811479709e-01 2.501640166516840846e-01 5.229930274716586558e-01
4.265072780239508865e-01 4.078234463922826847e-01 5.419532648349532078e-01
4.458858936176979260e-01 2.707598880654464857e-01 4.328716075360806159e-01
1.719294254267139666e-01 -1.504304050746652077e-02 5.664121221840338026e-04
5.583133093581449380e-01 -2.301195837068267108e-02 1.426424051244390978e-01
3.483755181405767121e-01 1.785068358592351301e-01 1.197651288452585699e-01
3.483755181405767121e-01 1.785068358592351301e-01 1.197651288452585699e-01
3.483755181405767121e-01 1.785068358592351301e-01 1.197651288452585699e-01
5.202109254972695496e-01 -4.454455354832409508e-03 1.190513248873332208e-01
5.202109254972695496e-01 -4.454455354832409508e-03 1.190513248873332208e-01
2.639640201806637831e-01 4.834340637923176809e-01 3.757164878904881156e-01
4.127058543662721624e-01 5.563481557275281597e-01 4.360004678662270372e-01
5.960138524248039804e-01 1.961208260174094886e-01 5.741739877895494226e-01
5.960138524248039804e-01 1.961208260174094886e-01 5.741739877895494226e-01
5.960138524248039804e-01 1.961208260174094886e-01 5.741739877895494226e-01
5.960138524248039804e-01 1.961208260174094886e-01 5.741739877895494226e-01
5.960138524248039804e-01 1.961208260174094886e-01 5.741739877895494226e-01
5.960138524248039804e-01 1.961208260174094886e-01 5.741739877895494226e-01
5.960138524248039804e-01 1.961208260174094886e-01 5.741739877895494226e-01
5.960138524248039804e-01 1.961208260174094886e-01 5.741739877895494226e-01
6.259428596448688431e-01 1.078482305384228374e-01 4.908856616527398353e-01
4.906514485275360604e-01 3.605262102382786327e-01 5.780012442993512911e-01
2.391059442411128111e-01 6.527671059548117993e-01 3.864465972112937631e-01
1.914471962217598744e-01 3.850134123660127750e-01 1.418292890764314418e-01
1.914471962217598744e-01 3.850134123660127750e-01 1.418292890764314418e-01
4.199289739759720086e-01 1.817605025338399904e-01 2.302694404206271084e-01
4.457800822697368659e-01 6.248182660370082964e-01 2.810646679017155258e-01
4.457800822697368659e-01 6.248182660370082964e-01 2.810646679017155258e-01
4.649587165107198494e-01 8.658852737153270862e-01 2.265895705498111382e-02
5.967691701278885485e-01 3.647565303087283439e-01 5.267882047945412483e-01
5.967691701278885485e-01 3.647565303087283439e-01 5.267882047945412483e-01
2.723868574963570488e-01 -1.715609454654593025e-02 3.609702468355651360e-03
2.723868574963570488e-01 -1.715609454654593025e-02 3.609702468355651360e-03
6.785225182858789506e-01 -4.208185432520955005e-01 3.641050006969656031e-03
1.044845175969665085e+00 -6.296227891883029448e-01 1.881690275294328751e-02
1.047451580185970066e+00 -4.082247225567096072e-01 1.748251858673515735e-01
8.982469873183661635e-01 -3.227306138749773678e-01 1.476546874081786642e-01
9.500484518252023669e-01 -5.573308671536852943e-02 4.819287445362743227e-01
9.500484518252023669e-01 -5.573308671536852943e-02 4.819287445362743227e-01
9.500484518252023669e-01 -5.573308671536852943e-02 4.819287445362743227e-01
9.500484518252023669e-01 -5.573308671536852943e-02 4.819287445362743227e-01
9.968766855774245927e-01 1.394004813777909024e-02 3.536304981338843634e-01
1.113137418719629901e+00 1.466703487171057141e-01 5.070847279951208597e-02
1.261415668060899886e+00 -6.693254962873576575e-02 6.688205341329514497e-02
1.312276407419489921e+00 -3.449417643580992010e-01 1.832159749439199459e-01
1.464131637805127006e+00 -3.568862699339720446e-01 6.283827266106756237e-02
1.464131637805127006e+00 -3.568862699339720446e-01 6.283827266106756237e-02
1.464131637805127006e+00 -3.568862699339720446e-01 6.283827266106756237e-02
1.393901694953362691e+00 -4.336018039447511185e-01 1.388683432417271435e-01
1.116278869885324543e+00 -4.256524069614960881e-01 2.009030459241359368e-01
1.116278869885324543e+00 -4.256524069614960881e-01 2.009030459241359368e-01
