2.489132485845457765e-01 1.481402749648903505e-01 2.014392927280336115e-03
-2.495071310699814582e-03 2.598203821907733024e-01 1.574502630819693766e-03
-3.157266865314763832e-02 2.236526748552056520e-01 7.156784948336292326e-04
-3.734078903127681648e-01 6.054844090879455409e-01 1.076690247652409282e-02
-3.734078903127681648e-01 6.054844090879455409e-01 1.076690247652409282e-02
-1.628328783105312261e-01 1.032783864085431658e+00 1.345377664766186643e-01
9.770237311943624769e-03 1.080898974340316343e+00 7.051099608170334487e-02
-2.122113726900008435e-01 9.826777724503001910e-01 1.483759456031080448e-01
-7.397527962866639051e-01 1.082757618504368580e+00 9.813651526488637034e-02
-7.397527962866639051e-01 1.082757618504368580e+00 9.813651526488637034e-02
-7.397527962866639051e-01 1.082757618504368580e+00 9.813651526488637034e-02
-1.019467358937986123e+00 1.136863859206683758e+00 4.676585089271580176e-02
-7.668317306834926406e-01 1.192485183352643308e+00 1.393061477229025069e-01
-7.740226056806676080e-01 1.294423892163451439e+00 1.599919223768653809e-01
-7.740226056806676080e-01 1.294423892163451439e+00 1.599919223768653809e-01
-7.740226056806676080e-01 1.294423892163451439e+00 1.599919223768653809e-01
-7.740226056806676080e-01 1.294423892163451439e+00 1.599919223768653809e-01
-7.740226056806676080e-01 1.294423892163451439e+00 1.599919223768653809e-01
-7.740226056806676080e-01 1.294423892163451439e+00 1.599919223768653809e-01
-2.868848462674030708e-01 9.379620796274061867e-01 1.393620756895460056e-01
-2.868848462674030708e-01 9.379620796274061867e-01 1.393620756895460056e-01
-2.868848462674030708e-01 9.379620796274061867e-01 1.393620756895460056e-01
-5.499743676918815716e-01 1.024290822578622473e+00 1.225680793868710178e-01
-5.499743676918815716e-01 1.024290822578622473e+00 1.225680793868710178e-01
-9.953811496131581560e-01 1.109078192117628925e+00 4.247016091176161745e-02
-1.356588948358496749e+00 1.342445058661462021e+00 4.114357516653158187e-02
-1.052145687354229420e+00 1.108270423746949840e+00 3.145041517888300109e-02
-1.052145687354229420e+00 1.108270423746949840e+00 3.145041517888300109e-02
-1.052145687354229420e+00 1.108270423746949840e+00 3.145041517888300109e-02
-8.970077080925137336e-01 1.037768873824664873e+00 3.908722470929331533e-02
-8.970077080925137336e-01 1.037768873824664873e+00 3.908722470929331533e-02
-8.970077080925137336e-01 1.037768873824664873e+00 3.908722470929331533e-02
-8.970077080925137336e-01 1.037768873824664873e+00 3.908722470929331533e-02
-8.970077080925137336e-01 1.037768873824664873e+00 3.908722470929331533e-02
-8.970077080925137336e-01 1.037768873824664873e+00 3.908722470929331533e-02
-8.970077080925137336e-01 1.037768873824664873e+00 3.908722470929331533e-02
-1.457959691370695587e+00 1.949956313609616743e+00 4.910701396584445794e-02
-1.091036677524357623e+00 1.744050383082426103e+00 6.328787618072166665e-02
-1.091036677524357623e+00 1.744050383082426103e+00 6.328787618072166665e-02
-1.667100503177059601e+00 1.627941809964620568e+00 5.625693368492588886e-02
-1.667100503177059601e+00 1.627941809964620568e+00 5.625693368492588886e-02
-1.667100503177059601e+00 1.627941809964620568e+00 5.625693368492588886e-02
-1.724667462553355568e+00 1.724681317918040913e+00 6.663101605473339961e-02
-1.529703657550699702e+00 1.467274484430418635e+00 4.166825936216155685e-02
-1.538164609901843782e+00 1.555261334627324965e+00 6.541294405213506080e-02
-1.538164609901843782e+00 1.555261334627324965e+00 6.541294405213506080e-02
-1.604436514721227613e+00 1.746857252247762560e+00 9.143271537607526589e-02
-1.604436514721227613e+00 1.746857252247762560e+00 9.143271537607526589e-02
-1.718509092612563682e+00 1.926326059057771545e+00 7.440457682226771230e-02
-1.718509092612563682e+00 1.926326059057771545e+00 7.440457682226771230e-02
-1.718509092612563682e+00 1.926326059057771545e+00 7.440457682226771230e-02
-2.225246726258589547e+00 1.981466839345463749e+00 2.766680621801157966e-02
-2.225246726258589547e+00 1.981466839345463749e+00 2.766680621801157966e-02
-2.225246726258589547e+00 1.981466839345463749e+00 2.766680621801157966e-02
-1.857976642416405255e+00 1.815042046673686071e+00 5.793201942671390159e-02
-1.857976642416405255e+00 1.815042046673686071e+00 5.793201942671390159e-02
-1.857976642416405255e+00 1.815042046673686071e+00 5.793201942671390159e-02
-1.790094523559440542e+00 1.794715171740528747e+00 6.656643665006384269e-02
-1.790094523559440542e+00 1.794715171740528747e+00 6.656643665006384269e-02
-1.679691255644241155e+00 1.725662195062225956e+00 7.567944473026576302e-02
-2.057098133901595460e+00 1.646851115751547745e+00 7.678280635896389365e-03
-2.399249825149092796e+00 1.987336611890700988e+00 1.252898974041883814e-02
-2.256004741881678655e+00 2.382894732852431474e+00 1.809636780434561651e-02
-2.256004741881678655e+00 2.382894732852431474e+00 1.809636780434561651e-02
-2.494549740566357698e+00 2.525982910788804325e+00 1.076661016533291687e-02
-2.565796070265393691e+00 2.487095829801876157e+00 1.351425423709076007e-02
-2.565796070265393691e+00 2.487095829801876157e+00 1.351425423709076007e-02
-2.565796070265393691e+00 2.487095829801876157e+00 1.351425423709076007e-02
-2.453352446360392403e+00 2.589077852987783146e+00 6.498578545503856142e-03
-2.374981019788604986e+00 2.407915810581679139e+00 1.787211896109068901e-02
-2.625633718317118781e+00 2.810186616205645027e+00 1.406960347338025380e-03
-3.372746250612438157e+00 2.807222703722049850e+00 2.073689283397086702e-03
-3.372746250612438157e+00 2.807222703722049850e+00 2.073689283397086702e-03
-3.168494910435173839e+00 2.726457076367570842e+00 3.742301095110562182e-03
-3.168494910435173839e+00 2.726457076367570842e+00 3.742301095110562182e-03
-2.917988047807653640e+00 2.958219811675777855e+00 8.375751221659270222e-04
-2.705471368842063740e+00 2.944774769906510770e+00 4.028091015683095476e-04
-2.705471368842063740e+00 2.944774769906510770e+00 4.028091015683095476e-04
-2.705471368842063740e+00 2.944774769906510770e+00 4.028091015683095476e-04
-2.705471368842063740e+00 2.944774769906510770e+00 4.028091015683095476e-04
-2.697073136984674768e+00 2.793957378231317623e+00 2.127566150566834180e-03
-2.597432225331220312e+00 2.579649772084938064e+00 8.832145622771639393e-03
-1.876638454838464032e+00 2.310338267617196184e+00 1.172482219125528177e-02
-1.876638454838464032e+00 2.310338267617196184e+00 1.172482219125528177e-02
-1.876638454838464032e+00 2.310338267617196184e+00 1.172482219125528177e-02
-2.362485496654891826e+00 2.282034285752812419e+00 2.658771711358615120e-02
-2.362485496654891826e+00 2.282034285752812419e+00 2.658771711358615120e-02
-2.362485496654891826e+00 2.282034285752812419e+00 2.658771711358615120e-02
-2.362485496654891826e+00 2.282034285752812419e+00 2.658771711358615120e-02
-2.212354167520902415e+00 2.015192968808591445e+00 3.232501010926559087e-02
-2.212354167520902415e+00 2.015192968808591445e+00 3.232501010926559087e-02
-2.212354167520902415e+00 2.015192968808591445e+00 3.232501010926559087e-02
-2.212354167520902415e+00 2.015192968808591445e+00 3.232501010926559087e-02
-2.212354167520902415e+00 2.015192968808591445e+00 3.232501010926559087e-02
-1.813242788319700871e+00 1.889327488445850189e+00 7.118519532295365659e-02
-1.813242788319700871e+00 1.889327488445850189e+00 7.118519532295365659e-02
-1.643714663507912510e+00 2.006822655265989575e+00 5.300808250971717622e-02
-1.643714663507912510e+00 2.006822655265989575e+00 5.300808250971717622e-02
-1.643714663507912510e+00 2.006822655265989575e+00 5.300808250971717622e-02
-1.643714663507912510e+00 2.006822655265989575e+00 5.300808250971717622e-02
