2.489132485845457765e-01 1.481402749648903505e-01 1.747583998037695058e-03
5.227056264951688291e-01 4.028993116381061612e-01 7.704124710968252021e-02
5.227056264951688291e-01 4.028993116381061612e-01 7.704124710968252021e-02
5.227056264951688291e-01 4.028993116381061612e-01 7.704124710968252021e-02
5.227056264951688291e-01 4.028993116381061612e-01 7.704124710968252021e-02
6.872193427534853960e-01 2.530461638063770113e-01 4.646326161341351318e-02
7.772612204754596466e-01 6.401152051474634508e-01 1.056005259953377712e-01
9.912013955202894078e-01 1.740005442498744892e-01 5.975528833529154121e-02
1.097207458732925467e+00 5.213154304697640296e-01 8.107130218688733680e-02
1.346947436704304168e+00 4.572608988938913765e-01 5.316771849353615909e-02
1.125337837149921638e+00 4.449317053835040170e-01 9.679491407345536258e-02
1.125337837149921638e+00 4.449317053835040170e-01 9.679491407345536258e-02
1.125337837149921638e+00 4.449317053835040170e-01 9.679491407345536258e-02
1.125337837149921638e+00 4.449317053835040170e-01 9.679491407345536258e-02
1.423661188495354279e+00 3.885552808733661601e-01 5.784066222694540099e-02
1.423661188495354279e+00 3.885552808733661601e-01 5.784066222694540099e-02
1.423661188495354279e+00 3.885552808733661601e-01 5.784066222694540099e-02
1.616866534737636529e+00 3.706835740834985571e-01 3.279501119915675944e-02
1.945047815417855652e+00 3.458228185562959300e-01 8.349234248169268638e-03
1.951617607954760469e+00 4.728938270824040169e-01 2.091747688751003417e-03
1.834995456487457988e+00 6.631660966527674894e-01 3.718482711340659721e-04
1.691256184327480483e+00 6.990526780032809695e-01 7.024659947054940701e-04
1.691256184327480483e+00 6.990526780032809695e-01 7.024659947054940701e-04
1.319376303479380175e+00 5.489899584427280210e-01 3.379726620298021539e-02
1.424229625121919973e+00 3.093981736354638468e-01 7.496999347105863520e-02
1.424229625121919973e+00 3.093981736354638468e-01 7.496999347105863520e-02
1.351052789267772392e+00 4.260284620949233991e-02 5.423497171392747257e-02
1.856063442595537794e+00 6.161706600067824724e-02 4.876660875690114888e-02
1.507394048113814833e+00 1.962347927116471213e-01 7.656610091137341922e-02
1.765609192914182390e+00 5.815643164113593055e-03 5.469144546516010313e-02
1.765609192914182390e+00 5.815643164113593055e-03 5.469144546516010313e-02
1.683754760088259639e+00 9.620577804248149623e-02 6.276689565094450973e-02
1.809108890415119353e+00 -1.235907436473997340e-01 3.880636093727701796e-02
2.299351856884138900e+00 -1.726781541089754124e-01 2.436798900630961565e-02
1.806914429950900125e+00 -3.889001306475400876e-01 5.768804541267570467e-03
1.806914429950900125e+00 -3.889001306475400876e-01 5.768804541267570467e-03
1.806914429950900125e+00 -3.889001306475400876e-01 5.768804541267570467e-03
2.129293841726478842e+00 -3.161518762786548198e-01 1.936852905506701930e-02
2.129293841726478842e+00 -3.161518762786548198e-01 1.936852905506701930e-02
2.279345710534805391e+00 -9.890423336744452731e-02 2.355460251923690781e-02
2.670339234064943668e+00 -3.027207676321959084e-01 1.124226283398116477e-02
2.670339234064943668e+00 -3.027207676321959084e-01 1.124226283398116477e-02
2.259573333211466917e+00 1.030043939394027497e-01 1.081680939718624238e-02
2.017697643646342076e+00 2.179426255520169886e-01 1.570676269158692920e-02
1.769397425173101945e+00 1.618684350950588824e-02 5.516055797770080121e-02
1.917664744122564047e+00 -2.574604276298862460e-01 2.190296289467124832e-02
1.917664744122564047e+00 -2.574604276298862460e-01 2.190296289467124832e-02
1.917664744122564047e+00 -2.574604276298862460e-01 2.190296289467124832e-02
2.695034995562781255e+00 -3.217315293832492817e-02 2.855336710890403820e-03
2.695034995562781255e+00 -3.217315293832492817e-02 2.855336710890403820e-03
2.460760091116100501e+00 -2.390158205339965730e-02 9.192900592879025765e-03
2.460760091116100501e+00 -2.390158205339965730e-02 9.192900592879025765e-03
2.388408408509576919e+00 3.796301325514242486e-02 8.882526769334563033e-03
2.593832551577836654e+00 4.628225271465009200e-02 2.697879912414653629e-03
2.377893190563914683e+00 2.621923956271027811e-01 1.236780393716625749e-03
2.377893190563914683e+00 2.621923956271027811e-01 1.236780393716625749e-03
2.385706788008325585e+00 2.060635353389687341e-01 2.184521909228312898e-03
2.068911342881307291e+00 2.091378734789070548e-02 3.203197265416381917e-02
2.068911342881307291e+00 2.091378734789070548e-02 3.203197265416381917e-02
1.949859509538244495e+00 1.258163824582549939e-01 3.296749817930279963e-02
1.562912498463858046e+00 -1.041638540692927384e-01 3.298038934872835753e-02
1.613379995891299323e+00 3.761761424638745410e-01 3.216633337855714925e-02
1.540669086416157185e+00 2.712735878945353174e-01 6.391323689813688258e-02
1.540669086416157185e+00 2.712735878945353174e-01 6.391323689813688258e-02
1.699840014845770186e+00 2.524305831598349092e-01 4.426125287850379841e-02
1.294368174058014187e+00 5.017466212290502270e-01 4.995144302676331194e-02
1.294368174058014187e+00 5.017466212290502270e-01 4.995144302676331194e-02
1.294368174058014187e+00 5.017466212290502270e-01 4.995144302676331194e-02
1.351578697649627792e+00 3.481120980236219742e-01 7.929415411166845784e-02
1.657126935548773439e+00 2.898410663095888351e-01 4.325332669683228104e-02
1.657126935548773439e+00 2.898410663095888351e-01 4.325332669683228104e-02
1.657126935548773439e+00 2.898410663095888351e-01 4.325332669683228104e-02
1.663872156534660585e+00 -4.635153567444544320e-02 4.882654247921090762e-02
1.663872156534660585e+00 -4.635153567444544320e-02 4.882654247921090762e-02
1.366631311051327957e+00 1.873071364743930656e-01 8.577550558131163960e-02
1.883766589909609213e+00 1.544700839955681637e-02 4.797553188186290396e-02
1.898163762297911283e+00 2.587094334235169879e-01 2.054369437232234780e-02
1.360286401547859292e+00 2.364617730204157386e-01 8.915794175158887891e-02
1.321065358568031201e+00 2.772331186728091423e-01 9.212830330939913992e-02
9.260349061653863068e-01 3.266905505171998625e-01 1.045149211777351844e-01
5.330803922028701791e-01 7.008096026933957612e-01 1.283125633431674850e-01
5.330803922028701791e-01 7.008096026933957612e-01 1.283125633431674850e-01
4.592122371755472665e-01 6.290044984769977976e-01 1.393518024253538046e-01
4.592122371755472665e-01 6.290044984769977976e-01 1.393518024253538046e-01
2.768567084098447761e-01 8.464104006173479577e-01 1.205663184587350556e-01
-4.543051004314296870e-02 1.015101776544914181e+00 1.040868586202047252e-01
-2.647170224485557721e-01 8.311320384103618730e-01 8.731299902466882479e-02
6.701132459433550848e-02 7.434117711315498811e-01 1.221810199201579239e-01
6.701132459433550848e-02 7.434117711315498811e-01 1.221810199201579239e-01
6.701132459433550848e-02 7.434117711315498811e-01 1.221810199201579239e-01
6.701132459433550848e-02 7.434117711315498811e-01 1.221810199201579239e-01
6.701132459433550848e-02 7.434117711315498811e-01 1.221810199201579239e-01
4.839266068286778855e-01 6.850831029718591481e-01 1.367968548454210620e-01
4.839266068286778855e-01 6.850831029718591481e-01 1.367968548454210620e-01
1.643855320432446310e-01 8.291043820759720351e-01 1.345930520380324846e-01
1.324921303450043997e-02 9.315563675208627936e-01 1.229324674033479836e-01
6.051042896077036409e-02 1.273432935251127329e+00 1.282583816462597170e-02
-3.721098611482169805e-01 1.287417046746153870e+00 4.826007084067145819e-02
-2.882437667167487838e-01 1.134952092624369913e+00 8.885334410246520376e-02
-2.882437667167487838e-01 1.134952092624369913e+00 8.885334410246520376e-02
