2.489132485845457765e-01 1.481402749648903505e-01 2.039205764036871194e-03
5.593735771254796374e-01 5.475531998984441984e-01 7.740540926083126771e-02
5.593735771254796374e-01 5.475531998984441984e-01 7.740540926083126771e-02
8.105733688584024765e-01 3.858840245371797373e-01 5.448324330607769161e-02
8.290132899091290364e-01 2.243735303824645477e-01 3.818237670085831981e-02
8.290132899091290364e-01 2.243735303824645477e-01 3.818237670085831981e-02
8.290132899091290364e-01 2.243735303824645477e-01 3.818237670085831981e-02
8.290132899091290364e-01 2.243735303824645477e-01 3.818237670085831981e-02
7.712688392742524934e-01 3.658534703701631363e-01 5.576660695192200978e-02
7.407955882899992517e-01 4.743090955265416020e-01 5.969304467477320325e-02
1.208515860454056678e+00 5.564257644242475154e-01 4.542500254580256712e-03
1.130239521282385251e+00 2.961304203782063049e-01 2.935470496950906560e-02
1.130239521282385251e+00 2.961304203782063049e-01 2.935470496950906560e-02
1.130239521282385251e+00 2.961304203782063049e-01 2.935470496950906560e-02
7.540497438163026311e-01 3.968011410693342289e-01 5.855443565793275879e-02
7.540497438163026311e-01 3.968011410693342289e-01 5.855443565793275879e-02
8.049238721988416501e-01 8.292645575190187301e-01 6.031763955068694151e-03
1.682106843581943068e-01 7.970574052324213010e-01 1.147373406898147263e-01
1.682106843581943068e-01 7.970574052324213010e-01 1.147373406898147263e-01
8.073372851767091074e-02 9.261610802726821801e-01 1.070871750085103102e-01
-1.109684724397125011e-01 1.065696323862523665e+00 1.099268966644038059e-01
1.511684764489582000e-02 1.025192105284068900e+00 9.065684499430359811e-02
4.697858821113497507e-01 4.015706597368111641e-01 5.502185226030412157e-02
4.697858821113497507e-01 4.015706597368111641e-01 5.502185226030412157e-02
9.867143618446350128e-01 2.696887374198621012e-01 4.058093589865976319e-02
9.867143618446350128e-01 2.696887374198621012e-01 4.058093589865976319e-02
1.446836888522043729e+00 1.009867051099294089e-01 1.570607054993658838e-02
1.340557853746819239e+00 -4.177509456458910475e-01 8.272908828215704610e-04
1.340557853746819239e+00 -4.177509456458910475e-01 8.272908828215704610e-04
1.776928446238831283e+00 -3.149364356903537332e-01 5.383952901017966843e-03
1.983259642179069360e+00 -3.659437898893363461e-01 3.801580552247018231e-03
2.218551275730280992e+00 -2.812750886649408866e-01 1.774530213754673324e-03
2.218551275730280992e+00 -2.812750886649408866e-01 1.774530213754673324e-03
2.218551275730280992e+00 -2.812750886649408866e-01 1.774530213754673324e-03
2.328697047548656140e+00 -5.954856453743133660e-01 1.227898369523153016e-03
2.328697047548656140e+00 -5.954856453743133660e-01 1.227898369523153016e-03
2.328697047548656140e+00 -5.954856453743133660e-01 1.227898369523153016e-03
2.506125214044558902e+00 -7.323050635046113310e-01 6.017750168492695152e-04
2.670660338974434111e+00 -5.644549014968260892e-01 4.211216907557514214e-04
2.807687982536694715e+00 -7.340096416895270925e-01 2.858126661746603374e-04
2.350591614104560190e+00 -8.286366578599509980e-01 3.163706921094050061e-04
2.084585635894539823e+00 -8.063383135206598773e-01 1.947804875666647782e-04
2.146386841927009570e+00 -5.868356773235986479e-01 1.434504400450665757e-03
2.080617347605535183e+00 -5.868980455064298773e-01 1.395918846553294594e-03
2.080617347605535183e+00 -5.868980455064298773e-01 1.395918846553294594e-03
2.091802838293018052e+00 -7.410644845558403970e-01 4.037761077222876919e-04
2.091802838293018052e+00 -7.410644845558403970e-01 4.037761077222876919e-04
1.756752873897755141e+00 -6.412163456432818931e-01 3.703112719968462284e-04
1.756752873897755141e+00 -6.412163456432818931e-01 3.703112719968462284e-04
1.756752873897755141e+00 -6.412163456432818931e-01 3.703112719968462284e-04
1.756752873897755141e+00 -6.412163456432818931e-01 3.703112719968462284e-04
1.916830273218934622e+00 -4.829868952402375237e-01 2.373205545647904657e-03
1.905143484897179107e+00 -5.052519927191322369e-01 2.032160276567573400e-03
1.839800418946395677e+00 -5.006155270898625664e-01 1.915551361074197597e-03
1.640692501410895288e+00 -3.093441241481718063e-01 5.349775519175367818e-03
1.640692501410895288e+00 -3.093441241481718063e-01 5.349775519175367818e-03
1.640692501410895288e+00 -3.093441241481718063e-01 5.349775519175367818e-03
1.640692501410895288e+00 -3.093441241481718063e-01 5.349775519175367818e-03
1.722916736198756960e+00 1.371072191911024141e-01 3.812663087417841185e-03
2.047707919422016687e+00 -1.715639357858649849e-01 2.844994699457839300e-03
2.047707919422016687e+00 -1.715639357858649849e-01 2.844994699457839300e-03
1.849507889117329773e+00 -2.058768576879889123e-01 6.139576354446893598e-03
1.849507889117329773e+00 -2.058768576879889123e-01 6.139576354446893598e-03
1.898924552279797062e+00 -2.136609079765164343e-01 5.379607808676288051e-03
1.898924552279797062e+00 -2.136609079765164343e-01 5.379607808676288051e-03
1.898924552279797062e+00 -2.136609079765164343e-01 5.379607808676288051e-03
1.898924552279797062e+00 -2.136609079765164343e-01 5.379607808676288051e-03
1.302112130156502179e+00 8.977005695831002940e-02 2.230918722891787540e-02
1.505605983266249170e+00 2.140265006387753743e-01 8.422362329324894689e-03
1.676804574191490094e+00 -8.040859246839326957e-02 9.581549613690346773e-03
1.806944438066778069e+00 -1.877713356057902905e-02 5.241334795475991772e-03
1.806944438066778069e+00 -1.877713356057902905e-02 5.241334795475991772e-03
1.806944438066778069e+00 -1.877713356057902905e-02 5.241334795475991772e-03
1.726517182686302165e+00 -2.364242095378452091e-02 7.522426601359414981e-03
1.189157097252440565e+00 -1.316084893120945676e-01 8.452035705210879379e-03
1.297179698535669390e+00 -1.797976246416986834e-01 7.525634102264214254e-03
1.297179698535669390e+00 -1.797976246416986834e-01 7.525634102264214254e-03
1.297179698535669390e+00 -1.797976246416986834e-01 7.525634102264214254e-03
1.174446770321063482e+00 -8.095653371783624597e-02 1.176488275104984639e-02
8.153002925385191002e-01 4.817300886075298050e-01 4.966155453343384235e-02
6.289695189201623959e-01 5.868048504993761405e-01 6.499392273805654208e-02
5.519723748997067414e-01 3.568487987511036463e-01 5.036122740090501898e-02
4.791810873165457951e-01 1.930117315999058669e-01 1.274458960112440434e-02
8.267292258752798606e-01 3.019592128239274031e-01 4.844676789074087164e-02
1.359555457937597911e+00 4.643172266271256010e-02 1.959534039534306313e-02
1.359555457937597911e+00 4.643172266271256010e-02 1.959534039534306313e-02
1.359555457937597911e+00 4.643172266271256010e-02 1.959534039534306313e-02
1.359555457937597911e+00 4.643172266271256010e-02 1.959534039534306313e-02
1.359555457937597911e+00 4.643172266271256010e-02 1.959534039534306313e-02
1.359555457937597911e+00 4.643172266271256010e-02 1.959534039534306313e-02
1.201866209091536630e+00 4.418877299237458645e-01 1.171186672655110880e-02
1.201866209091536630e+00 4.418877299237458645e-01 1.171186672655110880e-02
8.085435743133144726e-01 2.807611518001628115e-01 4.599352425261731686e-02
1.047273625195601632e+00 3.783893101074222720e-01 3.149496546318551748e-02
4.927125223453148184e-01 3.966281330429708984e-01 5.560159235859216120e-02
4.927125223453148184e-01 3.966281330429708984e-01 5.560159235859216120e-02
4.927125223453148184e-01 3.966281330429708984e-01 5.560159235859216120e-02
4.927125223453148184e-01 3.966281330429708984e-01 5.560159235859216120e-02
-2.096848019845941602e-01 1.007948380919214681e+00 1.450487830451695492e-01
-7.823855957901304503e-01 1.106239598982112771e+00 9.386399142143794783e-02
