2.489132485845457765e-01 1.481402749648903505e-01 1.810731793533235318e-03
2.489132485845457765e-01 1.481402749648903505e-01 1.810731793533235318e-03
2.489132485845457765e-01 1.481402749648903505e-01 1.810731793533235318e-03
2.489132485845457765e-01 1.481402749648903505e-01 1.810731793533235318e-03
2.489132485845457765e-01 1.481402749648903505e-01 1.810731793533235318e-03
2.489132485845457765e-01 1.481402749648903505e-01 1.810731793533235318e-03
2.535810873941046761e-02 4.720550220801036923e-02 4.825462901117223897e-05
2.535810873941046761e-02 4.720550220801036923e-02 4.825462901117223897e-05
2.303707526375869119e-01 1.459223273690961886e-01 1.513586037169776296e-03
8.681724105529302626e-01 -2.370114790517403869e-01 2.858559367172748035e-03
6.165710005172695407e-01 1.274705701509844247e-01 1.695783252804675123e-02
2.819311240153640763e-01 4.297750930911443668e-01 2.314194474019130865e-02
4.058481197732946577e-02 6.201583482358897781e-01 2.179093439325585288e-02
-1.064863620139656353e-01 1.053964549575773013e+00 2.386713718973959564e-02
1.727971023182411081e-01 8.430753668090229525e-01 3.548689370678990290e-02
1.727971023182411081e-01 8.430753668090229525e-01 3.548689370678990290e-02
1.727971023182411081e-01 8.430753668090229525e-01 3.548689370678990290e-02
1.727971023182411081e-01 8.430753668090229525e-01 3.548689370678990290e-02
9.480839684881606777e-01 1.337391835552282915e-01 5.504867629082006719e-02
1.072944989931301718e+00 2.620707125243076918e-01 6.112002679696867252e-02
1.072944989931301718e+00 2.620707125243076918e-01 6.112002679696867252e-02
1.072944989931301718e+00 2.620707125243076918e-01 6.112002679696867252e-02
8.574118162321704428e-01 4.726030434371326638e-01 4.765555251262084541e-02
9.436262113450257782e-01 3.652383004283866752e-01 5.685047919394409233e-02
1.045422824339132140e+00 3.264983112591539061e-01 5.460196772475823385e-02
1.205639481223133691e+00 3.786636380714464289e-01 2.835559880780907580e-02
6.989799455387485372e-01 4.357526195778129718e-01 5.793204968146273975e-02
8.892897890688487017e-01 7.292110451835531748e-01 8.506224409615206067e-03
8.892897890688487017e-01 7.292110451835531748e-01 8.506224409615206067e-03
8.892897890688487017e-01 7.292110451835531748e-01 8.506224409615206067e-03
1.014262951693981840e+00 2.008252850464279371e-01 6.518997375303742237e-02
1.204819328338945006e+00 1.203988910194252471e-01 6.639748006179091444e-02
1.204819328338945006e+00 1.203988910194252471e-01 6.639748006179091444e-02
1.204819328338945006e+00 1.203988910194252471e-01 6.639748006179091444e-02
6.570392907289911433e-01 2.741218355863203060e-01 4.290510784634382624e-02
8.295529330745387009e-01 2.178928327897299566e-01 5.415498162062977461e-02
1.279485329971704832e+00 1.780707377090279264e-01 5.575413155143534027e-02
1.279485329971704832e+00 1.780707377090279264e-01 5.575413155143534027e-02
1.090867925022979801e+00 6.818204149398559011e-01 4.016695754659560351e-03
1.090867925022979801e+00 6.818204149398559011e-01 4.016695754659560351e-03
1.090867925022979801e+00 6.818204149398559011e-01 4.016695754659560351e-03
1.090867925022979801e+00 6.818204149398559011e-01 4.016695754659560351e-03
1.090867925022979801e+00 6.818204149398559011e-01 4.016695754659560351e-03
1.407547123143146672e+00 3.987279850967462291e-01 9.217660148282704607e-03
1.407547123143146672e+00 3.987279850967462291e-01 9.217660148282704607e-03
1.407547123143146672e+00 3.987279850967462291e-01 9.217660148282704607e-03
1.814812434593980006e+00 1.230088746172550707e-01 9.516414159558197333e-03
1.814812434593980006e+00 1.230088746172550707e-01 9.516414159558197333e-03
2.022373462025075952e+00 8.138343869393058205e-02 3.541182697411737225e-03
2.022373462025075952e+00 8.138343869393058205e-02 3.541182697411737225e-03
2.022373462025075952e+00 8.138343869393058205e-02 3.541182697411737225e-03
1.680737523968777847e+00 -5.689498181444777036e-03 4.017482963357380671e-02
1.680737523968777847e+00 -5.689498181444777036e-03 4.017482963357380671e-02
1.680737523968777847e+00 -5.689498181444777036e-03 4.017482963357380671e-02
1.680737523968777847e+00 -5.689498181444777036e-03 4.017482963357380671e-02
1.823912523151495879e+00 -2.096944850678722494e-01 5.309966465840431499e-02
2.228768184776952488e+00 -6.760224625891022576e-01 3.679734355405708812e-02
2.016127072107806395e+00 -5.575508110094109515e-01 4.179413728406943668e-02
2.016127072107806395e+00 -5.575508110094109515e-01 4.179413728406943668e-02
1.822932015755675650e+00 -3.673072998551277779e-01 5.468457339859861960e-02
1.822932015755675650e+00 -3.673072998551277779e-01 5.468457339859861960e-02
1.822932015755675650e+00 -3.673072998551277779e-01 5.468457339859861960e-02
1.822932015755675650e+00 -3.673072998551277779e-01 5.468457339859861960e-02
1.822932015755675650e+00 -3.673072998551277779e-01 5.468457339859861960e-02
1.822932015755675650e+00 -3.673072998551277779e-01 5.468457339859861960e-02
2.077493697283608221e+00 -4.624902560427233134e-01 4.889056785083719520e-02
2.077493697283608221e+00 -4.624902560427233134e-01 4.889056785083719520e-02
1.961140188690605912e+00 -5.626726290236679917e-01 3.799757043100545489e-02
1.961140188690605912e+00 -5.626726290236679917e-01 3.799757043100545489e-02
2.127333287893824920e+00 -7.419471597744125013e-01 2.403045690764503070e-02
2.127333287893824920e+00 -7.419471597744125013e-01 2.403045690764503070e-02
2.127333287893824920e+00 -7.419471597744125013e-01 2.403045690764503070e-02
2.210527208775259655e+00 -3.261754824573948608e-01 2.696425413413133798e-02
2.119392414972354644e+00 -3.756300088478251031e-01 4.185194333193269223e-02
1.032879785747844670e+00 -9.294934292819889698e-02 2.638863943175602522e-02
1.376012349522022227e+00 -3.942007064622311124e-02 6.607666617299158551e-02
1.376012349522022227e+00 -3.942007064622311124e-02 6.607666617299158551e-02
1.376012349522022227e+00 -3.942007064622311124e-02 6.607666617299158551e-02
1.376012349522022227e+00 -3.942007064622311124e-02 6.607666617299158551e-02
1.376012349522022227e+00 -3.942007064622311124e-02 6.607666617299158551e-02
1.376012349522022227e+00 -3.942007064622311124e-02 6.607666617299158551e-02
1.765246741660402741e+00 -6.205119015566853413e-01 1.522257618239868451e-02
1.544653226783675226e+00 -4.211635449991523172e-01 2.506286688719093492e-02
1.513261343034854489e+00 -2.854073081594499794e-01 4.550514273748904742e-02
1.873479000797890315e+00 -1.588888315071104174e-01 4.138863941021461712e-02
1.873479000797890315e+00 -1.588888315071104174e-01 4.138863941021461712e-02
1.607765540943323579e+00 -4.795974927375862285e-01 2.179594614646278641e-02
1.773914633470788260e+00 -6.864831864541969253e-01 9.237232549632747036e-03
1.741171857509096199e+00 -1.408314010355483648e-01 5.346573747950570527e-02
1.741171857509096199e+00 -1.408314010355483648e-01 5.346573747950570527e-02
1.741171857509096199e+00 -1.408314010355483648e-01 5.346573747950570527e-02
1.741171857509096199e+00 -1.408314010355483648e-01 5.346573747950570527e-02
1.741171857509096199e+00 -1.408314010355483648e-01 5.346573747950570527e-02
1.741171857509096199e+00 -1.408314010355483648e-01 5.346573747950570527e-02
1.741171857509096199e+00 -1.408314010355483648e-01 5.346573747950570527e-02
1.741171857509096199e+00 -1.408314010355483648e-01 5.346573747950570527e-02
1.741171857509096199e+00 -1.408314010355483648e-01 5.346573747950570527e-02
1.741171857509096199e+00 -1.408314010355483648e-01 5.346573747950570527e-02
1.741171857509096199e+00 -1.408314010355483648e-01 5.346573747950570527e-02
1.800878981429905323e+00 -3.006648292243242482e-01 5.807272115287230585e-02
