2.489132485845457765e-01 1.481402749648903505e-01 5.249627927513442899e-02
5.449639140332949161e-01 -1.233269772104710338e-01 9.049427900294587657e-02
5.231525355571782221e-01 9.606476104180070030e-02 4.395589736508127010e-01
6.109174640557778480e-01 3.007951383419514568e-02 4.863811232576968901e-01
6.109174640557778480e-01 3.007951383419514568e-02 4.863811232576968901e-01
6.109174640557778480e-01 3.007951383419514568e-02 4.863811232576968901e-01
6.109174640557778480e-01 3.007951383419514568e-02 4.863811232576968901e-01
7.610355525930112552e-01 2.522298887387593447e-01 1.723786013474416512e-01
7.610355525930112552e-01 2.522298887387593447e-01 1.723786013474416512e-01
7.610355525930112552e-01 2.522298887387593447e-01 1.723786013474416512e-01
3.890639941045657690e-01 -1.582589191398664497e-02 4.611384904423637687e-02
3.890639941045657690e-01 -1.582589191398664497e-02 4.611384904423637687e-02
6.467368184565613909e-01 -2.748442969828724380e-01 4.831107224273312878e-02
5.827281839618770887e-01 3.099205610954861023e-01 4.227311604479926932e-01
5.827281839618770887e-01 3.099205610954861023e-01 4.227311604479926932e-01
6.614831533576246425e-01 3.052475470207195452e-01 2.654823731872100745e-01
6.614831533576246425e-01 3.052475470207195452e-01 2.654823731872100745e-01
6.643685333449356190e-01 1.100837368167535690e-01 5.895689854854142542e-01
6.643685333449356190e-01 1.100837368167535690e-01 5.895689854854142542e-01
6.643685333449356190e-01 1.100837368167535690e-01 5.895689854854142542e-01
6.643685333449356190e-01 1.100837368167535690e-01 5.895689854854142542e-01
6.643685333449356190e-01 1.100837368167535690e-01 5.895689854854142542e-01
6.643685333449356190e-01 1.100837368167535690e-01 5.895689854854142542e-01
6.643685333449356190e-01 1.100837368167535690e-01 5.895689854854142542e-01
5.288406952070749956e-01 2.488706591250600120e-01 5.861799011076461730e-01
5.288406952070749956e-01 2.488706591250600120e-01 5.861799011076461730e-01
2.790651866935750514e-01 2.457452746428361867e-01 1.971424876312509455e-01
2.790651866935750514e-01 2.457452746428361867e-01 1.971424876312509455e-01
2.790651866935750514e-01 2.457452746428361867e-01 1.971424876312509455e-01
2.790651866935750514e-01 2.457452746428361867e-01 1.971424876312509455e-01
2.790651866935750514e-01 2.457452746428361867e-01 1.971424876312509455e-01
2.790651866935750514e-01 2.457452746428361867e-01 1.971424876312509455e-01
2.790651866935750514e-01 2.457452746428361867e-01 1.971424876312509455e-01
1.445977294892994425e-01 6.257993921057305453e-01 3.592361076932438779e-01
1.445977294892994425e-01 6.257993921057305453e-01 3.592361076932438779e-01
1.445977294892994425e-01 6.257993921057305453e-01 3.592361076932438779e-01
1.445977294892994425e-01 6.257993921057305453e-01 3.592361076932438779e-01
1.445977294892994425e-01 6.257993921057305453e-01 3.592361076932438779e-01
1.445977294892994425e-01 6.257993921057305453e-01 3.592361076932438779e-01
1.445977294892994425e-01 6.257993921057305453e-01 3.592361076932438779e-01
2.898658845390447159e-01 1.484918523152977121e-01 8.972978358393862708e-02
7.595427355872605424e-02 5.036529160044793674e-01 1.909952326781153009e-01
-1.359337915381441109e-01 8.431752837715356108e-01 1.571684908462137042e-01
-1.359337915381441109e-01 8.431752837715356108e-01 1.571684908462137042e-01
1.632767760867868678e-01 4.628851671464188633e-01 2.941132086774666532e-01
1.632767760867868678e-01 4.628851671464188633e-01 2.941132086774666532e-01
2.789008381039727591e-01 6.655396171248074699e-01 2.375906075370308457e-01
2.789008381039727591e-01 6.655396171248074699e-01 2.375906075370308457e-01
4.246203401046981796e-01 1.179009868670467531e-01 2.651351374094877422e-01
4.909804216718713366e-01 -4.158644127433960835e-02 1.209502967044124022e-01
8.280292574498313574e-01 -1.377061128823434122e-01 4.932722615489292806e-01
8.280292574498313574e-01 -1.377061128823434122e-01 4.932722615489292806e-01
8.280292574498313574e-01 -1.377061128823434122e-01 4.932722615489292806e-01
8.280292574498313574e-01 -1.377061128823434122e-01 4.932722615489292806e-01
9.757279974413735069e-01 -1.965965162827897350e-01 4.207636633017369787e-01
7.381117417994614849e-01 -2.088155819867243412e-02 5.611022557050316939e-01
7.381117417994614849e-01 -2.088155819867243412e-02 5.611022557050316939e-01
7.381117417994614849e-01 -2.088155819867243412e-02 5.611022557050316939e-01
7.381117417994614849e-01 -2.088155819867243412e-02 5.611022557050316939e-01
7.381117417994614849e-01 -2.088155819867243412e-02 5.611022557050316939e-01
7.381117417994614849e-01 -2.088155819867243412e-02 5.611022557050316939e-01
7.381117417994614849e-01 -2.088155819867243412e-02 5.611022557050316939e-01
7.381117417994614849e-01 -2.088155819867243412e-02 5.611022557050316939e-01
7.381117417994614849e-01 -2.088155819867243412e-02 5.611022557050316939e-01
7.562456275163109698e-01 -1.384559520368419117e-01 4.118803752112213945e-01
1.005916092089611746e+00 -7.022758076959002838e-02 2.275204138810529020e-01
1.005916092089611746e+00 -7.022758076959002838e-02 2.275204138810529020e-01
9.883588901314109831e-01 1.576264679562700000e-01 2.887847625412795147e-02
9.883588901314109831e-01 1.576264679562700000e-01 2.887847625412795147e-02
9.883588901314109831e-01 1.576264679562700000e-01 2.887847625412795147e-02
9.883588901314109831e-01 1.576264679562700000e-01 2.887847625412795147e-02
8.527554098015175388e-01 -3.556607641343993986e-01 1.625997393154355875e-01
8.527554098015175388e-01 -3.556607641343993986e-01 1.625997393154355875e-01
8.527554098015175388e-01 -3.556607641343993986e-01 1.625997393154355875e-01
8.527554098015175388e-01 -3.556607641343993986e-01 1.625997393154355875e-01
1.018593361400942143e+00 -2.650432057855390267e-01 3.909785619970136405e-01
1.169848342978787148e+00 -2.334626782481340201e-01 1.548865392911229766e-01
1.169848342978787148e+00 -2.334626782481340201e-01 1.548865392911229766e-01
5.702645706620272925e-01 3.887286427018598056e-01 2.811195026842107647e-01
5.132821601908087450e-01 3.199698622957127814e-01 5.231679316898214527e-01
5.132821601908087450e-01 3.199698622957127814e-01 5.231679316898214527e-01
5.132821601908087450e-01 3.199698622957127814e-01 5.231679316898214527e-01
5.132821601908087450e-01 3.199698622957127814e-01 5.231679316898214527e-01
5.132821601908087450e-01 3.199698622957127814e-01 5.231679316898214527e-01
5.132821601908087450e-01 3.199698622957127814e-01 5.231679316898214527e-01
5.132821601908087450e-01 3.199698622957127814e-01 5.231679316898214527e-01
3.670596787413664130e-01 3.728960606429455593e-01 5.265017851976012686e-01
3.670596787413664130e-01 3.728960606429455593e-01 5.265017851976012686e-01
3.670596787413664130e-01 3.728960606429455593e-01 5.265017851976012686e-01
8.566933119405123476e-01 -1.895753629579323141e-01 4.482815077852048691e-01
7.746575988482589104e-01 3.648265354161689400e-02 5.254570133711459201e-01
6.135690110766636174e-01 1.441104959550488021e-02 4.611390949337250689e-01
6.135690110766636174e-01 1.441104959550488021e-02 4.611390949337250689e-01
1.092028047113574596e+00 -1.509254997420693967e-01 1.830045392744411581e-01
4.210037317032753190e-01 2.042794237172818328e-01 4.260016625884510133e-01
4.210037317032753190e-01 2.042794237172818328e-01 4.260016625884510133e-01
4.210037317032753190e-01 2.042794237172818328e-01 4.260016625884510133e-01
4.210037317032753190e-01 2.042794237172818328e-01 4.260016625884510133e-01
4.210037317032753190e-01 2.042794237172818328e-01 4.260016625884510133e-01
4.210037317032753190e-01 2.042794237172818328e-01 4.260016625884510133e-01
