2.489132485845457765e-01 1.481402749648903505e-01 1.386123603427627917e-03
4.032860885639498738e-01 2.310166322548045936e-01 8.948502532783623314e-03
3.407037073978791963e-01 8.109557704135761380e-01 4.359726191979392679e-02
3.407037073978791963e-01 8.109557704135761380e-01 4.359726191979392679e-02
3.407037073978791963e-01 8.109557704135761380e-01 4.359726191979392679e-02
3.020311568697258697e-01 8.023472970947295169e-01 4.462976235000028213e-02
3.020311568697258697e-01 8.023472970947295169e-01 4.462976235000028213e-02
-1.622423347081811684e-01 8.049230380630990611e-01 2.077932598805666553e-02
-1.622423347081811684e-01 8.049230380630990611e-01 2.077932598805666553e-02
-1.622423347081811684e-01 8.049230380630990611e-01 2.077932598805666553e-02
-1.622423347081811684e-01 8.049230380630990611e-01 2.077932598805666553e-02
4.040522751766283394e-01 6.765286388251375849e-01 5.544388492673102409e-02
4.040522751766283394e-01 6.765286388251375849e-01 5.544388492673102409e-02
2.581407371040065346e-01 6.825690737508143258e-01 4.640733269454214854e-02
6.091794846347855508e-01 8.347139916991740405e-01 2.799831805780822469e-02
5.699927145472645229e-01 7.585591299297030909e-01 4.414835823507023971e-02
5.699927145472645229e-01 7.585591299297030909e-01 4.414835823507023971e-02
5.699927145472645229e-01 7.585591299297030909e-01 4.414835823507023971e-02
5.699927145472645229e-01 7.585591299297030909e-01 4.414835823507023971e-02
6.667065367406084242e-01 4.729665292873828086e-01 6.948171320581610078e-02
8.584807015079102266e-01 5.638145446496853896e-01 6.367705690697929299e-02
1.148957957808262709e+00 6.268564769906370682e-02 5.502822648287197804e-02
1.148957957808262709e+00 6.268564769906370682e-02 5.502822648287197804e-02
1.148957957808262709e+00 6.268564769906370682e-02 5.502822648287197804e-02
1.148957957808262709e+00 6.268564769906370682e-02 5.502822648287197804e-02
1.498321391286356885e+00 -3.555194349911704466e-01 1.001766591664785336e-02
2.498126499448992899e+00 -5.369965753135207409e-01 2.660384272695641081e-02
2.498126499448992899e+00 -5.369965753135207409e-01 2.660384272695641081e-02
2.498126499448992899e+00 -5.369965753135207409e-01 2.660384272695641081e-02
2.290268724836967085e+00 -4.254598603573510607e-01 3.683242050199428408e-02
2.290268724836967085e+00 -4.254598603573510607e-01 3.683242050199428408e-02
1.760251759415859318e+00 2.409705657169769477e-02 7.003660159427745058e-02
1.760251759415859318e+00 2.409705657169769477e-02 7.003660159427745058e-02
1.119748145216685531e+00 6.551590133372743596e-02 5.194776796703279992e-02
1.119748145216685531e+00 6.551590133372743596e-02 5.194776796703279992e-02
1.356688119132858805e+00 4.291612429321651212e-01 4.167400902626673675e-02
1.685788642814304739e+00 7.591744049788629045e-02 7.188089840658999641e-02
1.685788642814304739e+00 7.591744049788629045e-02 7.188089840658999641e-02
1.480948167494221313e+00 3.900706249273792059e-01 3.525371842737098221e-02
1.480948167494221313e+00 3.900706249273792059e-01 3.525371842737098221e-02
1.480948167494221313e+00 3.900706249273792059e-01 3.525371842737098221e-02
1.480948167494221313e+00 3.900706249273792059e-01 3.525371842737098221e-02
1.480948167494221313e+00 3.900706249273792059e-01 3.525371842737098221e-02
1.480948167494221313e+00 3.900706249273792059e-01 3.525371842737098221e-02
1.480948167494221313e+00 3.900706249273792059e-01 3.525371842737098221e-02
1.480948167494221313e+00 3.900706249273792059e-01 3.525371842737098221e-02
1.351955493355550431e+00 5.042282513366059815e-01 2.640304714668580133e-02
1.012416956508874089e+00 4.184183698305795618e-01 7.915793018541482373e-02
1.012416956508874089e+00 4.184183698305795618e-01 7.915793018541482373e-02
1.012416956508874089e+00 4.184183698305795618e-01 7.915793018541482373e-02
1.012416956508874089e+00 4.184183698305795618e-01 7.915793018541482373e-02
9.610534132600159207e-01 1.859702697300442409e-01 5.906600968951102038e-02
1.020977631180846945e+00 -1.692232161572862492e-02 2.294127900681162610e-02
1.099816973786358787e+00 -5.849310023693218841e-02 2.307302606558649799e-02
1.302969564513727807e+00 2.000030309970639297e-01 8.684893453455168333e-02
1.302969564513727807e+00 2.000030309970639297e-01 8.684893453455168333e-02
1.302969564513727807e+00 2.000030309970639297e-01 8.684893453455168333e-02
1.183550088786211152e+00 1.776255739867443895e-01 8.191310547607323633e-02
1.183550088786211152e+00 1.776255739867443895e-01 8.191310547607323633e-02
1.183550088786211152e+00 1.776255739867443895e-01 8.191310547607323633e-02
1.183550088786211152e+00 1.776255739867443895e-01 8.191310547607323633e-02
1.128255308972221149e+00 3.113872043262453371e-01 8.570144863885782727e-02
1.128255308972221149e+00 3.113872043262453371e-01 8.570144863885782727e-02
1.128255308972221149e+00 3.113872043262453371e-01 8.570144863885782727e-02
1.128255308972221149e+00 3.113872043262453371e-01 8.570144863885782727e-02
1.205363153050905023e+00 -9.772931376977395113e-02 2.588612879486144880e-02
1.205363153050905023e+00 -9.772931376977395113e-02 2.588612879486144880e-02
1.266152922319101704e+00 -1.661917373556472954e-01 1.949397284442110079e-02
1.363667118071864914e+00 -2.190200152939683897e-01 1.878344321009733919e-02
1.363667118071864914e+00 -2.190200152939683897e-01 1.878344321009733919e-02
1.108158846048668433e+00 2.665793943318434112e-01 8.568469898247776939e-02
1.108158846048668433e+00 2.665793943318434112e-01 8.568469898247776939e-02
1.108158846048668433e+00 2.665793943318434112e-01 8.568469898247776939e-02
1.108158846048668433e+00 2.665793943318434112e-01 8.568469898247776939e-02
8.769767329023966385e-01 5.495866426828233120e-01 6.517985099570622332e-02
1.116665009138694931e+00 5.523615488588173861e-01 4.133190946032135743e-02
8.681346615089395868e-01 4.207568548861801982e-01 7.987208440592057090e-02
8.166161793526860446e-01 7.954586489601049859e-01 2.059024085251616801e-02
4.551989029782142482e-01 5.776540816927415722e-01 5.771278156017710381e-02
4.551989029782142482e-01 5.776540816927415722e-01 5.771278156017710381e-02
4.551989029782142482e-01 5.776540816927415722e-01 5.771278156017710381e-02
6.824201108656791082e-01 3.919516109420158601e-01 6.226868594579172689e-02
6.824201108656791082e-01 3.919516109420158601e-01 6.226868594579172689e-02
6.824201108656791082e-01 3.919516109420158601e-01 6.226868594579172689e-02
1.251740131153104674e+00 3.556442696771888179e-01 7.160707543314778767e-02
1.542020346086212967e+00 7.524664280101817093e-02 8.202834224822036502e-02
1.542020346086212967e+00 7.524664280101817093e-02 8.202834224822036502e-02
1.542020346086212967e+00 7.524664280101817093e-02 8.202834224822036502e-02
1.813684175253496011e+00 1.864491663296680146e-01 3.603757574988170759e-02
1.609452903937354851e+00 2.253169657031084683e-01 5.503437950903911774e-02
1.856615781633105255e+00 1.662661042016218005e-01 3.457426288896128797e-02
1.856615781633105255e+00 1.662661042016218005e-01 3.457426288896128797e-02
1.904121385836450964e+00 -2.076385909642334826e-01 5.936796065613458157e-02
2.178999281092846463e+00 -8.368110400257967874e-02 3.665464346952775759e-02
2.178999281092846463e+00 -8.368110400257967874e-02 3.665464346952775759e-02
2.178999281092846463e+00 -8.368110400257967874e-02 3.665464346952775759e-02
2.178999281092846463e+00 -8.368110400257967874e-02 3.665464346952775759e-02
2.130058026978796981e+00 -1.689065560197443860e-01 5.033617370992641421e-02
2.130058026978796981e+00 -1.689065560197443860e-01 5.033617370992641421e-02
1.767558712018855616e+00 9.627165878338964089e-02 5.935061341053937678e-02
