2.489132485845457765e-01 1.481402749648903505e-01 1.960745683097516769e-03
4.848069947742823516e-01 1.766285815061161280e-01 1.228088626042938246e-02
4.848069947742823516e-01 1.766285815061161280e-01 1.228088626042938246e-02
1.568578878346157945e-01 6.417373345405663621e-01 1.093166555364663978e-01
1.960923229379812061e-01 6.712715673811309181e-01 1.278890370117555242e-01
2.757609053554484491e-01 6.615061937522074276e-01 1.387862983449980603e-01
2.757609053554484491e-01 6.615061937522074276e-01 1.387862983449980603e-01
2.951834882799183046e-01 5.367524267767783686e-01 9.760066058033939340e-02
2.958653883196142864e-01 4.329946764977257168e-01 5.383957105464734494e-02
4.196470961492975715e-01 5.449210747358791407e-01 1.279120607791461584e-01
4.196470961492975715e-01 5.449210747358791407e-01 1.279120607791461584e-01
4.196470961492975715e-01 5.449210747358791407e-01 1.279120607791461584e-01
4.196470961492975715e-01 5.449210747358791407e-01 1.279120607791461584e-01
4.196470961492975715e-01 5.449210747358791407e-01 1.279120607791461584e-01
1.997504169953215336e-01 6.133848296713482195e-01 1.078950483809833633e-01
1.872302436695499339e-01 5.171234935298113511e-01 6.459735293083443408e-02
-1.330645506434499636e-02 5.677663676637747514e-01 4.353063394203391528e-02
2.865991984221111233e-02 1.127840496115468216e+00 5.148200050107660380e-02
2.865991984221111233e-02 1.127840496115468216e+00 5.148200050107660380e-02
3.754544473699633622e-03 8.579512827493069871e-01 1.314906945816973760e-01
4.601561211037097365e-01 5.994723255779501603e-01 1.484619557895882069e-01
6.473614068754446338e-01 4.119074702837505764e-01 1.182652702397987143e-01
6.473614068754446338e-01 4.119074702837505764e-01 1.182652702397987143e-01
6.473614068754446338e-01 4.119074702837505764e-01 1.182652702397987143e-01
8.149418301553505994e-01 6.431923829485646227e-01 1.038178530353455337e-01
8.149418301553505994e-01 6.431923829485646227e-01 1.038178530353455337e-01
4.224348420686325212e-01 6.581946021407247827e-01 1.513997475910777157e-01
4.251080660337838157e-01 5.597158089013408722e-01 1.340296559363405027e-01
3.578184947922355974e-01 8.319064742875771357e-01 1.181608648661564565e-01
4.644503056227746174e-01 7.020144617063481807e-01 1.453819431165705167e-01
4.644503056227746174e-01 7.020144617063481807e-01 1.453819431165705167e-01
4.644503056227746174e-01 7.020144617063481807e-01 1.453819431165705167e-01
4.644503056227746174e-01 7.020144617063481807e-01 1.453819431165705167e-01
9.597631223129479139e-01 4.244713650801741900e-01 1.382754085696126789e-01
8.322411994964581394e-01 5.898508327309925914e-01 1.211687351235928439e-01
8.322411994964581394e-01 5.898508327309925914e-01 1.211687351235928439e-01
8.322411994964581394e-01 5.898508327309925914e-01 1.211687351235928439e-01
8.322411994964581394e-01 5.898508327309925914e-01 1.211687351235928439e-01
9.539857516277299165e-01 3.684466891933976251e-01 1.364129954108802834e-01
9.539857516277299165e-01 3.684466891933976251e-01 1.364129954108802834e-01
9.539857516277299165e-01 3.684466891933976251e-01 1.364129954108802834e-01
9.539857516277299165e-01 3.684466891933976251e-01 1.364129954108802834e-01
7.854392090487035683e-01 2.497250199572416951e-01 7.355718847310734054e-02
7.854392090487035683e-01 2.497250199572416951e-01 7.355718847310734054e-02
3.447935813227499535e-01 4.345606981545842018e-01 6.428129290408175767e-02
3.447935813227499535e-01 4.345606981545842018e-01 6.428129290408175767e-02
9.573718784660042447e-01 4.417186698379779175e-01 1.370090476990484529e-01
1.141253822757223757e+00 1.572155977197979837e-01 9.117605205690182402e-02
1.232441295016470928e+00 3.273819430695397159e-01 1.147955650720128562e-01
1.232441295016470928e+00 3.273819430695397159e-01 1.147955650720128562e-01
1.232441295016470928e+00 3.273819430695397159e-01 1.147955650720128562e-01
1.232441295016470928e+00 3.273819430695397159e-01 1.147955650720128562e-01
1.232441295016470928e+00 3.273819430695397159e-01 1.147955650720128562e-01
1.040166342209746686e+00 4.933368578918191361e-01 1.103895278527624035e-01
1.040166342209746686e+00 4.933368578918191361e-01 1.103895278527624035e-01
1.040166342209746686e+00 4.933368578918191361e-01 1.103895278527624035e-01
9.905891137543156866e-01 3.895846539367173733e-01 1.368753557462055459e-01
9.905891137543156866e-01 3.895846539367173733e-01 1.368753557462055459e-01
3.028188586482754019e-01 3.629772052143023786e-01 3.200520084640810781e-02
3.028188586482754019e-01 3.629772052143023786e-01 3.200520084640810781e-02
3.028188586482754019e-01 3.629772052143023786e-01 3.200520084640810781e-02
3.028188586482754019e-01 3.629772052143023786e-01 3.200520084640810781e-02
3.789041211804562992e-01 8.564343746235356658e-01 1.039313496991598612e-01
5.364279109052061401e-01 5.065470115354175906e-01 1.347778938292599482e-01
6.890815824191091066e-01 5.951344469531757442e-01 1.440713009660095079e-01
6.890815824191091066e-01 5.951344469531757442e-01 1.440713009660095079e-01
6.890815824191091066e-01 5.951344469531757442e-01 1.440713009660095079e-01
6.890815824191091066e-01 5.951344469531757442e-01 1.440713009660095079e-01
6.455929147695235182e-01 6.553818336438941294e-01 1.341615544943615679e-01
6.455929147695235182e-01 6.553818336438941294e-01 1.341615544943615679e-01
1.033311637937557093e+00 5.507276917547083706e-01 9.067300525688043455e-02
1.033311637937557093e+00 5.507276917547083706e-01 9.067300525688043455e-02
1.033311637937557093e+00 5.507276917547083706e-01 9.067300525688043455e-02
1.094395062574857080e+00 4.234202636160860900e-01 1.196627987931923459e-01
1.055442730420230735e+00 3.024467391083331957e-01 1.270503106747820632e-01
1.447611744247244481e+00 1.524363358544458813e-01 9.825180169911101880e-02
1.447611744247244481e+00 1.524363358544458813e-01 9.825180169911101880e-02
1.384483009525392383e+00 4.059677919841065408e-01 6.406390918244922461e-02
1.448465852637339513e+00 3.577219924701901532e-01 6.567603870515112408e-02
1.448465852637339513e+00 3.577219924701901532e-01 6.567603870515112408e-02
1.448465852637339513e+00 3.577219924701901532e-01 6.567603870515112408e-02
1.312468615448801001e+00 1.131323850203052317e-01 9.183088014824029865e-02
6.692559323952809169e-01 3.595950440225381128e-01 9.981903128216605692e-02
9.129380480164499545e-01 2.760436672729082996e-01 1.066946948476039797e-01
9.129380480164499545e-01 2.760436672729082996e-01 1.066946948476039797e-01
8.614058599221581236e-01 9.932998801530219524e-01 4.150141444924259314e-03
8.614058599221581236e-01 9.932998801530219524e-01 4.150141444924259314e-03
6.557578676059193645e-01 1.043649086386793323e+00 7.877242464602174019e-03
1.101113334352237905e+00 7.907970838590219209e-01 1.082893995246929017e-02
9.729518179768446018e-01 6.456285512137683869e-01 6.631804204098719346e-02
1.227900298553827207e+00 5.291138438861515692e-01 5.557278134653260981e-02
1.056924803770206145e+00 6.931473313497786837e-01 3.440747100564131578e-02
1.123816823318872782e+00 3.485376348516022738e-02 4.462885769450900680e-02
1.123816823318872782e+00 3.485376348516022738e-02 4.462885769450900680e-02
1.210678641721447901e+00 2.549153929395978069e-01 1.187269581039229888e-01
1.210678641721447901e+00 2.549153929395978069e-01 1.187269581039229888e-01
1.210678641721447901e+00 2.549153929395978069e-01 1.187269581039229888e-01
1.544133170488023010e+00 -8.402149638881156735e-02 5.167094898613396048e-02
1.544133170488023010e+00 -8.402149638881156735e-02 5.167094898613396048e-02
1.430457990461579509e+00 -1.030342241792038677e-01 3.715053402282973011e-02
