2.489132485845457765e-01 1.481402749648903505e-01 2.021135042030576361e-03
2.489132485845457765e-01 1.481402749648903505e-01 2.021135042030576361e-03
2.489132485845457765e-01 1.481402749648903505e-01 2.021135042030576361e-03
2.489132485845457765e-01 1.481402749648903505e-01 2.021135042030576361e-03
4.706455734983282513e-01 1.900710494379308224e-01 1.384049884215460616e-02
4.706455734983282513e-01 1.900710494379308224e-01 1.384049884215460616e-02
4.706455734983282513e-01 1.900710494379308224e-01 1.384049884215460616e-02
4.706455734983282513e-01 1.900710494379308224e-01 1.384049884215460616e-02
4.706455734983282513e-01 1.900710494379308224e-01 1.384049884215460616e-02
4.706455734983282513e-01 1.900710494379308224e-01 1.384049884215460616e-02
4.706455734983282513e-01 1.900710494379308224e-01 1.384049884215460616e-02
5.613273509680672957e-01 -6.330415700134706114e-03 1.995216754011832749e-03
9.776090130606803763e-01 2.115362332211177254e-01 9.538628848349323119e-02
9.776090130606803763e-01 2.115362332211177254e-01 9.538628848349323119e-02
9.776090130606803763e-01 2.115362332211177254e-01 9.538628848349323119e-02
9.776090130606803763e-01 2.115362332211177254e-01 9.538628848349323119e-02
9.776090130606803763e-01 2.115362332211177254e-01 9.538628848349323119e-02
1.265083402976176163e+00 2.945455069398835168e-01 1.173685048199415021e-01
1.145861884156494925e+00 2.049127941732227787e-01 1.130047124512469636e-01
1.145861884156494925e+00 2.049127941732227787e-01 1.130047124512469636e-01
1.145861884156494925e+00 2.049127941732227787e-01 1.130047124512469636e-01
1.145861884156494925e+00 2.049127941732227787e-01 1.130047124512469636e-01
1.145861884156494925e+00 2.049127941732227787e-01 1.130047124512469636e-01
1.467022572727277652e+00 2.257009918675678684e-01 9.503219935717203970e-02
1.467022572727277652e+00 2.257009918675678684e-01 9.503219935717203970e-02
1.467022572727277652e+00 2.257009918675678684e-01 9.503219935717203970e-02
1.467022572727277652e+00 2.257009918675678684e-01 9.503219935717203970e-02
1.544237215091395887e+00 2.476273931283344831e-01 7.643732878296261024e-02
1.156039982897204110e+00 3.430636572809060425e-01 1.270700431282811849e-01
1.156039982897204110e+00 3.430636572809060425e-01 1.270700431282811849e-01
1.156039982897204110e+00 3.430636572809060425e-01 1.270700431282811849e-01
8.720189081579705626e-01 1.632588400676653062e-01 5.706176675947992327e-02
8.720189081579705626e-01 1.632588400676653062e-01 5.706176675947992327e-02
8.720189081579705626e-01 1.632588400676653062e-01 5.706176675947992327e-02
8.720189081579705626e-01 1.632588400676653062e-01 5.706176675947992327e-02
8.745932726218497155e-01 3.844236400635555606e-01 1.421183615698800307e-01
8.745932726218497155e-01 3.844236400635555606e-01 1.421183615698800307e-01
8.745932726218497155e-01 3.844236400635555606e-01 1.421183615698800307e-01
8.745932726218497155e-01 3.844236400635555606e-01 1.421183615698800307e-01
1.231926669041982780e+00 1.675230643355813676e-01 1.077132085871953804e-01
1.231926669041982780e+00 1.675230643355813676e-01 1.077132085871953804e-01
1.193170027712389336e+00 3.951116232502410730e-01 1.099430346071276487e-01
1.193170027712389336e+00 3.951116232502410730e-01 1.099430346071276487e-01
1.193170027712389336e+00 3.951116232502410730e-01 1.099430346071276487e-01
1.372711375419177537e+00 2.366006850873526024e-01 1.081383724343753933e-01
1.372711375419177537e+00 2.366006850873526024e-01 1.081383724343753933e-01
1.372711375419177537e+00 2.366006850873526024e-01 1.081383724343753933e-01
1.216607887827416690e+00 2.884431931512149161e-02 5.824972585483265131e-02
1.182042214638330035e+00 4.714291407012317081e-01 8.680148297724124551e-02
1.182042214638330035e+00 4.714291407012317081e-01 8.680148297724124551e-02
1.463535480336042083e+00 1.624987931422262610e-01 1.008170025195424396e-01
1.328387902203950421e+00 2.801397374444438149e-01 1.096002093728298266e-01
1.069071163205208119e+00 3.353659724209469561e-01 1.355843021708327267e-01
1.153494031318309965e+00 3.267528733688794818e-01 1.287584702565146844e-01
1.088419309684258707e+00 3.490066851795139424e-01 1.342895854620878293e-01
6.623476910227465986e-01 6.141239539964740146e-01 1.460477819998896032e-01
6.623476910227465986e-01 6.141239539964740146e-01 1.460477819998896032e-01
6.623476910227465986e-01 6.141239539964740146e-01 1.460477819998896032e-01
5.582576087622830308e-01 7.597382547436077882e-01 1.115573703310838161e-01
5.861989759842289871e-01 3.900806574326826648e-01 1.002738370593821704e-01
5.861989759842289871e-01 3.900806574326826648e-01 1.002738370593821704e-01
3.101856241975651240e-01 3.264387601833974584e-01 2.449206085623374662e-02
3.957611150419316770e-01 1.223130981651052440e-01 3.905522997758247798e-03
3.957611150419316770e-01 1.223130981651052440e-01 3.905522997758247798e-03
5.203134055236237066e-01 1.766109403229097763e-01 1.552385646453604932e-02
5.203134055236237066e-01 1.766109403229097763e-01 1.552385646453604932e-02
5.203134055236237066e-01 1.766109403229097763e-01 1.552385646453604932e-02
6.590980545667894930e-01 1.827756782903211252e-01 3.132813568840504131e-02
6.590980545667894930e-01 1.827756782903211252e-01 3.132813568840504131e-02
9.521111429582229668e-01 -5.163992033756087396e-02 1.140034947352987910e-02
9.521111429582229668e-01 -5.163992033756087396e-02 1.140034947352987910e-02
1.286320695623448973e+00 -5.388365120380369383e-02 3.984302657551336280e-02
1.204667853756640650e+00 2.953971405571598902e-02 5.695451461625157530e-02
1.204667853756640650e+00 2.953971405571598902e-02 5.695451461625157530e-02
1.307767097294557646e+00 9.678958493672826235e-02 9.195271625293756357e-02
1.699838703306431054e+00 7.215910510807957423e-03 7.638261330347873024e-02
1.699838703306431054e+00 7.215910510807957423e-03 7.638261330347873024e-02
1.699838703306431054e+00 7.215910510807957423e-03 7.638261330347873024e-02
1.699838703306431054e+00 7.215910510807957423e-03 7.638261330347873024e-02
1.699838703306431054e+00 7.215910510807957423e-03 7.638261330347873024e-02
1.534216878404051743e+00 1.610887885058656654e-01 9.248066130060234036e-02
1.534216878404051743e+00 1.610887885058656654e-01 9.248066130060234036e-02
1.399390009657931699e+00 2.590004700470693311e-01 1.011022673997478971e-01
1.610082435225191455e+00 2.068532709324348295e-01 7.310291330625369455e-02
1.635989611334863536e+00 -6.192279863749949875e-02 6.641997223365204983e-02
1.891729294717830356e+00 2.369098168330635579e-01 2.282870464857107706e-02
1.897584740554985050e+00 -4.564142372325186159e-02 5.980331901098577541e-02
1.744521271683347585e+00 -1.356248054946657816e-02 7.228426696655623762e-02
1.748411032590843739e+00 2.120011932452567360e-01 4.742429785124913783e-02
1.748411032590843739e+00 2.120011932452567360e-01 4.742429785124913783e-02
1.748411032590843739e+00 2.120011932452567360e-01 4.742429785124913783e-02
1.932393065284889744e+00 2.150811178169417248e-01 2.186380740950555693e-02
2.060978145218947954e+00 4.160946089329908837e-02 3.299678102596664830e-02
2.060978145218947954e+00 4.160946089329908837e-02 3.299678102596664830e-02
2.060978145218947954e+00 4.160946089329908837e-02 3.299678102596664830e-02
2.498681975180834680e+00 -1.963360034516967723e-01 1.631452468666982208e-02
2.505257753506700436e+00 -3.949232941531454211e-01 1.973095585525332096e-02
2.505257753506700436e+00 -3.949232941531454211e-01 1.973095585525332096e-02
2.583311142266286886e+00 -3.104984021811704187e-01 1.640244843919148876e-02
2.417526417944754868e+00 -1.513733840110381701e-02 9.256309861415117080e-03
