2.489132485845457765e-01 1.481402749648903505e-01 1.580664423004021638e-03
5.550437382357930050e-01 1.361050216696152171e-01 9.288547771659995747e-03
5.985594027740334111e-01 4.047261788349285627e-01 7.249270507699441535e-02
5.985594027740334111e-01 4.047261788349285627e-01 7.249270507699441535e-02
5.985594027740334111e-01 4.047261788349285627e-01 7.249270507699441535e-02
5.831533034979695662e-01 8.297177529410149077e-01 5.073141735787545237e-02
5.831533034979695662e-01 8.297177529410149077e-01 5.073141735787545237e-02
6.468014500471530592e-01 6.291136605929217307e-01 9.497436691119789942e-02
9.302418101261697991e-01 3.351927424297087010e-01 9.642281006493493012e-02
8.440950862336125127e-01 4.124283979737721206e-01 1.014722251974766593e-01
7.751698259801259594e-01 5.386899994988855189e-01 1.005126178305206924e-01
7.751698259801259594e-01 5.386899994988855189e-01 1.005126178305206924e-01
8.467588314139855576e-01 2.550551468165282443e-01 6.661925754679991207e-02
7.300677013399466952e-01 5.965087737751906261e-01 9.484075063001908001e-02
7.300677013399466952e-01 5.965087737751906261e-01 9.484075063001908001e-02
7.300677013399466952e-01 5.965087737751906261e-01 9.484075063001908001e-02
5.078772261728292658e-01 8.020107059248953174e-01 6.749199266838586120e-02
5.078772261728292658e-01 8.020107059248953174e-01 6.749199266838586120e-02
5.523154902960368817e-01 5.460288346685866490e-01 9.613110706557140284e-02
5.523154902960368817e-01 5.460288346685866490e-01 9.613110706557140284e-02
1.375282497837489792e+00 3.843253463821465488e-01 5.994937151693019439e-02
1.445353714811698831e+00 5.326651557921886493e-01 1.832899411614360291e-02
1.445353714811698831e+00 5.326651557921886493e-01 1.832899411614360291e-02
1.445353714811698831e+00 5.326651557921886493e-01 1.832899411614360291e-02
1.924943621155270401e+00 4.009265396091515887e-02 4.873439446587370105e-02
1.924943621155270401e+00 4.009265396091515887e-02 4.873439446587370105e-02
1.924943621155270401e+00 4.009265396091515887e-02 4.873439446587370105e-02
1.924943621155270401e+00 4.009265396091515887e-02 4.873439446587370105e-02
1.983118586504380998e+00 1.908824031414125821e-01 2.014748990340060539e-02
1.885088893674692567e+00 2.734925923382611757e-01 1.771367378558547784e-02
1.402471951720462018e+00 -6.930560794786805312e-02 4.360959671674183302e-02
1.402471951720462018e+00 -6.930560794786805312e-02 4.360959671674183302e-02
1.402471951720462018e+00 -6.930560794786805312e-02 4.360959671674183302e-02
1.546598354338462489e+00 3.101443789429295106e-02 7.458076238677945058e-02
1.593512856708050762e+00 -1.121680862564437831e-01 4.943497479536316380e-02
1.635112546426401137e+00 2.533726868251312547e-01 5.090823355914709386e-02
1.635112546426401137e+00 2.533726868251312547e-01 5.090823355914709386e-02
1.635112546426401137e+00 2.533726868251312547e-01 5.090823355914709386e-02
1.109076665851901566e+00 5.121627115155359400e-01 6.767217571495384720e-02
1.109076665851901566e+00 5.121627115155359400e-01 6.767217571495384720e-02
1.109076665851901566e+00 5.121627115155359400e-01 6.767217571495384720e-02
1.109076665851901566e+00 5.121627115155359400e-01 6.767217571495384720e-02
8.434004233493532787e-01 3.900585336897658961e-01 9.872477335679426258e-02
5.155125389230326149e-01 3.505344232601863008e-01 4.455540479189462610e-02
2.504691556767753569e-01 7.425397584130362105e-01 8.623636154673038068e-02
6.075086311141915107e-01 1.014042380342832672e+00 1.128506528711823581e-02
6.075086311141915107e-01 1.014042380342832672e+00 1.128506528711823581e-02
7.920679018840249830e-01 8.525199087857975311e-01 2.213485881296615304e-02
4.085244485704565554e-01 1.063439514608524483e+00 1.650029875618551356e-02
4.085244485704565554e-01 1.063439514608524483e+00 1.650029875618551356e-02
6.491731211118326739e-01 1.036999381610288262e+00 7.266975356559388956e-03
6.491731211118326739e-01 1.036999381610288262e+00 7.266975356559388956e-03
6.132858755500345538e-01 1.031134613123603216e+00 9.240738249446319580e-03
6.132858755500345538e-01 1.031134613123603216e+00 9.240738249446319580e-03
2.402556734729308086e-01 6.381651433977741927e-01 7.433654690178374824e-02
8.402208885580482178e-01 4.812899814547884070e-01 1.028978145126131505e-01
1.285048333510738994e+00 4.292739559843137265e-01 6.255357045310985797e-02
1.161871095078357730e+00 8.123512099136964704e-02 5.773950989606713852e-02
1.161871095078357730e+00 8.123512099136964704e-02 5.773950989606713852e-02
1.161871095078357730e+00 8.123512099136964704e-02 5.773950989606713852e-02
1.014738778355639193e+00 4.362563087500827552e-01 9.736555024716782303e-02
1.014738778355639193e+00 4.362563087500827552e-01 9.736555024716782303e-02
1.014738778355639193e+00 4.362563087500827552e-01 9.736555024716782303e-02
1.014738778355639193e+00 4.362563087500827552e-01 9.736555024716782303e-02
1.041296875746753781e+00 3.252237193233226131e-01 1.002325780626805579e-01
1.041296875746753781e+00 3.252237193233226131e-01 1.002325780626805579e-01
1.454763201114167348e+00 5.864710021267843798e-02 7.672742054671402578e-02
1.454763201114167348e+00 5.864710021267843798e-02 7.672742054671402578e-02
9.550700641484444198e-01 6.245023543535419552e-01 5.891023145704449293e-02
7.026631627829954541e-01 4.463353359753337579e-01 9.574250662004736567e-02
7.373487826035520776e-01 5.560517210810056454e-01 1.002956871002149419e-01
4.246481895103444981e-01 2.625023463769349807e-01 1.611500121340856545e-02
1.208713259224428738e+00 2.284265111065459375e-01 9.416765001749784203e-02
1.208713259224428738e+00 2.284265111065459375e-01 9.416765001749784203e-02
1.208713259224428738e+00 2.284265111065459375e-01 9.416765001749784203e-02
1.172255244201624524e+00 4.839631788738416596e-01 6.560188788476932487e-02
1.172255244201624524e+00 4.839631788738416596e-01 6.560188788476932487e-02
8.878042011863329641e-01 3.468638658563449884e-01 9.509298451527026241e-02
8.878042011863329641e-01 3.468638658563449884e-01 9.509298451527026241e-02
8.599328974548579030e-01 5.462073079502792750e-01 9.288988852139293262e-02
1.151306244874659601e+00 3.547972964379644267e-01 9.587965205024887028e-02
1.151306244874659601e+00 3.547972964379644267e-01 9.587965205024887028e-02
1.151306244874659601e+00 3.547972964379644267e-01 9.587965205024887028e-02
1.106510973769467610e+00 2.794922426611625710e-01 9.746504110349801797e-02
1.106510973769467610e+00 2.794922426611625710e-01 9.746504110349801797e-02
1.106510973769467610e+00 2.794922426611625710e-01 9.746504110349801797e-02
3.755552520420316620e-01 5.283531563103640583e-01 7.033114385238786737e-02
6.001365306624064644e-01 7.743626440664405086e-01 6.439818460281786228e-02
6.244364066086185439e-01 6.479018012369932578e-01 9.318604065018890048e-02
8.064186878871837383e-01 3.470580287208802628e-01 8.653840391121279951e-02
8.064186878871837383e-01 3.470580287208802628e-01 8.653840391121279951e-02
9.482293343665161300e-01 5.118082324219261903e-01 9.051194420410837993e-02
7.242853076652168154e-01 2.245908935895602476e-01 4.040164331636624667e-02
5.487258955659172210e-01 3.691963874763465880e-01 5.465060615021462981e-02
6.194674346556872102e-01 3.332065885284345441e-01 5.532328980609320379e-02
9.922755631539066368e-01 4.754997390382210143e-01 9.300110208663865674e-02
1.461533726181283743e+00 2.596636689543632692e-01 7.475738086398099613e-02
1.348465123783701980e+00 8.532610474814589230e-02 7.667189082641248654e-02
1.257414813165685707e+00 2.061075566803369230e-01 9.247966864575071777e-02
1.257414813165685707e+00 2.061075566803369230e-01 9.247966864575071777e-02
