2.489132485845457765e-01 1.481402749648903505e-01 2.151644340366158301e-03
-7.350921262177356752e-02 4.319007515342248582e-01 8.872426066205243642e-03
3.561774342245559999e-01 4.941883551812986664e-01 9.996812815455086154e-02
8.681554702017917347e-01 5.594422370092662078e-01 1.300728801762796871e-01
8.866046567437161352e-01 3.654474622111290039e-01 1.489278813343482277e-01
7.649547685217005233e-01 5.922619209546537977e-01 1.401736931885156634e-01
7.649547685217005233e-01 5.922619209546537977e-01 1.401736931885156634e-01
7.649547685217005233e-01 5.922619209546537977e-01 1.401736931885156634e-01
7.649547685217005233e-01 5.922619209546537977e-01 1.401736931885156634e-01
7.649547685217005233e-01 5.922619209546537977e-01 1.401736931885156634e-01
7.649547685217005233e-01 5.922619209546537977e-01 1.401736931885156634e-01
7.649547685217005233e-01 5.922619209546537977e-01 1.401736931885156634e-01
7.649547685217005233e-01 5.922619209546537977e-01 1.401736931885156634e-01
7.649547685217005233e-01 5.922619209546537977e-01 1.401736931885156634e-01
1.066852760975338210e+00 2.624873125722962386e-01 1.345752375107535093e-01
1.066852760975338210e+00 2.624873125722962386e-01 1.345752375107535093e-01
1.013893412534831118e+00 2.008168113535838684e-01 1.071545933044834864e-01
9.511491708623320829e-01 1.587127820335572093e-01 7.729817162456018020e-02
1.079076673525766417e+00 2.786627541489631321e-01 1.384175360273923738e-01
1.079076673525766417e+00 2.786627541489631321e-01 1.384175360273923738e-01
1.259466078509740239e+00 8.183627146682870279e-02 9.269284207517224095e-02
1.598061856487463572e+00 1.603303953834984696e-01 8.473233183965132864e-02
1.598061856487463572e+00 1.603303953834984696e-01 8.473233183965132864e-02
4.770965270189417851e-01 3.463108918158017691e-01 6.168632244897833544e-02
4.770965270189417851e-01 3.463108918158017691e-01 6.168632244897833544e-02
4.770965270189417851e-01 3.463108918158017691e-01 6.168632244897833544e-02
4.852991093539090195e-01 4.030589040101242304e-01 8.947084012252104479e-02
4.852991093539090195e-01 4.030589040101242304e-01 8.947084012252104479e-02
4.842956297807795574e-01 5.121894356194172104e-01 1.387325739836201000e-01
4.842956297807795574e-01 5.121894356194172104e-01 1.387325739836201000e-01
4.842956297807795574e-01 5.121894356194172104e-01 1.387325739836201000e-01
7.194572262363210235e-01 5.249361960560670060e-01 1.613098915306820924e-01
6.657658901689315067e-01 7.634424917150368639e-01 8.622643314295805328e-02
6.657658901689315067e-01 7.634424917150368639e-01 8.622643314295805328e-02
6.657658901689315067e-01 7.634424917150368639e-01 8.622643314295805328e-02
6.657658901689315067e-01 7.634424917150368639e-01 8.622643314295805328e-02
6.657658901689315067e-01 7.634424917150368639e-01 8.622643314295805328e-02
6.657658901689315067e-01 7.634424917150368639e-01 8.622643314295805328e-02
4.866569263885309193e-01 6.493656936584806250e-01 1.601791764393384054e-01
4.866569263885309193e-01 6.493656936584806250e-01 1.601791764393384054e-01
5.637793217458918482e-01 5.766180053865699318e-01 1.626466789544346037e-01
8.489223498525654277e-01 6.467300180938090337e-01 9.611937195153030800e-02
7.438660355201098806e-01 5.628908234446537984e-01 1.528814641108943440e-01
7.438660355201098806e-01 5.628908234446537984e-01 1.528814641108943440e-01
7.438660355201098806e-01 5.628908234446537984e-01 1.528814641108943440e-01
8.280239944389593543e-01 7.388323937024893207e-01 5.964309279221193666e-02
8.280239944389593543e-01 7.388323937024893207e-01 5.964309279221193666e-02
1.110179854151712053e+00 3.353261942212040769e-01 1.402098863719463961e-01
9.619775716092602291e-01 3.020115636554173144e-01 1.381030460070979127e-01
9.619775716092602291e-01 3.020115636554173144e-01 1.381030460070979127e-01
8.998402469318886876e-01 4.223949041261515491e-01 1.551455572227527224e-01
6.481565710162812133e-01 7.073543400720629926e-01 1.175259920159400229e-01
6.705664986338838451e-01 1.031743241522762977e+00 7.864659305930627592e-03
7.455239772221472494e-01 1.049895672117396872e+00 3.858330937056076056e-03
2.779322310109758054e-01 8.438936912135812651e-01 1.288301714423776556e-01
5.492346356820829723e-01 1.838242944510514176e-01 2.143439690932154654e-02
8.449527913500618492e-01 1.711891732172401426e-01 6.259655188296829598e-02
9.812289368232686160e-01 4.953232558785973794e-01 1.279372403534212721e-01
1.067114063621822595e+00 3.182427222829668501e-01 1.435515495082485549e-01
1.067114063621822595e+00 3.182427222829668501e-01 1.435515495082485549e-01
1.856810181033979879e+00 -2.964996649685194829e-01 3.134512567625171581e-02
1.856810181033979879e+00 -2.964996649685194829e-01 3.134512567625171581e-02
1.114993297721855736e+00 1.258823484787582880e-01 9.113494339577922487e-02
8.140077708087907205e-01 1.992041590947908336e-01 6.862505112427975951e-02
8.140077708087907205e-01 1.992041590947908336e-01 6.862505112427975951e-02
8.685803720177796006e-01 2.492133972093993899e-01 1.028389747783802904e-01
7.539313683565321833e-01 2.863669697381499568e-01 9.646574332183890932e-02
7.539313683565321833e-01 2.863669697381499568e-01 9.646574332183890932e-02
9.929544643945421578e-01 3.575423433484846147e-01 1.490654533272535165e-01
9.929544643945421578e-01 3.575423433484846147e-01 1.490654533272535165e-01
1.017859928952682180e+00 3.832873485354242327e-01 1.470606463281831366e-01
7.189042944054855333e-01 4.687065577195840826e-01 1.587091555452649072e-01
7.189042944054855333e-01 4.687065577195840826e-01 1.587091555452649072e-01
6.981969361431340504e-01 6.636198651014393324e-01 1.258156379991256513e-01
1.063439233579917431e+00 4.687902233441648692e-01 1.180234028362672632e-01
1.235284470974702620e+00 5.659460456684015650e-01 4.014922031040189104e-02
1.235284470974702620e+00 5.659460456684015650e-01 4.014922031040189104e-02
1.235284470974702620e+00 5.659460456684015650e-01 4.014922031040189104e-02
7.062298405181621774e-01 5.395746538625830757e-01 1.609148946116052692e-01
7.062298405181621774e-01 5.395746538625830757e-01 1.609148946116052692e-01
5.274926811121212200e-01 5.527443479504742241e-01 1.574769741584942095e-01
5.274926811121212200e-01 5.527443479504742241e-01 1.574769741584942095e-01
7.307778364559184281e-01 4.270429260236121571e-01 1.506403510708410887e-01
7.307778364559184281e-01 4.270429260236121571e-01 1.506403510708410887e-01
3.262449086244837426e-01 9.254855163372606164e-01 8.455078351339333220e-02
5.522157832026464153e-01 8.417288648475951263e-01 7.559845911383804296e-02
5.522157832026464153e-01 8.417288648475951263e-01 7.559845911383804296e-02
4.868121852953877227e-01 9.135105217643608722e-01 5.781330986342304162e-02
4.868121852953877227e-01 9.135105217643608722e-01 5.781330986342304162e-02
6.104532751339386554e-01 8.662511551194778114e-01 5.292533621393903653e-02
5.013366182470594401e-01 8.149289591883414063e-01 9.988079524878838711e-02
4.104971101091203778e-03 9.770865452869254009e-01 1.113031718417047955e-01
4.311099604705442845e-01 9.098966448217024050e-01 7.042882850289053365e-02
4.311099604705442845e-01 9.098966448217024050e-01 7.042882850289053365e-02
7.361849166254782473e-01 4.662345972574123421e-01 1.591928668426381699e-01
7.361849166254782473e-01 4.662345972574123421e-01 1.591928668426381699e-01
7.361849166254782473e-01 4.662345972574123421e-01 1.591928668426381699e-01
4.100195824514689669e-01 7.368980290763115226e-01 1.483236308470500808e-01
4.100195824514689669e-01 7.368980290763115226e-01 1.483236308470500808e-01
4.100195824514689669e-01 7.368980290763115226e-01 1.483236308470500808e-01
