2.489132485845457765e-01 1.481402749648903505e-01 3.335093808471456360e-03
2.489132485845457765e-01 1.481402749648903505e-01 3.335093808471456360e-03
1.641077417743263545e-01 7.415207812828791822e-02 4.176991168963631947e-04
1.641077417743263545e-01 7.415207812828791822e-02 4.176991168963631947e-04
1.641077417743263545e-01 7.415207812828791822e-02 4.176991168963631947e-04
1.641077417743263545e-01 7.415207812828791822e-02 4.176991168963631947e-04
3.319015748549328237e-02 6.474310932637949989e-01 2.254658498159018143e-01
-3.204597600278953351e-01 1.023461705899710861e+00 1.202047790267110061e-01
-3.204597600278953351e-01 1.023461705899710861e+00 1.202047790267110061e-01
-3.471423660571563152e-01 1.133424530010073594e+00 5.589629184051541494e-02
-3.471423660571563152e-01 1.133424530010073594e+00 5.589629184051541494e-02
-3.409011840902327339e-01 1.190934115653660808e+00 3.070181466484800392e-02
-4.031375238031161823e-01 1.246986720363994161e+00 1.932829966715212192e-02
-4.031375238031161823e-01 1.246986720363994161e+00 1.932829966715212192e-02
-4.674469271766339973e-01 9.671842007262398955e-01 1.503176623360248931e-01
-2.570202123969440589e-01 8.281998300429017634e-01 2.011978314419527181e-01
-2.570202123969440589e-01 8.281998300429017634e-01 2.011978314419527181e-01
-2.570202123969440589e-01 8.281998300429017634e-01 2.011978314419527181e-01
-1.854930145514251671e-01 7.988659021532804605e-01 2.155329492015573556e-01
-4.598673478879472531e-02 7.943951787669073505e-01 2.379318309147356314e-01
-4.598673478879472531e-02 7.943951787669073505e-01 2.379318309147356314e-01
-4.598673478879472531e-02 7.943951787669073505e-01 2.379318309147356314e-01
-4.598673478879472531e-02 7.943951787669073505e-01 2.379318309147356314e-01
-4.598673478879472531e-02 7.943951787669073505e-01 2.379318309147356314e-01
-4.598673478879472531e-02 7.943951787669073505e-01 2.379318309147356314e-01
-4.598673478879472531e-02 7.943951787669073505e-01 2.379318309147356314e-01
-4.598673478879472531e-02 7.943951787669073505e-01 2.379318309147356314e-01
2.442350929068151100e-01 1.147744228458901228e+00 3.946200163185403960e-03
5.672534843439611674e-01 1.162428790569227433e+00 2.855067315549059408e-04
1.053270667429723417e+00 7.173701327796975225e-01 2.116986746623313737e-02
1.111057390661410738e+00 7.572768928411822698e-01 8.587670132355175803e-03
1.111057390661410738e+00 7.572768928411822698e-01 8.587670132355175803e-03
1.111057390661410738e+00 7.572768928411822698e-01 8.587670132355175803e-03
8.587111096881019368e-01 6.330146093140862629e-01 1.177964556573406485e-01
8.587111096881019368e-01 6.330146093140862629e-01 1.177964556573406485e-01
8.587111096881019368e-01 6.330146093140862629e-01 1.177964556573406485e-01
8.587111096881019368e-01 6.330146093140862629e-01 1.177964556573406485e-01
8.587111096881019368e-01 6.330146093140862629e-01 1.177964556573406485e-01
6.795887792925936477e-02 6.443961183885579258e-01 2.363609541149394588e-01
6.795887792925936477e-02 6.443961183885579258e-01 2.363609541149394588e-01
6.795887792925936477e-02 6.443961183885579258e-01 2.363609541149394588e-01
5.478844372898644677e-02 6.924427145383591498e-01 2.541937628101220703e-01
5.478844372898644677e-02 6.924427145383591498e-01 2.541937628101220703e-01
3.780879721012381234e-01 4.077449023860674759e-01 1.462941994946442281e-01
1.539362346050406893e-01 4.903727251378829921e-01 1.380395996240276757e-01
1.539362346050406893e-01 4.903727251378829921e-01 1.380395996240276757e-01
1.539362346050406893e-01 4.903727251378829921e-01 1.380395996240276757e-01
1.256712627220229472e-01 5.616637350406210594e-01 1.941428881712014276e-01
1.256712627220229472e-01 5.616637350406210594e-01 1.941428881712014276e-01
-1.500571290936633106e-01 5.940228798297428892e-01 1.065032921005548971e-01
-1.500571290936633106e-01 5.940228798297428892e-01 1.065032921005548971e-01
-1.500571290936633106e-01 5.940228798297428892e-01 1.065032921005548971e-01
-1.615607069244076599e-01 8.617833779628520929e-01 2.086118989764303711e-01
-1.615607069244076599e-01 8.617833779628520929e-01 2.086118989764303711e-01
-3.709992001898437253e-01 1.006457806844768710e+00 1.353683173381932947e-01
-3.709992001898437253e-01 1.006457806844768710e+00 1.353683173381932947e-01
-3.709992001898437253e-01 1.006457806844768710e+00 1.353683173381932947e-01
-3.709992001898437253e-01 1.006457806844768710e+00 1.353683173381932947e-01
-3.709992001898437253e-01 1.006457806844768710e+00 1.353683173381932947e-01
-2.455414147696368399e-01 1.129218720936310705e+00 4.517550170064148218e-02
-2.455414147696368399e-01 1.129218720936310705e+00 4.517550170064148218e-02
8.614418022847972201e-02 1.032112122767849138e+00 4.411080692805977033e-02
6.171581866716701059e-01 4.817765153471867956e-01 2.739740646496959253e-01
6.171581866716701059e-01 4.817765153471867956e-01 2.739740646496959253e-01
6.171581866716701059e-01 4.817765153471867956e-01 2.739740646496959253e-01
3.442666696057718467e-01 5.515517271424157375e-01 2.653648840070471082e-01
3.442666696057718467e-01 5.515517271424157375e-01 2.653648840070471082e-01
3.442666696057718467e-01 5.515517271424157375e-01 2.653648840070471082e-01
2.406132905616021611e-01 8.276000636841580604e-01 1.663025068784644567e-01
2.406132905616021611e-01 8.276000636841580604e-01 1.663025068784644567e-01
2.406132905616021611e-01 8.276000636841580604e-01 1.663025068784644567e-01
2.406132905616021611e-01 8.276000636841580604e-01 1.663025068784644567e-01
2.406132905616021611e-01 8.276000636841580604e-01 1.663025068784644567e-01
-1.656549137706990471e-01 8.845542869674255515e-01 1.975918262224803101e-01
-1.711581195127698796e-01 9.795186630486478752e-01 1.309331746011512532e-01
-1.009777356129993031e-01 9.263016078999204428e-01 1.615068569762367900e-01
4.574843791084912681e-01 7.593708086369606036e-01 1.580764191818869735e-01
4.574843791084912681e-01 7.593708086369606036e-01 1.580764191818869735e-01
3.127930770400602078e-01 5.016153845125272959e-01 2.149199648734584911e-01
4.044471719200891657e-01 8.144321738167724645e-01 1.231222125060847938e-01
4.044471719200891657e-01 8.144321738167724645e-01 1.231222125060847938e-01
4.076866278247496256e-01 5.145263836035891547e-01 2.577919085560080870e-01
4.076866278247496256e-01 5.145263836035891547e-01 2.577919085560080870e-01
4.076866278247496256e-01 5.145263836035891547e-01 2.577919085560080870e-01
9.513775898918616081e-01 5.584646894385526528e-01 1.432502092784044556e-01
5.607907658159607678e-01 7.587663308598826539e-01 1.193423912935248771e-01
5.607907658159607678e-01 7.587663308598826539e-01 1.193423912935248771e-01
5.607907658159607678e-01 7.587663308598826539e-01 1.193423912935248771e-01
6.327111615964595703e-01 5.555309870069929934e-01 2.680475109884032925e-01
3.314860780846073940e-01 6.266008262876959778e-01 2.850615066399476705e-01
1.157725257745593650e+00 9.115051296213050325e-02 8.006680324568671292e-02
1.114906798616464245e+00 5.562292869949767571e-01 8.261523383067813364e-02
1.114906798616464245e+00 5.562292869949767571e-01 8.261523383067813364e-02
1.133263715022085449e+00 4.373577990385847380e-01 1.572959080556113609e-01
1.339530680494988690e+00 4.402260035789685721e-01 7.993024278728728949e-02
1.257310842568856168e+00 1.402829951182746338e-01 1.225193162453621920e-01
1.297518632165744146e+00 1.999786115311458223e-01 1.510888221702407497e-01
1.297518632165744146e+00 1.999786115311458223e-01 1.510888221702407497e-01
1.369077671659158169e+00 4.169048691964652997e-01 8.312155821541915290e-02
1.202314329520572045e+00 1.932243857918060914e-01 1.503379693645935378e-01
