2.489132485845457765e-01 1.481402749648903505e-01 1.472799186651110913e-03
2.489132485845457765e-01 1.481402749648903505e-01 1.472799186651110913e-03
1.280238075202104198e-01 2.488459176989523680e-01 1.906997735091061708e-03
7.586813558881731756e-02 4.017172654208843730e-01 6.093486546686492471e-03
1.029665440621440609e-01 5.168827276789837999e-01 1.586438261665569505e-02
3.266068264638264385e-01 4.542473988553867859e-01 2.571255155092602024e-02
3.266068264638264385e-01 4.542473988553867859e-01 2.571255155092602024e-02
3.233167975466469390e-01 4.017540847940536120e-01 1.967982779743603083e-02
4.596700731235726645e-01 4.051550423766830389e-01 3.077064252693518381e-02
6.671345750947457187e-01 2.902708218471682367e-01 3.394686812596513226e-02
4.884775959136631318e-01 5.228135163713366618e-01 4.227084227927436350e-02
8.899512306002173023e-01 3.425085966925381920e-01 4.729933422405689647e-02
8.899512306002173023e-01 3.425085966925381920e-01 4.729933422405689647e-02
8.899512306002173023e-01 3.425085966925381920e-01 4.729933422405689647e-02
8.899512306002173023e-01 3.425085966925381920e-01 4.729933422405689647e-02
8.899512306002173023e-01 3.425085966925381920e-01 4.729933422405689647e-02
8.945255327863448347e-01 8.762842216736024259e-01 1.914844192076058799e-03
1.096481721059927805e+00 4.623546269393725150e-01 2.360335171001955168e-02
1.096481721059927805e+00 4.623546269393725150e-01 2.360335171001955168e-02
1.231039161755971056e+00 1.839531782839180507e-01 4.531799009300632036e-02
1.064683093686011439e+00 1.136512773426943124e-01 4.219017855176544068e-02
1.064683093686011439e+00 1.136512773426943124e-01 4.219017855176544068e-02
1.064683093686011439e+00 1.136512773426943124e-01 4.219017855176544068e-02
1.064683093686011439e+00 1.136512773426943124e-01 4.219017855176544068e-02
1.086591218682153581e+00 3.240172497286822328e-03 3.056552790821185153e-02
8.957781203002015413e-01 1.103032471506765338e-01 2.961472437433908256e-02
8.353737801672483920e-01 -3.746290008527691784e-03 1.192886826832511953e-02
9.297149923208958278e-01 1.722502093228844289e-01 3.986706022164376861e-02
1.092957962353961587e+00 4.592715689594119577e-01 2.427307059795464489e-02
1.284545400305853402e+00 3.506978869342661786e-01 2.312277565227162379e-02
1.083577847409052275e+00 -2.211534548853389959e-01 6.723379705554093262e-03
1.185709436325214083e+00 8.058133902693109807e-02 4.498322874069965449e-02
1.185709436325214083e+00 8.058133902693109807e-02 4.498322874069965449e-02
6.879116336993367220e-01 7.370719370092736478e-01 1.878502801352154375e-02
6.879116336993367220e-01 7.370719370092736478e-01 1.878502801352154375e-02
7.058409655953967743e-01 6.327577514224044242e-01 3.051758118946559101e-02
6.413229396067786636e-01 8.182393973499557660e-01 1.297740591440780210e-02
1.423724295662731620e-02 7.871247753437224937e-01 3.190186431522262084e-02
-7.405634785054122926e-02 6.459684420962352736e-01 1.594251604351544852e-02
3.836294072577676739e-01 5.521427567543011339e-01 3.886571404950282110e-02
2.811170783175864774e-01 2.748674037619971422e-01 6.602628944322583814e-03
2.811170783175864774e-01 2.748674037619971422e-01 6.602628944322583814e-03
5.881482797229002912e-01 4.802426860556188726e-02 4.999003082819326177e-03
7.691671034770057869e-01 5.203453283998091261e-02 1.334253365841850739e-02
7.691671034770057869e-01 5.203453283998091261e-02 1.334253365841850739e-02
8.351679411081203153e-01 -5.757187660869764190e-02 7.681224272716325602e-03
1.586264235069572148e+00 -2.351562370588730078e-01 3.393999642539083372e-02
1.615870668228144513e+00 -2.241057441098939784e-02 3.936049382574098587e-02
1.617869338877300667e+00 7.873244659457369343e-02 2.955017584741987183e-02
1.617869338877300667e+00 7.873244659457369343e-02 2.955017584741987183e-02
1.353895096396831477e+00 3.117365307171289790e-01 2.252853550003498448e-02
1.353895096396831477e+00 3.117365307171289790e-01 2.252853550003498448e-02
1.662417759250546467e+00 -4.965968803987080848e-02 3.854650454890070493e-02
1.784236251787947536e+00 -2.535812859032705591e-01 3.796978206531777256e-02
1.784236251787947536e+00 -2.535812859032705591e-01 3.796978206531777256e-02
1.784236251787947536e+00 -2.535812859032705591e-01 3.796978206531777256e-02
1.573109382423741209e+00 7.440953860262661257e-02 3.356656827215054317e-02
1.573109382423741209e+00 7.440953860262661257e-02 3.356656827215054317e-02
1.093215412736072034e+00 1.482970280764164261e-01 4.609805244985724221e-02
1.093215412736072034e+00 1.482970280764164261e-01 4.609805244985724221e-02
1.199256419928095507e+00 1.404162976324396517e-01 4.727595209978655705e-02
1.199256419928095507e+00 1.404162976324396517e-01 4.727595209978655705e-02
1.199256419928095507e+00 1.404162976324396517e-01 4.727595209978655705e-02
8.573739640370590109e-01 2.875408854535888015e-01 4.565059385263475072e-02
8.573739640370590109e-01 2.875408854535888015e-01 4.565059385263475072e-02
1.559394459159152424e-01 6.136616571762962824e-01 2.896852492988887667e-02
4.307810466507284164e-01 6.968328664679480644e-01 3.792056193234234068e-02
4.307810466507284164e-01 6.968328664679480644e-01 3.792056193234234068e-02
4.276498937843227210e-01 5.569490477626833913e-01 4.116302090300984207e-02
9.407530019987804248e-01 5.092433112227285896e-01 2.952419459480477154e-02
6.887545823042806603e-01 7.428344627559367863e-01 1.807540379440713413e-02
6.887545823042806603e-01 7.428344627559367863e-01 1.807540379440713413e-02
7.217884266540878224e-01 7.377091237997085438e-01 1.660553130176270140e-02
7.217884266540878224e-01 7.377091237997085438e-01 1.660553130176270140e-02
7.134998180080734942e-01 6.226586318439454315e-01 3.127477776143337135e-02
7.134998180080734942e-01 6.226586318439454315e-01 3.127477776143337135e-02
5.982617181342787527e-01 6.314883443692799192e-01 3.714369418001637474e-02
5.982617181342787527e-01 6.314883443692799192e-01 3.714369418001637474e-02
5.982617181342787527e-01 6.314883443692799192e-01 3.714369418001637474e-02
5.982617181342787527e-01 6.314883443692799192e-01 3.714369418001637474e-02
5.982617181342787527e-01 6.314883443692799192e-01 3.714369418001637474e-02
9.363416185961848104e-01 3.826087087254216312e-01 4.420096834391228080e-02
9.981799793054586534e-01 4.134737711803547766e-01 3.749801968349173592e-02
9.981799793054586534e-01 4.134737711803547766e-01 3.749801968349173592e-02
5.825447485902153222e-01 3.783315231702640835e-01 3.728440984861691038e-02
1.247428732500464044e+00 2.445952875569541440e-01 3.926520512495199067e-02
1.189486164020467474e+00 8.807049751305220942e-02 4.556530902032603081e-02
1.253477128982702249e+00 6.629652463253316030e-02 4.597125547010150193e-02
1.358759075091273694e+00 1.763868738105309752e-01 3.865162207038765757e-02
1.242201236480624305e+00 3.619482441297653397e-01 2.505440390470269410e-02
1.242201236480624305e+00 3.619482441297653397e-01 2.505440390470269410e-02
8.459143165941005460e-01 4.794818819900100726e-01 3.978916433505370887e-02
8.459143165941005460e-01 4.794818819900100726e-01 3.978916433505370887e-02
8.459143165941005460e-01 4.794818819900100726e-01 3.978916433505370887e-02
8.459143165941005460e-01 4.794818819900100726e-01 3.978916433505370887e-02
7.288741334164745567e-01 2.240911033773235750e-01 3.075982206395286647e-02
7.657161481099390432e-01 3.288348955830003306e-01 4.422154963417275486e-02
7.657161481099390432e-01 3.288348955830003306e-01 4.422154963417275486e-02
4.736348991305602829e-01 3.664996535393322263e-01 2.740017175855920251e-02
4.736348991305602829e-01 3.664996535393322263e-01 2.740017175855920251e-02
