2.489132485845457765e-01 1.481402749648903505e-01 5.951070580292287110e-02
3.862711877626346935e-01 -1.089203497907479390e-01 4.893906590260440476e-02
3.862711877626346935e-01 -1.089203497907479390e-01 4.893906590260440476e-02
9.288937208642862320e-01 -3.722117722190101952e-01 1.240813169422786549e-01
9.288937208642862320e-01 -3.722117722190101952e-01 1.240813169422786549e-01
9.288937208642862320e-01 -3.722117722190101952e-01 1.240813169422786549e-01
9.288937208642862320e-01 -3.722117722190101952e-01 1.240813169422786549e-01
9.493207385487992811e-01 -5.557025002696371896e-01 5.461567565584943967e-02
7.452282803931549182e-01 -4.019322376282597475e-01 1.297902337141075557e-01
7.108788429684285148e-01 -3.471939131772048270e-01 1.671925979500794024e-01
7.108788429684285148e-01 -3.471939131772048270e-01 1.671925979500794024e-01
6.562188842839975500e-01 -1.659236062027896197e-01 4.065606407106476250e-01
5.180509156946221383e-01 2.886582030568896617e-01 8.148439016817938807e-01
5.180509156946221383e-01 2.886582030568896617e-01 8.148439016817938807e-01
6.919784263891380904e-01 7.722822266258255741e-02 6.137226701265615647e-01
5.469077683835315007e-01 1.350581211008233251e-01 8.116360681858283410e-01
5.469077683835315007e-01 1.350581211008233251e-01 8.116360681858283410e-01
5.469077683835315007e-01 1.350581211008233251e-01 8.116360681858283410e-01
5.469077683835315007e-01 1.350581211008233251e-01 8.116360681858283410e-01
5.469077683835315007e-01 1.350581211008233251e-01 8.116360681858283410e-01
5.469077683835315007e-01 1.350581211008233251e-01 8.116360681858283410e-01
5.469077683835315007e-01 1.350581211008233251e-01 8.116360681858283410e-01
5.469077683835315007e-01 1.350581211008233251e-01 8.116360681858283410e-01
5.469077683835315007e-01 1.350581211008233251e-01 8.116360681858283410e-01
8.459207133687780544e-01 -2.507314851347393625e-01 2.544889313592252345e-01
8.459207133687780544e-01 -2.507314851347393625e-01 2.544889313592252345e-01
8.459207133687780544e-01 -2.507314851347393625e-01 2.544889313592252345e-01
7.759115884787622930e-01 -2.435477469228849445e-01 3.240259002494177420e-01
7.759115884787622930e-01 -2.435477469228849445e-01 3.240259002494177420e-01
7.759115884787622930e-01 -2.435477469228849445e-01 3.240259002494177420e-01
6.156438259546874736e-01 8.080215766147502698e-02 7.736860437229580167e-01
6.156438259546874736e-01 8.080215766147502698e-02 7.736860437229580167e-01
6.156438259546874736e-01 8.080215766147502698e-02 7.736860437229580167e-01
6.156438259546874736e-01 8.080215766147502698e-02 7.736860437229580167e-01
6.254937079776812237e-01 6.388682216376684320e-02 7.557092676415985144e-01
4.876134856245575300e-01 1.869926800584301996e-01 7.719235031003750525e-01
4.876134856245575300e-01 1.869926800584301996e-01 7.719235031003750525e-01
6.157792841033784548e-01 6.811720957583683456e-02 7.655699571022875904e-01
6.157792841033784548e-01 6.811720957583683456e-02 7.655699571022875904e-01
6.157792841033784548e-01 6.811720957583683456e-02 7.655699571022875904e-01
6.157792841033784548e-01 6.811720957583683456e-02 7.655699571022875904e-01
5.785838291339668871e-01 1.346455966741171018e-01 8.214074699639527521e-01
5.785838291339668871e-01 1.346455966741171018e-01 8.214074699639527521e-01
5.785838291339668871e-01 1.346455966741171018e-01 8.214074699639527521e-01
5.785838291339668871e-01 1.346455966741171018e-01 8.214074699639527521e-01
5.785838291339668871e-01 1.346455966741171018e-01 8.214074699639527521e-01
5.785838291339668871e-01 1.346455966741171018e-01 8.214074699639527521e-01
5.785838291339668871e-01 1.346455966741171018e-01 8.214074699639527521e-01
5.385904825853277123e-01 4.922780949260364969e-02 6.529572590266259358e-01
5.385904825853277123e-01 4.922780949260364969e-02 6.529572590266259358e-01
5.385904825853277123e-01 4.922780949260364969e-02 6.529572590266259358e-01
5.385904825853277123e-01 4.922780949260364969e-02 6.529572590266259358e-01
5.385904825853277123e-01 4.922780949260364969e-02 6.529572590266259358e-01
5.385904825853277123e-01 4.922780949260364969e-02 6.529572590266259358e-01
5.385904825853277123e-01 4.922780949260364969e-02 6.529572590266259358e-01
5.385904825853277123e-01 4.922780949260364969e-02 6.529572590266259358e-01
5.385904825853277123e-01 4.922780949260364969e-02 6.529572590266259358e-01
5.385904825853277123e-01 4.922780949260364969e-02 6.529572590266259358e-01
5.385904825853277123e-01 4.922780949260364969e-02 6.529572590266259358e-01
5.385904825853277123e-01 4.922780949260364969e-02 6.529572590266259358e-01
5.385904825853277123e-01 4.922780949260364969e-02 6.529572590266259358e-01
4.584934252418245704e-01 2.702922566904240598e-01 7.852280875020545281e-01
4.584934252418245704e-01 2.702922566904240598e-01 7.852280875020545281e-01
4.584934252418245704e-01 2.702922566904240598e-01 7.852280875020545281e-01
4.584934252418245704e-01 2.702922566904240598e-01 7.852280875020545281e-01
4.584934252418245704e-01 2.702922566904240598e-01 7.852280875020545281e-01
3.071216626149438356e-01 -5.101160087655320918e-02 2.333288398081079587e-02
3.459441292924934630e-01 1.355593053181824992e-01 2.174874596059106213e-01
4.609804237301858842e-01 3.330285874723344364e-01 7.877732563635974072e-01
4.559924915866443440e-01 3.426969946464566430e-01 7.789605572673033995e-01
4.559924915866443440e-01 3.426969946464566430e-01 7.789605572673033995e-01
4.559924915866443440e-01 3.426969946464566430e-01 7.789605572673033995e-01
2.968310992217543243e-01 3.703899270612457939e-01 3.777602660079540930e-01
5.378750636082749725e-01 1.549891568673625597e-01 8.220268729579026656e-01
5.378750636082749725e-01 1.549891568673625597e-01 8.220268729579026656e-01
5.378750636082749725e-01 1.549891568673625597e-01 8.220268729579026656e-01
5.585184369109518210e-01 2.238539019521571527e-01 8.247225171788559184e-01
5.585184369109518210e-01 2.238539019521571527e-01 8.247225171788559184e-01
5.585184369109518210e-01 2.238539019521571527e-01 8.247225171788559184e-01
5.585184369109518210e-01 2.238539019521571527e-01 8.247225171788559184e-01
5.585184369109518210e-01 2.238539019521571527e-01 8.247225171788559184e-01
5.585184369109518210e-01 2.238539019521571527e-01 8.247225171788559184e-01
5.585184369109518210e-01 2.238539019521571527e-01 8.247225171788559184e-01
5.585184369109518210e-01 2.238539019521571527e-01 8.247225171788559184e-01
5.585184369109518210e-01 2.238539019521571527e-01 8.247225171788559184e-01
6.363765615973725476e-01 1.470231588658413302e-01 7.225967429165520706e-01
3.807680099269732388e-01 1.302356221196789010e-01 3.094794609585849732e-01
3.807680099269732388e-01 1.302356221196789010e-01 3.094794609585849732e-01
3.807680099269732388e-01 1.302356221196789010e-01 3.094794609585849732e-01
3.807680099269732388e-01 1.302356221196789010e-01 3.094794609585849732e-01
3.807680099269732388e-01 1.302356221196789010e-01 3.094794609585849732e-01
3.807680099269732388e-01 1.302356221196789010e-01 3.094794609585849732e-01
3.807680099269732388e-01 1.302356221196789010e-01 3.094794609585849732e-01
4.210460760053771345e-01 3.081092622687192084e-01 7.209603358701102138e-01
4.210460760053771345e-01 3.081092622687192084e-01 7.209603358701102138e-01
4.210460760053771345e-01 3.081092622687192084e-01 7.209603358701102138e-01
8.376968955263047745e-01 2.791479189457567456e-01 4.122257743544867348e-02
8.376968955263047745e-01 2.791479189457567456e-01 4.122257743544867348e-02
6.377884078398595724e-01 2.873194697038967682e-01 4.900610417329848700e-01
5.813154369474393679e-01 6.326804521339524090e-02 7.542780082435405209e-01
