2.489132485845457765e-01 1.481402749648903505e-01 2.408608116796267552e-03
3.747862430904658204e-01 1.870305550157494168e-01 9.397323534867994474e-03
3.747862430904658204e-01 1.870305550157494168e-01 9.397323534867994474e-03
8.026138965153478688e-02 3.931804828237425165e-01 2.397355990060335423e-02
8.026138965153478688e-02 3.931804828237425165e-01 2.397355990060335423e-02
-1.019956532217705103e-01 5.143020636343749175e-01 3.499756914952090875e-02
-2.819765464353770623e-01 8.987585297090345815e-01 1.759609444625514219e-01
-2.957653072179201592e-01 8.701939166977111784e-01 1.637921206517606587e-01
-2.957653072179201592e-01 8.701939166977111784e-01 1.637921206517606587e-01
-2.957653072179201592e-01 8.701939166977111784e-01 1.637921206517606587e-01
9.482590723836026303e-02 9.972652878429824064e-01 1.148566978473635203e-01
9.482590723836026303e-02 9.972652878429824064e-01 1.148566978473635203e-01
-7.363724933087970048e-03 8.772514886774727128e-01 2.031683131240489548e-01
-7.363724933087970048e-03 8.772514886774727128e-01 2.031683131240489548e-01
-3.913414782691099214e-02 1.034684691392654843e+00 1.231315677515640167e-01
8.301685453489975053e-02 1.070077710586676112e+00 7.166757447027302663e-02
2.839959864867689920e-01 9.347266685044036683e-01 1.051496674084008015e-01
4.809811439894770557e-01 8.614588839143606513e-01 9.614780392012252375e-02
1.208695916177360830e-01 1.198019428475689097e+00 1.740666233790117909e-02
5.400707964628133351e-02 1.134004329316501414e+00 4.569734063272182234e-02
-3.092933281916294685e-01 1.066437909389899685e+00 1.508319158254469716e-01
-4.312491966907466834e-01 1.114757571058639263e+00 1.386213535467309965e-01
-4.312491966907466834e-01 1.114757571058639263e+00 1.386213535467309965e-01
-4.312491966907466834e-01 1.114757571058639263e+00 1.386213535467309965e-01
-6.189972083191165320e-01 9.971525168859431965e-01 1.191264808421162585e-01
-3.375252428138513228e-01 8.482688068118575675e-01 1.418592393940763252e-01
-6.751681185721742917e-01 1.202381051320043026e+00 1.137092422837252675e-01
-8.303451309464804364e-01 8.635488650146094791e-01 2.539132581351583040e-02
-8.303451309464804364e-01 8.635488650146094791e-01 2.539132581351583040e-02
-8.303451309464804364e-01 8.635488650146094791e-01 2.539132581351583040e-02
-5.429587461711171681e-01 7.559207276221278082e-01 4.066243315906699352e-02
-5.429587461711171681e-01 7.559207276221278082e-01 4.066243315906699352e-02
-2.328126149478325635e-01 9.374136823879775093e-01 1.870941141604516578e-01
1.064780783464726599e-01 7.435189898536658237e-01 2.141971168756888477e-01
1.064780783464726599e-01 7.435189898536658237e-01 2.141971168756888477e-01
1.064780783464726599e-01 7.435189898536658237e-01 2.141971168756888477e-01
1.440134711286963076e-01 8.299592749122768343e-01 2.062669131614605356e-01
-1.306678723603545145e-01 8.228627345924464098e-01 1.898442179118166317e-01
1.172476476512949173e-01 3.897133427781649395e-01 2.772577570074711423e-02
4.128573239523353200e-01 2.980588538460922088e-01 4.071069800748649409e-02
4.128573239523353200e-01 2.980588538460922088e-01 4.071069800748649409e-02
4.128573239523353200e-01 2.980588538460922088e-01 4.071069800748649409e-02
2.796826278690528467e-01 8.791550857585271883e-01 1.457914354230702425e-01
-3.822876575801542609e-02 8.226260348075795648e-01 2.067429507849263826e-01
-3.941685299164648937e-01 7.668994562830755424e-01 8.104134571286497613e-02
-3.410722892249990479e-01 9.986985557516778744e-01 1.720373317727678375e-01
-3.410722892249990479e-01 9.986985557516778744e-01 1.720373317727678375e-01
-3.410722892249990479e-01 9.986985557516778744e-01 1.720373317727678375e-01
-3.410722892249990479e-01 9.986985557516778744e-01 1.720373317727678375e-01
-2.974469174016985407e-01 7.282051948062273627e-01 8.889500605683524348e-02
-7.153554855130361823e-03 5.032190418767463758e-01 4.833579514711849878e-02
-7.153554855130361823e-03 5.032190418767463758e-01 4.833579514711849878e-02
-7.153554855130361823e-03 5.032190418767463758e-01 4.833579514711849878e-02
-7.153554855130361823e-03 5.032190418767463758e-01 4.833579514711849878e-02
-2.969966974064322876e-02 5.521942492475233610e-01 6.694408600643546314e-02
5.454511084650591479e-02 5.559529099549406217e-01 9.278674626650357249e-02
-2.138860197204210944e-01 8.779700397788230415e-01 1.858560974728808990e-01
2.044676665073436039e-01 6.408394592655028976e-01 1.954204340810607732e-01
5.266245074033177875e-01 9.199128250582361277e-01 5.136167691559129223e-02
5.266245074033177875e-01 9.199128250582361277e-01 5.136167691559129223e-02
6.570487405814259274e-01 1.947373927290909634e-01 3.904437124382757057e-02
6.271078558158730276e-01 6.401511990165610344e-01 1.918903222363332051e-01
6.271078558158730276e-01 6.401511990165610344e-01 1.918903222363332051e-01
3.744467888905904096e-01 6.416752971408373751e-01 2.221423123061728455e-01
4.494635819693753587e-01 7.132315202804996312e-01 2.019781535934207228e-01
6.306256741690101641e-01 7.182436521386297290e-01 1.450308299554861069e-01
6.306256741690101641e-01 7.182436521386297290e-01 1.450308299554861069e-01
1.017214687851938137e+00 5.647095012301802663e-01 1.094033252916592619e-01
1.017214687851938137e+00 5.647095012301802663e-01 1.094033252916592619e-01
1.272846989436231757e+00 3.634386387238651706e-01 1.206369950340999142e-01
1.419621192888511629e+00 1.349041976248556429e-01 1.034844791898892613e-01
1.419621192888511629e+00 1.349041976248556429e-01 1.034844791898892613e-01
1.495201345833860884e+00 2.731081521287452296e-01 9.094937319313660395e-02
1.732067917438748772e+00 1.270234209166651584e-01 6.994073651399200509e-02
1.732067917438748772e+00 1.270234209166651584e-01 6.994073651399200509e-02
1.179179666871399190e+00 6.752491547747532796e-02 6.175007500546012690e-02
1.179179666871399190e+00 6.752491547747532796e-02 6.175007500546012690e-02
1.179179666871399190e+00 6.752491547747532796e-02 6.175007500546012690e-02
1.218023186549057169e+00 1.970931876665281968e-01 1.222362609613933948e-01
1.426286796956125702e+00 7.515135380300544399e-02 8.653299355654717195e-02
1.426286796956125702e+00 7.515135380300544399e-02 8.653299355654717195e-02
1.538581667234242056e+00 2.058953330968239515e-01 9.397212944149925529e-02
1.538581667234242056e+00 2.058953330968239515e-01 9.397212944149925529e-02
1.538581667234242056e+00 2.058953330968239515e-01 9.397212944149925529e-02
1.500887797644922861e+00 -4.546025113097545978e-02 5.031027586038060856e-02
1.500887797644922861e+00 -4.546025113097545978e-02 5.031027586038060856e-02
1.611879491015028698e+00 -2.523551746599953516e-01 1.114153673224699791e-02
1.540342004638423967e+00 1.252426580189980321e-02 7.049443799737575844e-02
1.158659249429087046e+00 1.841967635463628017e-01 1.136195513562421322e-01
1.432697915063041449e+00 2.508873797333818212e-01 1.082180567629437706e-01
1.432697915063041449e+00 2.508873797333818212e-01 1.082180567629437706e-01
1.122593176047267161e+00 1.864950105482779397e-02 3.625829664623561599e-02
1.273953631831572730e+00 4.453663698478640270e-02 6.312467801491922215e-02
1.541373910992054341e+00 3.765874559007660327e-01 5.028884534271649970e-02
1.507489951652351667e+00 1.020347623544021198e-02 6.858835294597372123e-02
1.507489951652351667e+00 1.020347623544021198e-02 6.858835294597372123e-02
1.916160540348119445e+00 -4.496704950192026429e-02 5.119936917497005385e-02
1.916160540348119445e+00 -4.496704950192026429e-02 5.119936917497005385e-02
1.916160540348119445e+00 -4.496704950192026429e-02 5.119936917497005385e-02
1.916160540348119445e+00 -4.496704950192026429e-02 5.119936917497005385e-02
