2.489132485845457765e-01 1.481402749648903505e-01 8.393607267215225098e-02
2.489132485845457765e-01 1.481402749648903505e-01 8.393607267215225098e-02
4.643757596348103145e-01 -5.753547615830945094e-02 2.558485379925031222e-01
4.659048785063580889e-01 6.497223191119730346e-02 5.165543447755895912e-01
4.659048785063580889e-01 6.497223191119730346e-02 5.165543447755895912e-01
4.659048785063580889e-01 6.497223191119730346e-02 5.165543447755895912e-01
4.659048785063580889e-01 6.497223191119730346e-02 5.165543447755895912e-01
4.659048785063580889e-01 6.497223191119730346e-02 5.165543447755895912e-01
4.858416045772529501e-01 -1.421356518738403629e-02 3.887186704741270038e-01
4.858416045772529501e-01 -1.421356518738403629e-02 3.887186704741270038e-01
4.858416045772529501e-01 -1.421356518738403629e-02 3.887186704741270038e-01
4.858416045772529501e-01 -1.421356518738403629e-02 3.887186704741270038e-01
5.035637445870150275e-01 1.405275567637709888e-01 7.201376374767142208e-01
5.035637445870150275e-01 1.405275567637709888e-01 7.201376374767142208e-01
5.217501934927750717e-01 1.101817808924637349e-01 6.841751894356797870e-01
5.217501934927750717e-01 1.101817808924637349e-01 6.841751894356797870e-01
5.217501934927750717e-01 1.101817808924637349e-01 6.841751894356797870e-01
5.217501934927750717e-01 1.101817808924637349e-01 6.841751894356797870e-01
5.217501934927750717e-01 1.101817808924637349e-01 6.841751894356797870e-01
5.217501934927750717e-01 1.101817808924637349e-01 6.841751894356797870e-01
5.217501934927750717e-01 1.101817808924637349e-01 6.841751894356797870e-01
5.217501934927750717e-01 1.101817808924637349e-01 6.841751894356797870e-01
5.217501934927750717e-01 1.101817808924637349e-01 6.841751894356797870e-01
5.217501934927750717e-01 1.101817808924637349e-01 6.841751894356797870e-01
5.217501934927750717e-01 1.101817808924637349e-01 6.841751894356797870e-01
5.217501934927750717e-01 1.101817808924637349e-01 6.841751894356797870e-01
3.796608498326338177e-01 4.585253485692598607e-01 7.068236370057776607e-01
3.796608498326338177e-01 4.585253485692598607e-01 7.068236370057776607e-01
3.796608498326338177e-01 4.585253485692598607e-01 7.068236370057776607e-01
3.796608498326338177e-01 4.585253485692598607e-01 7.068236370057776607e-01
3.796608498326338177e-01 4.585253485692598607e-01 7.068236370057776607e-01
3.796608498326338177e-01 4.585253485692598607e-01 7.068236370057776607e-01
3.796608498326338177e-01 4.585253485692598607e-01 7.068236370057776607e-01
3.796608498326338177e-01 4.585253485692598607e-01 7.068236370057776607e-01
3.796608498326338177e-01 4.585253485692598607e-01 7.068236370057776607e-01
3.796608498326338177e-01 4.585253485692598607e-01 7.068236370057776607e-01
4.673568781030608132e-01 4.495761266448513038e-01 5.783901899050053474e-01
3.056527446766857947e-01 1.239468889699066323e-01 1.646162302702712521e-01
2.615818304897147284e-01 1.619845429758588473e-01 1.149598902460005900e-01
6.660426959083031173e-01 1.008431405914101131e-01 3.600461674910227505e-01
2.808078003012420276e-01 6.581303663942068838e-02 6.982550524708776296e-02
8.791916857074890679e-01 -9.397189630399720162e-02 3.363353974798533041e-02
6.268279392404729755e-01 4.961551009413327218e-02 4.890382787709942614e-01
6.268279392404729755e-01 4.961551009413327218e-02 4.890382787709942614e-01
5.203270567984691342e-01 1.464045875769215410e-01 7.247499517607376429e-01
7.867056360784510094e-01 1.340029080012731799e-01 6.427081060336638230e-02
7.867056360784510094e-01 1.340029080012731799e-01 6.427081060336638230e-02
5.917528859817879905e-01 5.215150468638707348e-02 5.640444841607000770e-01
5.917528859817879905e-01 5.215150468638707348e-02 5.640444841607000770e-01
5.917528859817879905e-01 5.215150468638707348e-02 5.640444841607000770e-01
4.078298488983040371e-01 6.901449233963452556e-02 3.572550361532017549e-01
4.078298488983040371e-01 6.901449233963452556e-02 3.572550361532017549e-01
4.078298488983040371e-01 6.901449233963452556e-02 3.572550361532017549e-01
4.078298488983040371e-01 6.901449233963452556e-02 3.572550361532017549e-01
4.078298488983040371e-01 6.901449233963452556e-02 3.572550361532017549e-01
4.078298488983040371e-01 6.901449233963452556e-02 3.572550361532017549e-01
4.078298488983040371e-01 6.901449233963452556e-02 3.572550361532017549e-01
4.631102515223110005e-01 8.988488421546431129e-02 5.650585544462018994e-01
2.692083616845321048e-01 6.633459274338884271e-01 3.891509183784510606e-01
2.692083616845321048e-01 6.633459274338884271e-01 3.891509183784510606e-01
2.692083616845321048e-01 6.633459274338884271e-01 3.891509183784510606e-01
2.692083616845321048e-01 6.633459274338884271e-01 3.891509183784510606e-01
2.692083616845321048e-01 6.633459274338884271e-01 3.891509183784510606e-01
2.692083616845321048e-01 6.633459274338884271e-01 3.891509183784510606e-01
5.553126662300320593e-01 4.222383333518327508e-01 3.317765680514685456e-01
3.169336652626889572e-01 3.660165871773112256e-01 5.643543893077761497e-01
3.169336652626889572e-01 3.660165871773112256e-01 5.643543893077761497e-01
3.169336652626889572e-01 3.660165871773112256e-01 5.643543893077761497e-01
3.169336652626889572e-01 3.660165871773112256e-01 5.643543893077761497e-01
3.074822266107394841e-01 2.447994680195392514e-01 3.480032449232663416e-01
4.741758598308319916e-01 5.007156348362380438e-01 4.431847796035580656e-01
4.741758598308319916e-01 5.007156348362380438e-01 4.431847796035580656e-01
4.741758598308319916e-01 5.007156348362380438e-01 4.431847796035580656e-01
4.741758598308319916e-01 5.007156348362380438e-01 4.431847796035580656e-01
4.741758598308319916e-01 5.007156348362380438e-01 4.431847796035580656e-01
3.935901670241581662e-01 4.730480659217755068e-01 6.820521740170951697e-01
4.456775450863820209e-01 2.097873731401512232e-01 7.511497393598278727e-01
4.456775450863820209e-01 2.097873731401512232e-01 7.511497393598278727e-01
4.747171934492898093e-01 3.342203658428953839e-01 7.619687215909639599e-01
4.747171934492898093e-01 3.342203658428953839e-01 7.619687215909639599e-01
4.747171934492898093e-01 3.342203658428953839e-01 7.619687215909639599e-01
4.747171934492898093e-01 3.342203658428953839e-01 7.619687215909639599e-01
4.747171934492898093e-01 3.342203658428953839e-01 7.619687215909639599e-01
4.747171934492898093e-01 3.342203658428953839e-01 7.619687215909639599e-01
4.747171934492898093e-01 3.342203658428953839e-01 7.619687215909639599e-01
4.747171934492898093e-01 3.342203658428953839e-01 7.619687215909639599e-01
4.747171934492898093e-01 3.342203658428953839e-01 7.619687215909639599e-01
4.747171934492898093e-01 3.342203658428953839e-01 7.619687215909639599e-01
4.747171934492898093e-01 3.342203658428953839e-01 7.619687215909639599e-01
4.747171934492898093e-01 3.342203658428953839e-01 7.619687215909639599e-01
4.747171934492898093e-01 3.342203658428953839e-01 7.619687215909639599e-01
6.030724034267975764e-01 -1.194848002845189106e-02 4.873947986840299063e-01
2.605966591091244955e-01 2.612816110580813977e-01 2.189553327165239538e-01
2.973477090177618631e-01 4.644580196751285639e-01 5.625255649418396953e-01
2.389444243536845425e-01 2.949046353416263089e-01 1.979293054057718604e-01
3.653932709425511960e-01 1.284485353014513109e-01 3.408026768660959438e-01
1.738900557818041925e-01 3.901112422572905469e-01 1.289429981807158898e-01
1.738900557818041925e-01 3.901112422572905469e-01 1.289429981807158898e-01
4.982344414315836856e-01 2.393512488637934144e-01 7.829178820891550261e-01
4.982344414315836856e-01 2.393512488637934144e-01 7.829178820891550261e-01
