2.489132485845457765e-01 1.481402749648903505e-01 2.245390008560738809e-03
2.489132485845457765e-01 1.481402749648903505e-01 2.245390008560738809e-03
2.489132485845457765e-01 1.481402749648903505e-01 2.245390008560738809e-03
2.489132485845457765e-01 1.481402749648903505e-01 2.245390008560738809e-03
2.489132485845457765e-01 1.481402749648903505e-01 2.245390008560738809e-03
6.256297775103500936e-01 -1.818701597306207618e-02 3.323670494445795862e-03
6.256297775103500936e-01 -1.818701597306207618e-02 3.323670494445795862e-03
6.256297775103500936e-01 -1.818701597306207618e-02 3.323670494445795862e-03
6.256297775103500936e-01 -1.818701597306207618e-02 3.323670494445795862e-03
1.284651536410205130e+00 -2.156797199243533358e-03 6.999681344539172845e-02
1.284651536410205130e+00 -2.156797199243533358e-03 6.999681344539172845e-02
1.284651536410205130e+00 -2.156797199243533358e-03 6.999681344539172845e-02
1.284651536410205130e+00 -2.156797199243533358e-03 6.999681344539172845e-02
1.349424613967993070e+00 1.695865887337909828e-01 1.208060970118553373e-01
1.349424613967993070e+00 1.695865887337909828e-01 1.208060970118553373e-01
1.405209004337782064e+00 4.677497291383023170e-02 9.834306422403593650e-02
1.405209004337782064e+00 4.677497291383023170e-02 9.834306422403593650e-02
1.420207583756174952e+00 -8.279635030471033108e-02 5.762058435026666536e-02
1.775656360514462628e+00 5.790226620909136312e-02 6.827145997308912972e-02
1.557543739567560204e+00 -6.238796964362747222e-02 7.532210161590914554e-02
1.557543739567560204e+00 -6.238796964362747222e-02 7.532210161590914554e-02
1.171646058531309542e+00 5.772628503231872488e-01 4.675448429186012528e-02
1.171646058531309542e+00 5.772628503231872488e-01 4.675448429186012528e-02
1.171646058531309542e+00 5.772628503231872488e-01 4.675448429186012528e-02
1.171646058531309542e+00 5.772628503231872488e-01 4.675448429186012528e-02
1.218793476021463373e+00 5.039373116785369477e-01 6.310235543025320692e-02
5.096876893485843274e-01 2.964644692398838988e-01 5.124001574743109605e-02
9.145519222671931736e-01 3.158934104952089150e-01 1.443999327202956651e-01
9.959784844695590555e-01 3.753098369325248984e-01 1.538655173990445824e-01
9.959784844695590555e-01 3.753098369325248984e-01 1.538655173990445824e-01
9.603963269192953289e-01 6.765315082315010997e-01 5.479319335140333397e-02
6.310098073046428446e-01 6.754690225900557010e-01 1.371034959313714718e-01
4.761117745579329652e-01 5.776622914260584052e-01 1.608798680674954351e-01
5.755873420235529947e-01 7.490791836314967256e-01 1.155587288375843208e-01
7.337126954607007256e-01 6.996180445211037657e-01 1.004201548669496624e-01
9.164539641020916783e-01 6.019419526361640127e-01 9.914534319960245645e-02
9.164539641020916783e-01 6.019419526361640127e-01 9.914534319960245645e-02
6.925515003347710863e-01 6.288559391774556362e-01 1.432796392738025504e-01
6.760995102775686494e-01 4.241644149215239024e-01 1.480382283712764202e-01
1.195850760753264463e+00 3.228139985674408630e-01 1.317899734097494335e-01
1.195850760753264463e+00 3.228139985674408630e-01 1.317899734097494335e-01
9.148080226009114302e-01 2.605847077796180078e-01 1.233623360769509625e-01
9.148080226009114302e-01 2.605847077796180078e-01 1.233623360769509625e-01
1.219096995735079236e+00 4.987727044894986195e-01 6.502093512170278866e-02
4.447291804984487840e-03 7.724371175824871205e-01 1.200884906077616943e-01
1.613883604915792302e-01 7.777628967350469491e-01 1.463869401793252700e-01
1.613883604915792302e-01 7.777628967350469491e-01 1.463869401793252700e-01
1.613883604915792302e-01 7.777628967350469491e-01 1.463869401793252700e-01
2.991072922505833009e-01 6.283720010022707525e-01 1.437680531180223209e-01
2.991072922505833009e-01 6.283720010022707525e-01 1.437680531180223209e-01
5.375567849899600681e-01 6.840253633346997653e-01 1.509449025658625987e-01
1.043322065270327226e+00 6.927873955434554754e-01 3.355732795301271526e-02
1.398313236406723892e+00 2.757158476852800133e-01 9.974749782644523610e-02
1.866766084176004314e+00 9.660484995081422555e-02 4.631234256272015459e-02
1.866766084176004314e+00 9.660484995081422555e-02 4.631234256272015459e-02
1.866766084176004314e+00 9.660484995081422555e-02 4.631234256272015459e-02
1.595453381064907861e+00 1.989891689455011714e-01 7.565006255519395040e-02
1.595453381064907861e+00 1.989891689455011714e-01 7.565006255519395040e-02
1.595453381064907861e+00 1.989891689455011714e-01 7.565006255519395040e-02
1.245291523018806856e+00 3.378236925190193363e-01 1.179548361968940223e-01
1.525594145169982596e+00 2.395523238274733790e-01 8.047903607719944508e-02
1.525594145169982596e+00 2.395523238274733790e-01 8.047903607719944508e-02
1.525594145169982596e+00 2.395523238274733790e-01 8.047903607719944508e-02
1.436309578269535647e+00 1.611779691992092922e-01 1.114089738131545243e-01
1.464807376941525296e+00 2.210346728422029339e-01 9.839865874585140837e-02
1.464807376941525296e+00 2.210346728422029339e-01 9.839865874585140837e-02
1.464807376941525296e+00 2.210346728422029339e-01 9.839865874585140837e-02
1.039091325953269473e+00 3.755352850556655242e-01 1.490178470401047894e-01
1.039091325953269473e+00 3.755352850556655242e-01 1.490178470401047894e-01
1.039091325953269473e+00 3.755352850556655242e-01 1.490178470401047894e-01
1.039091325953269473e+00 3.755352850556655242e-01 1.490178470401047894e-01
9.469481082135418060e-01 1.141958504002142938e-01 6.263057662385858315e-02
9.469481082135418060e-01 1.141958504002142938e-01 6.263057662385858315e-02
1.448095148852573288e+00 -1.217764024269845924e-01 4.815222273247353468e-02
1.510978381456869801e+00 -3.316188869004539908e-01 9.844048447570540733e-03
1.510978381456869801e+00 -3.316188869004539908e-01 9.844048447570540733e-03
1.510978381456869801e+00 -3.316188869004539908e-01 9.844048447570540733e-03
1.623683577812673917e+00 -5.041966921593077355e-01 2.110081816986170318e-03
1.627298938582887544e+00 -1.716911404069814684e-01 4.959844848175259946e-02
1.627298938582887544e+00 -1.716911404069814684e-01 4.959844848175259946e-02
2.029223333520838057e+00 -8.998486736275715381e-02 4.745596105029761119e-02
2.038692388640551911e+00 -1.977744446714168047e-01 4.771747735183561739e-02
1.777697934351447184e+00 4.035816590675356252e-02 7.011298315402135495e-02
1.777697934351447184e+00 4.035816590675356252e-02 7.011298315402135495e-02
1.857663486195092917e+00 -2.097978984768842925e-01 5.080835212134576784e-02
1.868545295674217233e+00 -2.460398076823575586e-01 4.430845009169133430e-02
1.868545295674217233e+00 -2.460398076823575586e-01 4.430845009169133430e-02
1.868545295674217233e+00 -2.460398076823575586e-01 4.430845009169133430e-02
1.981913397035328872e+00 -1.939410489997687448e-01 5.090088503187067959e-02
1.981913397035328872e+00 -1.939410489997687448e-01 5.090088503187067959e-02
1.952464886348022510e+00 -1.484298097174432673e-01 5.556862250871615755e-02
1.952464886348022510e+00 -1.484298097174432673e-01 5.556862250871615755e-02
1.952464886348022510e+00 -1.484298097174432673e-01 5.556862250871615755e-02
1.952464886348022510e+00 -1.484298097174432673e-01 5.556862250871615755e-02
1.952464886348022510e+00 -1.484298097174432673e-01 5.556862250871615755e-02
2.010732630638413010e+00 -3.071919617240288503e-01 3.661642615833925196e-02
2.010732630638413010e+00 -3.071919617240288503e-01 3.661642615833925196e-02
1.363485729131839630e+00 -1.611713417448916164e-01 2.869478369761823550e-02
1.179695110500099009e+00 3.889594093613495951e-01 1.179428873313207310e-01
1.273935917355383252e+00 3.101123268352540263e-01 1.187942491409790385e-01
