2.489132485845457765e-01 1.481402749648903505e-01 1.520747731966386835e-03
1.098763209996636014e-01 3.694818587423788214e-01 8.425462662706025355e-03
4.078652024675618049e-01 3.387350401248719889e-01 2.651249242556835348e-02
5.716052763747342391e-01 3.389626843073550999e-01 4.688150288183250830e-02
5.716052763747342391e-01 3.389626843073550999e-01 4.688150288183250830e-02
5.716052763747342391e-01 3.389626843073550999e-01 4.688150288183250830e-02
3.597632406967632424e-01 5.247259493173317413e-01 6.471115386328937791e-02
2.275177993523906650e-01 9.893322585736360475e-01 4.616383895413742749e-02
2.206110528710116536e-01 8.852006893226219697e-01 7.027062925559098006e-02
3.578095109152359399e-01 8.527238676938929673e-01 6.776769826543134478e-02
2.651016955732974356e-01 4.467279505346332114e-01 3.257402491244983100e-02
3.007211010764005432e-01 7.483935119172128170e-01 8.627282756821670617e-02
2.705047561355133356e-01 6.498495298707613888e-01 7.846160098423513030e-02
2.705047561355133356e-01 6.498495298707613888e-01 7.846160098423513030e-02
5.039011729230836734e-01 9.295684475946783820e-01 3.344510340908299351e-02
4.699167839107559752e-01 8.177223053737003866e-01 6.586364062252088314e-02
4.699167839107559752e-01 8.177223053737003866e-01 6.586364062252088314e-02
4.699167839107559752e-01 8.177223053737003866e-01 6.586364062252088314e-02
5.250986120067441254e-01 5.324806693015661230e-01 8.785735798529381579e-02
4.392707159110702531e-01 4.419454889895866323e-01 5.524551812308185761e-02
4.392707159110702531e-01 4.419454889895866323e-01 5.524551812308185761e-02
4.392707159110702531e-01 4.419454889895866323e-01 5.524551812308185761e-02
2.158700472478742027e-01 7.491703982126356465e-01 8.278310969594887547e-02
2.158700472478742027e-01 7.491703982126356465e-01 8.278310969594887547e-02
2.158700472478742027e-01 7.491703982126356465e-01 8.278310969594887547e-02
7.789925251250992000e-01 6.573614697290295350e-01 7.244404656488172278e-02
7.789925251250992000e-01 6.573614697290295350e-01 7.244404656488172278e-02
7.789925251250992000e-01 6.573614697290295350e-01 7.244404656488172278e-02
7.789925251250992000e-01 6.573614697290295350e-01 7.244404656488172278e-02
9.895362210698775973e-01 4.726216800366842552e-01 8.954403569084963543e-02
9.895362210698775973e-01 4.726216800366842552e-01 8.954403569084963543e-02
6.545050056490981927e-01 5.628688008910388563e-01 9.721209366411007191e-02
5.541952947860404599e-01 2.779561625090666288e-01 2.989045187430748596e-02
7.481148796868726247e-01 4.567898600418486277e-01 9.554736551927581201e-02
8.600939264031692844e-01 3.062638786458644624e-01 7.735450849079919533e-02
8.600939264031692844e-01 3.062638786458644624e-01 7.735450849079919533e-02
8.600939264031692844e-01 3.062638786458644624e-01 7.735450849079919533e-02
8.600939264031692844e-01 3.062638786458644624e-01 7.735450849079919533e-02
7.026079145332477793e-01 9.567960683615397977e-02 1.208496031889035559e-02
8.395742324681243485e-01 3.625208961264609897e-01 8.793819754102691344e-02
7.205285431353710690e-01 5.227411293741468512e-01 9.805717087238099983e-02
7.205285431353710690e-01 5.227411293741468512e-01 9.805717087238099983e-02
7.205285431353710690e-01 5.227411293741468512e-01 9.805717087238099983e-02
1.243989715169348198e+00 2.607669242247027119e-01 8.918184395166170453e-02
1.029015752589896415e+00 -2.997390801165789043e-02 1.598180036526669623e-02
9.522247548244442417e-01 1.132769262464905224e-01 3.692369816412866684e-02
9.522247548244442417e-01 1.132769262464905224e-01 3.692369816412866684e-02
9.522247548244442417e-01 1.132769262464905224e-01 3.692369816412866684e-02
1.306510117519823488e+00 9.037229046461976723e-02 6.826908305905611540e-02
1.612844552714770119e+00 -6.479520197133546711e-02 5.457866214129531574e-02
1.612844552714770119e+00 -6.479520197133546711e-02 5.457866214129531574e-02
1.693263244448987015e+00 -1.848219804495750962e-01 3.591851958882410351e-02
1.693263244448987015e+00 -1.848219804495750962e-01 3.591851958882410351e-02
2.497582437090942076e+00 -2.435995109170710216e-01 2.118472075202144228e-02
2.497582437090942076e+00 -2.435995109170710216e-01 2.118472075202144228e-02
2.497582437090942076e+00 -2.435995109170710216e-01 2.118472075202144228e-02
2.108453986239073430e+00 -3.480837649660316058e-01 2.732898159956384521e-02
2.108453986239073430e+00 -3.480837649660316058e-01 2.732898159956384521e-02
2.123578698289541045e+00 -1.087385028034424383e-01 4.006026295823250649e-02
2.030292503463466236e+00 -2.003551601131731141e-01 4.266709170317833227e-02
1.760062603304424655e+00 -4.116898585690862422e-01 8.017200462920684792e-03
1.337741442150069737e+00 -1.585107215767406208e-01 1.704363162260115819e-02
1.337741442150069737e+00 -1.585107215767406208e-01 1.704363162260115819e-02
1.020254988635082904e+00 2.057557444481549203e-01 6.977319742208150377e-02
9.476859523194507418e-01 4.452482731385714043e-01 9.599747122085987294e-02
4.422841900582875629e-01 5.345528883659386166e-01 7.855535345813981218e-02
4.422841900582875629e-01 5.345528883659386166e-01 7.855535345813981218e-02
6.949291427505042140e-01 8.871707709352165683e-01 2.404650797545350785e-02
6.949291427505042140e-01 8.871707709352165683e-01 2.404650797545350785e-02
6.949291427505042140e-01 8.871707709352165683e-01 2.404650797545350785e-02
7.206569392764068382e-01 3.377664362478037807e-01 6.770183133505500161e-02
7.206569392764068382e-01 3.377664362478037807e-01 6.770183133505500161e-02
1.044637884974736419e+00 1.232889939503563070e-01 5.025396136644535994e-02
7.625738512548061454e-01 2.535363609011799246e-01 4.999794714801803625e-02
7.625738512548061454e-01 2.535363609011799246e-01 4.999794714801803625e-02
9.112539344264646290e-01 2.481402913680412492e-01 6.822345531505195904e-02
8.283453967318343825e-01 4.641192334960294597e-01 9.832491225961506598e-02
8.804164820303737038e-01 7.233213886919320768e-01 4.074378386543389685e-02
5.067396748131077766e-01 8.085375843961770670e-01 6.434203424830461926e-02
1.066122659997861266e+00 4.334566117392798512e-01 8.834489748248211538e-02
7.268206413612005035e-01 6.591438218928977744e-01 7.832584783229798453e-02
7.268206413612005035e-01 6.591438218928977744e-01 7.832584783229798453e-02
7.268206413612005035e-01 6.591438218928977744e-01 7.832584783229798453e-02
6.601737376767529142e-01 5.119811067782905623e-01 9.591632905038187384e-02
5.089753437444741735e-01 7.115082547850919426e-01 8.632428538559369646e-02
3.130807054218123220e-01 6.927196553930485834e-01 8.682456344261307857e-02
3.491091615458202790e-01 5.140794036808091771e-01 6.049128837321563618e-02
3.491091615458202790e-01 5.140794036808091771e-01 6.049128837321563618e-02
1.899810676295935752e-01 5.786999629745682716e-01 5.273966410876428784e-02
2.658177133393119784e-01 8.182369756871581412e-01 7.972694074187114399e-02
1.223155188687113926e-02 5.772090193650781798e-01 2.906001930532678412e-02
4.526129203749630348e-01 6.255566940038651547e-01 9.202528763112984012e-02
4.526129203749630348e-01 6.255566940038651547e-01 9.202528763112984012e-02
4.526129203749630348e-01 6.255566940038651547e-01 9.202528763112984012e-02
4.526129203749630348e-01 6.255566940038651547e-01 9.202528763112984012e-02
5.898070412863952727e-01 3.778409319471687788e-01 6.007565947474968748e-02
6.009693669897117063e-01 3.877060154944165227e-01 6.441074246620916155e-02
6.009693669897117063e-01 3.877060154944165227e-01 6.441074246620916155e-02
1.074420043977523109e-01 6.075577623616748024e-01 4.753446369423635492e-02
4.928818665042632996e-01 4.971209387121107159e-01 7.701390201954880221e-02
