2.489132485845457765e-01 1.481402749648903505e-01 2.538366784825486951e-03
7.003937849531813864e-01 9.977572818020602474e-02 1.797290208105202514e-02
7.003937849531813864e-01 9.977572818020602474e-02 1.797290208105202514e-02
7.003937849531813864e-01 9.977572818020602474e-02 1.797290208105202514e-02
7.003937849531813864e-01 9.977572818020602474e-02 1.797290208105202514e-02
7.003937849531813864e-01 9.977572818020602474e-02 1.797290208105202514e-02
8.961529952281646061e-01 1.827927559048828088e-01 7.040581880630458755e-02
8.961529952281646061e-01 1.827927559048828088e-01 7.040581880630458755e-02
6.148481758621575644e-01 3.279083214483857756e-01 9.494538064962279589e-02
6.148481758621575644e-01 3.279083214483857756e-01 9.494538064962279589e-02
4.478706294792998976e-01 9.070476714158783871e-01 5.943079722891619898e-02
-4.003853152992989939e-01 1.152692071698949938e+00 1.441374305065183381e-01
-4.003853152992989939e-01 1.152692071698949938e+00 1.441374305065183381e-01
-4.820463099569569088e-01 1.001075734705739073e+00 1.782528621740931685e-01
-4.820463099569569088e-01 1.001075734705739073e+00 1.782528621740931685e-01
-5.094320931745893732e-02 8.281245040877537322e-01 2.090250809331577198e-01
-3.049745277547410427e-01 5.387346892716960989e-01 1.550332246843415945e-02
-3.049745277547410427e-01 5.387346892716960989e-01 1.550332246843415945e-02
-2.080714872023281536e-01 9.723566662048723774e-01 1.972929797879212632e-01
2.582245313608683146e-02 8.691899341183749739e-01 2.017093276196668949e-01
-4.166138314608153759e-01 9.420595132850315689e-01 1.753356890121211542e-01
-4.345558337678703253e-01 9.373821789425093032e-01 1.687287448313203597e-01
-4.345558337678703253e-01 9.373821789425093032e-01 1.687287448313203597e-01
-3.791008906099426201e-01 1.063345843883301445e+00 1.827666099189131643e-01
-5.251502635325633328e-01 9.864856122720607745e-01 1.635327104123895092e-01
-7.072384589289738566e-01 1.233478055534048323e+00 1.449699031072561040e-01
-3.612125742445920773e-01 1.095301258655210663e+00 1.677023921190319011e-01
-5.341318745359719955e-01 1.200225510684948871e+00 1.420742635835001710e-01
-7.123081756272930942e-01 1.209843483715135504e+00 1.517008662648214601e-01
-7.123081756272930942e-01 1.209843483715135504e+00 1.517008662648214601e-01
-6.588572711768114765e-01 1.165044160183304367e+00 1.618611217319028128e-01
-6.901104856989710434e-01 1.295596493509159064e+00 1.170456730787309690e-01
-6.901104856989710434e-01 1.295596493509159064e+00 1.170456730787309690e-01
-7.385390734914201172e-01 1.106170501842805409e+00 1.471389002372124610e-01
-7.385390734914201172e-01 1.106170501842805409e+00 1.471389002372124610e-01
-7.385390734914201172e-01 1.106170501842805409e+00 1.471389002372124610e-01
-7.385390734914201172e-01 1.106170501842805409e+00 1.471389002372124610e-01
-8.945273971490814713e-01 1.201033458929981146e+00 1.323578718450289793e-01
-8.945273971490814713e-01 1.201033458929981146e+00 1.323578718450289793e-01
-1.063279714202404858e+00 1.315148091765275584e+00 1.132328396239229290e-01
-1.063279714202404858e+00 1.315148091765275584e+00 1.132328396239229290e-01
-1.063279714202404858e+00 1.315148091765275584e+00 1.132328396239229290e-01
-1.063279714202404858e+00 1.315148091765275584e+00 1.132328396239229290e-01
-1.029455190890443905e+00 1.284701424432456385e+00 1.171047053096706814e-01
-7.956909082876423289e-01 1.228998708244634308e+00 1.452725212660294918e-01
-7.956909082876423289e-01 1.228998708244634308e+00 1.452725212660294918e-01
-4.375414259440147946e-01 9.014364478334898623e-01 1.506213974977239356e-01
-1.034434348584279517e+00 1.250519502690529805e+00 1.123003829025474160e-01
-1.034434348584279517e+00 1.250519502690529805e+00 1.123003829025474160e-01
-6.142531918099742860e-01 1.311118768274219359e+00 9.620422957898137895e-02
-6.507003766115719845e-01 1.251556200108574712e+00 1.330364346049991431e-01
-7.866532288759680025e-01 1.347688805603935336e+00 1.050002028344369093e-01
-7.866532288759680025e-01 1.347688805603935336e+00 1.050002028344369093e-01
-2.360212996368283855e-01 1.228304386399010406e+00 6.055594584939824609e-02
-1.772207302904440784e-01 1.058308647929964152e+00 1.495395073367344896e-01
2.733091750892364669e-01 9.036569662379307921e-01 1.131996763510700332e-01
2.733091750892364669e-01 9.036569662379307921e-01 1.131996763510700332e-01
2.733091750892364669e-01 9.036569662379307921e-01 1.131996763510700332e-01
5.601009625534792979e-01 9.833096799329069659e-01 1.577549716404306329e-02
5.601009625534792979e-01 9.833096799329069659e-01 1.577549716404306329e-02
9.021631025271252824e-01 5.947165249124721775e-01 8.681386833792065216e-02
3.948114553885119227e-01 9.234124370483031141e-01 6.485196823464943472e-02
3.948114553885119227e-01 9.234124370483031141e-01 6.485196823464943472e-02
3.948114553885119227e-01 9.234124370483031141e-01 6.485196823464943472e-02
3.948114553885119227e-01 9.234124370483031141e-01 6.485196823464943472e-02
-2.833571144104271022e-01 8.174642659369260045e-01 1.531859506444703256e-01
-2.524753897709974826e-02 7.830648132210199508e-01 2.024498557683106492e-01
7.074067633930697374e-02 7.359447989017771086e-01 2.018787697284494254e-01
3.117774988689205884e-01 4.692494352499203547e-01 1.090813492216691633e-01
3.661534513679058911e-01 6.460402443858563881e-01 1.990728779867594334e-01
-8.615337578804727059e-03 6.404275662320725315e-01 1.285793307405306007e-01
-8.615337578804727059e-03 6.404275662320725315e-01 1.285793307405306007e-01
1.419934515898916838e-01 5.850905045910480551e-01 1.376800922471141386e-01
1.419934515898916838e-01 5.850905045910480551e-01 1.376800922471141386e-01
1.419934515898916838e-01 5.850905045910480551e-01 1.376800922471141386e-01
1.419934515898916838e-01 5.850905045910480551e-01 1.376800922471141386e-01
1.419934515898916838e-01 5.850905045910480551e-01 1.376800922471141386e-01
2.583057245432509585e-01 6.480469483626996041e-01 1.965602528404199745e-01
3.329314038665361908e-01 6.973356505247554349e-01 1.993580434470452467e-01
1.310752495708233378e-01 7.206026135109331321e-01 2.045793086607131106e-01
1.310752495708233378e-01 7.206026135109331321e-01 2.045793086607131106e-01
1.310752495708233378e-01 7.206026135109331321e-01 2.045793086607131106e-01
2.768151834411864964e-01 7.610918660967042060e-01 1.928923564688991010e-01
1.627486122085243236e-01 6.819302193877067042e-01 1.964396590853002278e-01
1.627486122085243236e-01 6.819302193877067042e-01 1.964396590853002278e-01
1.653959140283317586e-01 6.123390812955746831e-01 1.618328645290691703e-01
1.653959140283317586e-01 6.123390812955746831e-01 1.618328645290691703e-01
1.653959140283317586e-01 6.123390812955746831e-01 1.618328645290691703e-01
4.284687568956162540e-01 2.872553116610639390e-01 3.927263013825715854e-02
4.757014158606299725e-01 4.449098385277424628e-01 1.340420707519018872e-01
1.637931367339070521e-01 8.064999450799412717e-01 1.995390367498640627e-01
1.637931367339070521e-01 8.064999450799412717e-01 1.995390367498640627e-01
1.075475366135459077e-01 8.237065790083998307e-01 2.034133769907428280e-01
1.075475366135459077e-01 8.237065790083998307e-01 2.034133769907428280e-01
1.075475366135459077e-01 8.237065790083998307e-01 2.034133769907428280e-01
4.997260302125946518e-01 7.529124828148734405e-01 1.316963337194312633e-01
4.997260302125946518e-01 7.529124828148734405e-01 1.316963337194312633e-01
8.005117780911430447e-02 8.978284569384351599e-01 1.776944215694444273e-01
8.005117780911430447e-02 8.978284569384351599e-01 1.776944215694444273e-01
-2.752896922269597035e-01 1.005199180143231397e+00 1.930849481769550124e-01
