2.489132485845457765e-01 1.481402749648903505e-01 3.948849289778096766e-02
2.489132485845457765e-01 1.481402749648903505e-01 3.948849289778096766e-02
2.489132485845457765e-01 1.481402749648903505e-01 3.948849289778096766e-02
4.222920693107206080e-01 6.890553116794206900e-02 1.490397125786782073e-01
3.660672373563743642e-01 6.024089628262229157e-01 2.845390512257299220e-01
3.916970755578212948e-01 5.742663247204708998e-01 2.934464306664189004e-01
2.448502711193114023e-01 2.740880412542658906e-01 1.247898215181189735e-01
2.225534431945640768e-01 6.524732305867406712e-01 3.329227668958758546e-01
-6.657029209972861739e-02 8.746458920640864942e-01 1.711575041032959432e-01
-6.657029209972861739e-02 8.746458920640864942e-01 1.711575041032959432e-01
-6.657029209972861739e-02 8.746458920640864942e-01 1.711575041032959432e-01
-6.657029209972861739e-02 8.746458920640864942e-01 1.711575041032959432e-01
-6.657029209972861739e-02 8.746458920640864942e-01 1.711575041032959432e-01
4.456513669904534070e-02 1.005015937182605068e+00 1.141667193672583347e-01
4.456513669904534070e-02 1.005015937182605068e+00 1.141667193672583347e-01
4.456513669904534070e-02 1.005015937182605068e+00 1.141667193672583347e-01
-7.737334727692639358e-02 9.528693906182416073e-01 1.623636037708753865e-01
4.923494348081446093e-02 8.475725067755738307e-01 2.222356515163049218e-01
4.923494348081446093e-02 8.475725067755738307e-01 2.222356515163049218e-01
4.923494348081446093e-02 8.475725067755738307e-01 2.222356515163049218e-01
4.923494348081446093e-02 8.475725067755738307e-01 2.222356515163049218e-01
4.923494348081446093e-02 8.475725067755738307e-01 2.222356515163049218e-01
4.923494348081446093e-02 8.475725067755738307e-01 2.222356515163049218e-01
1.535324505662783445e-01 9.009152536119047205e-01 1.338940974089615210e-01
-1.374461349595006987e-01 1.028327279995203902e+00 1.312167200985115412e-01
-1.374461349595006987e-01 1.028327279995203902e+00 1.312167200985115412e-01
-1.374461349595006987e-01 1.028327279995203902e+00 1.312167200985115412e-01
-1.374461349595006987e-01 1.028327279995203902e+00 1.312167200985115412e-01
5.121018615945124863e-02 5.584403363428697142e-01 1.314894230734832969e-01
5.121018615945124863e-02 5.584403363428697142e-01 1.314894230734832969e-01
1.309954666277631241e-01 6.172748524174942464e-01 2.802020639180839434e-01
1.309954666277631241e-01 6.172748524174942464e-01 2.802020639180839434e-01
1.309954666277631241e-01 6.172748524174942464e-01 2.802020639180839434e-01
1.309954666277631241e-01 6.172748524174942464e-01 2.802020639180839434e-01
1.309954666277631241e-01 6.172748524174942464e-01 2.802020639180839434e-01
1.309954666277631241e-01 6.172748524174942464e-01 2.802020639180839434e-01
1.756922566085460935e-01 5.909442577281003306e-01 3.196161208287135458e-01
1.756922566085460935e-01 5.909442577281003306e-01 3.196161208287135458e-01
1.756922566085460935e-01 5.909442577281003306e-01 3.196161208287135458e-01
4.284459410296634352e-01 3.838564339818075766e-01 4.780581237349847967e-01
4.284459410296634352e-01 3.838564339818075766e-01 4.780581237349847967e-01
4.284459410296634352e-01 3.838564339818075766e-01 4.780581237349847967e-01
4.284459410296634352e-01 3.838564339818075766e-01 4.780581237349847967e-01
5.653955799614809319e-01 -2.928206862821813861e-02 2.551863177381826775e-01
5.519977878828155049e-01 9.702283151000165584e-02 4.368050923435146671e-01
6.113158078270929385e-01 3.663401782965484133e-01 2.824289485328531080e-01
5.832704979284213387e-01 3.715292885879877827e-01 3.243804779347939649e-01
5.832704979284213387e-01 3.715292885879877827e-01 3.243804779347939649e-01
5.832704979284213387e-01 3.715292885879877827e-01 3.243804779347939649e-01
5.832704979284213387e-01 3.715292885879877827e-01 3.243804779347939649e-01
5.603965215146984313e-01 8.935921491796600113e-02 4.408039464571152366e-01
5.603965215146984313e-01 8.935921491796600113e-02 4.408039464571152366e-01
5.603965215146984313e-01 8.935921491796600113e-02 4.408039464571152366e-01
5.603965215146984313e-01 8.935921491796600113e-02 4.408039464571152366e-01
5.603965215146984313e-01 8.935921491796600113e-02 4.408039464571152366e-01
5.603965215146984313e-01 8.935921491796600113e-02 4.408039464571152366e-01
6.477407370044706569e-01 1.940545340551557696e-01 4.941525368607626589e-01
6.477407370044706569e-01 1.940545340551557696e-01 4.941525368607626589e-01
6.477407370044706569e-01 1.940545340551557696e-01 4.941525368607626589e-01
6.477407370044706569e-01 1.940545340551557696e-01 4.941525368607626589e-01
6.477407370044706569e-01 1.940545340551557696e-01 4.941525368607626589e-01
6.477407370044706569e-01 1.940545340551557696e-01 4.941525368607626589e-01
9.563204596299070825e-01 -9.025974399075270549e-02 3.433140390609492054e-01
8.878204337862192208e-01 -2.784629006483687608e-01 3.943048221705741097e-01
8.878204337862192208e-01 -2.784629006483687608e-01 3.943048221705741097e-01
8.878204337862192208e-01 -2.784629006483687608e-01 3.943048221705741097e-01
8.878204337862192208e-01 -2.784629006483687608e-01 3.943048221705741097e-01
8.878204337862192208e-01 -2.784629006483687608e-01 3.943048221705741097e-01
8.878204337862192208e-01 -2.784629006483687608e-01 3.943048221705741097e-01
8.878204337862192208e-01 -2.784629006483687608e-01 3.943048221705741097e-01
8.878204337862192208e-01 -2.784629006483687608e-01 3.943048221705741097e-01
1.015015201318965055e+00 -2.501881278430008182e-01 4.043118872092945626e-01
1.015015201318965055e+00 -2.501881278430008182e-01 4.043118872092945626e-01
1.015015201318965055e+00 -2.501881278430008182e-01 4.043118872092945626e-01
1.015015201318965055e+00 -2.501881278430008182e-01 4.043118872092945626e-01
1.015015201318965055e+00 -2.501881278430008182e-01 4.043118872092945626e-01
1.015015201318965055e+00 -2.501881278430008182e-01 4.043118872092945626e-01
1.015015201318965055e+00 -2.501881278430008182e-01 4.043118872092945626e-01
1.015015201318965055e+00 -2.501881278430008182e-01 4.043118872092945626e-01
1.250126150740387576e+00 -5.891551856709049684e-01 2.527168053573768391e-01
1.331199804741594050e+00 -7.657782511743207454e-01 1.673069106231736825e-01
1.331199804741594050e+00 -7.657782511743207454e-01 1.673069106231736825e-01
1.331199804741594050e+00 -7.657782511743207454e-01 1.673069106231736825e-01
9.502864981298666525e-01 -5.449408755955156280e-01 1.076531148899183277e-01
9.502864981298666525e-01 -5.449408755955156280e-01 1.076531148899183277e-01
9.502864981298666525e-01 -5.449408755955156280e-01 1.076531148899183277e-01
9.502864981298666525e-01 -5.449408755955156280e-01 1.076531148899183277e-01
9.502864981298666525e-01 -5.449408755955156280e-01 1.076531148899183277e-01
9.502864981298666525e-01 -5.449408755955156280e-01 1.076531148899183277e-01
9.502864981298666525e-01 -5.449408755955156280e-01 1.076531148899183277e-01
9.502864981298666525e-01 -5.449408755955156280e-01 1.076531148899183277e-01
9.502864981298666525e-01 -5.449408755955156280e-01 1.076531148899183277e-01
9.502864981298666525e-01 -5.449408755955156280e-01 1.076531148899183277e-01
9.502864981298666525e-01 -5.449408755955156280e-01 1.076531148899183277e-01
9.502864981298666525e-01 -5.449408755955156280e-01 1.076531148899183277e-01
9.502864981298666525e-01 -5.449408755955156280e-01 1.076531148899183277e-01
9.502864981298666525e-01 -5.449408755955156280e-01 1.076531148899183277e-01
9.336022238622783131e-01 -5.437942035217938619e-01 9.370484485190869184e-02
7.325600211380414173e-01 -4.199894221486636381e-01 3.768338582638946360e-02
7.325600211380414173e-01 -4.199894221486636381e-01 3.768338582638946360e-02
