2.489132485845457765e-01 1.481402749648903505e-01 3.653167049444995106e-03
3.224064836922340138e-01 5.495852798631668534e-01 2.158931136071781665e-01
4.945496969190106284e-01 4.702355963195723465e-01 1.815031301800117680e-01
4.085499164246539916e-01 4.213658149055383717e-01 1.452923038908797981e-01
4.085499164246539916e-01 4.213658149055383717e-01 1.452923038908797981e-01
4.085499164246539916e-01 4.213658149055383717e-01 1.452923038908797981e-01
4.085499164246539916e-01 4.213658149055383717e-01 1.452923038908797981e-01
8.859653108732905569e-01 3.528440989496229307e-01 9.986475934786610831e-02
8.179946535854698553e-01 4.769139927173517979e-01 1.022547571725928722e-01
8.179946535854698553e-01 4.769139927173517979e-01 1.022547571725928722e-01
7.660992905603105640e-01 5.935025032638444609e-01 7.354962190563679725e-02
7.660992905603105640e-01 5.935025032638444609e-01 7.354962190563679725e-02
7.660992905603105640e-01 5.935025032638444609e-01 7.354962190563679725e-02
7.660992905603105640e-01 5.935025032638444609e-01 7.354962190563679725e-02
1.337612037927795594e-01 8.984153053068469896e-01 1.139839043260375828e-01
1.337612037927795594e-01 8.984153053068469896e-01 1.139839043260375828e-01
1.337612037927795594e-01 8.984153053068469896e-01 1.139839043260375828e-01
-2.292925060045339358e-01 7.740074869395680013e-01 2.080141332459026215e-01
-2.292925060045339358e-01 7.740074869395680013e-01 2.080141332459026215e-01
-1.073551876585999987e-01 6.277692644040677727e-01 1.529692458355627893e-01
-1.073551876585999987e-01 6.277692644040677727e-01 1.529692458355627893e-01
-1.073551876585999987e-01 6.277692644040677727e-01 1.529692458355627893e-01
-1.173457461303138438e-01 8.343725312924635817e-01 2.350650173829321177e-01
-4.592156903076878571e-02 6.666037104597197782e-01 2.100707969027750810e-01
2.059800829305297731e-01 5.516068358656476267e-01 2.014454002258349308e-01
2.059800829305297731e-01 5.516068358656476267e-01 2.014454002258349308e-01
2.059800829305297731e-01 5.516068358656476267e-01 2.014454002258349308e-01
6.823439680543050279e-02 8.884962511068902336e-01 1.484368538684517902e-01
6.823439680543050279e-02 8.884962511068902336e-01 1.484368538684517902e-01
3.236668250291294679e-01 6.272586075589021704e-01 2.260570403542783713e-01
3.236668250291294679e-01 6.272586075589021704e-01 2.260570403542783713e-01
2.379470346047266316e-01 6.018063093766068405e-01 2.333537790771129106e-01
2.379470346047266316e-01 6.018063093766068405e-01 2.333537790771129106e-01
2.379470346047266316e-01 6.018063093766068405e-01 2.333537790771129106e-01
3.804861650990490896e-01 5.454406997370381260e-01 2.131801031455314854e-01
3.804861650990490896e-01 5.454406997370381260e-01 2.131801031455314854e-01
3.804861650990490896e-01 5.454406997370381260e-01 2.131801031455314854e-01
6.126162380698829679e-01 4.345135973103268490e-01 1.596249733810888582e-01
6.126162380698829679e-01 4.345135973103268490e-01 1.596249733810888582e-01
3.043118260754293369e-01 3.483594760641116617e-01 6.761931373974225390e-02
3.062303075531733199e-01 5.935125192494983271e-01 2.292451771653028769e-01
7.975357319213267626e-01 3.205978384613246135e-01 1.073032117435189642e-01
5.505080721630387641e-01 4.255870831894930095e-01 1.607232628389824169e-01
5.505080721630387641e-01 4.255870831894930095e-01 1.607232628389824169e-01
7.494734479564169050e-03 7.080880153191787540e-01 2.457600867040047599e-01
7.494734479564169050e-03 7.080880153191787540e-01 2.457600867040047599e-01
7.494734479564169050e-03 7.080880153191787540e-01 2.457600867040047599e-01
7.494734479564169050e-03 7.080880153191787540e-01 2.457600867040047599e-01
7.494734479564169050e-03 7.080880153191787540e-01 2.457600867040047599e-01
1.969287769661759446e-02 5.695536565770872306e-01 1.547714699887876855e-01
1.969287769661759446e-02 5.695536565770872306e-01 1.547714699887876855e-01
-5.745747958789202414e-01 1.018565422778054730e+00 1.468188516982419922e-01
-5.156401767564348093e-01 9.788878866451384830e-01 1.628981510446268766e-01
-5.156401767564348093e-01 9.788878866451384830e-01 1.628981510446268766e-01
-1.804178731248994305e-01 7.214295536236270401e-01 1.959567447033661314e-01
-3.237112740186433024e-01 9.226021788790653710e-01 2.023996493737057478e-01
-3.237112740186433024e-01 9.226021788790653710e-01 2.023996493737057478e-01
-4.839433099095770685e-01 5.925797629476505790e-01 1.793679858120990692e-02
-4.839433099095770685e-01 5.925797629476505790e-01 1.793679858120990692e-02
-4.839433099095770685e-01 5.925797629476505790e-01 1.793679858120990692e-02
-2.141234555448357502e-01 1.069624580999574803e+00 8.820838078805950944e-02
-5.211537601751425886e-01 1.134867437769425447e+00 9.964911181968179321e-02
-1.046137094863335282e+00 1.254264026607799565e+00 4.728721698365768999e-02
-1.237649840201183071e+00 1.393485171866826633e+00 2.155167853267371536e-02
-1.414908939049203562e+00 9.937303043018010928e-01 1.531981609661180882e-03
-1.414908939049203562e+00 9.937303043018010928e-01 1.531981609661180882e-03
-1.782137729340340870e+00 1.228434574334882345e+00 7.227417147928741391e-04
-1.782137729340340870e+00 1.228434574334882345e+00 7.227417147928741391e-04
-1.671880482844921634e+00 1.440121816003971045e+00 4.786808909968169427e-03
-1.671880482844921634e+00 1.440121816003971045e+00 4.786808909968169427e-03
-2.058669757092790764e+00 1.397778095542492105e+00 2.665693054402485350e-04
-2.139781777688914310e+00 1.449705602573253760e+00 1.914185225380822780e-04
-2.139781777688914310e+00 1.449705602573253760e+00 1.914185225380822780e-04
-2.139781777688914310e+00 1.449705602573253760e+00 1.914185225380822780e-04
-2.068986137791405167e+00 1.481090896098651077e+00 4.255160768358672279e-04
-2.001903724019328479e+00 1.605372912927301554e+00 9.210053743049414479e-04
-2.001903724019328479e+00 1.605372912927301554e+00 9.210053743049414479e-04
-2.001903724019328479e+00 1.605372912927301554e+00 9.210053743049414479e-04
-1.529279489816929072e+00 1.720859811357171143e+00 1.509413072071045777e-03
-1.529279489816929072e+00 1.720859811357171143e+00 1.509413072071045777e-03
-1.540624026919298117e+00 1.776054240147701746e+00 7.844076866530804099e-04
-1.540624026919298117e+00 1.776054240147701746e+00 7.844076866530804099e-04
-1.591395286926448716e+00 1.301812914572612945e+00 5.252637264225296261e-03
-1.315472291243354075e+00 1.096768129204941156e+00 9.505662021331712230e-03
-1.315472291243354075e+00 1.096768129204941156e+00 9.505662021331712230e-03
-1.239548704526683087e+00 9.995705411390831685e-01 7.160183313956330203e-03
-1.239548704526683087e+00 9.995705411390831685e-01 7.160183313956330203e-03
-1.239548704526683087e+00 9.995705411390831685e-01 7.160183313956330203e-03
-1.239548704526683087e+00 9.995705411390831685e-01 7.160183313956330203e-03
-1.239548704526683087e+00 9.995705411390831685e-01 7.160183313956330203e-03
-1.297247739708812242e+00 1.244959501268715130e+00 2.109303712695722102e-02
-1.200707010029743005e+00 1.107204594839121592e+00 2.073416799582421602e-02
-7.976243093725832178e-01 1.025956912624372164e+00 9.003014494038133475e-02
-8.215082524413185316e-01 1.141966371217360221e+00 8.774362167070400009e-02
-8.215082524413185316e-01 1.141966371217360221e+00 8.774362167070400009e-02
-7.350378285781299370e-01 1.237156351696556689e+00 6.354104183359715607e-02
-7.350378285781299370e-01 1.237156351696556689e+00 6.354104183359715607e-02
-5.698419135811780833e-01 9.604717458251152973e-01 1.478618169071278243e-01
-5.698419135811780833e-01 9.604717458251152973e-01 1.478618169071278243e-01
-5.698419135811780833e-01 9.604717458251152973e-01 1.478618169071278243e-01
