2.489132485845457765e-01 1.481402749648903505e-01 3.544353194498372356e-03
-1.190263016290861731e-01 9.156503676257947699e-01 1.824724409452940788e-01
7.559866812623383669e-02 9.152073119193996353e-01 1.255589527360724267e-01
7.559866812623383669e-02 9.152073119193996353e-01 1.255589527360724267e-01
-1.368612314521381879e-01 1.153594890248944349e+00 2.643946853740635275e-02
-6.549976260237837522e-01 1.245999863001777452e+00 5.270255756578857975e-02
-9.237099171216269777e-01 1.228075636896731604e+00 7.224176475459091751e-02
-7.841468826746086362e-01 1.121766334200317461e+00 1.075064892581162751e-01
-3.929561080986516686e-01 9.160381330347997508e-01 1.924076985371403481e-01
-3.929561080986516686e-01 9.160381330347997508e-01 1.924076985371403481e-01
-6.475150589827207703e-01 7.700941608342896094e-01 5.339399088410327898e-02
-5.390819773919176550e-01 7.395284630013553295e-01 6.872644270386628340e-02
-5.390819773919176550e-01 7.395284630013553295e-01 6.872644270386628340e-02
-5.390819773919176550e-01 7.395284630013553295e-01 6.872644270386628340e-02
-5.390819773919176550e-01 7.395284630013553295e-01 6.872644270386628340e-02
-3.761022347470412974e-01 5.067123195806776392e-01 1.381666144969682063e-02
-3.761022347470412974e-01 5.067123195806776392e-01 1.381666144969682063e-02
-1.756655953038865070e-01 4.708698185641316258e-01 2.897791563997143688e-02
-3.286945368966055492e-01 5.179519565348116306e-01 2.149850568470420067e-02
2.427913459548169950e-02 2.386958984141637763e-01 3.450704454333704957e-03
-1.170872855203181628e-01 5.177969156305678444e-01 6.426167642825611481e-02
-1.308034070481208233e-01 8.762964521889082814e-01 2.118915035848021322e-01
-1.308034070481208233e-01 8.762964521889082814e-01 2.118915035848021322e-01
-3.489303583961044786e-01 6.930499061568162755e-01 1.054128524779389814e-01
-6.008625076802331932e-03 6.060688484696190592e-01 1.768009056241717225e-01
-6.008625076802331932e-03 6.060688484696190592e-01 1.768009056241717225e-01
-2.487960733017830495e-01 8.196799581160360004e-01 2.164511926916885820e-01
-4.734920706696306159e-01 7.949319440650235435e-01 1.251151018984751062e-01
-9.636060589894257511e-01 1.338769920480892273e+00 3.979236827425854800e-02
-8.382191926563816731e-01 1.075554685538651745e+00 1.042310665765841943e-01
-8.382191926563816731e-01 1.075554685538651745e+00 1.042310665765841943e-01
-2.879656623629786028e-01 1.067301005266884539e+00 1.008456704147325383e-01
-1.895795575688108137e-01 9.760993090016886198e-01 1.499201281205289615e-01
-1.895795575688108137e-01 9.760993090016886198e-01 1.499201281205289615e-01
-1.895795575688108137e-01 9.760993090016886198e-01 1.499201281205289615e-01
4.218667624319445419e-01 4.403654324631969263e-01 1.807361374739176185e-01
2.421073184073743445e-01 8.611605486432347689e-01 1.149240201881768786e-01
2.421073184073743445e-01 8.611605486432347689e-01 1.149240201881768786e-01
-1.191134939201843046e-01 7.032401445261212691e-01 2.069451169975519977e-01
-1.191134939201843046e-01 7.032401445261212691e-01 2.069451169975519977e-01
-1.191134939201843046e-01 7.032401445261212691e-01 2.069451169975519977e-01
-3.341285403182002733e-01 8.186505794980650785e-01 1.912309231674201027e-01
-1.125242245981891709e-01 7.957848054196742238e-01 2.384992648036184659e-01
-1.125242245981891709e-01 7.957848054196742238e-01 2.384992648036184659e-01
-1.161042444340321944e-01 7.120983122216799632e-01 2.135068994258576824e-01
6.783163089797766832e-02 4.393185911398002630e-01 6.641332296720529882e-02
1.149077574107933014e-01 5.437196962743187090e-01 1.696944365093452367e-01
-2.303182991812549596e-03 6.333141326033775442e-01 2.009379210127854587e-01
-5.817980714567147493e-02 7.525720873810247680e-01 2.438390099244190090e-01
-5.817980714567147493e-02 7.525720873810247680e-01 2.438390099244190090e-01
-5.817980714567147493e-02 7.525720873810247680e-01 2.438390099244190090e-01
-6.697696982611943683e-01 9.619291149077213721e-01 1.303672023792717405e-01
-6.697696982611943683e-01 9.619291149077213721e-01 1.303672023792717405e-01
-6.697696982611943683e-01 9.619291149077213721e-01 1.303672023792717405e-01
-6.697696982611943683e-01 9.619291149077213721e-01 1.303672023792717405e-01
-6.697696982611943683e-01 9.619291149077213721e-01 1.303672023792717405e-01
-6.697696982611943683e-01 9.619291149077213721e-01 1.303672023792717405e-01
-6.697696982611943683e-01 9.619291149077213721e-01 1.303672023792717405e-01
-6.376045716419247444e-01 9.677783832233010086e-01 1.405949366749958129e-01
-6.376045716419247444e-01 9.677783832233010086e-01 1.405949366749958129e-01
-6.376045716419247444e-01 9.677783832233010086e-01 1.405949366749958129e-01
-4.896157588969259344e-01 6.374132791458444469e-01 3.422608143572255374e-02
-5.993917643768736925e-02 9.787248988015759821e-01 1.131204723123572509e-01
-5.527337157815001012e-01 9.869533301010282589e-01 1.599291315648095901e-01
-5.527337157815001012e-01 9.869533301010282589e-01 1.599291315648095901e-01
-5.014758617911860838e-01 1.051350326525578804e+00 1.418616261229849462e-01
-5.014758617911860838e-01 1.051350326525578804e+00 1.418616261229849462e-01
-5.014758617911860838e-01 1.051350326525578804e+00 1.418616261229849462e-01
-5.014758617911860838e-01 1.051350326525578804e+00 1.418616261229849462e-01
-7.566380709270763560e-01 8.552066013661538957e-01 6.152283329288836533e-02
-8.702236478800630115e-01 1.268168421231798959e+00 5.892189312193107237e-02
-7.826320826762978022e-01 1.181497479928756311e+00 8.911594711466271079e-02
-7.826320826762978022e-01 1.181497479928756311e+00 8.911594711466271079e-02
-7.826320826762978022e-01 1.181497479928756311e+00 8.911594711466271079e-02
-6.827972009767090400e-01 1.071818812970828150e+00 1.284169037042566519e-01
-6.827972009767090400e-01 1.071818812970828150e+00 1.284169037042566519e-01
-6.827972009767090400e-01 1.071818812970828150e+00 1.284169037042566519e-01
-6.827972009767090400e-01 1.071818812970828150e+00 1.284169037042566519e-01
-6.827972009767090400e-01 1.071818812970828150e+00 1.284169037042566519e-01
-6.827972009767090400e-01 1.071818812970828150e+00 1.284169037042566519e-01
-6.827972009767090400e-01 1.071818812970828150e+00 1.284169037042566519e-01
-3.531447268257914551e-01 7.953296537877629913e-01 1.730109913627925211e-01
-3.531447268257914551e-01 7.953296537877629913e-01 1.730109913627925211e-01
-3.531447268257914551e-01 7.953296537877629913e-01 1.730109913627925211e-01
-1.332056411345572677e-01 7.903601264533338666e-01 2.357676433344397804e-01
-1.332056411345572677e-01 7.903601264533338666e-01 2.357676433344397804e-01
-1.332056411345572677e-01 7.903601264533338666e-01 2.357676433344397804e-01
-1.332056411345572677e-01 7.903601264533338666e-01 2.357676433344397804e-01
5.224801300759365774e-02 7.950659039610277201e-01 2.319628499573670177e-01
1.712428738144260998e-01 9.371090782010195186e-01 7.769207654648144223e-02
1.712428738144260998e-01 9.371090782010195186e-01 7.769207654648144223e-02
1.712428738144260998e-01 9.371090782010195186e-01 7.769207654648144223e-02
-2.960923589391271649e-01 8.617009709124320294e-01 2.108186217110003535e-01
-2.960923589391271649e-01 8.617009709124320294e-01 2.108186217110003535e-01
-2.960923589391271649e-01 8.617009709124320294e-01 2.108186217110003535e-01
-2.960923589391271649e-01 8.617009709124320294e-01 2.108186217110003535e-01
-1.487728501667768266e-01 9.617146510652377911e-01 1.519487821097688929e-01
-1.487728501667768266e-01 9.617146510652377911e-01 1.519487821097688929e-01
-1.267764506811678848e-01 9.270500792319419370e-01 1.751626636024696260e-01
-1.992736563250375181e-01 9.139292943041766870e-01 1.974300984411244964e-01
