2.489132485845457765e-01 1.481402749648903505e-01 1.361674554786648263e-03
2.841059923426015321e-01 5.958454879435395313e-01 6.473671090748796264e-02
2.209510186891981975e-01 6.161506703152055398e-01 6.151789194282342860e-02
2.416178677616347414e-01 5.027940619716565473e-01 3.894188214204263865e-02
-3.110149279876811557e-02 6.289559478901434186e-01 3.416876423746364327e-02
1.280163117748918666e-01 5.042010320967885706e-01 2.700617785548336050e-02
3.360386659572914825e-01 2.898337143229415824e-01 1.127778961758879074e-02
3.251764661441262638e-01 6.055044561365952038e-01 7.103522722154952118e-02
3.962382501047072569e-01 5.396807228900819542e-01 6.595516642762001835e-02
3.962382501047072569e-01 5.396807228900819542e-01 6.595516642762001835e-02
2.344770008119567706e-01 5.765429239019210783e-01 5.466155150014053582e-02
2.344770008119567706e-01 5.765429239019210783e-01 5.466155150014053582e-02
2.344770008119567706e-01 5.765429239019210783e-01 5.466155150014053582e-02
2.344770008119567706e-01 5.765429239019210783e-01 5.466155150014053582e-02
-1.987607704906148576e-01 1.015049595226342305e+00 6.157859434650257008e-02
-1.987607704906148576e-01 1.015049595226342305e+00 6.157859434650257008e-02
-1.987607704906148576e-01 1.015049595226342305e+00 6.157859434650257008e-02
-1.987607704906148576e-01 1.015049595226342305e+00 6.157859434650257008e-02
-2.812049227037201060e-01 9.947161530244542638e-01 5.994373221220910403e-02
-2.812049227037201060e-01 9.947161530244542638e-01 5.994373221220910403e-02
-4.829682351767394799e-01 1.103398156181614187e+00 5.091227515125582026e-02
-4.829682351767394799e-01 1.103398156181614187e+00 5.091227515125582026e-02
-4.829682351767394799e-01 1.103398156181614187e+00 5.091227515125582026e-02
-4.829682351767394799e-01 1.103398156181614187e+00 5.091227515125582026e-02
-2.803730765580371154e-01 1.144031263547609978e+00 4.766255833980061890e-02
-2.803730765580371154e-01 1.144031263547609978e+00 4.766255833980061890e-02
3.248233821874318972e-02 9.022749127497052823e-01 7.082239636118681236e-02
-2.531371163500922283e-01 9.296334908009811215e-01 5.894617584343714300e-02
-1.498883447487265319e-01 9.483338549989116517e-01 6.553327948587420182e-02
3.943910241608247769e-01 7.124195931763133149e-01 8.213065050163406711e-02
4.316887858265873179e-01 8.051893457128802556e-01 6.736892716871149822e-02
4.316887858265873179e-01 8.051893457128802556e-01 6.736892716871149822e-02
9.094055221333646744e-01 5.590265301392690622e-01 7.239240648591256655e-02
9.096837957193696367e-01 3.620221441310097488e-01 7.848225686655757594e-02
7.296244471821852207e-01 3.489711003289946989e-01 6.030355422861763404e-02
6.937886817513480020e-01 5.177142983202159821e-02 5.790232788266716848e-03
8.746083874220744736e-01 3.568356783078994732e-01 7.550298069481994889e-02
8.746083874220744736e-01 3.568356783078994732e-01 7.550298069481994889e-02
1.028960935684001265e+00 5.043550209868257195e-01 7.037836009870936105e-02
1.028870532588699316e+00 7.758826412914958670e-01 1.511380410528870115e-02
1.028870532588699316e+00 7.758826412914958670e-01 1.511380410528870115e-02
1.121890099122444306e+00 6.973164595373648744e-01 1.967227993927401705e-02
1.204384735329882217e+00 7.545774880023239373e-01 8.069038389768089931e-03
1.299253933046799814e+00 6.024194981969943630e-01 2.012125104365285189e-02
8.793350904165038173e-01 7.356826496464570209e-01 3.545205425453575726e-02
8.793350904165038173e-01 7.356826496464570209e-01 3.545205425453575726e-02
9.420892090969038568e-01 6.230363564235487095e-01 5.456781207465261074e-02
9.420892090969038568e-01 6.230363564235487095e-01 5.456781207465261074e-02
8.674315133314346449e-01 3.831241868189810829e-01 7.914224307851523699e-02
8.674315133314346449e-01 3.831241868189810829e-01 7.914224307851523699e-02
8.674315133314346449e-01 3.831241868189810829e-01 7.914224307851523699e-02
5.654269191136100936e-01 2.661049914429529095e-01 2.392511075205689536e-02
5.654269191136100936e-01 2.661049914429529095e-01 2.392511075205689536e-02
5.654269191136100936e-01 2.661049914429529095e-01 2.392511075205689536e-02
1.035937497496454807e+00 3.759793263967709520e-01 8.207064046207085406e-02
1.035937497496454807e+00 3.759793263967709520e-01 8.207064046207085406e-02
1.035937497496454807e+00 3.759793263967709520e-01 8.207064046207085406e-02
6.849431630270172988e-01 5.098662205377725298e-01 8.440658407852728862e-02
6.849431630270172988e-01 5.098662205377725298e-01 8.440658407852728862e-02
6.849431630270172988e-01 5.098662205377725298e-01 8.440658407852728862e-02
6.849431630270172988e-01 5.098662205377725298e-01 8.440658407852728862e-02
6.849431630270172988e-01 5.098662205377725298e-01 8.440658407852728862e-02
1.138765439997087014e+00 4.671497430549842456e-01 6.549121169020633015e-02
1.138765439997087014e+00 4.671497430549842456e-01 6.549121169020633015e-02
1.377273445112180195e+00 5.601737665075979811e-01 2.022770407250318661e-02
1.377273445112180195e+00 5.601737665075979811e-01 2.022770407250318661e-02
1.365185556094905994e+00 5.724193487226419963e-01 1.935967791151754075e-02
1.435147240583328543e+00 5.513429229550452781e-01 1.702311683504991249e-02
9.476488789937789203e-01 8.690360042720610689e-01 9.216418502706656343e-03
6.979301384728624491e-01 7.201139026434436596e-01 6.005250439885839037e-02
6.979301384728624491e-01 7.201139026434436596e-01 6.005250439885839037e-02
6.979301384728624491e-01 7.201139026434436596e-01 6.005250439885839037e-02
6.288039751580832837e-01 7.246358290088705800e-01 6.642793737892314920e-02
7.297643480146375206e-01 4.285799380946281323e-01 7.702837695056943823e-02
7.297643480146375206e-01 4.285799380946281323e-01 7.702837695056943823e-02
7.639522470128052856e-01 3.817300671351944175e-01 7.116450700324163103e-02
1.021829313115737436e+00 2.957467652856375362e-01 7.471605286051262451e-02
1.194943364257407881e+00 1.721357172854778850e-01 6.352770420916740990e-02
1.194943364257407881e+00 1.721357172854778850e-01 6.352770420916740990e-02
8.690383687368055110e-01 5.990713900900237476e-01 6.857791088672848812e-02
8.690383687368055110e-01 5.990713900900237476e-01 6.857791088672848812e-02
8.690383687368055110e-01 5.990713900900237476e-01 6.857791088672848812e-02
8.695099459709728640e-01 6.869450660191562807e-01 4.795423045908239063e-02
7.418064788947151822e-01 3.634275633623719748e-01 6.499999259342822966e-02
4.699373949322523392e-01 3.798903865636836241e-01 3.765430364963979343e-02
4.699373949322523392e-01 3.798903865636836241e-01 3.765430364963979343e-02
2.120861634634074733e-02 5.737196751219295621e-01 2.919593975257126633e-02
2.120861634634074733e-02 5.737196751219295621e-01 2.919593975257126633e-02
1.096626928697275044e-01 6.327798958052573974e-01 5.155712320398220250e-02
-7.768608704018241384e-02 9.325041797145795508e-01 6.796770488064968196e-02
-7.768608704018241384e-02 9.325041797145795508e-01 6.796770488064968196e-02
-7.768608704018241384e-02 9.325041797145795508e-01 6.796770488064968196e-02
-7.768608704018241384e-02 9.325041797145795508e-01 6.796770488064968196e-02
-7.768608704018241384e-02 9.325041797145795508e-01 6.796770488064968196e-02
-7.768608704018241384e-02 9.325041797145795508e-01 6.796770488064968196e-02
-7.768608704018241384e-02 9.325041797145795508e-01 6.796770488064968196e-02
-7.768608704018241384e-02 9.325041797145795508e-01 6.796770488064968196e-02
-7.768608704018241384e-02 9.325041797145795508e-01 6.796770488064968196e-02
4.464340362333586443e-01 9.199484717860615390e-01 3.928637194489904838e-02
4.464340362333586443e-01 9.199484717860615390e-01 3.928637194489904838e-02
