2.489132485845457765e-01 1.481402749648903505e-01 2.575732395704957798e-03
1.770049497121788107e-01 2.492135299423324235e-01 7.048264599848721307e-03
1.770049497121788107e-01 2.492135299423324235e-01 7.048264599848721307e-03
3.662518177785640816e-01 6.127828968088202544e-01 1.994667851201020747e-01
3.662518177785640816e-01 6.127828968088202544e-01 1.994667851201020747e-01
3.474945921779609148e-01 6.376517723699542950e-01 2.035471827665768785e-01
4.804948292591606496e-01 7.762197173503114778e-01 1.287450141541001125e-01
4.804948292591606496e-01 7.762197173503114778e-01 1.287450141541001125e-01
6.762526746211309225e-01 4.584861954289272123e-01 1.721569202016464406e-01
6.762526746211309225e-01 4.584861954289272123e-01 1.721569202016464406e-01
6.762526746211309225e-01 4.584861954289272123e-01 1.721569202016464406e-01
3.803379613990847674e-01 6.934588969813880732e-01 1.979205901732749573e-01
3.090320060324658336e-01 7.276846923197215489e-01 2.011621608987211873e-01
2.081856198038598005e-01 8.732652007015559992e-01 1.569060157414540468e-01
2.081856198038598005e-01 8.732652007015559992e-01 1.569060157414540468e-01
2.081856198038598005e-01 8.732652007015559992e-01 1.569060157414540468e-01
2.085181703604936931e-01 7.273938095518746039e-01 2.106911070069404646e-01
2.085181703604936931e-01 7.273938095518746039e-01 2.106911070069404646e-01
-4.137041704177079060e-01 7.613374778107405705e-01 7.472016949670880204e-02
-4.137041704177079060e-01 7.613374778107405705e-01 7.472016949670880204e-02
-4.137041704177079060e-01 7.613374778107405705e-01 7.472016949670880204e-02
-4.137041704177079060e-01 7.613374778107405705e-01 7.472016949670880204e-02
-4.137041704177079060e-01 7.613374778107405705e-01 7.472016949670880204e-02
-5.036803759604446817e-01 1.209691898347835748e+00 1.274478300224979321e-01
-2.510776412340250952e-01 1.128579233937127446e+00 1.215682586067024229e-01
-2.510776412340250952e-01 1.128579233937127446e+00 1.215682586067024229e-01
-2.510776412340250952e-01 1.128579233937127446e+00 1.215682586067024229e-01
-1.456996118155553521e-01 1.121716351180557680e+00 9.827914896996657601e-02
-1.456996118155553521e-01 1.121716351180557680e+00 9.827914896996657601e-02
-1.456996118155553521e-01 1.121716351180557680e+00 9.827914896996657601e-02
-1.456996118155553521e-01 1.121716351180557680e+00 9.827914896996657601e-02
-1.456996118155553521e-01 1.121716351180557680e+00 9.827914896996657601e-02
-4.624502582701260356e-01 9.977313941402108366e-01 1.760894647074044417e-01
-4.624502582701260356e-01 9.977313941402108366e-01 1.760894647074044417e-01
-2.493627559151148643e-01 9.029195331786004086e-01 1.953078349316418050e-01
-2.728327282310507029e-01 7.481234141620017875e-01 1.111070440213397653e-01
-2.728327282310507029e-01 7.481234141620017875e-01 1.111070440213397653e-01
-1.972312291894479097e-02 6.112542135454641645e-01 1.054068477461759940e-01
-1.972312291894479097e-02 6.112542135454641645e-01 1.054068477461759940e-01
-1.972312291894479097e-02 6.112542135454641645e-01 1.054068477461759940e-01
-1.972312291894479097e-02 6.112542135454641645e-01 1.054068477461759940e-01
-1.972312291894479097e-02 6.112542135454641645e-01 1.054068477461759940e-01
-1.972312291894479097e-02 6.112542135454641645e-01 1.054068477461759940e-01
-1.972312291894479097e-02 6.112542135454641645e-01 1.054068477461759940e-01
-1.972312291894479097e-02 6.112542135454641645e-01 1.054068477461759940e-01
-4.546921631996440616e-01 1.059753947615868608e+00 1.795541256095458393e-01
-4.274867846415921768e-01 1.042186405811474481e+00 1.828361152867765960e-01
-4.274867846415921768e-01 1.042186405811474481e+00 1.828361152867765960e-01
-3.170414610832785751e-01 1.003318506455224135e+00 1.911464684781734036e-01
-2.833909121242579876e-01 1.252447350916625846e+00 5.745882564256200864e-02
-4.330486088711771320e-01 9.696292537117674470e-01 1.755492725987492231e-01
-1.767676488485768194e-01 1.245233592474115358e+00 4.095075771774014939e-02
-4.717552038637718437e-01 1.236494204625014914e+00 1.062894704072185892e-01
-4.717552038637718437e-01 1.236494204625014914e+00 1.062894704072185892e-01
-5.740344718919055955e-01 1.071108372554089083e+00 1.671316608902599921e-01
-7.034184509208126768e-01 7.541092499631130153e-01 1.697142991570178491e-02
-7.566790919830166384e-01 8.493075245211695323e-01 3.305033646151277205e-02
-7.566790919830166384e-01 8.493075245211695323e-01 3.305033646151277205e-02
-3.221796591543017452e-01 6.171307787932552857e-01 3.270567347924874246e-02
-6.645552824674526571e-01 7.269619009450780656e-01 1.580349356342646006e-02
-3.109054884144291653e-01 1.086575827056372567e+00 1.599975405092899650e-01
-3.639935708532987535e-01 1.129023080171397186e+00 1.466522554062619499e-01
-3.639935708532987535e-01 1.129023080171397186e+00 1.466522554062619499e-01
-2.109909877892323649e-01 9.843900181244129577e-01 1.911001082112700200e-01
-2.109909877892323649e-01 9.843900181244129577e-01 1.911001082112700200e-01
-2.109909877892323649e-01 9.843900181244129577e-01 1.911001082112700200e-01
-1.356535536616096937e-01 5.894155242335075151e-01 5.958105316483442576e-02
9.272489119591173501e-02 7.674513381878519391e-01 2.113546647607521811e-01
-8.715564145841164789e-02 8.793393846847399331e-01 2.075588882735999174e-01
-1.604580953304094448e-01 1.106541951441991412e+00 1.120073152633000862e-01
-7.275868031416964365e-01 1.220462871875191535e+00 1.422766297478159359e-01
-7.046825323893705084e-01 1.125180268168795905e+00 1.508086979119551974e-01
-7.046825323893705084e-01 1.125180268168795905e+00 1.508086979119551974e-01
-7.046825323893705084e-01 1.125180268168795905e+00 1.508086979119551974e-01
-7.046825323893705084e-01 1.125180268168795905e+00 1.508086979119551974e-01
-2.031283690451410884e-01 1.076872817259763249e+00 1.424716414817319698e-01
-3.468167885432282826e-01 1.234013513214065716e+00 8.053796735328110079e-02
-2.998347740509627601e-01 8.256550379934832762e-01 1.497966068049442767e-01
-2.998347740509627601e-01 8.256550379934832762e-01 1.497966068049442767e-01
-2.998347740509627601e-01 8.256550379934832762e-01 1.497966068049442767e-01
-1.722602709688600131e-01 6.163843046979941009e-01 6.405683656168977003e-02
1.552286691528668439e-01 5.291603313269558351e-01 1.053449276346550834e-01
1.309909150360933638e-01 5.690046282508965936e-01 1.246539036400825251e-01
1.309909150360933638e-01 5.690046282508965936e-01 1.246539036400825251e-01
6.105512179121849181e-01 3.875598442106710229e-01 1.332091206629628377e-01
5.058307897079092896e-01 4.205862451732060858e-01 1.304217035021944249e-01
5.058307897079092896e-01 4.205862451732060858e-01 1.304217035021944249e-01
8.357954844727726318e-01 5.072304958658184759e-01 1.502075442268285543e-01
8.357954844727726318e-01 5.072304958658184759e-01 1.502075442268285543e-01
8.357954844727726318e-01 5.072304958658184759e-01 1.502075442268285543e-01
8.357954844727726318e-01 5.072304958658184759e-01 1.502075442268285543e-01
8.357954844727726318e-01 5.072304958658184759e-01 1.502075442268285543e-01
9.508584644210491543e-01 6.579709085632589050e-01 5.130867370324088128e-02
9.508584644210491543e-01 6.579709085632589050e-01 5.130867370324088128e-02
1.190735518864423081e+00 4.367368285761638047e-01 7.937399264645735031e-02
1.190735518864423081e+00 4.367368285761638047e-01 7.937399264645735031e-02
1.190735518864423081e+00 4.367368285761638047e-01 7.937399264645735031e-02
1.190735518864423081e+00 4.367368285761638047e-01 7.937399264645735031e-02
1.190735518864423081e+00 4.367368285761638047e-01 7.937399264645735031e-02
1.190735518864423081e+00 4.367368285761638047e-01 7.937399264645735031e-02
