2.489132485845457765e-01 1.481402749648903505e-01 3.502856447595909927e-03
2.386883750275148042e-01 5.647878577048026649e-01 2.461744357335486910e-01
9.480444433069198373e-01 5.417032241230947953e-01 1.566875981930400952e-01
2.755705348854792236e-01 7.991807679739995063e-01 1.831907791262842311e-01
1.633872763290277474e-01 4.637008682616122757e-01 1.192415372808536544e-01
1.633872763290277474e-01 4.637008682616122757e-01 1.192415372808536544e-01
5.127346161563492433e-02 5.637353609180274505e-01 1.644956471227201900e-01
5.127346161563492433e-02 5.637353609180274505e-01 1.644956471227201900e-01
5.127346161563492433e-02 5.637353609180274505e-01 1.644956471227201900e-01
-7.768743559615348682e-02 6.056180813439999699e-01 1.440472477800366635e-01
1.002294878075148943e-01 5.477521351941312400e-01 1.716807491612246939e-01
-2.764217173691062013e-01 7.879893007575518027e-01 1.824111856273844534e-01
-2.764217173691062013e-01 7.879893007575518027e-01 1.824111856273844534e-01
-2.747438484383912805e-01 7.355471067422021392e-01 1.561029719508744140e-01
1.138824498644885330e-01 5.542911855387379072e-01 1.840707552544816883e-01
-3.255615913677259443e-01 6.281683712349195314e-01 6.746375364049513046e-02
-1.660534041622765689e-01 6.343148787099989194e-01 1.294572988598305385e-01
-2.850825191707778150e-01 5.694817422976431454e-01 4.762507862544951981e-02
-3.603175057255073033e-01 1.097872838741665413e+00 7.760563087603603027e-02
-1.752464790414439977e-01 1.100205624538340476e+00 5.013909591687600031e-02
-3.201946784266838097e-01 1.254423698398678289e+00 1.325968012807107396e-02
-3.201946784266838097e-01 1.254423698398678289e+00 1.325968012807107396e-02
-2.209300273131253323e-01 1.013044358582631199e+00 1.138173870817680289e-01
-2.209300273131253323e-01 1.013044358582631199e+00 1.138173870817680289e-01
2.826324191573997280e-01 4.914985364655088951e-01 1.977960749187671619e-01
4.193725385391255944e-01 6.516412937429747476e-01 2.704582856534851198e-01
4.193725385391255944e-01 6.516412937429747476e-01 2.704582856534851198e-01
4.193725385391255944e-01 6.516412937429747476e-01 2.704582856534851198e-01
4.193725385391255944e-01 6.516412937429747476e-01 2.704582856534851198e-01
7.433511372826230312e-01 5.648351153613343500e-01 2.275185512786507547e-01
7.433511372826230312e-01 5.648351153613343500e-01 2.275185512786507547e-01
7.433511372826230312e-01 5.648351153613343500e-01 2.275185512786507547e-01
7.433511372826230312e-01 5.648351153613343500e-01 2.275185512786507547e-01
8.169276353328230877e-01 8.207450457605702798e-01 1.938085030147235557e-02
8.808557147944648946e-01 7.853288430074136794e-01 2.161131841375389315e-02
8.808557147944648946e-01 7.853288430074136794e-01 2.161131841375389315e-02
6.205087117148344600e-01 7.793378583446991525e-01 7.958183824281642171e-02
6.205087117148344600e-01 7.793378583446991525e-01 7.958183824281642171e-02
6.205087117148344600e-01 7.793378583446991525e-01 7.958183824281642171e-02
6.205087117148344600e-01 7.793378583446991525e-01 7.958183824281642171e-02
6.205087117148344600e-01 7.793378583446991525e-01 7.958183824281642171e-02
2.581215723827673392e-01 1.093853359809406456e+00 8.604240805092384231e-03
4.261350212972256357e-01 8.468996608713487140e-01 8.623907773833873469e-02
3.395033279192840037e-01 5.433102530207928327e-01 2.645937276503000368e-01
3.395033279192840037e-01 5.433102530207928327e-01 2.645937276503000368e-01
3.217395023098134632e-01 5.879716030011270522e-01 2.829470879016136586e-01
2.651433791312201027e-01 7.088303471955550439e-01 2.644698302838269788e-01
-1.245253388542405526e-01 5.771957369497567880e-01 1.016743822857344159e-01
-1.245253388542405526e-01 5.771957369497567880e-01 1.016743822857344159e-01
-1.245253388542405526e-01 5.771957369497567880e-01 1.016743822857344159e-01
-1.245253388542405526e-01 5.771957369497567880e-01 1.016743822857344159e-01
-1.399293815391578211e-01 6.324373342909149764e-01 1.390840743654333245e-01
-1.399293815391578211e-01 6.324373342909149764e-01 1.390840743654333245e-01
-1.232948057625698479e-01 1.018141942798724164e+00 9.229042663623290843e-02
-1.232948057625698479e-01 1.018141942798724164e+00 9.229042663623290843e-02
-1.232948057625698479e-01 1.018141942798724164e+00 9.229042663623290843e-02
-1.232948057625698479e-01 1.018141942798724164e+00 9.229042663623290843e-02
-1.232948057625698479e-01 1.018141942798724164e+00 9.229042663623290843e-02
-1.232948057625698479e-01 1.018141942798724164e+00 9.229042663623290843e-02
-1.232948057625698479e-01 1.018141942798724164e+00 9.229042663623290843e-02
-3.529061531646638938e-01 9.362177613289117684e-01 1.678204342374928215e-01
-3.529061531646638938e-01 9.362177613289117684e-01 1.678204342374928215e-01
-8.920092716199222727e-01 7.370090221830531974e-01 9.032287065283884156e-03
-6.123929231392675199e-01 6.547626026292580059e-01 2.004535950630835159e-02
-6.123929231392675199e-01 6.547626026292580059e-01 2.004535950630835159e-02
-1.219371201192427923e-01 7.675423888227894675e-01 2.252158455205538201e-01
2.976917750072097246e-03 7.267148773882128321e-01 2.495575195247737299e-01
2.976917750072097246e-03 7.267148773882128321e-01 2.495575195247737299e-01
2.976917750072097246e-03 7.267148773882128321e-01 2.495575195247737299e-01
2.976917750072097246e-03 7.267148773882128321e-01 2.495575195247737299e-01
2.976917750072097246e-03 7.267148773882128321e-01 2.495575195247737299e-01
2.976917750072097246e-03 7.267148773882128321e-01 2.495575195247737299e-01
2.976917750072097246e-03 7.267148773882128321e-01 2.495575195247737299e-01
1.504932567593624260e-01 4.661629057968479373e-01 1.163564494705037616e-01
4.115049054715325116e-03 8.962183323742737295e-01 1.662919042757169119e-01
-4.436928191672228627e-01 8.750954692430239490e-01 1.541765673547932092e-01
-5.341175057385654235e-01 9.716540541241757145e-01 1.371875412926331916e-01
-5.341175057385654235e-01 9.716540541241757145e-01 1.371875412926331916e-01
-5.341175057385654235e-01 9.716540541241757145e-01 1.371875412926331916e-01
-5.341175057385654235e-01 9.716540541241757145e-01 1.371875412926331916e-01
-4.771835606700360333e-01 8.957755684937307450e-01 1.484792176511450512e-01
-7.655121198564738272e-01 9.215579167885985523e-01 7.482865700224147765e-02
-1.061908626643112585e+00 9.095383362056066456e-01 1.869219928065037756e-02
-9.590279243588263336e-01 1.082273852604903830e+00 6.255382160632393107e-02
-9.590279243588263336e-01 1.082273852604903830e+00 6.255382160632393107e-02
-9.590279243588263336e-01 1.082273852604903830e+00 6.255382160632393107e-02
-9.590279243588263336e-01 1.082273852604903830e+00 6.255382160632393107e-02
-9.590279243588263336e-01 1.082273852604903830e+00 6.255382160632393107e-02
-9.656814301198531902e-01 1.335884506625359069e+00 2.578002014518331400e-02
-7.239993069358880984e-01 1.038524400798256808e+00 1.004266228820839407e-01
-7.239993069358880984e-01 1.038524400798256808e+00 1.004266228820839407e-01
-3.574885665201292806e-01 7.727693533635273671e-01 1.447665491572008856e-01
-2.145819681260503209e-01 6.883435713436572012e-01 1.496671662840666772e-01
-2.145819681260503209e-01 6.883435713436572012e-01 1.496671662840666772e-01
-2.163144694593668593e-01 8.398890826064684401e-01 2.070721495640420462e-01
-2.163144694593668593e-01 8.398890826064684401e-01 2.070721495640420462e-01
-2.163144694593668593e-01 8.398890826064684401e-01 2.070721495640420462e-01
-2.163144694593668593e-01 8.398890826064684401e-01 2.070721495640420462e-01
-2.163144694593668593e-01 8.398890826064684401e-01 2.070721495640420462e-01
-5.065083780841581618e-01 9.484216819364809092e-01 1.441377931062935158e-01
