2.489132485845457765e-01 1.481402749648903505e-01 4.232625658623698391e-03
3.635094066115880929e-01 7.246669502650546768e-01 2.047620980167415838e-01
5.377730240260960581e-01 5.441344548844179174e-01 2.378891658900771366e-01
9.652600241332686126e-01 5.342589748686010775e-01 8.290111616938726502e-02
8.114092658867992913e-01 4.167476238859930682e-01 2.151145702458573672e-01
3.661078588078227614e-01 7.213209046674371461e-01 2.059526368939276209e-01
3.661078588078227614e-01 7.213209046674371461e-01 2.059526368939276209e-01
3.661078588078227614e-01 7.213209046674371461e-01 2.059526368939276209e-01
2.640023654058725744e-01 7.356721946843177706e-01 2.232487929410933714e-01
2.640023654058725744e-01 7.356721946843177706e-01 2.232487929410933714e-01
7.759944449611932971e-01 4.878485813090099876e-01 1.958428499329526451e-01
5.422863790388108285e-01 2.482942124754574098e-01 8.649339083879228895e-02
5.422863790388108285e-01 2.482942124754574098e-01 8.649339083879228895e-02
1.251704365004500996e+00 1.341862344511577099e-01 1.624918528743359569e-01
1.251704365004500996e+00 1.341862344511577099e-01 1.624918528743359569e-01
1.251704365004500996e+00 1.341862344511577099e-01 1.624918528743359569e-01
1.251704365004500996e+00 1.341862344511577099e-01 1.624918528743359569e-01
1.579643764526038385e+00 -9.357908783945437237e-02 1.094808842906591917e-01
1.628611159894836735e+00 -1.051198623866557436e-01 1.029588234590202295e-01
1.839809972337229427e+00 -1.093266429313136667e-01 6.327262202658874568e-02
1.839809972337229427e+00 -1.093266429313136667e-01 6.327262202658874568e-02
1.839809972337229427e+00 -1.093266429313136667e-01 6.327262202658874568e-02
1.742589239929890121e+00 -1.360634822757756657e-01 8.602491062648298659e-02
1.784095316057043190e+00 -4.127283253840366983e-01 3.873270643300960603e-02
1.784095316057043190e+00 -4.127283253840366983e-01 3.873270643300960603e-02
1.784095316057043190e+00 -4.127283253840366983e-01 3.873270643300960603e-02
1.984191288016118326e+00 -1.094257639752330702e-01 3.500363051113264401e-02
2.020154184250145146e+00 -4.378956021306686097e-02 1.883073053818018483e-02
2.020154184250145146e+00 -4.378956021306686097e-02 1.883073053818018483e-02
2.219320919267714576e+00 -1.894260792029981433e-01 1.583406803425489728e-02
1.779783937710541997e+00 9.676004590761744240e-02 2.788961500568620105e-02
1.779783937710541997e+00 9.676004590761744240e-02 2.788961500568620105e-02
1.779783937710541997e+00 9.676004590761744240e-02 2.788961500568620105e-02
1.799378625999856096e+00 -1.752531291656125867e-01 7.873821659746295387e-02
1.799378625999856096e+00 -1.752531291656125867e-01 7.873821659746295387e-02
1.799378625999856096e+00 -1.752531291656125867e-01 7.873821659746295387e-02
1.799378625999856096e+00 -1.752531291656125867e-01 7.873821659746295387e-02
1.799378625999856096e+00 -1.752531291656125867e-01 7.873821659746295387e-02
1.799378625999856096e+00 -1.752531291656125867e-01 7.873821659746295387e-02
1.639436258216610209e+00 7.350080023292951403e-02 6.624963731298172398e-02
1.639436258216610209e+00 7.350080023292951403e-02 6.624963731298172398e-02
1.639436258216610209e+00 7.350080023292951403e-02 6.624963731298172398e-02
1.639436258216610209e+00 7.350080023292951403e-02 6.624963731298172398e-02
1.639436258216610209e+00 7.350080023292951403e-02 6.624963731298172398e-02
1.639436258216610209e+00 7.350080023292951403e-02 6.624963731298172398e-02
1.324056417952615305e+00 2.952106131490936369e-02 1.467462296496216678e-01
1.324056417952615305e+00 2.952106131490936369e-02 1.467462296496216678e-01
1.324056417952615305e+00 2.952106131490936369e-02 1.467462296496216678e-01
1.315648215217000150e+00 1.672032021130979290e-02 1.440478410177344348e-01
1.554013506506219722e+00 -4.842730195947412414e-02 1.144618971394077700e-01
1.554013506506219722e+00 -4.842730195947412414e-02 1.144618971394077700e-01
1.597137215982141090e+00 -3.040406242019692562e-01 5.257934975914464737e-02
2.039049747610350849e+00 -4.481873915230304428e-01 4.166453275401419548e-02
2.039049747610350849e+00 -4.481873915230304428e-01 4.166453275401419548e-02
1.647128647713634653e+00 -5.440120744059284696e-02 9.674784156153065640e-02
1.647128647713634653e+00 -5.440120744059284696e-02 9.674784156153065640e-02
1.647128647713634653e+00 -5.440120744059284696e-02 9.674784156153065640e-02
1.339587144082869941e+00 8.897049820918631613e-02 1.479926439334628974e-01
1.072311399980916402e+00 3.444801010903463245e-01 1.530477686331900844e-01
8.580799831724026383e-01 1.256034626777657870e-01 1.147372164295974856e-01
8.580799831724026383e-01 1.256034626777657870e-01 1.147372164295974856e-01
7.453234320258530499e-01 3.241428126440246693e-01 2.094335679003695994e-01
7.453234320258530499e-01 3.241428126440246693e-01 2.094335679003695994e-01
7.239637846733281146e-01 4.937269370925767564e-01 2.116584160405366455e-01
1.019294894711908483e+00 4.171283212879893787e-01 1.334872326928796538e-01
1.019294894711908483e+00 4.171283212879893787e-01 1.334872326928796538e-01
6.573730675289497505e-01 3.595977595586076769e-01 2.077441707539784133e-01
6.573730675289497505e-01 3.595977595586076769e-01 2.077441707539784133e-01
2.980477227695900733e-01 7.896106777330886839e-01 1.845410097912564551e-01
2.980477227695900733e-01 7.896106777330886839e-01 1.845410097912564551e-01
2.980477227695900733e-01 7.896106777330886839e-01 1.845410097912564551e-01
2.980477227695900733e-01 7.896106777330886839e-01 1.845410097912564551e-01
3.981331925488804657e-01 8.152010407198904129e-01 1.253996942679783955e-01
4.148269255080368478e-01 5.786354040949298616e-01 2.398154441124163982e-01
4.148269255080368478e-01 5.786354040949298616e-01 2.398154441124163982e-01
4.148269255080368478e-01 5.786354040949298616e-01 2.398154441124163982e-01
4.420378360122265149e-01 5.865410413088139041e-01 2.400766992065799244e-01
4.420378360122265149e-01 5.865410413088139041e-01 2.400766992065799244e-01
4.420378360122265149e-01 5.865410413088139041e-01 2.400766992065799244e-01
4.689642157962438662e-01 6.787409347586428332e-01 1.973466508790586993e-01
4.689642157962438662e-01 6.787409347586428332e-01 1.973466508790586993e-01
5.547404056297072783e-01 2.630549360971375927e-01 1.011440631492724063e-01
5.547404056297072783e-01 2.630549360971375927e-01 1.011440631492724063e-01
5.547404056297072783e-01 2.630549360971375927e-01 1.011440631492724063e-01
5.547404056297072783e-01 2.630549360971375927e-01 1.011440631492724063e-01
6.696598852848052452e-01 4.530494580868681398e-01 2.340038490764739798e-01
6.696598852848052452e-01 4.530494580868681398e-01 2.340038490764739798e-01
3.112691452193332986e-01 5.906262335481489156e-01 2.263294704740197449e-01
3.112691452193332986e-01 5.906262335481489156e-01 2.263294704740197449e-01
3.112691452193332986e-01 5.906262335481489156e-01 2.263294704740197449e-01
6.125722057439649815e-01 4.330407529620484697e-01 2.303802164782813577e-01
1.945773432299559569e-01 7.225678887156811170e-01 2.300203191572744166e-01
1.945773432299559569e-01 7.225678887156811170e-01 2.300203191572744166e-01
1.945773432299559569e-01 7.225678887156811170e-01 2.300203191572744166e-01
4.133768377924924575e-01 6.527559571848520203e-01 2.278107142390215500e-01
4.133768377924924575e-01 6.527559571848520203e-01 2.278107142390215500e-01
2.116804405310701298e-01 5.551393298895502815e-01 1.691493516125447127e-01
2.116804405310701298e-01 5.551393298895502815e-01 1.691493516125447127e-01
2.116804405310701298e-01 5.551393298895502815e-01 1.691493516125447127e-01
5.082588895204975810e-01 3.698036335219396786e-01 1.621609585218099225e-01
