2.489132485845457765e-01 1.481402749648903505e-01 2.245218422821627230e-02
5.692789071790502753e-01 9.364143295285265456e-02 4.196051570690192967e-01
6.361139174516934336e-01 2.818963043409956626e-01 5.788692020852604925e-01
6.361139174516934336e-01 2.818963043409956626e-01 5.788692020852604925e-01
6.361139174516934336e-01 2.818963043409956626e-01 5.788692020852604925e-01
6.361139174516934336e-01 2.818963043409956626e-01 5.788692020852604925e-01
6.361139174516934336e-01 2.818963043409956626e-01 5.788692020852604925e-01
6.361139174516934336e-01 2.818963043409956626e-01 5.788692020852604925e-01
6.361139174516934336e-01 2.818963043409956626e-01 5.788692020852604925e-01
8.203289948746820270e-01 2.099412554171936618e-01 3.825162238853402341e-01
8.203289948746820270e-01 2.099412554171936618e-01 3.825162238853402341e-01
8.203289948746820270e-01 2.099412554171936618e-01 3.825162238853402341e-01
8.343579521315893643e-01 1.793628788390970730e-01 3.996142183638653478e-01
8.343579521315893643e-01 1.793628788390970730e-01 3.996142183638653478e-01
8.343579521315893643e-01 1.793628788390970730e-01 3.996142183638653478e-01
8.343579521315893643e-01 1.793628788390970730e-01 3.996142183638653478e-01
6.263887788925293076e-01 1.606008692257867576e-01 6.031301302469667114e-01
6.263887788925293076e-01 1.606008692257867576e-01 6.031301302469667114e-01
6.263887788925293076e-01 1.606008692257867576e-01 6.031301302469667114e-01
6.263887788925293076e-01 1.606008692257867576e-01 6.031301302469667114e-01
7.087957168763624471e-01 2.908786653241485221e-01 4.757720615601852554e-01
7.087957168763624471e-01 2.908786653241485221e-01 4.757720615601852554e-01
6.209081588990030820e-01 2.650008643489794036e-01 5.981184067481866151e-01
5.485226939143877933e-01 9.637824265717617744e-02 3.770206001107352933e-01
5.485226939143877933e-01 9.637824265717617744e-02 3.770206001107352933e-01
5.485226939143877933e-01 9.637824265717617744e-02 3.770206001107352933e-01
5.250087194862967932e-01 4.970884901236883868e-01 3.712096699682961853e-01
5.250087194862967932e-01 4.970884901236883868e-01 3.712096699682961853e-01
5.250087194862967932e-01 4.970884901236883868e-01 3.712096699682961853e-01
7.441903291249326591e-01 3.398525405376076614e-01 3.228776892202150917e-01
7.441903291249326591e-01 3.398525405376076614e-01 3.228776892202150917e-01
7.441903291249326591e-01 3.398525405376076614e-01 3.228776892202150917e-01
7.926523270687093614e-01 4.656975852130564308e-01 8.835713533607818249e-02
3.275327593305633611e-01 1.332422287041564180e-01 5.915548866466854849e-02
3.275327593305633611e-01 1.332422287041564180e-01 5.915548866466854849e-02
5.990502909150645650e-01 -9.471311799778703300e-02 1.898035060887023062e-01
5.990502909150645650e-01 -9.471311799778703300e-02 1.898035060887023062e-01
6.374536373381054499e-01 4.385087914923588293e-02 4.874340534669879821e-01
6.374536373381054499e-01 4.385087914923588293e-02 4.874340534669879821e-01
6.374536373381054499e-01 4.385087914923588293e-02 4.874340534669879821e-01
6.374536373381054499e-01 4.385087914923588293e-02 4.874340534669879821e-01
6.374536373381054499e-01 4.385087914923588293e-02 4.874340534669879821e-01
6.374536373381054499e-01 4.385087914923588293e-02 4.874340534669879821e-01
6.374536373381054499e-01 4.385087914923588293e-02 4.874340534669879821e-01
6.374536373381054499e-01 4.385087914923588293e-02 4.874340534669879821e-01
6.374536373381054499e-01 4.385087914923588293e-02 4.874340534669879821e-01
8.694444914735312002e-01 1.053389918243556461e-01 4.275140408933443825e-01
8.694444914735312002e-01 1.053389918243556461e-01 4.275140408933443825e-01
8.694444914735312002e-01 1.053389918243556461e-01 4.275140408933443825e-01
6.063632599263444334e-01 4.792542296375034150e-01 3.138416367584844768e-01
6.063632599263444334e-01 4.792542296375034150e-01 3.138416367584844768e-01
3.293078692691513987e-01 4.900447856494434262e-01 2.756982752999046493e-01
3.293078692691513987e-01 4.900447856494434262e-01 2.756982752999046493e-01
3.293078692691513987e-01 4.900447856494434262e-01 2.756982752999046493e-01
5.045004863859665623e-01 -1.019942094555947865e-02 1.462241641555833416e-01
5.045004863859665623e-01 -1.019942094555947865e-02 1.462241641555833416e-01
5.045004863859665623e-01 -1.019942094555947865e-02 1.462241641555833416e-01
5.045004863859665623e-01 -1.019942094555947865e-02 1.462241641555833416e-01
4.186095916595746758e-01 5.386524627793980446e-01 3.426101633699556448e-01
4.186095916595746758e-01 5.386524627793980446e-01 3.426101633699556448e-01
5.777611796812429645e-01 4.632958884657559229e-01 3.754635188735322981e-01
5.777611796812429645e-01 4.632958884657559229e-01 3.754635188735322981e-01
5.777611796812429645e-01 4.632958884657559229e-01 3.754635188735322981e-01
5.777611796812429645e-01 4.632958884657559229e-01 3.754635188735322981e-01
4.604563345194778168e-01 3.320753871148313108e-01 4.403393164471771093e-01
4.604563345194778168e-01 3.320753871148313108e-01 4.403393164471771093e-01
4.604563345194778168e-01 3.320753871148313108e-01 4.403393164471771093e-01
4.604563345194778168e-01 3.320753871148313108e-01 4.403393164471771093e-01
5.914220888192729397e-01 2.197237260024203775e-01 5.905505608275040119e-01
3.136301483932739109e-01 4.290231244409170586e-01 2.317657342848958024e-01
3.136301483932739109e-01 4.290231244409170586e-01 2.317657342848958024e-01
3.136301483932739109e-01 4.290231244409170586e-01 2.317657342848958024e-01
5.062977902692609167e-01 2.448836435350629226e-01 4.695002668989582961e-01
5.062977902692609167e-01 2.448836435350629226e-01 4.695002668989582961e-01
6.618969521723077065e-01 4.275752951756112141e-01 3.186770854696076571e-01
6.618969521723077065e-01 4.275752951756112141e-01 3.186770854696076571e-01
6.618969521723077065e-01 4.275752951756112141e-01 3.186770854696076571e-01
6.618969521723077065e-01 4.275752951756112141e-01 3.186770854696076571e-01
6.618969521723077065e-01 4.275752951756112141e-01 3.186770854696076571e-01
5.009477192971073523e-01 1.640787647396300120e-01 3.661205281084289331e-01
7.944207035131904959e-01 2.799596266142025947e-01 3.230482647349395275e-01
7.933539343502770125e-01 3.108861511806778055e-01 2.749666736016155855e-01
7.289294269698669559e-01 3.855005560157674926e-01 2.747563119667755238e-01
7.289294269698669559e-01 3.855005560157674926e-01 2.747563119667755238e-01
5.444282132734832302e-01 4.950363793871174201e-01 3.588710971800014859e-01
5.444282132734832302e-01 4.950363793871174201e-01 3.588710971800014859e-01
6.194325052373190754e-01 3.069799443040759357e-01 5.622411872482702133e-01
6.194325052373190754e-01 3.069799443040759357e-01 5.622411872482702133e-01
3.318313712794730974e-01 5.692746490542517357e-01 2.709347016888344895e-01
3.318313712794730974e-01 5.692746490542517357e-01 2.709347016888344895e-01
3.069971393406323856e-01 5.670647301306801502e-01 2.478275464414196605e-01
7.684648327759001640e-01 8.137326021573909607e-03 6.018863631641181433e-01
7.684648327759001640e-01 8.137326021573909607e-03 6.018863631641181433e-01
7.684648327759001640e-01 8.137326021573909607e-03 6.018863631641181433e-01
7.684648327759001640e-01 8.137326021573909607e-03 6.018863631641181433e-01
4.747281111732270520e-01 5.504728531346748249e-02 1.718054252889558708e-01
8.573396359825933288e-01 1.809307406851236588e-01 3.455935960970584753e-01
8.573396359825933288e-01 1.809307406851236588e-01 3.455935960970584753e-01
8.573396359825933288e-01 1.809307406851236588e-01 3.455935960970584753e-01
8.573396359825933288e-01 1.809307406851236588e-01 3.455935960970584753e-01
