2.489132485845457765e-01 1.481402749648903505e-01 2.549439674254715994e-03
2.489132485845457765e-01 1.481402749648903505e-01 2.549439674254715994e-03
2.489132485845457765e-01 1.481402749648903505e-01 2.549439674254715994e-03
2.489132485845457765e-01 1.481402749648903505e-01 2.549439674254715994e-03
2.489132485845457765e-01 1.481402749648903505e-01 2.549439674254715994e-03
5.693647154961500867e-02 7.977138228904123718e-01 2.088681319860853924e-01
8.952757684915782499e-02 5.168008322630303075e-01 7.770946240799066207e-02
1.562279606047902170e-01 9.611920464815236764e-01 1.092530028905426970e-01
3.154167000714297453e-02 9.056151462720668510e-01 1.844071422844174579e-01
-9.452043998712736372e-02 1.016317201914644031e+00 1.572608559643583481e-01
-9.452043998712736372e-02 1.016317201914644031e+00 1.572608559643583481e-01
1.071604458786695746e-02 1.102935636940462816e+00 6.843949699956293486e-02
1.071604458786695746e-02 1.102935636940462816e+00 6.843949699956293486e-02
1.071604458786695746e-02 1.102935636940462816e+00 6.843949699956293486e-02
3.412770592563454941e-02 1.102207091873812272e+00 6.268081473114707480e-02
3.412770592563454941e-02 1.102207091873812272e+00 6.268081473114707480e-02
3.412770592563454941e-02 1.102207091873812272e+00 6.268081473114707480e-02
-4.156887595991680673e-01 1.389365247542848847e+00 3.095071579947350840e-02
-4.345907536084132050e-01 1.178634011002262394e+00 1.490659940701486719e-01
-4.345907536084132050e-01 1.178634011002262394e+00 1.490659940701486719e-01
-4.345907536084132050e-01 1.178634011002262394e+00 1.490659940701486719e-01
-4.345907536084132050e-01 1.178634011002262394e+00 1.490659940701486719e-01
-4.959527574278173589e-01 9.237492144613832501e-01 1.516148140726244209e-01
-4.959527574278173589e-01 9.237492144613832501e-01 1.516148140726244209e-01
-5.504317123282388424e-01 1.110846527616646817e+00 1.909339192048186973e-01
-4.930425437036435321e-01 1.130940449378115664e+00 1.837327569783449022e-01
-4.930425437036435321e-01 1.130940449378115664e+00 1.837327569783449022e-01
-4.005819527057822294e-01 9.305897136024094962e-01 1.844235393701351977e-01
-1.459821333696348922e-01 1.034205774103248654e+00 1.615303682776456917e-01
-8.522233729512085354e-02 9.108692125556371311e-01 2.063218222577692107e-01
-8.522233729512085354e-02 9.108692125556371311e-01 2.063218222577692107e-01
-8.522233729512085354e-02 9.108692125556371311e-01 2.063218222577692107e-01
-8.522233729512085354e-02 9.108692125556371311e-01 2.063218222577692107e-01
-8.522233729512085354e-02 9.108692125556371311e-01 2.063218222577692107e-01
-4.263862957580239615e-02 9.470653512670283991e-01 1.830555123346146451e-01
-4.263862957580239615e-02 9.470653512670283991e-01 1.830555123346146451e-01
3.675536536552593270e-01 9.221268916938764049e-01 6.588214233608154224e-02
1.744140671873371240e-01 6.874457749265152628e-01 1.944765161493684780e-01
1.744140671873371240e-01 6.874457749265152628e-01 1.944765161493684780e-01
1.744140671873371240e-01 6.874457749265152628e-01 1.944765161493684780e-01
-5.507376000087715884e-03 8.856178327492210123e-01 2.011521949986284086e-01
-5.507376000087715884e-03 8.856178327492210123e-01 2.011521949986284086e-01
-1.945155786606629078e-01 9.771246607810636364e-01 2.016532791679996051e-01
-1.945155786606629078e-01 9.771246607810636364e-01 2.016532791679996051e-01
-1.945155786606629078e-01 9.771246607810636364e-01 2.016532791679996051e-01
-1.712416767117470318e-01 7.956978788951786230e-01 1.791115981975313354e-01
-1.730780235053008542e-01 7.557992838589145945e-01 1.542960409673697353e-01
-1.730780235053008542e-01 7.557992838589145945e-01 1.542960409673697353e-01
1.915993638725532466e-01 2.515616677339005403e-01 7.870267631265396094e-03
4.884286830888852071e-01 3.875106183825600126e-01 9.670826598738983815e-02
5.076549249969048994e-01 7.600823499416962115e-01 1.101199127821545637e-01
5.076549249969048994e-01 7.600823499416962115e-01 1.101199127821545637e-01
5.076549249969048994e-01 7.600823499416962115e-01 1.101199127821545637e-01
5.076549249969048994e-01 7.600823499416962115e-01 1.101199127821545637e-01
-6.044059716884631062e-02 1.034996324833943326e+00 1.337369229971809015e-01
-6.545266539860845889e-02 1.115049337529798734e+00 8.288289149273418699e-02
-2.127791563082349069e-01 1.070190290563289182e+00 1.582372758555893044e-01
-2.127791563082349069e-01 1.070190290563289182e+00 1.582372758555893044e-01
-2.127791563082349069e-01 1.070190290563289182e+00 1.582372758555893044e-01
-2.127791563082349069e-01 1.070190290563289182e+00 1.582372758555893044e-01
-2.127791563082349069e-01 1.070190290563289182e+00 1.582372758555893044e-01
-1.757620766329907325e-01 1.239508446225440652e+00 4.579873841759742048e-02
2.983795197043801473e-01 9.682491177784882108e-01 6.153455900549219260e-02
2.899600417894629412e-01 8.588860732741421256e-01 1.277302788503131559e-01
2.449751747977216843e-01 1.057747650529711647e+00 3.563730627262308437e-02
-2.244013667962410086e-01 1.003225295900793235e+00 1.967442256567220604e-01
-3.182166968464686940e-01 6.905858768162820294e-01 6.665211675692864213e-02
1.014908610208917206e-01 8.746024759393188353e-01 1.806045647082340777e-01
1.014908610208917206e-01 8.746024759393188353e-01 1.806045647082340777e-01
1.788788652827715819e-01 7.829069824126927424e-01 1.969379000991970941e-01
1.788788652827715819e-01 7.829069824126927424e-01 1.969379000991970941e-01
1.788788652827715819e-01 7.829069824126927424e-01 1.969379000991970941e-01
1.788788652827715819e-01 7.829069824126927424e-01 1.969379000991970941e-01
1.788788652827715819e-01 7.829069824126927424e-01 1.969379000991970941e-01
1.788788652827715819e-01 7.829069824126927424e-01 1.969379000991970941e-01
-4.514177596952226312e-02 1.052817040917773062e+00 1.165520800455188549e-01
5.581799596548189801e-02 6.953014947173490334e-01 1.803360184528588761e-01
5.581799596548189801e-02 6.953014947173490334e-01 1.803360184528588761e-01
4.792997141478601009e-01 4.512378282952239639e-01 1.299961953120116476e-01
4.792997141478601009e-01 4.512378282952239639e-01 1.299961953120116476e-01
4.792997141478601009e-01 4.512378282952239639e-01 1.299961953120116476e-01
6.194151847149371726e-01 5.741156814857603097e-01 1.529098134798691500e-01
4.676264919354571337e-01 3.659899544375487812e-01 8.081020463568901191e-02
6.503384137665649822e-01 3.469261014572856960e-01 1.034556548992733166e-01
9.546815242146307057e-01 2.099028223913870506e-01 7.886034496586336040e-02
9.546815242146307057e-01 2.099028223913870506e-01 7.886034496586336040e-02
9.252027308748050904e-01 1.828298613419958862e-01 6.633617289244138349e-02
9.799748090545652435e-01 4.752159235901508572e-01 9.007260498910198143e-02
1.151328695281738090e+00 5.500576230647200582e-01 3.060276260102410412e-02
1.399341922568739349e+00 1.762663520577365528e-01 5.958833051045320933e-02
1.399341922568739349e+00 1.762663520577365528e-01 5.958833051045320933e-02
1.399341922568739349e+00 1.762663520577365528e-01 5.958833051045320933e-02
1.394451166670614084e+00 2.125467639061778269e-01 5.808524929357183203e-02
1.394451166670614084e+00 2.125467639061778269e-01 5.808524929357183203e-02
1.394451166670614084e+00 2.125467639061778269e-01 5.808524929357183203e-02
1.394451166670614084e+00 2.125467639061778269e-01 5.808524929357183203e-02
1.282178285230090919e+00 1.446269044301974338e-01 6.757738308570535035e-02
1.282178285230090919e+00 1.446269044301974338e-01 6.757738308570535035e-02
1.282178285230090919e+00 1.446269044301974338e-01 6.757738308570535035e-02
1.282178285230090919e+00 1.446269044301974338e-01 6.757738308570535035e-02
