2.489132485845457765e-01 1.481402749648903505e-01 3.935176925448722295e-03
3.637688106096742535e-03 4.871397359086457879e-01 8.014998172515226671e-02
3.637688106096742535e-03 4.871397359086457879e-01 8.014998172515226671e-02
3.637688106096742535e-03 4.871397359086457879e-01 8.014998172515226671e-02
3.637688106096742535e-03 4.871397359086457879e-01 8.014998172515226671e-02
3.701657620701259005e-02 7.979358435135912586e-01 2.372525824116500925e-01
-6.025444224943162785e-01 9.595765085251317661e-01 1.122065463926811696e-01
-6.025444224943162785e-01 9.595765085251317661e-01 1.122065463926811696e-01
-6.492191671827458599e-01 1.058283458940919353e+00 9.903200063674631737e-02
-6.492191671827458599e-01 1.058283458940919353e+00 9.903200063674631737e-02
-7.740715411679660596e-01 1.264102642191366144e+00 3.771858150944257942e-02
-7.740715411679660596e-01 1.264102642191366144e+00 3.771858150944257942e-02
-6.756681044933299241e-01 1.211249538187655572e+00 5.059393468619177020e-02
-6.756681044933299241e-01 1.211249538187655572e+00 5.059393468619177020e-02
-6.756681044933299241e-01 1.211249538187655572e+00 5.059393468619177020e-02
-6.756681044933299241e-01 1.211249538187655572e+00 5.059393468619177020e-02
-6.756681044933299241e-01 1.211249538187655572e+00 5.059393468619177020e-02
-6.756681044933299241e-01 1.211249538187655572e+00 5.059393468619177020e-02
-3.889951977602120192e-01 1.163203428474189227e+00 4.815482096007148854e-02
-3.889951977602120192e-01 1.163203428474189227e+00 4.815482096007148854e-02
-3.889951977602120192e-01 1.163203428474189227e+00 4.815482096007148854e-02
-3.889951977602120192e-01 1.163203428474189227e+00 4.815482096007148854e-02
-3.889951977602120192e-01 1.163203428474189227e+00 4.815482096007148854e-02
-3.889951977602120192e-01 1.163203428474189227e+00 4.815482096007148854e-02
-3.889951977602120192e-01 1.163203428474189227e+00 4.815482096007148854e-02
-4.009609246016920259e-01 8.795279270088864898e-01 1.564857494259312698e-01
-4.342650709311370871e-01 1.152994101280327532e+00 5.757515397560771658e-02
-1.108840502083927593e-01 9.069086157133789960e-01 1.774594906864394583e-01
2.827942212426479140e-01 6.787095051391578426e-01 2.824894863485120089e-01
-2.541169781100111047e-02 8.379991075648711707e-01 2.169042748742266991e-01
-2.541169781100111047e-02 8.379991075648711707e-01 2.169042748742266991e-01
-2.541169781100111047e-02 8.379991075648711707e-01 2.169042748742266991e-01
2.327752305123777510e-01 7.886458377720685364e-01 2.072105366007952476e-01
3.364470506091007396e-01 5.384210203653553295e-01 2.734480612670225907e-01
3.364470506091007396e-01 5.384210203653553295e-01 2.734480612670225907e-01
7.841214752518249620e-02 7.448558872519414065e-01 2.604879019049332056e-01
7.841214752518249620e-02 7.448558872519414065e-01 2.604879019049332056e-01
7.841214752518249620e-02 7.448558872519414065e-01 2.604879019049332056e-01
7.841214752518249620e-02 7.448558872519414065e-01 2.604879019049332056e-01
7.841214752518249620e-02 7.448558872519414065e-01 2.604879019049332056e-01
3.210443201132310298e-01 3.685150433374416168e-01 1.024600762736214421e-01
3.210443201132310298e-01 3.685150433374416168e-01 1.024600762736214421e-01
3.852289771819398245e-01 4.232231191988424790e-01 1.857294704885239234e-01
3.852289771819398245e-01 4.232231191988424790e-01 1.857294704885239234e-01
3.852289771819398245e-01 4.232231191988424790e-01 1.857294704885239234e-01
3.852289771819398245e-01 4.232231191988424790e-01 1.857294704885239234e-01
3.852289771819398245e-01 4.232231191988424790e-01 1.857294704885239234e-01
3.852289771819398245e-01 4.232231191988424790e-01 1.857294704885239234e-01
3.852289771819398245e-01 4.232231191988424790e-01 1.857294704885239234e-01
-1.200686122142095025e-01 5.927932582034534104e-01 1.119072549285275719e-01
-2.193034174598820218e-01 6.024774707693748566e-01 8.014039357613347847e-02
-4.352458893250251704e-01 1.042476937099075851e+00 1.150625604089346998e-01
-4.626501843882305787e-01 7.343430447307489617e-01 7.393598478500346127e-02
-4.626501843882305787e-01 7.343430447307489617e-01 7.393598478500346127e-02
-9.646484001390182028e-01 1.279347206928238556e+00 3.591634240701086639e-02
-8.404199172142818863e-01 1.063819767002351036e+00 6.996068817162898190e-02
-8.404199172142818863e-01 1.063819767002351036e+00 6.996068817162898190e-02
-8.404199172142818863e-01 1.063819767002351036e+00 6.996068817162898190e-02
-8.404199172142818863e-01 1.063819767002351036e+00 6.996068817162898190e-02
-8.404199172142818863e-01 1.063819767002351036e+00 6.996068817162898190e-02
-4.825882792729144777e-01 8.737194731205866205e-01 1.298672253849189884e-01
-4.825882792729144777e-01 8.737194731205866205e-01 1.298672253849189884e-01
-4.825882792729144777e-01 8.737194731205866205e-01 1.298672253849189884e-01
-3.072500311482463387e-01 8.105656767958102638e-01 1.705369167850321610e-01
-3.072500311482463387e-01 8.105656767958102638e-01 1.705369167850321610e-01
-2.264442711555331167e-02 8.487526809372263337e-01 2.095026332501560284e-01
-1.754186600106660276e-01 7.495840741784556283e-01 1.966175640237815825e-01
-1.754186600106660276e-01 7.495840741784556283e-01 1.966175640237815825e-01
3.942803799689345579e-02 8.311548121641216813e-01 2.145909402405628830e-01
4.589005017542509279e-02 6.584505230012982491e-01 2.394221931927572877e-01
4.589005017542509279e-02 6.584505230012982491e-01 2.394221931927572877e-01
4.589005017542509279e-02 6.584505230012982491e-01 2.394221931927572877e-01
4.589005017542509279e-02 6.584505230012982491e-01 2.394221931927572877e-01
-2.819037904202460754e-02 5.543333719187464315e-01 1.205214273896296762e-01
-2.819037904202460754e-02 5.543333719187464315e-01 1.205214273896296762e-01
-2.819037904202460754e-02 5.543333719187464315e-01 1.205214273896296762e-01
1.085401961212024841e-01 8.777493204858528575e-01 1.565051306999984404e-01
1.085401961212024841e-01 8.777493204858528575e-01 1.565051306999984404e-01
1.085401961212024841e-01 8.777493204858528575e-01 1.565051306999984404e-01
1.085401961212024841e-01 8.777493204858528575e-01 1.565051306999984404e-01
1.085401961212024841e-01 8.777493204858528575e-01 1.565051306999984404e-01
-6.786042538883114705e-01 1.015809075048963228e+00 9.844245250577189632e-02
-8.117116808295108399e-01 1.050219109832880138e+00 7.439896326900237444e-02
-8.117116808295108399e-01 1.050219109832880138e+00 7.439896326900237444e-02
-8.117116808295108399e-01 1.050219109832880138e+00 7.439896326900237444e-02
-8.117116808295108399e-01 1.050219109832880138e+00 7.439896326900237444e-02
-8.117116808295108399e-01 1.050219109832880138e+00 7.439896326900237444e-02
-8.983133723094796075e-01 7.386089714699159980e-01 5.963785361004647276e-03
-9.238867704679756265e-01 9.328831538787426547e-01 3.264134797932195103e-02
-7.614451303720211062e-01 9.742645155449636274e-01 7.547754992743720137e-02
-2.351703763011799841e-01 1.158854039074106668e+00 3.295372756410748505e-02
4.376282407873832714e-02 9.913474980434302530e-01 7.620474885365122186e-02
-9.669441062511602292e-02 1.021251568546054145e+00 8.526285632830003791e-02
-2.891889936448439613e-01 8.831702811544096532e-01 1.830663517859840439e-01
-2.847918017858535045e-01 9.558748353204558068e-01 1.574317423046039111e-01
-1.445152215102405990e-01 9.146317579373671736e-01 1.754956880561120425e-01
-1.445152215102405990e-01 9.146317579373671736e-01 1.754956880561120425e-01
3.046594264920841066e-01 7.159364421910215937e-01 2.538648001496657813e-01
8.538609173554927434e-01 4.922899045897460857e-01 2.347454887834975468e-01
8.538609173554927434e-01 4.922899045897460857e-01 2.347454887834975468e-01
