2.489132485845457765e-01 1.481402749648903505e-01 1.378007933211850347e-03
2.489132485845457765e-01 1.481402749648903505e-01 1.378007933211850347e-03
2.489132485845457765e-01 1.481402749648903505e-01 1.378007933211850347e-03
4.969585811661751951e-01 3.302100762936380773e-01 2.815572229137502241e-02
8.424277004627929166e-01 7.123075585860753067e-01 3.332256680113138136e-02
1.028878966651638693e+00 5.160506791062735577e-01 5.905590041394823825e-02
1.028878966651638693e+00 5.160506791062735577e-01 5.905590041394823825e-02
7.761197918713582666e-01 9.378407108300768069e-01 6.919738256794761601e-03
3.977016259989776259e-01 1.093342297372421834e+00 7.159942771498209804e-03
4.939320275368119795e-01 1.216786448770694307e+00 1.174109184396954523e-03
5.767593723498204428e-01 8.231928154917484974e-01 3.192752068562152573e-02
5.460195075673562881e-01 6.637625663888171434e-01 5.896702244638876017e-02
8.756191731886276974e-01 6.086492718333283980e-01 5.261259445282995967e-02
8.582843104849312565e-01 8.163708815344139502e-01 1.504822300418552812e-02
8.582843104849312565e-01 8.163708815344139502e-01 1.504822300418552812e-02
5.343059513592892662e-01 2.993420935850378273e-01 2.717353341899956046e-02
5.251158423899943140e-01 3.601843783107070984e-01 3.642140073932813998e-02
5.251158423899943140e-01 3.601843783107070984e-01 3.642140073932813998e-02
5.251158423899943140e-01 3.601843783107070984e-01 3.642140073932813998e-02
5.251158423899943140e-01 3.601843783107070984e-01 3.642140073932813998e-02
3.316359781589103273e-01 7.235554379080517684e-01 5.057180867744243830e-02
1.007859454099940266e-01 6.442013187296692367e-01 2.928877856143395630e-02
1.112998323362847791e-01 8.231303908417983983e-01 3.836102856958026330e-02
1.112998323362847791e-01 8.231303908417983983e-01 3.836102856958026330e-02
1.112998323362847791e-01 8.231303908417983983e-01 3.836102856958026330e-02
4.440675653849357474e-01 7.235443082702445183e-01 5.273406057630655036e-02
4.440675653849357474e-01 7.235443082702445183e-01 5.273406057630655036e-02
3.803716959056739899e-01 3.623538973798808294e-01 2.130667383338688201e-02
3.803716959056739899e-01 3.623538973798808294e-01 2.130667383338688201e-02
4.683056648212369222e-01 2.580156240725962058e-01 1.544842060097540576e-02
4.683056648212369222e-01 2.580156240725962058e-01 1.544842060097540576e-02
6.115769522959564330e-01 1.679466360950132853e-01 1.531627155644684976e-02
6.769280759604620057e-01 4.049902088242147702e-01 6.297150862325526233e-02
4.139015200946889461e-01 8.379390632655182580e-01 3.784911256933164853e-02
4.139015200946889461e-01 8.379390632655182580e-01 3.784911256933164853e-02
5.051880551612685233e-01 5.327636162617114257e-01 5.885078345525730087e-02
5.788085745778330793e-01 6.921668244248184720e-01 5.470127816733415943e-02
5.788085745778330793e-01 6.921668244248184720e-01 5.470127816733415943e-02
5.788085745778330793e-01 6.921668244248184720e-01 5.470127816733415943e-02
5.788085745778330793e-01 6.921668244248184720e-01 5.470127816733415943e-02
5.057367063615197944e-01 7.641180015143876902e-01 4.596372453463967028e-02
5.057367063615197944e-01 7.641180015143876902e-01 4.596372453463967028e-02
3.993574348220961800e-01 3.872290178028287566e-01 2.665201697111447068e-02
5.420026131854234208e-01 4.015095361852712430e-01 4.569688374133478587e-02
6.437034734791444723e-01 4.221130723370501991e-01 6.150133793646669206e-02
6.164148560835498447e-01 2.346086270124567441e-01 2.521931349163434449e-02
6.164148560835498447e-01 2.346086270124567441e-01 2.521931349163434449e-02
2.232175502458108030e-01 5.037076789297256774e-01 2.501162001597258266e-02
-4.014975798005854246e-02 4.631166300541275094e-01 5.238319713532817862e-03
-2.738574331632838699e-01 8.561303210620043735e-01 1.670465813693473509e-02
-2.738574331632838699e-01 8.561303210620043735e-01 1.670465813693473509e-02
-2.738574331632838699e-01 8.561303210620043735e-01 1.670465813693473509e-02
-2.738574331632838699e-01 8.561303210620043735e-01 1.670465813693473509e-02
-1.668852407925946746e-01 7.363813481433647556e-01 1.615122030695713765e-02
2.312271283858120807e-01 9.180093274864350450e-01 3.213833600439371802e-02
2.312271283858120807e-01 9.180093274864350450e-01 3.213833600439371802e-02
2.312271283858120807e-01 9.180093274864350450e-01 3.213833600439371802e-02
2.312271283858120807e-01 9.180093274864350450e-01 3.213833600439371802e-02
2.312271283858120807e-01 9.180093274864350450e-01 3.213833600439371802e-02
3.622571910978394927e-01 5.441264110464774095e-01 4.502621513567410527e-02
6.466805306987108981e-01 6.361788138271317061e-01 6.098471339778078343e-02
6.466805306987108981e-01 6.361788138271317061e-01 6.098471339778078343e-02
6.466805306987108981e-01 6.361788138271317061e-01 6.098471339778078343e-02
6.466805306987108981e-01 6.361788138271317061e-01 6.098471339778078343e-02
8.114671802151736113e-01 7.360286426422419925e-01 3.122537530663862387e-02
4.195115708666061760e-01 6.042104024659479267e-01 5.573752465491924740e-02
5.688045377840391659e-01 5.910011940225934346e-01 6.463936983677058545e-02
5.688045377840391659e-01 5.910011940225934346e-01 6.463936983677058545e-02
5.688045377840391659e-01 5.910011940225934346e-01 6.463936983677058545e-02
2.806522459512045820e-01 8.380198425020362052e-01 4.084022793914305477e-02
2.806522459512045820e-01 8.380198425020362052e-01 4.084022793914305477e-02
2.806522459512045820e-01 8.380198425020362052e-01 4.084022793914305477e-02
3.723101949900960994e-01 1.012540838486291062e+00 1.512236095257412857e-02
5.457347851223578461e-01 1.012525089810420997e+00 8.730944023659256009e-03
5.457347851223578461e-01 1.012525089810420997e+00 8.730944023659256009e-03
9.779317064147547978e-01 6.012011977973434895e-01 4.461279342038333706e-02
9.779317064147547978e-01 6.012011977973434895e-01 4.461279342038333706e-02
4.266229930643659074e-01 3.703000265852327555e-01 2.694901915998518943e-02
4.266229930643659074e-01 3.703000265852327555e-01 2.694901915998518943e-02
4.266229930643659074e-01 3.703000265852327555e-01 2.694901915998518943e-02
5.642642678464633299e-01 8.074815639626273800e-01 3.547459603147216228e-02
6.485744713900335467e-01 5.774861613517051628e-01 6.738984257441649195e-02
6.702387780353826763e-01 4.569874196729440397e-01 6.809861634754213466e-02
6.702387780353826763e-01 4.569874196729440397e-01 6.809861634754213466e-02
6.702387780353826763e-01 4.569874196729440397e-01 6.809861634754213466e-02
1.272962485291609269e+00 4.474422427015407600e-01 4.755605991206554584e-02
1.402838165063152731e+00 4.263868519919170597e-01 3.662688641408972517e-02
1.581569821995372660e+00 4.276856910550247415e-01 1.834869865793056429e-02
7.289284839339811306e-01 1.011328045176059565e+00 3.985809853518721725e-03
7.289284839339811306e-01 1.011328045176059565e+00 3.985809853518721725e-03
8.297400874762965728e-01 5.647462266732146130e-01 6.489646628419443175e-02
7.410457382354651568e-01 4.137445050068193075e-01 7.075516588195258916e-02
7.410457382354651568e-01 4.137445050068193075e-01 7.075516588195258916e-02
7.133690615391984347e-01 8.132234416796189080e-01 2.464452715219509968e-02
8.095067177586361407e-01 6.363886904217972429e-01 5.210885183490597539e-02
8.095067177586361407e-01 6.363886904217972429e-01 5.210885183490597539e-02
6.252648967239849975e-01 8.073540730392183562e-01 3.162807313917508079e-02
5.708345297633323767e-01 4.793918229780004259e-01 6.043582429879429396e-02
5.708345297633323767e-01 4.793918229780004259e-01 6.043582429879429396e-02
6.411321904651396952e-01 7.233816157562084070e-01 4.637180891915727160e-02
