2.489132485845457765e-01 1.481402749648903505e-01 4.469024503853872080e-03
3.971748503150703269e-01 2.154455819884011081e-01 3.142090141180469559e-02
3.971748503150703269e-01 2.154455819884011081e-01 3.142090141180469559e-02
5.668002131921450193e-01 5.255194921146775222e-01 2.567068583160722062e-01
5.668002131921450193e-01 5.255194921146775222e-01 2.567068583160722062e-01
5.668002131921450193e-01 5.255194921146775222e-01 2.567068583160722062e-01
7.174291458367579866e-01 3.155508440212742016e-01 1.955125641165505190e-01
4.505209576178330066e-01 4.203690946828768649e-01 2.080004807791262511e-01
1.070754725684894604e+00 5.291348014948961120e-01 5.174069796370864283e-02
1.392322668838496424e+00 2.115835292136245549e-01 9.006918242048711498e-02
1.231377846459878356e+00 3.395536793471343184e-01 9.463294788826356885e-02
1.231377846459878356e+00 3.395536793471343184e-01 9.463294788826356885e-02
1.231377846459878356e+00 3.395536793471343184e-01 9.463294788826356885e-02
1.231377846459878356e+00 3.395536793471343184e-01 9.463294788826356885e-02
1.231377846459878356e+00 3.395536793471343184e-01 9.463294788826356885e-02
1.231377846459878356e+00 3.395536793471343184e-01 9.463294788826356885e-02
8.552151549684874343e-01 1.149434115331213480e-01 7.325520971514820623e-02
8.552151549684874343e-01 1.149434115331213480e-01 7.325520971514820623e-02
8.552151549684874343e-01 1.149434115331213480e-01 7.325520971514820623e-02
8.552151549684874343e-01 1.149434115331213480e-01 7.325520971514820623e-02
8.552151549684874343e-01 1.149434115331213480e-01 7.325520971514820623e-02
8.552151549684874343e-01 1.149434115331213480e-01 7.325520971514820623e-02
1.022410962028280412e+00 3.620360443053448618e-01 1.649842598920691628e-01
7.573402117717993320e-01 5.409913119281629656e-01 1.715855809546839306e-01
7.573402117717993320e-01 5.409913119281629656e-01 1.715855809546839306e-01
7.573402117717993320e-01 5.409913119281629656e-01 1.715855809546839306e-01
7.573402117717993320e-01 5.409913119281629656e-01 1.715855809546839306e-01
7.573402117717993320e-01 5.409913119281629656e-01 1.715855809546839306e-01
6.333580908977257673e-01 5.533258023719935803e-01 2.196423918020958821e-01
7.954335361595163967e-01 3.027966131375312564e-01 1.989600894927724406e-01
7.566817436060722102e-01 3.167563485072618090e-01 2.029708579263160562e-01
5.605991943631321028e-01 5.075327226434593886e-01 2.616859818906229762e-01
4.977867885843111906e-01 7.829647063031941467e-01 8.229466918499074579e-02
1.398877948649238645e-01 9.454248053432157128e-01 7.938240659596457194e-02
4.607055215187798314e-02 5.632647789292749563e-01 1.635385053561058677e-01
4.607055215187798314e-02 5.632647789292749563e-01 1.635385053561058677e-01
5.215921826245958348e-01 4.155593014929080953e-01 2.261383402735759607e-01
5.215921826245958348e-01 4.155593014929080953e-01 2.261383402735759607e-01
4.114061334475356824e-01 4.671088047230542162e-01 2.341528186664951217e-01
4.249148577241360081e-01 3.475223535324760693e-01 1.284115649957186245e-01
4.249148577241360081e-01 3.475223535324760693e-01 1.284115649957186245e-01
5.089599555771378014e-01 3.123610903402971872e-01 1.278827497947132297e-01
4.760679424591294784e-01 -1.615955687446490874e-03 1.853248672358766801e-03
4.760679424591294784e-01 -1.615955687446490874e-03 1.853248672358766801e-03
4.327662946683303313e-01 1.763627006104856731e-01 2.326163631523784844e-02
5.246166644465334317e-01 3.833316051348349962e-01 2.001787055986914976e-01
2.395223428602289983e-01 5.732999418730381214e-01 2.539685686129828923e-01
2.395223428602289983e-01 5.732999418730381214e-01 2.539685686129828923e-01
2.395223428602289983e-01 5.732999418730381214e-01 2.539685686129828923e-01
2.395223428602289983e-01 5.732999418730381214e-01 2.539685686129828923e-01
3.350708064747185966e-01 4.951719878135427688e-01 2.308724264210971211e-01
3.350708064747185966e-01 4.951719878135427688e-01 2.308724264210971211e-01
3.350708064747185966e-01 4.951719878135427688e-01 2.308724264210971211e-01
5.741668461224996856e-02 5.662277084308410258e-01 1.717961703171513865e-01
-3.381883073748697677e-01 7.321911843138548814e-01 1.176418125389420422e-01
-3.381883073748697677e-01 7.321911843138548814e-01 1.176418125389420422e-01
3.138570477795521452e-02 6.256221487609777698e-01 2.102121374513629681e-01
2.030575691384488290e-01 4.669359666450419444e-01 1.472632887991975614e-01
2.704322651713934045e-01 4.798902441276994280e-01 1.907957372974803667e-01
2.704322651713934045e-01 4.798902441276994280e-01 1.907957372974803667e-01
-1.183252915573511088e-01 7.883481817126112290e-01 2.306821107148531724e-01
-1.183252915573511088e-01 7.883481817126112290e-01 2.306821107148531724e-01
-1.183252915573511088e-01 7.883481817126112290e-01 2.306821107148531724e-01
-1.183252915573511088e-01 7.883481817126112290e-01 2.306821107148531724e-01
-1.183252915573511088e-01 7.883481817126112290e-01 2.306821107148531724e-01
-1.183252915573511088e-01 7.883481817126112290e-01 2.306821107148531724e-01
-1.183252915573511088e-01 7.883481817126112290e-01 2.306821107148531724e-01
-3.865401855400404929e-01 8.695148428400740759e-01 1.694429370799529766e-01
-1.556569797195044846e-01 7.259898379555288495e-01 1.960255477113953260e-01
-5.166463594152513605e-02 9.124304401296153832e-01 1.677413014058186380e-01
-3.477474628919493549e-01 7.498025957313536605e-01 1.251053611796249243e-01
-3.477474628919493549e-01 7.498025957313536605e-01 1.251053611796249243e-01
-3.477474628919493549e-01 7.498025957313536605e-01 1.251053611796249243e-01
-1.271639649227787050e-01 9.040479256831357446e-01 1.904503708252614225e-01
-2.925112973197805388e-01 8.170456993355228459e-01 1.854346794555958577e-01
-2.979696472783985306e-01 4.859677192662187339e-01 1.355546991387399612e-02
-2.867028758173796876e-01 6.986213863392900514e-01 1.170569155085400409e-01
-2.867028758173796876e-01 6.986213863392900514e-01 1.170569155085400409e-01
-2.867028758173796876e-01 6.986213863392900514e-01 1.170569155085400409e-01
-2.867028758173796876e-01 6.986213863392900514e-01 1.170569155085400409e-01
-2.837150256340442711e-02 5.022313772280679878e-01 7.928339632781827850e-02
-2.837150256340442711e-02 5.022313772280679878e-01 7.928339632781827850e-02
3.338686445796076874e-01 6.825111033629494006e-01 2.410961892918525862e-01
-1.135918233470409322e-01 6.737743285665466209e-01 1.795088840758995441e-01
-1.135918233470409322e-01 6.737743285665466209e-01 1.795088840758995441e-01
-1.135918233470409322e-01 6.737743285665466209e-01 1.795088840758995441e-01
-2.209611894342193017e-01 7.535956601108650954e-01 1.839994882140741084e-01
-2.209611894342193017e-01 7.535956601108650954e-01 1.839994882140741084e-01
-2.209611894342193017e-01 7.535956601108650954e-01 1.839994882140741084e-01
-5.706870161396478958e-01 1.028476371320530269e+00 1.336803267313859955e-01
-5.706870161396478958e-01 1.028476371320530269e+00 1.336803267313859955e-01
-5.706870161396478958e-01 1.028476371320530269e+00 1.336803267313859955e-01
-5.706870161396478958e-01 1.028476371320530269e+00 1.336803267313859955e-01
-2.888467689579229392e-01 8.800228232925284555e-01 1.969940696853422213e-01
-2.888467689579229392e-01 8.800228232925284555e-01 1.969940696853422213e-01
-2.888467689579229392e-01 8.800228232925284555e-01 1.969940696853422213e-01
-2.888467689579229392e-01 8.800228232925284555e-01 1.969940696853422213e-01
-2.888467689579229392e-01 8.800228232925284555e-01 1.969940696853422213e-01
-2.853986137444115001e-01 8.713085306719223766e-01 1.979063069537322916e-01
-2.853986137444115001e-01 8.713085306719223766e-01 1.979063069537322916e-01
