2.489132485845457765e-01 1.481402749648903505e-01 2.890708054949055802e-03
4.725263189574380185e-01 4.874833002960431427e-01 1.335271709321558253e-01
6.997785697312152164e-01 8.110470496716519762e-01 3.027426055353522882e-02
6.997785697312152164e-01 8.110470496716519762e-01 3.027426055353522882e-02
3.369425691441987336e-01 4.225409339639373818e-01 7.269282958011308304e-02
3.369425691441987336e-01 4.225409339639373818e-01 7.269282958011308304e-02
3.230747213762601433e-01 5.197245714005180872e-01 1.110030671099301869e-01
3.389604989798941093e-01 9.846698420805142238e-01 4.180055880337205099e-02
3.389604989798941093e-01 9.846698420805142238e-01 4.180055880337205099e-02
-2.969188863626727182e-01 1.436429818367483069e+00 1.532833941848723604e-02
-2.969188863626727182e-01 1.436429818367483069e+00 1.532833941848723604e-02
-4.750746233981160138e-01 1.508348477119869857e+00 1.768034361280758013e-02
-4.774625456039423010e-01 1.492264400902984844e+00 2.054476367818464447e-02
-4.774625456039423010e-01 1.492264400902984844e+00 2.054476367818464447e-02
-3.085573512801552676e-01 1.360153105070119883e+00 3.134291645839320378e-02
-4.454495884197998690e-01 9.093389697529035143e-01 5.390852592279478384e-02
-7.123607566283793879e-01 1.091641426621865474e+00 4.539828468999355243e-02
-6.991196556566794396e-01 1.524805328405380633e+00 3.276838509191824789e-02
-6.977641125972871006e-01 1.380695295054738647e+00 6.161821790877970023e-02
-6.977641125972871006e-01 1.380695295054738647e+00 6.161821790877970023e-02
-6.977641125972871006e-01 1.380695295054738647e+00 6.161821790877970023e-02
-6.977641125972871006e-01 1.380695295054738647e+00 6.161821790877970023e-02
-6.977641125972871006e-01 1.380695295054738647e+00 6.161821790877970023e-02
-2.819250614474473893e-01 1.127689615006223667e+00 9.629782874024749029e-02
-5.125938671543306402e-01 9.416698190465022655e-01 4.851641492724760585e-02
-4.385967750211973160e-01 1.180718765273037540e+00 9.047466217035837754e-02
-4.385967750211973160e-01 1.180718765273037540e+00 9.047466217035837754e-02
-4.385967750211973160e-01 1.180718765273037540e+00 9.047466217035837754e-02
-4.385967750211973160e-01 1.180718765273037540e+00 9.047466217035837754e-02
-3.379802084769633619e-01 1.508676944366222239e+00 9.011570705902489237e-03
-6.838024504514070845e-01 1.072571532309556819e+00 4.653107316450092595e-02
-6.196086623328793674e-01 1.088273775961525747e+00 6.213867499967936497e-02
-2.096348651715880806e-01 1.046400475791073648e+00 1.098991859014059602e-01
-7.289108703168328818e-02 1.172214706264472106e+00 5.273233591491876399e-02
-5.063287928604317534e-01 1.123559173804370648e+00 8.714406945557581774e-02
-3.015497043940946753e-01 9.637593486083587679e-01 1.000171728190963200e-01
1.673562497936231241e-01 6.606994820299350035e-01 1.241147993964245716e-01
4.517917998034455540e-02 8.589206083198566155e-01 1.332770789966693514e-01
4.517917998034455540e-02 8.589206083198566155e-01 1.332770789966693514e-01
2.716342630197364771e-01 9.081904062177830195e-01 8.682957549752280679e-02
4.487576586379222743e-01 4.526394653510174004e-01 1.155315928423190641e-01
4.487576586379222743e-01 4.526394653510174004e-01 1.155315928423190641e-01
8.855816511475942399e-01 3.230772171547282023e-01 1.385177511170757048e-01
8.855816511475942399e-01 3.230772171547282023e-01 1.385177511170757048e-01
7.180178176745639629e-01 4.633511976200160865e-02 2.225577865152950779e-02
8.146491258709362970e-01 3.517294577627265439e-02 3.272193018227920885e-02
8.146491258709362970e-01 3.517294577627265439e-02 3.272193018227920885e-02
2.323831213906121240e-01 4.384725106769272740e-01 5.301056855699595033e-02
2.323831213906121240e-01 4.384725106769272740e-01 5.301056855699595033e-02
2.323831213906121240e-01 4.384725106769272740e-01 5.301056855699595033e-02
2.323831213906121240e-01 4.384725106769272740e-01 5.301056855699595033e-02
3.028618704080883739e-01 5.473955898639553119e-01 1.168583871855256029e-01
2.402712671430584090e-01 6.770532408352761822e-01 1.410371581133849916e-01
2.402712671430584090e-01 6.770532408352761822e-01 1.410371581133849916e-01
2.237332854104547852e-01 6.540969360319874859e-01 1.338653719145643795e-01
2.237332854104547852e-01 6.540969360319874859e-01 1.338653719145643795e-01
5.138212921560412205e-01 5.691845990373352038e-01 1.495106974546561440e-01
3.948671989202444665e-01 5.481381135809091365e-01 1.371471713540831916e-01
3.200719346710391155e-01 2.689464546662926892e-01 2.006999207027012136e-02
5.068681828530581246e-01 7.839259526302646552e-01 8.311365073491210065e-02
3.414331619915644822e-01 5.377314615469970249e-01 1.226455970783724980e-01
3.414331619915644822e-01 5.377314615469970249e-01 1.226455970783724980e-01
3.414331619915644822e-01 5.377314615469970249e-01 1.226455970783724980e-01
3.414331619915644822e-01 5.377314615469970249e-01 1.226455970783724980e-01
3.414331619915644822e-01 5.377314615469970249e-01 1.226455970783724980e-01
2.057581590573979158e-01 7.945591214952174575e-01 1.379526981005493314e-01
3.838406818382604224e-01 8.459601228869968459e-01 8.700077193181483814e-02
3.838735763129408340e-01 9.494297208937961807e-01 4.506036422295064264e-02
1.122792298083292173e-01 1.109414073296106418e+00 4.179051732416409065e-02
2.583439571560089965e-01 9.409278168738943737e-01 7.580810485162677026e-02
4.473972914809629109e-02 7.456789565303451051e-01 1.216539366460022281e-01
1.750710241872962813e-01 4.528717282263043376e-01 4.532556660091183187e-02
7.188927452458269141e-01 1.396397437369011341e-01 4.906562768687770804e-02
7.188927452458269141e-01 1.396397437369011341e-01 4.906562768687770804e-02
7.942342656986554061e-01 2.700142663108653363e-01 1.186179977076358416e-01
9.642383314858388177e-01 2.659523427841112841e-01 1.330897065522107514e-01
1.029363637093409833e+00 2.960722196595668709e-01 1.277772421041578899e-01
1.029363637093409833e+00 2.960722196595668709e-01 1.277772421041578899e-01
1.029363637093409833e+00 2.960722196595668709e-01 1.277772421041578899e-01
1.008863082986579451e+00 1.091432310355375246e-01 9.641819038625606963e-02
7.897856093790538434e-01 4.245306167998385560e-01 1.424253698668552781e-01
5.097365713204909943e-01 9.215716020162560973e-01 3.115715705618526607e-02
4.189723183886249203e-01 7.021269296087299105e-01 1.361055475151374539e-01
4.189723183886249203e-01 7.021269296087299105e-01 1.361055475151374539e-01
2.157693078649381702e-01 6.491560281316761660e-01 1.310465661399812243e-01
5.909351718690681876e-01 7.419747709820619930e-01 7.953383158780072404e-02
9.793970671902081371e-01 5.295059155173439391e-01 6.508132032194118011e-02
4.035881088205636180e-01 5.586975204629430758e-01 1.411949773525816854e-01
4.035881088205636180e-01 5.586975204629430758e-01 1.411949773525816854e-01
4.035881088205636180e-01 5.586975204629430758e-01 1.411949773525816854e-01
4.035881088205636180e-01 5.586975204629430758e-01 1.411949773525816854e-01
4.035881088205636180e-01 5.586975204629430758e-01 1.411949773525816854e-01
4.035881088205636180e-01 5.586975204629430758e-01 1.411949773525816854e-01
1.565952335221466318e-01 8.272750175539045348e-01 1.350068839562286460e-01
1.760055079461844696e-01 1.016094241873327197e+00 6.308958131036068728e-02
2.625766239611959652e-02 9.789740373877044988e-01 1.073519914815884574e-01
2.625766239611959652e-02 9.789740373877044988e-01 1.073519914815884574e-01
-2.165829933035048616e-01 8.200707471984411967e-01 8.095307796374431875e-02
-3.447443919047551431e-01 9.035971789303541835e-01 7.545616085599445022e-02
-3.447443919047551431e-01 9.035971789303541835e-01 7.545616085599445022e-02
