2.489132485845457765e-01 1.481402749648903505e-01 1.832090381638101307e-03
2.489132485845457765e-01 1.481402749648903505e-01 1.832090381638101307e-03
6.255739865807441458e-02 2.691718205954478638e-01 2.115464116664578665e-03
2.090070386125368329e-01 2.209425168822220509e-01 3.423963574907019046e-03
2.090070386125368329e-01 2.209425168822220509e-01 3.423963574907019046e-03
1.945789791639507271e-01 5.436553819866896120e-02 2.960261496060963521e-04
1.465408537438025183e-01 4.337807618870069271e-01 1.979639091126500494e-02
1.687585571220248659e-01 4.627226536547682789e-01 2.746056889908852355e-02
4.101284320550291351e-01 8.943829241777536687e-01 5.554924462625440706e-02
4.101284320550291351e-01 8.943829241777536687e-01 5.554924462625440706e-02
3.106985191223779474e-01 8.173299613143101272e-01 8.482751640552965711e-02
3.106985191223779474e-01 8.173299613143101272e-01 8.482751640552965711e-02
3.106985191223779474e-01 8.173299613143101272e-01 8.482751640552965711e-02
2.727075127635439911e-01 7.502881189300016906e-01 9.334111344991680159e-02
2.727075127635439911e-01 7.502881189300016906e-01 9.334111344991680159e-02
6.966723286066839327e-02 7.339132100470537878e-01 6.934688534923244552e-02
2.397121326138479669e-01 5.976190124011140359e-01 7.153412364811542745e-02
5.866420933438992735e-02 8.386844804711559576e-01 7.644385587001902016e-02
5.866420933438992735e-02 8.386844804711559576e-01 7.644385587001902016e-02
-1.612828648845740231e-01 7.264565404737116650e-01 3.304590837933853165e-02
3.635601627556400706e-01 3.447278028800368488e-01 2.834843016759409570e-02
2.550064344509742620e-01 6.002567241658041119e-01 7.493669406488683016e-02
4.587570509959931764e-02 5.190627459490949613e-01 2.301194508837304045e-02
1.348945036465895031e-01 9.336622117652364494e-01 6.770655894018683119e-02
2.269557480095989177e-01 8.867072341313250172e-01 7.371841749394322796e-02
5.536639862755884378e-01 5.235389471122836591e-01 1.078630356913177352e-01
1.681179262574669098e-01 9.384667446279859604e-01 6.514592860872241153e-02
4.089403382585071745e-02 1.054077210174090062e+00 4.662399237437375721e-02
4.089403382585071745e-02 1.054077210174090062e+00 4.662399237437375721e-02
-7.232279171932094741e-03 7.351865515530154882e-01 5.746312092779600617e-02
5.991969211932789419e-01 4.174797277460558509e-01 9.121792042816236068e-02
8.705609102470508454e-01 6.055051111032521138e-01 8.320094186525721358e-02
8.705609102470508454e-01 6.055051111032521138e-01 8.320094186525721358e-02
8.705609102470508454e-01 6.055051111032521138e-01 8.320094186525721358e-02
1.245471623765172620e+00 5.249617288809538262e-01 4.233655195560544898e-02
1.245471623765172620e+00 5.249617288809538262e-01 4.233655195560544898e-02
1.245471623765172620e+00 5.249617288809538262e-01 4.233655195560544898e-02
1.245471623765172620e+00 5.249617288809538262e-01 4.233655195560544898e-02
1.245471623765172620e+00 5.249617288809538262e-01 4.233655195560544898e-02
1.245471623765172620e+00 5.249617288809538262e-01 4.233655195560544898e-02
1.619008666547188113e+00 2.991073268249971884e-02 8.833058380324540493e-02
1.619008666547188113e+00 2.991073268249971884e-02 8.833058380324540493e-02
1.619008666547188113e+00 2.991073268249971884e-02 8.833058380324540493e-02
1.619008666547188113e+00 2.991073268249971884e-02 8.833058380324540493e-02
1.619008666547188113e+00 2.991073268249971884e-02 8.833058380324540493e-02
1.777869063106989334e+00 6.912762423137676360e-02 6.482863167691171880e-02
1.507087529883974764e+00 4.245814780144686884e-02 9.432305310776914475e-02
1.620880928985550140e+00 4.833278796489491602e-02 8.801830831592807880e-02
1.620880928985550140e+00 4.833278796489491602e-02 8.801830831592807880e-02
1.872731036997198117e+00 2.473230860926413366e-03 6.050280011034776806e-02
1.927446302805957412e+00 -1.304508368581798472e-02 5.480523885142205703e-02
1.927446302805957412e+00 -1.304508368581798472e-02 5.480523885142205703e-02
1.927446302805957412e+00 -1.304508368581798472e-02 5.480523885142205703e-02
1.431768434092585585e+00 2.255040238656038643e-01 9.286890979712218719e-02
1.692902613349221763e+00 -9.937743179724389808e-02 7.417232891634283065e-02
1.088264485478052324e+00 7.403177691303489127e-02 6.469136255164435745e-02
1.441190564007120090e+00 -4.218208684427024457e-02 7.399479192539452910e-02
1.337352406974541941e+00 -2.369950131291811979e-01 1.554667278963524704e-02
1.685761435445720879e+00 -4.499908807301020719e-01 8.578005253151948714e-03
1.592706546202410367e+00 -3.312841201554771464e-01 1.804173901743055808e-02
2.124632730863295293e+00 -4.349609867676389463e-01 2.893712227189659814e-02
1.946118368923760444e+00 -1.777314401099433505e-01 5.990674944027618576e-02
1.606681882781071380e+00 7.385696706888206231e-02 8.832321109647073287e-02
1.606681882781071380e+00 7.385696706888206231e-02 8.832321109647073287e-02
1.103544551719767952e+00 4.357972501510222751e-01 9.713615682126724993e-02
1.103544551719767952e+00 4.357972501510222751e-01 9.713615682126724993e-02
1.214276307923512599e+00 2.050035405314528103e-01 1.130306860356793397e-01
1.494002904763211959e+00 4.280328926161999781e-01 2.945111161669320202e-02
1.619041042845650979e+00 2.188583114243108918e-01 6.068720506709758544e-02
1.619041042845650979e+00 2.188583114243108918e-01 6.068720506709758544e-02
1.619041042845650979e+00 2.188583114243108918e-01 6.068720506709758544e-02
1.559893395895128654e+00 2.372208611018817581e-01 6.703063598656661126e-02
1.232502119679639963e+00 -9.298408695211693442e-02 3.453787602364558063e-02
9.324978170213712447e-01 -4.017885401327868367e-02 1.565506642040580959e-02
1.009934116353122358e+00 -1.242954307188671448e-01 9.969244973284541872e-03
1.009934116353122358e+00 -1.242954307188671448e-01 9.969244973284541872e-03
6.681527184422393351e-01 -3.044253993030736349e-02 3.766195001390673126e-03
1.016680968170219135e+00 2.245872683123241731e-01 1.028612117609330051e-01
1.016680968170219135e+00 2.245872683123241731e-01 1.028612117609330051e-01
1.155276902780401960e+00 3.123624322328344971e-01 1.154436671772130774e-01
1.155276902780401960e+00 3.123624322328344971e-01 1.154436671772130774e-01
1.070950761619644975e+00 2.980702623192129086e-01 1.194394651187187656e-01
9.310757674851755095e-01 1.408676164377899165e-01 6.116867681335257101e-02
9.310757674851755095e-01 1.408676164377899165e-01 6.116867681335257101e-02
4.984612526284839529e-01 5.067481497300927451e-01 9.654237558296248356e-02
6.173508891418512112e-01 5.956897176149069661e-01 1.128135100652992717e-01
5.949836880827932273e-01 4.164622819807768384e-01 9.013261538156994157e-02
7.129761878126054109e-01 5.680268278033634433e-01 1.132133369071576939e-01
7.129761878126054109e-01 5.680268278033634433e-01 1.132133369071576939e-01
7.129761878126054109e-01 5.680268278033634433e-01 1.132133369071576939e-01
7.129761878126054109e-01 5.680268278033634433e-01 1.132133369071576939e-01
9.109576943524666515e-01 5.698417110900008131e-01 8.833672843869944113e-02
4.645871882132098785e-01 5.189661805982890286e-01 9.356881247184388462e-02
3.296126061012424335e-01 6.147718203598496745e-01 9.063208256896773674e-02
3.296126061012424335e-01 6.147718203598496745e-01 9.063208256896773674e-02
4.290391775388419648e-01 3.286531110987959137e-01 3.368193975910157428e-02
1.064225554640510163e+00 8.147242346125059820e-01 7.916335771815906364e-03
1.064225554640510163e+00 8.147242346125059820e-01 7.916335771815906364e-03
1.149182612882233556e+00 6.976806687132138807e-01 1.636464192436141302e-02
1.149182612882233556e+00 6.976806687132138807e-01 1.636464192436141302e-02
