2.489132485845457765e-01 1.481402749648903505e-01 1.971096114401752267e-03
1.987834572416755929e-01 4.570989148838477956e-01 2.724567113598242926e-02
1.987834572416755929e-01 4.570989148838477956e-01 2.724567113598242926e-02
9.670785620709498875e-03 5.799378618498234328e-01 2.926599632469641110e-02
3.080278573877740511e-01 6.606333707166671676e-01 6.341501378186020776e-02
8.242083365590852084e-01 5.555453899786901850e-01 2.566694902268528214e-02
6.949057439403161229e-01 1.980010782338967323e-01 2.808622730288204764e-02
6.949057439403161229e-01 1.980010782338967323e-01 2.808622730288204764e-02
9.995438970631288500e-01 3.332038183214818261e-01 3.199703636483534203e-02
9.995438970631288500e-01 3.332038183214818261e-01 3.199703636483534203e-02
1.298636689887376905e+00 9.931726027716270000e-02 2.415542758246699839e-02
1.298636689887376905e+00 9.931726027716270000e-02 2.415542758246699839e-02
1.298636689887376905e+00 9.931726027716270000e-02 2.415542758246699839e-02
1.298636689887376905e+00 9.931726027716270000e-02 2.415542758246699839e-02
1.323672679539374064e+00 -6.340271439345779303e-02 2.291509449452130975e-02
1.323672679539374064e+00 -6.340271439345779303e-02 2.291509449452130975e-02
1.323672679539374064e+00 -6.340271439345779303e-02 2.291509449452130975e-02
1.323672679539374064e+00 -6.340271439345779303e-02 2.291509449452130975e-02
9.776928313573443052e-01 3.802985979635129521e-01 2.987617403780754369e-02
9.776928313573443052e-01 3.802985979635129521e-01 2.987617403780754369e-02
9.776928313573443052e-01 3.802985979635129521e-01 2.987617403780754369e-02
6.843422586206064917e-01 1.894213616487662177e-01 2.617676632809630075e-02
7.867775997832205936e-01 2.901021158693028457e-01 4.262038787036846049e-02
7.867775997832205936e-01 2.901021158693028457e-01 4.262038787036846049e-02
9.270639210691358212e-01 4.108817181434570864e-01 3.170600857614348789e-02
1.053810933408461992e+00 3.973763067066905519e-01 2.123513451258790541e-02
1.053810933408461992e+00 3.973763067066905519e-01 2.123513451258790541e-02
1.028940176397429518e+00 3.409967845308938261e-01 2.880666504669887953e-02
1.028940176397429518e+00 3.409967845308938261e-01 2.880666504669887953e-02
1.707551938214467491e+00 1.611497666277896812e-01 2.458445540390854101e-03
1.528777500240786846e+00 2.187360022435232421e-01 5.223513716551116126e-03
1.528777500240786846e+00 2.187360022435232421e-01 5.223513716551116126e-03
1.927973082402067106e+00 -3.932792667194262015e-01 9.281925289247866875e-03
2.065636933822043275e+00 -4.565504366606059072e-01 7.162833026394628197e-03
1.685302829761258225e+00 -4.477542454201269284e-01 7.890768001951825247e-03
1.773131921893353669e+00 -2.801935183176293975e-01 1.229286825207374055e-02
1.773131921893353669e+00 -2.801935183176293975e-01 1.229286825207374055e-02
1.773131921893353669e+00 -2.801935183176293975e-01 1.229286825207374055e-02
1.465071236302958990e+00 -2.256603314285567652e-01 1.564366038930328079e-02
1.348072341160093002e+00 -1.358740993332267499e-01 1.934484545056076171e-02
1.348072341160093002e+00 -1.358740993332267499e-01 1.934484545056076171e-02
1.348072341160093002e+00 -1.358740993332267499e-01 1.934484545056076171e-02
1.071483457993650745e+00 -8.243305959124019866e-02 1.578172995120178529e-02
1.071483457993650745e+00 -8.243305959124019866e-02 1.578172995120178529e-02
7.746284975397815797e-01 9.129753665305315180e-02 1.923671364652266777e-02
7.746284975397815797e-01 9.129753665305315180e-02 1.923671364652266777e-02
7.746284975397815797e-01 9.129753665305315180e-02 1.923671364652266777e-02
7.746284975397815797e-01 9.129753665305315180e-02 1.923671364652266777e-02
1.428405873476886523e+00 -1.882931798399722079e-01 1.724268304912173269e-02
1.477338025962483758e+00 -2.129670129225662012e-01 1.638341707137065673e-02
1.641397778941851904e+00 -2.708489598009943267e-01 1.422488468004512278e-02
1.641397778941851904e+00 -2.708489598009943267e-01 1.422488468004512278e-02
1.641397778941851904e+00 -2.708489598009943267e-01 1.422488468004512278e-02
1.641397778941851904e+00 -2.708489598009943267e-01 1.422488468004512278e-02
1.541670804654253546e+00 -1.821110025413771039e-01 1.728943489615237042e-02
1.541670804654253546e+00 -1.821110025413771039e-01 1.728943489615237042e-02
1.527996853101830421e+00 -2.860246492329958090e-01 1.326439074684498606e-02
1.651921536283007530e+00 1.761025176382823854e-01 3.220482449987685774e-03
1.479666810115848552e+00 -2.180937388372077845e-01 1.615426618286116764e-02
1.479666810115848552e+00 -2.180937388372077845e-01 1.615426618286116764e-02
1.415250106496745541e+00 -3.061320366039033125e-01 1.001021067670455726e-02
1.343724164733854920e+00 -3.354235904458831019e-01 6.674802076336958101e-03
1.699667888611803512e+00 -8.285447604325779647e-02 1.106193610668752131e-02
1.441126212280464225e+00 -2.894882365512852496e-01 1.158040259670865824e-02
1.713636693652270448e+00 -2.698919940320324007e-01 1.343086927622972986e-02
1.728425568947815183e+00 -3.112484713050822083e-01 1.264210498059532839e-02
1.728425568947815183e+00 -3.112484713050822083e-01 1.264210498059532839e-02
1.728425568947815183e+00 -3.112484713050822083e-01 1.264210498059532839e-02
2.094456437712338470e+00 -5.354386859538269317e-01 6.548570089723548121e-03
2.094456437712338470e+00 -5.354386859538269317e-01 6.548570089723548121e-03
2.094456437712338470e+00 -5.354386859538269317e-01 6.548570089723548121e-03
1.907893050964172721e+00 -1.634833573359643077e-01 6.265647807547725795e-03
1.741247633660695460e+00 4.286045850184178052e-02 4.879428928944845416e-03
1.550742658932738882e+00 -3.582497989189004084e-01 9.923159644677491051e-03
1.550742658932738882e+00 -3.582497989189004084e-01 9.923159644677491051e-03
1.550742658932738882e+00 -3.582497989189004084e-01 9.923159644677491051e-03
1.283115547828822756e+00 9.967849709338127973e-02 2.499264844559062615e-02
8.408950465662493601e-01 -1.526082184122273255e-01 3.302872390053493944e-03
9.568352453474850972e-01 3.131160701352855846e-02 2.217227899056624027e-02
9.568352453474850972e-01 3.131160701352855846e-02 2.217227899056624027e-02
9.452599094923653800e-01 8.824144035219031457e-01 5.108340911837559077e-04
1.183456155450797187e+00 5.017203768085065629e-01 5.142234463362803723e-03
8.237215197520875165e-01 6.586330066256687044e-01 1.384893474245925231e-02
8.381365260995833344e-01 3.513606669633103641e-01 4.277603716442045234e-02
8.381365260995833344e-01 3.513606669633103641e-01 4.277603716442045234e-02
8.381365260995833344e-01 3.513606669633103641e-01 4.277603716442045234e-02
8.381365260995833344e-01 3.513606669633103641e-01 4.277603716442045234e-02
1.128274333875606938e+00 7.241866300995425387e-02 2.987430638406319769e-02
1.128274333875606938e+00 7.241866300995425387e-02 2.987430638406319769e-02
1.128274333875606938e+00 7.241866300995425387e-02 2.987430638406319769e-02
1.128274333875606938e+00 7.241866300995425387e-02 2.987430638406319769e-02
1.420497179775993768e+00 -6.446660375528162623e-02 2.139374967895339361e-02
1.205426043348211573e+00 2.485937657254634614e-02 2.727055261347389320e-02
1.205426043348211573e+00 2.485937657254634614e-02 2.727055261347389320e-02
1.151683428651636421e+00 -9.146531737048999022e-02 1.803064988021341186e-02
1.151683428651636421e+00 -9.146531737048999022e-02 1.803064988021341186e-02
1.295937795001370407e+00 3.854168088477194498e-02 2.549788412724818265e-02
1.404456612476136179e+00 -7.587398603196236768e-02 2.158713652240621880e-02
1.684379219257077898e+00 -4.267950449205586139e-02 1.018970346026610262e-02
1.792639911128015351e+00 3.024451492551116782e-02 3.882121633761366833e-03
