2.489132485845457765e-01 1.481402749648903505e-01 5.187821229205090423e-02
6.869734323739918880e-01 4.195358398017710599e-01 1.573036999931059499e-01
6.869734323739918880e-01 4.195358398017710599e-01 1.573036999931059499e-01
6.869734323739918880e-01 4.195358398017710599e-01 1.573036999931059499e-01
9.114350281771216311e-01 1.809097557132138823e-01 1.092810461339479566e-01
8.742830432596446766e-01 1.968336085798248758e-01 1.486684122427174015e-01
8.742830432596446766e-01 1.968336085798248758e-01 1.486684122427174015e-01
8.742830432596446766e-01 1.968336085798248758e-01 1.486684122427174015e-01
5.756359550801972702e-01 4.490592160344659689e-01 3.427804703818957965e-01
6.157865723633896282e-01 3.612214731115246935e-01 4.572968324789780104e-01
6.157865723633896282e-01 3.612214731115246935e-01 4.572968324789780104e-01
4.043321625960219490e-01 1.177486013560261058e-01 2.647792636238981978e-01
4.043321625960219490e-01 1.177486013560261058e-01 2.647792636238981978e-01
8.384873938224424172e-01 2.082793905854388450e-01 2.014154383582138774e-01
8.384873938224424172e-01 2.082793905854388450e-01 2.014154383582138774e-01
8.384873938224424172e-01 2.082793905854388450e-01 2.014154383582138774e-01
8.384873938224424172e-01 2.082793905854388450e-01 2.014154383582138774e-01
8.384873938224424172e-01 2.082793905854388450e-01 2.014154383582138774e-01
8.384873938224424172e-01 2.082793905854388450e-01 2.014154383582138774e-01
8.126298981967704504e-01 -3.391654520286275787e-01 2.449342053757707638e-01
8.126298981967704504e-01 -3.391654520286275787e-01 2.449342053757707638e-01
9.183414659260066282e-01 -4.388137693019983354e-01 2.265000441368380524e-01
9.183414659260066282e-01 -4.388137693019983354e-01 2.265000441368380524e-01
9.183414659260066282e-01 -4.388137693019983354e-01 2.265000441368380524e-01
1.231716191869383081e+00 -6.591576214965071401e-01 1.552845853053292091e-01
1.231716191869383081e+00 -6.591576214965071401e-01 1.552845853053292091e-01
1.231716191869383081e+00 -6.591576214965071401e-01 1.552845853053292091e-01
1.076361205891688044e+00 -4.489746009669238758e-01 3.302683357867464142e-01
1.076361205891688044e+00 -4.489746009669238758e-01 3.302683357867464142e-01
1.111979958374917254e+00 -5.437191002277446117e-01 2.382355559257773869e-01
1.111979958374917254e+00 -5.437191002277446117e-01 2.382355559257773869e-01
1.302522105457249113e+00 -2.206198144486477553e-01 2.066285431065157871e-02
1.151767292042318758e+00 1.387049422897154161e-01 3.111788909445672296e-03
1.188357195085640639e+00 -4.635336818965504202e-01 2.481841333082143719e-01
9.079242109261234095e-01 -1.986889256529829617e-01 5.979789521181533285e-01
9.079242109261234095e-01 -1.986889256529829617e-01 5.979789521181533285e-01
9.079242109261234095e-01 -1.986889256529829617e-01 5.979789521181533285e-01
9.079242109261234095e-01 -1.986889256529829617e-01 5.979789521181533285e-01
9.079242109261234095e-01 -1.986889256529829617e-01 5.979789521181533285e-01
5.746642772206216332e-01 1.749487556064849292e-01 8.250924183984906790e-01
5.746642772206216332e-01 1.749487556064849292e-01 8.250924183984906790e-01
5.746642772206216332e-01 1.749487556064849292e-01 8.250924183984906790e-01
5.746642772206216332e-01 1.749487556064849292e-01 8.250924183984906790e-01
5.746642772206216332e-01 1.749487556064849292e-01 8.250924183984906790e-01
5.746642772206216332e-01 1.749487556064849292e-01 8.250924183984906790e-01
5.482476099456313756e-01 3.269309660155547137e-01 7.160823815536543346e-01
7.224497479696979640e-01 1.611439716633879249e-01 6.455140649783449591e-01
7.224497479696979640e-01 1.611439716633879249e-01 6.455140649783449591e-01
7.224497479696979640e-01 1.611439716633879249e-01 6.455140649783449591e-01
6.564384885701697314e-01 3.190796203644884477e-01 4.484752266974600388e-01
7.119391191216424275e-01 -5.007537781532417354e-02 7.035848544381317904e-01
7.255928471523086509e-01 1.374813778191208424e-01 6.866636145181224116e-01
7.255928471523086509e-01 1.374813778191208424e-01 6.866636145181224116e-01
7.255928471523086509e-01 1.374813778191208424e-01 6.866636145181224116e-01
7.255928471523086509e-01 1.374813778191208424e-01 6.866636145181224116e-01
8.233984039178225967e-01 3.031938077156086375e-02 6.125982807450065515e-01
8.233984039178225967e-01 3.031938077156086375e-02 6.125982807450065515e-01
8.233984039178225967e-01 3.031938077156086375e-02 6.125982807450065515e-01
8.233984039178225967e-01 3.031938077156086375e-02 6.125982807450065515e-01
8.233984039178225967e-01 3.031938077156086375e-02 6.125982807450065515e-01
8.233984039178225967e-01 3.031938077156086375e-02 6.125982807450065515e-01
8.233984039178225967e-01 3.031938077156086375e-02 6.125982807450065515e-01
9.471142049707329535e-01 -1.070279594156168940e-01 4.820048167678168682e-01
8.989710898333647116e-01 2.180979034512732506e-02 3.999176528304646538e-01
8.989710898333647116e-01 2.180979034512732506e-02 3.999176528304646538e-01
9.256955930197500182e-01 -2.027911966576111391e-01 5.812314021025229982e-01
9.256955930197500182e-01 -2.027911966576111391e-01 5.812314021025229982e-01
9.715917848720517780e-01 6.012555762610338750e-04 2.413707870011538859e-01
1.072195274658194197e+00 -5.779724002951914796e-01 1.793448271482034895e-01
1.138069569967978145e+00 -5.798778681848766325e-01 2.086506159668618521e-01
1.269850255429003871e+00 -8.266950331812862318e-01 6.323535336756806735e-02
1.269850255429003871e+00 -8.266950331812862318e-01 6.323535336756806735e-02
8.959731904783996281e-01 -4.597944227543603879e-01 1.655553978895556166e-01
5.827336936733333861e-01 -9.975564937853664826e-02 2.587204868581943762e-01
5.827336936733333861e-01 -9.975564937853664826e-02 2.587204868581943762e-01
7.236439943523408358e-01 -3.397519568313676075e-01 1.111348082014878835e-01
9.023868514366844007e-01 -3.398451918167178509e-01 3.889261181209070495e-01
9.023868514366844007e-01 -3.398451918167178509e-01 3.889261181209070495e-01
8.387128574195366060e-01 8.978523323481224505e-02 4.426526263894234869e-01
8.387128574195366060e-01 8.978523323481224505e-02 4.426526263894234869e-01
8.387128574195366060e-01 8.978523323481224505e-02 4.426526263894234869e-01
8.980061051641166081e-01 -3.520651082043284585e-01 3.587361188033988957e-01
1.088514259726815370e+00 -1.980255401559145589e-01 2.509834541212069836e-01
8.171597344110745897e-01 -3.115850658660453965e-01 3.086865275502198580e-01
8.171597344110745897e-01 -3.115850658660453965e-01 3.086865275502198580e-01
8.171597344110745897e-01 -3.115850658660453965e-01 3.086865275502198580e-01
7.725426681862300748e-01 -2.725986934442696796e-01 3.062480872196159387e-01
7.725426681862300748e-01 -2.725986934442696796e-01 3.062480872196159387e-01
7.655071750092585781e-01 -3.352971825895689206e-01 1.743666237304460076e-01
7.655071750092585781e-01 -3.352971825895689206e-01 1.743666237304460076e-01
7.655071750092585781e-01 -3.352971825895689206e-01 1.743666237304460076e-01
7.655071750092585781e-01 -3.352971825895689206e-01 1.743666237304460076e-01
7.655071750092585781e-01 -3.352971825895689206e-01 1.743666237304460076e-01
1.049183881159436726e+00 -5.965182722794448722e-01 1.415686427211998999e-01
1.049183881159436726e+00 -5.965182722794448722e-01 1.415686427211998999e-01
1.049183881159436726e+00 -5.965182722794448722e-01 1.415686427211998999e-01
1.049183881159436726e+00 -5.965182722794448722e-01 1.415686427211998999e-01
1.049183881159436726e+00 -5.965182722794448722e-01 1.415686427211998999e-01
1.049183881159436726e+00 -5.965182722794448722e-01 1.415686427211998999e-01
1.049183881159436726e+00 -5.965182722794448722e-01 1.415686427211998999e-01
