2.489132485845457765e-01 1.481402749648903505e-01 1.786845659655406371e-01
4.554311638309780363e-01 4.283584691410468603e-01 1.339916148944726437e-01
4.554311638309780363e-01 4.283584691410468603e-01 1.339916148944726437e-01
6.393430940650838279e-01 4.171870129499653523e-01 1.390792907019004678e-03
6.393430940650838279e-01 4.171870129499653523e-01 1.390792907019004678e-03
6.393430940650838279e-01 4.171870129499653523e-01 1.390792907019004678e-03
6.393430940650838279e-01 4.171870129499653523e-01 1.390792907019004678e-03
6.393430940650838279e-01 4.171870129499653523e-01 1.390792907019004678e-03
6.393430940650838279e-01 4.171870129499653523e-01 1.390792907019004678e-03
5.682785528368573535e-01 5.545456789493352634e-01 1.744216530948478148e-03
5.682785528368573535e-01 5.545456789493352634e-01 1.744216530948478148e-03
5.682785528368573535e-01 5.545456789493352634e-01 1.744216530948478148e-03
5.682785528368573535e-01 5.545456789493352634e-01 1.744216530948478148e-03
5.682785528368573535e-01 5.545456789493352634e-01 1.744216530948478148e-03
2.346484522283330820e-01 7.242549175436219233e-02 6.737159885651684832e-02
2.346484522283330820e-01 7.242549175436219233e-02 6.737159885651684832e-02
3.851318796590544880e-01 -9.002496026826681264e-02 1.079221879516636534e-01
3.851318796590544880e-01 -9.002496026826681264e-02 1.079221879516636534e-01
3.851318796590544880e-01 -9.002496026826681264e-02 1.079221879516636534e-01
1.686309168876551356e-01 2.762345362127898163e-01 1.637614875878508069e-01
5.375499078728525060e-01 7.744772118914358683e-02 2.212238535378219795e-01
5.375499078728525060e-01 7.744772118914358683e-02 2.212238535378219795e-01
5.372016249139510702e-01 1.002705621616470227e-01 2.132900961884474922e-01
3.762732376508040599e-01 5.025240511606067217e-01 2.594965647212841287e-01
3.762732376508040599e-01 5.025240511606067217e-01 2.594965647212841287e-01
5.004698599863548480e-01 5.633929999132314403e-02 3.014468740553832293e-01
5.004698599863548480e-01 5.633929999132314403e-02 3.014468740553832293e-01
5.004698599863548480e-01 5.633929999132314403e-02 3.014468740553832293e-01
5.004698599863548480e-01 5.633929999132314403e-02 3.014468740553832293e-01
5.004698599863548480e-01 5.633929999132314403e-02 3.014468740553832293e-01
5.004698599863548480e-01 5.633929999132314403e-02 3.014468740553832293e-01
5.004698599863548480e-01 5.633929999132314403e-02 3.014468740553832293e-01
5.004698599863548480e-01 5.633929999132314403e-02 3.014468740553832293e-01
5.004698599863548480e-01 5.633929999132314403e-02 3.014468740553832293e-01
5.004698599863548480e-01 5.633929999132314403e-02 3.014468740553832293e-01
5.004698599863548480e-01 5.633929999132314403e-02 3.014468740553832293e-01
5.004698599863548480e-01 5.633929999132314403e-02 3.014468740553832293e-01
4.931705352941491705e-01 -6.403587028312618390e-03 2.795268147061762964e-01
5.073086567304938566e-01 3.121452494626746760e-02 2.834054065182385895e-01
5.073086567304938566e-01 3.121452494626746760e-02 2.834054065182385895e-01
5.073086567304938566e-01 3.121452494626746760e-02 2.834054065182385895e-01
5.073086567304938566e-01 3.121452494626746760e-02 2.834054065182385895e-01
5.073086567304938566e-01 3.121452494626746760e-02 2.834054065182385895e-01
5.073086567304938566e-01 3.121452494626746760e-02 2.834054065182385895e-01
5.073086567304938566e-01 3.121452494626746760e-02 2.834054065182385895e-01
5.073086567304938566e-01 3.121452494626746760e-02 2.834054065182385895e-01
5.073086567304938566e-01 3.121452494626746760e-02 2.834054065182385895e-01
5.073086567304938566e-01 3.121452494626746760e-02 2.834054065182385895e-01
5.073086567304938566e-01 3.121452494626746760e-02 2.834054065182385895e-01
5.073086567304938566e-01 3.121452494626746760e-02 2.834054065182385895e-01
5.073086567304938566e-01 3.121452494626746760e-02 2.834054065182385895e-01
3.343986112282326673e-01 -6.215475642189411537e-02 7.589866248658960757e-02
3.343986112282326673e-01 -6.215475642189411537e-02 7.589866248658960757e-02
3.884424652848450510e-01 -1.045831335103627330e-01 9.716949765088021829e-02
3.884424652848450510e-01 -1.045831335103627330e-01 9.716949765088021829e-02
3.884424652848450510e-01 -1.045831335103627330e-01 9.716949765088021829e-02
3.884424652848450510e-01 -1.045831335103627330e-01 9.716949765088021829e-02
5.739193280418949383e-01 3.191083581797092561e-02 1.591879449195090501e-01
5.739193280418949383e-01 3.191083581797092561e-02 1.591879449195090501e-01
5.739193280418949383e-01 3.191083581797092561e-02 1.591879449195090501e-01
5.739193280418949383e-01 3.191083581797092561e-02 1.591879449195090501e-01
4.953588854437842026e-01 -1.105022999525304278e-01 1.813193568787666854e-01
5.569861907956974445e-01 -1.253281354587606200e-01 1.584570088377130204e-01
5.569861907956974445e-01 -1.253281354587606200e-01 1.584570088377130204e-01
2.555261005232495886e-01 4.796270021975591602e-01 6.551300933901895718e-01
2.555261005232495886e-01 4.796270021975591602e-01 6.551300933901895718e-01
2.555261005232495886e-01 4.796270021975591602e-01 6.551300933901895718e-01
2.555261005232495886e-01 4.796270021975591602e-01 6.551300933901895718e-01
2.555261005232495886e-01 4.796270021975591602e-01 6.551300933901895718e-01
2.555261005232495886e-01 4.796270021975591602e-01 6.551300933901895718e-01
6.368761061450511907e-02 7.508619642284932727e-01 3.369652225453482752e-01
6.368761061450511907e-02 7.508619642284932727e-01 3.369652225453482752e-01
6.368761061450511907e-02 7.508619642284932727e-01 3.369652225453482752e-01
6.368761061450511907e-02 7.508619642284932727e-01 3.369652225453482752e-01
6.368761061450511907e-02 7.508619642284932727e-01 3.369652225453482752e-01
6.368761061450511907e-02 7.508619642284932727e-01 3.369652225453482752e-01
6.368761061450511907e-02 7.508619642284932727e-01 3.369652225453482752e-01
6.368761061450511907e-02 7.508619642284932727e-01 3.369652225453482752e-01
1.142714045154216429e-01 1.067339978500943865e+00 4.184401217567070008e-02
1.142714045154216429e-01 1.067339978500943865e+00 4.184401217567070008e-02
2.677760265348064217e-02 1.094719128615767811e+00 6.821907271489158209e-02
2.677760265348064217e-02 1.094719128615767811e+00 6.821907271489158209e-02
7.261742316903296857e-02 9.769853640313937992e-01 1.390509278738468468e-01
7.261742316903296857e-02 9.769853640313937992e-01 1.390509278738468468e-01
7.261742316903296857e-02 9.769853640313937992e-01 1.390509278738468468e-01
7.261742316903296857e-02 9.769853640313937992e-01 1.390509278738468468e-01
7.261742316903296857e-02 9.769853640313937992e-01 1.390509278738468468e-01
7.261742316903296857e-02 9.769853640313937992e-01 1.390509278738468468e-01
1.825595191598565759e-01 7.412442316483791593e-01 3.592235566138318181e-01
1.825595191598565759e-01 7.412442316483791593e-01 3.592235566138318181e-01
1.825595191598565759e-01 7.412442316483791593e-01 3.592235566138318181e-01
1.825595191598565759e-01 7.412442316483791593e-01 3.592235566138318181e-01
3.704678647587849594e-01 6.639791872189821920e-01 6.915251864263841086e-02
3.704678647587849594e-01 6.639791872189821920e-01 6.915251864263841086e-02
3.704678647587849594e-01 6.639791872189821920e-01 6.915251864263841086e-02
3.704678647587849594e-01 6.639791872189821920e-01 6.915251864263841086e-02
-5.978294877930667717e-03 8.214535100378447252e-01 1.999730974686697027e-01
-5.978294877930667717e-03 8.214535100378447252e-01 1.999730974686697027e-01
-5.978294877930667717e-03 8.214535100378447252e-01 1.999730974686697027e-01
-5.978294877930667717e-03 8.214535100378447252e-01 1.999730974686697027e-01
