2.489132485845457765e-01 1.481402749648903505e-01 2.916372033634405132e-03
2.489132485845457765e-01 1.481402749648903505e-01 2.916372033634405132e-03
2.489132485845457765e-01 1.481402749648903505e-01 2.916372033634405132e-03
3.423868656258786669e-01 1.058135457922886047e-01 2.464166609637243738e-03
3.423868656258786669e-01 1.058135457922886047e-01 2.464166609637243738e-03
8.306471019727817984e-01 -9.291938735785604253e-02 1.219750828223966970e-03
1.005234184323301250e+00 -6.307236137825285305e-02 5.101816515293669183e-03
1.005234184323301250e+00 -6.307236137825285305e-02 5.101816515293669183e-03
1.005234184323301250e+00 -6.307236137825285305e-02 5.101816515293669183e-03
8.022416023170293453e-01 2.063154260816735808e-01 7.045677421919770145e-02
9.544374771186332485e-01 4.452008618539619045e-01 1.873767459804949187e-01
6.924964288707065041e-01 5.898722549279336036e-01 2.046923846860459195e-01
7.197808953620592476e-01 7.407454460214087932e-01 7.754334425590583835e-02
7.197808953620592476e-01 7.407454460214087932e-01 7.754334425590583835e-02
7.826868174726929750e-01 6.064447944227406850e-01 1.590676151354226686e-01
7.826868174726929750e-01 6.064447944227406850e-01 1.590676151354226686e-01
9.191040047365484078e-01 4.099435395186568631e-01 1.982825098332457181e-01
9.191040047365484078e-01 4.099435395186568631e-01 1.982825098332457181e-01
9.191040047365484078e-01 4.099435395186568631e-01 1.982825098332457181e-01
9.191040047365484078e-01 4.099435395186568631e-01 1.982825098332457181e-01
1.078996437264988284e+00 3.850325994344928615e-01 1.668956320429644258e-01
7.253476659993993714e-01 3.304984190290474744e-01 1.495659938213347029e-01
7.253476659993993714e-01 3.304984190290474744e-01 1.495659938213347029e-01
7.253476659993993714e-01 3.304984190290474744e-01 1.495659938213347029e-01
7.253476659993993714e-01 3.304984190290474744e-01 1.495659938213347029e-01
4.899596779889492382e-01 3.642640798670379043e-01 1.219504994999927455e-01
4.899596779889492382e-01 3.642640798670379043e-01 1.219504994999927455e-01
4.899596779889492382e-01 3.642640798670379043e-01 1.219504994999927455e-01
4.358784049540692651e-01 4.303123502433612857e-01 1.671060702463859904e-01
4.968629394193962434e-01 4.843064480957280926e-01 2.271137845212308770e-01
4.968629394193962434e-01 4.843064480957280926e-01 2.271137845212308770e-01
-5.699027140937545921e-02 7.347957012998684867e-01 2.400400483328137546e-01
-3.433991770473802663e-01 8.768986857533506152e-01 1.983705421487030607e-01
-3.433991770473802663e-01 8.768986857533506152e-01 1.983705421487030607e-01
-3.433991770473802663e-01 8.768986857533506152e-01 1.983705421487030607e-01
-3.433991770473802663e-01 8.768986857533506152e-01 1.983705421487030607e-01
-3.433991770473802663e-01 8.768986857533506152e-01 1.983705421487030607e-01
-3.433991770473802663e-01 8.768986857533506152e-01 1.983705421487030607e-01
-6.443959109872702262e-01 8.289199812064710349e-01 9.885693593782007849e-02
-9.390015226059533759e-01 1.167012507245168695e+00 7.670211091501152878e-02
-9.766410528599843710e-01 1.105351372603770255e+00 8.248992729833121151e-02
-5.192252952009615008e-01 1.214546861314677928e+00 3.922897702359938454e-02
-5.192252952009615008e-01 1.214546861314677928e+00 3.922897702359938454e-02
-7.321644732411640710e-01 9.065975205016540972e-01 1.060066090745066802e-01
-7.321644732411640710e-01 9.065975205016540972e-01 1.060066090745066802e-01
-4.199679455391751026e-01 8.671197782506089302e-01 1.824521416687086284e-01
-6.628390587023899050e-01 1.162208679963499414e+00 7.615378336082874455e-02
-8.819202578703226880e-01 1.387813440423514066e+00 1.425467879131237653e-02
-1.424307176261537800e+00 1.208223265914022848e+00 3.056380697205657304e-02
-1.424307176261537800e+00 1.208223265914022848e+00 3.056380697205657304e-02
-1.424307176261537800e+00 1.208223265914022848e+00 3.056380697205657304e-02
-1.424307176261537800e+00 1.208223265914022848e+00 3.056380697205657304e-02
-1.424307176261537800e+00 1.208223265914022848e+00 3.056380697205657304e-02
-1.424307176261537800e+00 1.208223265914022848e+00 3.056380697205657304e-02
-1.136414921537998168e+00 1.096674585155135606e+00 5.814604036278388927e-02
-1.136414921537998168e+00 1.096674585155135606e+00 5.814604036278388927e-02
-1.136414921537998168e+00 1.096674585155135606e+00 5.814604036278388927e-02
-1.136414921537998168e+00 1.096674585155135606e+00 5.814604036278388927e-02
-1.136414921537998168e+00 1.096674585155135606e+00 5.814604036278388927e-02
-1.136414921537998168e+00 1.096674585155135606e+00 5.814604036278388927e-02
-1.136414921537998168e+00 1.096674585155135606e+00 5.814604036278388927e-02
-1.136414921537998168e+00 1.096674585155135606e+00 5.814604036278388927e-02
-1.136414921537998168e+00 1.096674585155135606e+00 5.814604036278388927e-02
-1.106414944416028501e+00 1.280943388781069281e+00 4.436382145265130306e-02
-1.106414944416028501e+00 1.280943388781069281e+00 4.436382145265130306e-02
-1.106414944416028501e+00 1.280943388781069281e+00 4.436382145265130306e-02
-1.106414944416028501e+00 1.280943388781069281e+00 4.436382145265130306e-02
-1.151513041698704498e+00 1.450495720466064453e+00 1.221289407421282877e-02
-1.311317705747288453e+00 1.154914598451805663e+00 3.930334891796281871e-02
-1.311317705747288453e+00 1.154914598451805663e+00 3.930334891796281871e-02
-1.180385181509336245e+00 1.233321571352646639e+00 5.038334759872699353e-02
-1.180385181509336245e+00 1.233321571352646639e+00 5.038334759872699353e-02
-1.112491938722737883e+00 1.384390772384537449e+00 2.183496754117359925e-02
-1.112491938722737883e+00 1.384390772384537449e+00 2.183496754117359925e-02
-1.513654559226523144e+00 1.173159597345495575e+00 2.056563989089897973e-02
-1.513654559226523144e+00 1.173159597345495575e+00 2.056563989089897973e-02
-1.497300442326903847e+00 1.203782546494916783e+00 2.397503312909530365e-02
-1.497300442326903847e+00 1.203782546494916783e+00 2.397503312909530365e-02
-1.497300442326903847e+00 1.203782546494916783e+00 2.397503312909530365e-02
-1.165389123191174825e+00 1.126341274313400032e+00 5.618092378588594726e-02
-8.984898499219604595e-01 1.136518654273142026e+00 8.634159948568415066e-02
-8.984898499219604595e-01 1.136518654273142026e+00 8.634159948568415066e-02
-8.984898499219604595e-01 1.136518654273142026e+00 8.634159948568415066e-02
-8.984898499219604595e-01 1.136518654273142026e+00 8.634159948568415066e-02
-8.984898499219604595e-01 1.136518654273142026e+00 8.634159948568415066e-02
-1.029056732988701039e+00 9.736346365555177407e-01 5.494544873279085667e-02
-9.265203357468194678e-01 1.066925443748154345e+00 9.070848447956694760e-02
-1.208994156898820727e+00 1.044971049023539322e+00 3.936125788540806303e-02
-9.873972846953380511e-01 8.888578822867598817e-01 3.933004377865075701e-02
-9.678661545788854736e-01 1.275717487243884340e+00 4.487166338653324898e-02
-9.678661545788854736e-01 1.275717487243884340e+00 4.487166338653324898e-02
-9.678661545788854736e-01 1.275717487243884340e+00 4.487166338653324898e-02
-9.678661545788854736e-01 1.275717487243884340e+00 4.487166338653324898e-02
-6.852416911534060517e-01 1.287646975657379178e+00 2.724317795313310059e-02
-7.535492183764695984e-01 1.033226086978350944e+00 1.194780442078549332e-01
-7.535492183764695984e-01 1.033226086978350944e+00 1.194780442078549332e-01
-7.535492183764695984e-01 1.033226086978350944e+00 1.194780442078549332e-01
-9.328075186162326782e-01 1.024306615171906687e+00 8.602757449204458118e-02
-9.328075186162326782e-01 1.024306615171906687e+00 8.602757449204458118e-02
-5.335691080540101439e-01 1.303049345963603445e+00 1.479687344981854037e-02
