2.489132485845457765e-01 1.481402749648903505e-01 1.217347494065964542e-01
2.489132485845457765e-01 1.481402749648903505e-01 1.217347494065964542e-01
2.489132485845457765e-01 1.481402749648903505e-01 1.217347494065964542e-01
4.292975366423755768e-01 4.199394809576478815e-01 4.548994395472226726e-01
4.292975366423755768e-01 4.199394809576478815e-01 4.548994395472226726e-01
4.292975366423755768e-01 4.199394809576478815e-01 4.548994395472226726e-01
4.292975366423755768e-01 4.199394809576478815e-01 4.548994395472226726e-01
4.292975366423755768e-01 4.199394809576478815e-01 4.548994395472226726e-01
4.554256897555333805e-01 3.483149507795926247e-01 4.676464863590814591e-01
4.554256897555333805e-01 3.483149507795926247e-01 4.676464863590814591e-01
3.205571018220573221e-01 3.011543808493950536e-01 5.955425796159876661e-01
2.575581051516557807e-01 2.508945841879864913e-01 2.959334089348624186e-01
6.014749761204154499e-01 -2.028182642675813718e-01 1.199773062961732445e-01
2.828195817632316311e-01 4.701826073200371381e-02 7.741716110817245533e-02
6.591874408685823861e-01 -3.708685208296914060e-01 3.926159720028941230e-02
6.591874408685823861e-01 -3.708685208296914060e-01 3.926159720028941230e-02
8.885506720970546279e-01 -4.282325671987723403e-01 5.751158671807196816e-03
8.885506720970546279e-01 -4.282325671987723403e-01 5.751158671807196816e-03
6.886390836989193520e-01 -2.640916568266800657e-01 6.933480134043144838e-02
6.794944423392015320e-01 -1.806369541436901038e-01 9.665191050856684896e-02
8.147311979997995390e-01 -2.773642943153113993e-01 1.943437045823278794e-02
8.147311979997995390e-01 -2.773642943153113993e-01 1.943437045823278794e-02
8.203111369464818337e-01 -3.907182053811378841e-01 1.524483331141569115e-02
8.203111369464818337e-01 -3.907182053811378841e-01 1.524483331141569115e-02
7.998567956227731202e-01 -2.930970677749027420e-01 2.356747709911188524e-02
7.998567956227731202e-01 -2.930970677749027420e-01 2.356747709911188524e-02
7.998567956227731202e-01 -2.930970677749027420e-01 2.356747709911188524e-02
7.998567956227731202e-01 -2.930970677749027420e-01 2.356747709911188524e-02
7.998567956227731202e-01 -2.930970677749027420e-01 2.356747709911188524e-02
4.437545708364470376e-01 -2.017875967725704101e-01 5.030334329337689259e-02
4.437545708364470376e-01 -2.017875967725704101e-01 5.030334329337689259e-02
4.437545708364470376e-01 -2.017875967725704101e-01 5.030334329337689259e-02
5.662610526061512273e-01 -8.754950770372024738e-02 2.167960812764470058e-01
5.662610526061512273e-01 -8.754950770372024738e-02 2.167960812764470058e-01
5.662610526061512273e-01 -8.754950770372024738e-02 2.167960812764470058e-01
5.662610526061512273e-01 -8.754950770372024738e-02 2.167960812764470058e-01
5.662610526061512273e-01 -8.754950770372024738e-02 2.167960812764470058e-01
4.192843226892019048e-01 2.770620635226697104e-01 6.233268309796086148e-01
4.192843226892019048e-01 2.770620635226697104e-01 6.233268309796086148e-01
2.044085669624448043e-01 3.045462397831800172e-01 2.211492088685911295e-01
2.044085669624448043e-01 3.045462397831800172e-01 2.211492088685911295e-01
1.270359663949092999e-01 4.332464349174554030e-01 1.714110048955020116e-01
1.392436333798555137e-02 4.411794067716732215e-01 2.129075808451421845e-02
1.773302339773281111e-01 1.126037671166598919e+00 2.067120913381987821e-02
1.773302339773281111e-01 1.126037671166598919e+00 2.067120913381987821e-02
1.773302339773281111e-01 1.126037671166598919e+00 2.067120913381987821e-02
-3.888201592942799878e-02 1.085352141030605067e+00 6.089737043944695033e-02
-3.888201592942799878e-02 1.085352141030605067e+00 6.089737043944695033e-02
2.138305971148493911e-01 7.483844351806001605e-01 3.787452173250427379e-01
1.552237013948932765e-01 4.723380468925190701e-01 3.028605514552658029e-01
1.552237013948932765e-01 4.723380468925190701e-01 3.028605514552658029e-01
1.552237013948932765e-01 4.723380468925190701e-01 3.028605514552658029e-01
1.552237013948932765e-01 4.723380468925190701e-01 3.028605514552658029e-01
1.552237013948932765e-01 4.723380468925190701e-01 3.028605514552658029e-01
1.552237013948932765e-01 4.723380468925190701e-01 3.028605514552658029e-01
2.029239670450076749e-01 9.763375475263600389e-01 8.123818172377492153e-02
2.029239670450076749e-01 9.763375475263600389e-01 8.123818172377492153e-02
2.029239670450076749e-01 9.763375475263600389e-01 8.123818172377492153e-02
2.029239670450076749e-01 9.763375475263600389e-01 8.123818172377492153e-02
2.029239670450076749e-01 9.763375475263600389e-01 8.123818172377492153e-02
2.062068885138473306e-01 3.555006222057525145e-01 3.069613291976385772e-01
2.062068885138473306e-01 3.555006222057525145e-01 3.069613291976385772e-01
2.062068885138473306e-01 3.555006222057525145e-01 3.069613291976385772e-01
2.062068885138473306e-01 3.555006222057525145e-01 3.069613291976385772e-01
2.062068885138473306e-01 3.555006222057525145e-01 3.069613291976385772e-01
2.743582064020809175e-01 6.892003144568297213e-01 3.955447806497346952e-01
2.743582064020809175e-01 6.892003144568297213e-01 3.955447806497346952e-01
2.743582064020809175e-01 6.892003144568297213e-01 3.955447806497346952e-01
3.635790260242238170e-01 6.444786437301812665e-01 2.541026980831306292e-01
3.635790260242238170e-01 6.444786437301812665e-01 2.541026980831306292e-01
3.626938112867864605e-01 1.133037472941145207e-01 3.325651129209427070e-01
3.626938112867864605e-01 1.133037472941145207e-01 3.325651129209427070e-01
3.626938112867864605e-01 1.133037472941145207e-01 3.325651129209427070e-01
3.626938112867864605e-01 1.133037472941145207e-01 3.325651129209427070e-01
3.626938112867864605e-01 1.133037472941145207e-01 3.325651129209427070e-01
2.086537859052996491e-01 4.448091805788779163e-01 4.585034633215957500e-01
2.086537859052996491e-01 4.448091805788779163e-01 4.585034633215957500e-01
2.086537859052996491e-01 4.448091805788779163e-01 4.585034633215957500e-01
2.086537859052996491e-01 4.448091805788779163e-01 4.585034633215957500e-01
2.086537859052996491e-01 4.448091805788779163e-01 4.585034633215957500e-01
2.086537859052996491e-01 4.448091805788779163e-01 4.585034633215957500e-01
2.071899486632712839e-01 5.798064768578604644e-01 5.555333735184513344e-01
2.620441233592931685e-01 5.643092708873782559e-01 6.197249553328169069e-01
2.620441233592931685e-01 5.643092708873782559e-01 6.197249553328169069e-01
2.620441233592931685e-01 5.643092708873782559e-01 6.197249553328169069e-01
3.317708025658671622e-01 6.713103748607960330e-01 2.903101210437382673e-01
3.317708025658671622e-01 6.713103748607960330e-01 2.903101210437382673e-01
3.317708025658671622e-01 6.713103748607960330e-01 2.903101210437382673e-01
2.792535952270506217e-01 4.199699878420501964e-01 6.505572599673363765e-01
2.792535952270506217e-01 4.199699878420501964e-01 6.505572599673363765e-01
3.699220918519024459e-01 7.449371732865426310e-01 1.018526877007994297e-01
3.699220918519024459e-01 7.449371732865426310e-01 1.018526877007994297e-01
3.954510884774685153e-01 6.844553633315716423e-01 1.235909101140786892e-01
3.954510884774685153e-01 6.844553633315716423e-01 1.235909101140786892e-01
-3.153770392106119980e-02 9.045893999364276183e-01 9.386046040555585945e-02
-3.153770392106119980e-02 9.045893999364276183e-01 9.386046040555585945e-02
-3.153770392106119980e-02 9.045893999364276183e-01 9.386046040555585945e-02
-3.153770392106119980e-02 9.045893999364276183e-01 9.386046040555585945e-02
-3.153770392106119980e-02 9.045893999364276183e-01 9.386046040555585945e-02
2.291403366790512042e-01 6.716877382909297589e-01 4.916873235102000583e-01
