2.489132485845457765e-01 1.481402749648903505e-01 1.900598456105361250e-03
4.751674346857848175e-01 6.598571090759636215e-01 1.088250310965391127e-01
4.751674346857848175e-01 6.598571090759636215e-01 1.088250310965391127e-01
3.715710174315162706e-01 6.554776253648143536e-01 1.028521990367431277e-01
3.715710174315162706e-01 6.554776253648143536e-01 1.028521990367431277e-01
4.386212402676852307e-01 8.656950457996475112e-01 6.134699772800410178e-02
2.576390168494344657e-01 1.022173670618091279e+00 3.741082252282019321e-02
4.729935685448852789e-01 9.966624845906766339e-01 2.314040204239814144e-02
5.533599960127566497e-01 9.059995868590315915e-01 3.537399969619742235e-02
5.533599960127566497e-01 9.059995868590315915e-01 3.537399969619742235e-02
9.133903075978866415e-01 7.215370957052096301e-01 3.769682477128457471e-02
9.133903075978866415e-01 7.215370957052096301e-01 3.769682477128457471e-02
6.171170808905209748e-01 7.913727197178617168e-01 6.104777009491597906e-02
3.805361552329387664e-01 6.534900066180673317e-01 1.036406093504618209e-01
3.805361552329387664e-01 6.534900066180673317e-01 1.036406093504618209e-01
1.245916646855298460e-01 8.636243189343739690e-01 7.939886687179369129e-02
1.245916646855298460e-01 8.636243189343739690e-01 7.939886687179369129e-02
1.245916646855298460e-01 8.636243189343739690e-01 7.939886687179369129e-02
1.245916646855298460e-01 8.636243189343739690e-01 7.939886687179369129e-02
1.245916646855298460e-01 8.636243189343739690e-01 7.939886687179369129e-02
7.747372446238127708e-01 7.101990791513156376e-01 6.358763677598086583e-02
1.231027337265244936e+00 3.825786087495032239e-01 8.967206971663693738e-02
1.231027337265244936e+00 3.825786087495032239e-01 8.967206971663693738e-02
1.231027337265244936e+00 3.825786087495032239e-01 8.967206971663693738e-02
1.455034038364757532e+00 4.492137939786980949e-01 2.857854119254504138e-02
1.193746396067436155e+00 4.675570590855292474e-01 6.914907677871554026e-02
1.193746396067436155e+00 4.675570590855292474e-01 6.914907677871554026e-02
1.279140669513087802e+00 2.982378872254136670e-01 1.035342366289883215e-01
1.279140669513087802e+00 2.982378872254136670e-01 1.035342366289883215e-01
8.835151400849186043e-01 4.532940072606552184e-01 1.230650269875277064e-01
8.835151400849186043e-01 4.532940072606552184e-01 1.230650269875277064e-01
8.835151400849186043e-01 4.532940072606552184e-01 1.230650269875277064e-01
9.547806822521764936e-01 6.492089180959870198e-01 5.308229342797373546e-02
8.739496559763576533e-01 4.956637647518089551e-01 1.166468365632651882e-01
8.608777861451358815e-01 3.948508571576198056e-01 1.248436447490864076e-01
7.531423384690977274e-01 4.617169351135546052e-01 1.235414633194909656e-01
7.531423384690977274e-01 4.617169351135546052e-01 1.235414633194909656e-01
6.898381020872695890e-01 3.927106265079315373e-01 1.047084139965279437e-01
4.491972782074320492e-01 3.253386941203596505e-01 3.746311978611409355e-02
4.491972782074320492e-01 3.253386941203596505e-01 3.746311978611409355e-02
4.491972782074320492e-01 3.253386941203596505e-01 3.746311978611409355e-02
4.491972782074320492e-01 3.253386941203596505e-01 3.746311978611409355e-02
7.548707512327872404e-01 -1.049310631574652541e-01 2.897345816783859686e-03
7.548707512327872404e-01 -1.049310631574652541e-01 2.897345816783859686e-03
7.548707512327872404e-01 -1.049310631574652541e-01 2.897345816783859686e-03
7.548707512327872404e-01 -1.049310631574652541e-01 2.897345816783859686e-03
7.548707512327872404e-01 -1.049310631574652541e-01 2.897345816783859686e-03
7.548707512327872404e-01 -1.049310631574652541e-01 2.897345816783859686e-03
7.548707512327872404e-01 -1.049310631574652541e-01 2.897345816783859686e-03
8.142226375454598708e-01 -3.875289834735241856e-02 9.262049495144869179e-03
8.142226375454598708e-01 -3.875289834735241856e-02 9.262049495144869179e-03
9.130616407168247184e-01 1.657251275947351776e-01 7.083844594178752285e-02
6.793978009415256869e-01 5.875378300495688322e-01 1.144488156531424522e-01
6.793978009415256869e-01 5.875378300495688322e-01 1.144488156531424522e-01
6.793978009415256869e-01 5.875378300495688322e-01 1.144488156531424522e-01
6.793978009415256869e-01 5.875378300495688322e-01 1.144488156531424522e-01
8.470170346909405845e-01 2.383017097596051292e-01 8.432796619685034578e-02
8.590255491258345089e-01 7.630040667054085457e-01 3.410822635520209534e-02
1.103155944631615482e+00 8.009062011709023876e-01 6.970939512588815792e-03
5.109374549697330847e-01 8.700743731592457397e-01 5.081129539215985258e-02
4.325461085510178272e-01 9.694937874513974707e-01 3.289662407971864072e-02
4.325461085510178272e-01 9.694937874513974707e-01 3.289662407971864072e-02
1.934909617704793638e-01 8.629596981964759994e-01 8.018168631162753135e-02
1.934909617704793638e-01 8.629596981964759994e-01 8.018168631162753135e-02
-1.868311923243454187e-01 1.085516837000400248e+00 4.724432739441235957e-02
-2.936459112000266991e-02 1.085069574716470919e+00 4.393064984901205727e-02
2.233647226131256214e-01 9.641169403567004803e-01 5.534222353770924113e-02
-3.262977374395353847e-02 7.308636714786924671e-01 5.250753018693543606e-02
2.961722580334196220e-01 7.677610299012196382e-01 9.430493625140752567e-02
3.539780100604847379e-01 3.596662277033831345e-01 3.146793402715378218e-02
5.166543748073451070e-01 2.789877608644674156e-01 3.602216568314673545e-02
5.166543748073451070e-01 2.789877608644674156e-01 3.602216568314673545e-02
6.469349877317811526e-01 5.468894373688925059e-01 1.197964872066492742e-01
1.250821363096871641e+00 1.363502327339577991e-01 1.082752387177022962e-01
1.264286892617826119e+00 2.730078573930155850e-01 1.105940220713437783e-01
1.264286892617826119e+00 2.730078573930155850e-01 1.105940220713437783e-01
1.264286892617826119e+00 2.730078573930155850e-01 1.105940220713437783e-01
1.264286892617826119e+00 2.730078573930155850e-01 1.105940220713437783e-01
1.092131982788209221e+00 4.262144798399840617e-01 1.029535765010984594e-01
1.092131982788209221e+00 4.262144798399840617e-01 1.029535765010984594e-01
9.750452674653276031e-01 5.099701079439261653e-01 9.790064276010372601e-02
5.831196139654901689e-01 5.337859072989842302e-01 1.158048466681802502e-01
5.831196139654901689e-01 5.337859072989842302e-01 1.158048466681802502e-01
5.831196139654901689e-01 5.337859072989842302e-01 1.158048466681802502e-01
5.831196139654901689e-01 5.337859072989842302e-01 1.158048466681802502e-01
8.220026822777196651e-01 3.469735743100254011e-01 1.136679562304034469e-01
1.113294732563508305e+00 1.591866979003404015e-01 1.016300107409306847e-01
9.592533765492901043e-01 1.438587342458812479e-01 7.151773867442202948e-02
7.873509670886931211e-01 7.404005494989883696e-01 5.133448955994433099e-02
1.027324088172130168e+00 7.171682124178442308e-01 2.411559778403923535e-02
8.849891396299857105e-01 5.820011352597586063e-01 8.963070688539760689e-02
8.377368185139884016e-01 3.814736866081626654e-01 1.219488703490153314e-01
5.744597533719579818e-01 3.602683116759148874e-01 7.159893384088558688e-02
8.876160119078115862e-01 2.739617305613930576e-01 1.036123506092162944e-01
6.638556176212454529e-01 3.533557805175147615e-01 8.772344080737320970e-02
6.638556176212454529e-01 3.533557805175147615e-01 8.772344080737320970e-02
6.638556176212454529e-01 3.533557805175147615e-01 8.772344080737320970e-02
6.638556176212454529e-01 3.533557805175147615e-01 8.772344080737320970e-02
6.638556176212454529e-01 3.533557805175147615e-01 8.772344080737320970e-02
2.958780743856999629e-01 6.947003421422630609e-01 9.689265737447595728e-02
