2.489132485845457765e-01 1.481402749648903505e-01 4.995504430736154647e-03
-4.376700378373177269e-04 4.826999051200056012e-01 1.350789597165934566e-02
-1.439905856209169333e-01 7.653184304539806249e-01 3.028418706900636373e-02
-1.439905856209169333e-01 7.653184304539806249e-01 3.028418706900636373e-02
-1.439905856209169333e-01 7.653184304539806249e-01 3.028418706900636373e-02
3.667487990867762671e-01 4.810170680022378131e-01 1.220694821082762005e-01
3.867761799216025143e-01 7.994158182838451143e-01 8.158112037761729163e-02
5.286846969920007133e-01 7.681489570292936442e-01 6.116170671958080091e-02
-2.621032773866427412e-02 1.012604865696485001e+00 5.673602490748105853e-02
-2.621032773866427412e-02 1.012604865696485001e+00 5.673602490748105853e-02
-2.621032773866427412e-02 1.012604865696485001e+00 5.673602490748105853e-02
-1.058769355045703076e-01 9.770446356875565064e-01 5.495062659043054021e-02
-1.058769355045703076e-01 9.770446356875565064e-01 5.495062659043054021e-02
-1.058769355045703076e-01 9.770446356875565064e-01 5.495062659043054021e-02
-1.423606545448755090e-02 6.774306493293147380e-01 4.387516630482370117e-02
-1.423606545448755090e-02 6.774306493293147380e-01 4.387516630482370117e-02
-1.423606545448755090e-02 6.774306493293147380e-01 4.387516630482370117e-02
4.124097321088742163e-01 8.853721692000382504e-01 4.391294666158365029e-02
2.377266062671604951e-01 6.120538152196236537e-01 1.073669399657461859e-01
2.433485504038844505e-01 8.417249080179245446e-01 8.755861301407780184e-02
5.756385870675811978e-01 4.243148727591919411e-01 1.753348779086188747e-01
5.756385870675811978e-01 4.243148727591919411e-01 1.753348779086188747e-01
6.559570955474101073e-01 3.387054600931526660e-01 1.841158274638378112e-01
8.579701826683246990e-01 5.041361580207714965e-01 8.013927180478155887e-02
6.988629533840047259e-01 3.910233364173149040e-02 7.063452218193201626e-02
6.988629533840047259e-01 3.910233364173149040e-02 7.063452218193201626e-02
6.089581141073939774e-01 1.870434214278060836e-01 1.055413493874689385e-01
6.089581141073939774e-01 1.870434214278060836e-01 1.055413493874689385e-01
7.087864252586519864e-01 1.121364171866374715e-01 1.129503364470332560e-01
7.087864252586519864e-01 1.121364171866374715e-01 1.129503364470332560e-01
7.087864252586519864e-01 1.121364171866374715e-01 1.129503364470332560e-01
7.087864252586519864e-01 1.121364171866374715e-01 1.129503364470332560e-01
7.087864252586519864e-01 1.121364171866374715e-01 1.129503364470332560e-01
9.346986030404151879e-01 1.598943615906041615e-01 2.019577570335964745e-01
4.086241687002279965e-01 5.649422653467470745e-01 1.471722526636403683e-01
6.890767134748593259e-02 6.492270472488376187e-01 6.089493468396883075e-02
6.890767134748593259e-02 6.492270472488376187e-01 6.089493468396883075e-02
6.890767134748593259e-02 6.492270472488376187e-01 6.089493468396883075e-02
6.890767134748593259e-02 6.492270472488376187e-01 6.089493468396883075e-02
6.890767134748593259e-02 6.492270472488376187e-01 6.089493468396883075e-02
6.890767134748593259e-02 6.492270472488376187e-01 6.089493468396883075e-02
6.890767134748593259e-02 6.492270472488376187e-01 6.089493468396883075e-02
6.890767134748593259e-02 6.492270472488376187e-01 6.089493468396883075e-02
8.532902959144474109e-02 6.489238750151586910e-01 6.583493220251812605e-02
-2.515266279480986300e-02 3.734459177818827968e-01 3.523767874735038007e-03
-2.515266279480986300e-02 3.734459177818827968e-01 3.523767874735038007e-03
-2.515266279480986300e-02 3.734459177818827968e-01 3.523767874735038007e-03
2.079956275274739697e-01 9.036434958466830203e-01 7.185102728996282939e-02
2.116533523199647104e-01 8.657679137333358366e-01 8.295514565426087561e-02
2.924971358297400181e-01 7.744796655622286918e-01 1.042348567368908963e-01
2.924971358297400181e-01 7.744796655622286918e-01 1.042348567368908963e-01
2.924971358297400181e-01 7.744796655622286918e-01 1.042348567368908963e-01
4.830807274984041388e-01 9.627665834311173176e-01 1.498842076263602260e-02
4.830807274984041388e-01 9.627665834311173176e-01 1.498842076263602260e-02
3.978278599052263442e-01 5.905187407100035424e-01 1.443051274138060780e-01
4.995630750011986754e-01 5.315660449993585557e-01 1.601361968016113968e-01
4.995630750011986754e-01 5.315660449993585557e-01 1.601361968016113968e-01
6.490248112157301907e-01 3.286284295995285376e-01 1.808438029751071596e-01
5.357873559879550163e-01 4.478985448574052119e-01 1.689631661098265625e-01
5.357873559879550163e-01 4.478985448574052119e-01 1.689631661098265625e-01
5.357873559879550163e-01 4.478985448574052119e-01 1.689631661098265625e-01
5.357873559879550163e-01 4.478985448574052119e-01 1.689631661098265625e-01
3.536436177664004643e-01 5.285422714395683341e-01 1.293072427917707490e-01
6.948786127815129721e-01 3.719768051998955105e-01 1.884412590104731777e-01
6.948786127815129721e-01 3.719768051998955105e-01 1.884412590104731777e-01
6.948786127815129721e-01 3.719768051998955105e-01 1.884412590104731777e-01
2.328507635428114231e-01 4.407549551568429314e-01 5.622412784109521305e-02
2.328507635428114231e-01 4.407549551568429314e-01 5.622412784109521305e-02
4.020917732944832013e-01 4.780531634165077759e-01 1.346835749896676260e-01
3.990284820741013538e-01 7.853415711778439778e-01 8.486689927303676939e-02
2.827648529018605417e-01 8.753295099316159567e-01 7.132737663918808924e-02
2.827648529018605417e-01 8.753295099316159567e-01 7.132737663918808924e-02
2.827648529018605417e-01 8.753295099316159567e-01 7.132737663918808924e-02
1.441645120324198948e-01 6.387282735329777861e-01 8.229958059899947220e-02
1.310958413287465762e-01 7.477236278924969115e-01 9.387689749964876762e-02
4.089464784312465406e-01 7.081303343882366930e-01 1.145649798611357018e-01
4.089464784312465406e-01 7.081303343882366930e-01 1.145649798611357018e-01
4.466618212715313674e-01 4.677622191529091644e-01 1.477922204173952037e-01
4.466618212715313674e-01 4.677622191529091644e-01 1.477922204173952037e-01
4.466618212715313674e-01 4.677622191529091644e-01 1.477922204173952037e-01
8.812701666096700581e-01 9.844323564339740873e-02 1.803008768872294554e-01
1.024879228650235952e+00 2.374440980369842136e-01 1.560324104642695775e-01
1.024879228650235952e+00 2.374440980369842136e-01 1.560324104642695775e-01
1.113491794769354781e+00 1.644132106390213954e-01 1.535041843961798547e-01
1.043287746053599863e+00 -1.053333759291802674e-01 1.371303964927805819e-01
1.043287746053599863e+00 -1.053333759291802674e-01 1.371303964927805819e-01
1.043287746053599863e+00 -1.053333759291802674e-01 1.371303964927805819e-01
9.035576262427327254e-01 1.190472583408183904e-01 1.933041214216404402e-01
9.035576262427327254e-01 1.190472583408183904e-01 1.933041214216404402e-01
8.677757266124795921e-01 3.449736527045419443e-01 1.641685157812021456e-01
9.929179512300081445e-01 6.098064520925583487e-02 1.942275651081375731e-01
9.929179512300081445e-01 6.098064520925583487e-02 1.942275651081375731e-01
9.822057735054925409e-01 3.111171210041394075e-01 1.349707123786112739e-01
9.822057735054925409e-01 3.111171210041394075e-01 1.349707123786112739e-01
9.822057735054925409e-01 3.111171210041394075e-01 1.349707123786112739e-01
8.290368411492099465e-01 2.820635351797095569e-01 1.961949055307747047e-01
3.600851801893049653e-01 3.865901732369344534e-01 8.502803722211950410e-02
3.600851801893049653e-01 3.865901732369344534e-01 8.502803722211950410e-02
3.515443923209293220e-01 5.460045593154102539e-01 1.318624652422717702e-01
3.515443923209293220e-01 5.460045593154102539e-01 1.318624652422717702e-01
