2.489132485845457765e-01 1.481402749648903505e-01 7.137205730792574657e-03
4.706983508004524142e-01 7.218632684297954238e-01 1.459628504335483135e-01
1.432872902951183858e-01 6.176330664363171019e-01 1.379279600072478851e-01
1.432872902951183858e-01 6.176330664363171019e-01 1.379279600072478851e-01
4.202480223382980551e-01 6.014398019346177682e-01 2.378617315632731155e-01
4.202480223382980551e-01 6.014398019346177682e-01 2.378617315632731155e-01
4.735054864594891999e-01 5.112055175533002371e-01 2.591390227225987553e-01
3.327984079206348644e-01 7.406852407581618891e-01 1.834727941736967183e-01
3.327984079206348644e-01 7.406852407581618891e-01 1.834727941736967183e-01
2.271721608683932581e-01 8.381938875110159781e-01 1.504488649210462825e-01
2.271721608683932581e-01 8.381938875110159781e-01 1.504488649210462825e-01
2.271721608683932581e-01 8.381938875110159781e-01 1.504488649210462825e-01
1.301655862897165283e-01 5.043702661475675253e-01 7.473295730608418841e-02
-3.145570174186940182e-01 8.625417286701881903e-01 2.962605819945862001e-02
-3.145570174186940182e-01 8.625417286701881903e-01 2.962605819945862001e-02
-3.145570174186940182e-01 8.625417286701881903e-01 2.962605819945862001e-02
-5.885834160484382238e-01 1.295402554080997248e+00 2.329026096811712132e-02
-5.885834160484382238e-01 1.295402554080997248e+00 2.329026096811712132e-02
-8.562371567212290202e-01 1.412655362137964055e+00 6.852814656585084520e-03
-4.691032999537245174e-01 8.505689981145921896e-01 6.984614424539365568e-03
-4.691032999537245174e-01 8.505689981145921896e-01 6.984614424539365568e-03
-4.691032999537245174e-01 8.505689981145921896e-01 6.984614424539365568e-03
-4.179795403485085381e-01 8.785600604513349454e-01 1.424432692456324180e-02
-4.179795403485085381e-01 8.785600604513349454e-01 1.424432692456324180e-02
-3.386484246642400553e-01 7.913480855677410553e-01 1.490297704533143086e-02
-1.620599240246545780e-01 5.486289839579815419e-01 8.920412990287212435e-03
-2.411643724936494149e-01 6.842225168617216413e-01 1.501177373195012633e-02
-2.411643724936494149e-01 6.842225168617216413e-01 1.501177373195012633e-02
-2.834977762937685442e-01 9.000889127112721155e-01 4.416161815032265681e-02
-2.834977762937685442e-01 9.000889127112721155e-01 4.416161815032265681e-02
-3.417241858900493257e-01 1.209934377492849933e+00 4.922667725597027616e-02
-3.417241858900493257e-01 1.209934377492849933e+00 4.922667725597027616e-02
-4.917221527457066310e-02 1.164898116528398697e+00 4.991844616480107383e-02
9.159871787162002232e-02 1.017463281413291121e+00 8.489062865955095127e-02
9.159871787162002232e-02 1.017463281413291121e+00 8.489062865955095127e-02
9.159871787162002232e-02 1.017463281413291121e+00 8.489062865955095127e-02
9.159871787162002232e-02 1.017463281413291121e+00 8.489062865955095127e-02
-1.437449128988239899e-01 9.064633977065049697e-01 8.956794906055248751e-02
-1.437449128988239899e-01 9.064633977065049697e-01 8.956794906055248751e-02
-1.437449128988239899e-01 9.064633977065049697e-01 8.956794906055248751e-02
-1.437449128988239899e-01 9.064633977065049697e-01 8.956794906055248751e-02
-1.100378723644403894e-01 1.156720320724386575e+00 5.937933451152376668e-02
-1.100378723644403894e-01 1.156720320724386575e+00 5.937933451152376668e-02
-1.100378723644403894e-01 1.156720320724386575e+00 5.937933451152376668e-02
-4.416303978352931203e-01 1.152159186279987368e+00 3.841780555640995909e-02
-4.416303978352931203e-01 1.152159186279987368e+00 3.841780555640995909e-02
-4.416303978352931203e-01 1.152159186279987368e+00 3.841780555640995909e-02
2.076672845658567024e-02 9.724835156588359508e-01 1.127754495812577917e-01
2.076672845658567024e-02 9.724835156588359508e-01 1.127754495812577917e-01
2.076672845658567024e-02 9.724835156588359508e-01 1.127754495812577917e-01
2.076672845658567024e-02 9.724835156588359508e-01 1.127754495812577917e-01
2.076672845658567024e-02 9.724835156588359508e-01 1.127754495812577917e-01
-1.365735962019395122e-01 1.075717867817233886e+00 8.266101633033812179e-02
-1.365735962019395122e-01 1.075717867817233886e+00 8.266101633033812179e-02
-3.365838723405231714e-02 9.968184134667544827e-01 1.054690909822414702e-01
-3.365838723405231714e-02 9.968184134667544827e-01 1.054690909822414702e-01
1.566354702818122946e-01 7.626060625421072769e-01 1.754667435652590146e-01
4.885181890706670194e-01 1.927414945878286323e-01 8.876210468836177869e-02
4.885181890706670194e-01 1.927414945878286323e-01 8.876210468836177869e-02
4.885181890706670194e-01 1.927414945878286323e-01 8.876210468836177869e-02
4.299871058501805177e-01 2.521415451761146453e-01 9.413101847350133222e-02
4.299871058501805177e-01 2.521415451761146453e-01 9.413101847350133222e-02
3.003344304262176578e-01 5.394846350409403524e-01 1.951403443062083576e-01
3.221670859480138538e-01 5.456538421603999156e-01 2.098695353234091288e-01
3.221670859480138538e-01 5.456538421603999156e-01 2.098695353234091288e-01
3.221670859480138538e-01 5.456538421603999156e-01 2.098695353234091288e-01
7.747261012261229540e-01 3.952433296537762319e-01 2.411315882790534271e-01
7.747261012261229540e-01 3.952433296537762319e-01 2.411315882790534271e-01
7.747261012261229540e-01 3.952433296537762319e-01 2.411315882790534271e-01
7.762641457884381646e-01 4.252685196072009677e-01 2.173851201222649354e-01
7.762641457884381646e-01 4.252685196072009677e-01 2.173851201222649354e-01
7.762641457884381646e-01 4.252685196072009677e-01 2.173851201222649354e-01
7.762641457884381646e-01 4.252685196072009677e-01 2.173851201222649354e-01
1.026484875936531926e+00 1.512433262078959340e-01 2.444410789875799683e-01
1.026484875936531926e+00 1.512433262078959340e-01 2.444410789875799683e-01
6.721513444752187372e-01 1.540556255240612960e-01 1.775982993813391420e-01
6.721513444752187372e-01 1.540556255240612960e-01 1.775982993813391420e-01
6.721513444752187372e-01 1.540556255240612960e-01 1.775982993813391420e-01
8.476234374485334122e-01 2.192101052501416181e-01 2.843473759006814316e-01
8.476234374485334122e-01 2.192101052501416181e-01 2.843473759006814316e-01
7.577096401951955995e-01 6.433884149758731796e-01 6.166468110004876685e-02
7.577096401951955995e-01 6.433884149758731796e-01 6.166468110004876685e-02
7.577096401951955995e-01 6.433884149758731796e-01 6.166468110004876685e-02
5.422369695546334079e-01 7.914647533639872501e-01 6.615370955303971623e-02
5.422369695546334079e-01 7.914647533639872501e-01 6.615370955303971623e-02
5.422369695546334079e-01 7.914647533639872501e-01 6.615370955303971623e-02
3.277413642931126248e-01 9.931032270041213472e-01 3.891129178989864018e-02
2.688402836546208707e-01 6.686727991308378805e-01 2.084659873706823374e-01
8.659128894000387433e-01 3.097500026410537899e-02 1.955484066804240861e-01
8.659128894000387433e-01 3.097500026410537899e-02 1.955484066804240861e-01
8.659128894000387433e-01 3.097500026410537899e-02 1.955484066804240861e-01
1.035235855459831100e+00 -6.292655159232897477e-02 2.025002751374125887e-01
1.012276377356329471e+00 -1.573661883055532673e-01 1.211020316773331607e-01
7.586346915388750833e-01 3.287058511237566649e-01 2.821328642772338857e-01
5.342959637486663915e-01 2.603076391337142970e-01 1.692989146864632977e-01
5.342959637486663915e-01 2.603076391337142970e-01 1.692989146864632977e-01
5.342959637486663915e-01 2.603076391337142970e-01 1.692989146864632977e-01
5.342959637486663915e-01 2.603076391337142970e-01 1.692989146864632977e-01
5.342959637486663915e-01 2.603076391337142970e-01 1.692989146864632977e-01
5.342959637486663915e-01 2.603076391337142970e-01 1.692989146864632977e-01
